country,year,method,gender,age,count,diagnosis_method
Afghanistan,1997,sp,m,0-14,0,Smear Positive
Afghanistan,1997,sp,m,15-24,10,Smear Positive
Afghanistan,1997,sp,m,25-34,6,Smear Positive
Afghanistan,1997,sp,m,35-44,3,Smear Positive
Afghanistan,1997,sp,m,45-54,5,Smear Positive
Afghanistan,1997,sp,m,55-64,2,Smear Positive
Afghanistan,1997,sp,m,65+,0,Smear Positive
Afghanistan,1997,sp,f,0-14,5,Smear Positive
Afghanistan,1997,sp,f,15-24,38,Smear Positive
Afghanistan,1997,sp,f,25-34,36,Smear Positive
Afghanistan,1997,sp,f,35-44,14,Smear Positive
Afghanistan,1997,sp,f,45-54,8,Smear Positive
Afghanistan,1997,sp,f,55-64,0,Smear Positive
Afghanistan,1997,sp,f,65+,1,Smear Positive
Afghanistan,1998,sp,m,0-14,30,Smear Positive
Afghanistan,1998,sp,m,15-24,129,Smear Positive
Afghanistan,1998,sp,m,25-34,128,Smear Positive
Afghanistan,1998,sp,m,35-44,90,Smear Positive
Afghanistan,1998,sp,m,45-54,89,Smear Positive
Afghanistan,1998,sp,m,55-64,64,Smear Positive
Afghanistan,1998,sp,m,65+,41,Smear Positive
Afghanistan,1998,sp,f,0-14,45,Smear Positive
Afghanistan,1998,sp,f,15-24,350,Smear Positive
Afghanistan,1998,sp,f,25-34,419,Smear Positive
Afghanistan,1998,sp,f,35-44,194,Smear Positive
Afghanistan,1998,sp,f,45-54,118,Smear Positive
Afghanistan,1998,sp,f,55-64,61,Smear Positive
Afghanistan,1998,sp,f,65+,20,Smear Positive
Afghanistan,1999,sp,m,0-14,8,Smear Positive
Afghanistan,1999,sp,m,15-24,55,Smear Positive
Afghanistan,1999,sp,m,25-34,55,Smear Positive
Afghanistan,1999,sp,m,35-44,47,Smear Positive
Afghanistan,1999,sp,m,45-54,34,Smear Positive
Afghanistan,1999,sp,m,55-64,21,Smear Positive
Afghanistan,1999,sp,m,65+,8,Smear Positive
Afghanistan,1999,sp,f,0-14,25,Smear Positive
Afghanistan,1999,sp,f,15-24,139,Smear Positive
Afghanistan,1999,sp,f,25-34,160,Smear Positive
Afghanistan,1999,sp,f,35-44,110,Smear Positive
Afghanistan,1999,sp,f,45-54,50,Smear Positive
Afghanistan,1999,sp,f,55-64,25,Smear Positive
Afghanistan,1999,sp,f,65+,8,Smear Positive
Afghanistan,2000,sp,m,0-14,52,Smear Positive
Afghanistan,2000,sp,m,15-24,228,Smear Positive
Afghanistan,2000,sp,m,25-34,183,Smear Positive
Afghanistan,2000,sp,m,35-44,149,Smear Positive
Afghanistan,2000,sp,m,45-54,129,Smear Positive
Afghanistan,2000,sp,m,55-64,94,Smear Positive
Afghanistan,2000,sp,m,65+,80,Smear Positive
Afghanistan,2000,sp,f,0-14,93,Smear Positive
Afghanistan,2000,sp,f,15-24,414,Smear Positive
Afghanistan,2000,sp,f,25-34,565,Smear Positive
Afghanistan,2000,sp,f,35-44,339,Smear Positive
Afghanistan,2000,sp,f,45-54,205,Smear Positive
Afghanistan,2000,sp,f,55-64,99,Smear Positive
Afghanistan,2000,sp,f,65+,36,Smear Positive
Afghanistan,2001,sp,m,0-14,129,Smear Positive
Afghanistan,2001,sp,m,15-24,379,Smear Positive
Afghanistan,2001,sp,m,25-34,349,Smear Positive
Afghanistan,2001,sp,m,35-44,274,Smear Positive
Afghanistan,2001,sp,m,45-54,204,Smear Positive
Afghanistan,2001,sp,m,55-64,139,Smear Positive
Afghanistan,2001,sp,m,65+,103,Smear Positive
Afghanistan,2001,sp,f,0-14,146,Smear Positive
Afghanistan,2001,sp,f,15-24,799,Smear Positive
Afghanistan,2001,sp,f,25-34,888,Smear Positive
Afghanistan,2001,sp,f,35-44,586,Smear Positive
Afghanistan,2001,sp,f,45-54,375,Smear Positive
Afghanistan,2001,sp,f,55-64,179,Smear Positive
Afghanistan,2001,sp,f,65+,89,Smear Positive
Afghanistan,2002,sp,m,0-14,90,Smear Positive
Afghanistan,2002,sp,m,15-24,476,Smear Positive
Afghanistan,2002,sp,m,25-34,481,Smear Positive
Afghanistan,2002,sp,m,35-44,368,Smear Positive
Afghanistan,2002,sp,m,45-54,246,Smear Positive
Afghanistan,2002,sp,m,55-64,241,Smear Positive
Afghanistan,2002,sp,m,65+,189,Smear Positive
Afghanistan,2002,sp,f,0-14,192,Smear Positive
Afghanistan,2002,sp,f,15-24,1119,Smear Positive
Afghanistan,2002,sp,f,25-34,1251,Smear Positive
Afghanistan,2002,sp,f,35-44,792,Smear Positive
Afghanistan,2002,sp,f,45-54,526,Smear Positive
Afghanistan,2002,sp,f,55-64,320,Smear Positive
Afghanistan,2002,sp,f,65+,218,Smear Positive
Afghanistan,2003,sp,m,0-14,127,Smear Positive
Afghanistan,2003,sp,m,15-24,511,Smear Positive
Afghanistan,2003,sp,m,25-34,436,Smear Positive
Afghanistan,2003,sp,m,35-44,284,Smear Positive
Afghanistan,2003,sp,m,45-54,256,Smear Positive
Afghanistan,2003,sp,m,55-64,288,Smear Positive
Afghanistan,2003,sp,m,65+,203,Smear Positive
Afghanistan,2003,sp,f,0-14,245,Smear Positive
Afghanistan,2003,sp,f,15-24,1152,Smear Positive
Afghanistan,2003,sp,f,25-34,1287,Smear Positive
Afghanistan,2003,sp,f,35-44,814,Smear Positive
Afghanistan,2003,sp,f,45-54,462,Smear Positive
Afghanistan,2003,sp,f,55-64,305,Smear Positive
Afghanistan,2003,sp,f,65+,158,Smear Positive
Afghanistan,2004,sp,m,0-14,139,Smear Positive
Afghanistan,2004,sp,m,15-24,537,Smear Positive
Afghanistan,2004,sp,m,25-34,568,Smear Positive
Afghanistan,2004,sp,m,35-44,360,Smear Positive
Afghanistan,2004,sp,m,45-54,358,Smear Positive
Afghanistan,2004,sp,m,55-64,386,Smear Positive
Afghanistan,2004,sp,m,65+,310,Smear Positive
Afghanistan,2004,sp,f,0-14,256,Smear Positive
Afghanistan,2004,sp,f,15-24,1360,Smear Positive
Afghanistan,2004,sp,f,25-34,1561,Smear Positive
Afghanistan,2004,sp,f,35-44,1096,Smear Positive
Afghanistan,2004,sp,f,45-54,645,Smear Positive
Afghanistan,2004,sp,f,55-64,413,Smear Positive
Afghanistan,2004,sp,f,65+,256,Smear Positive
Afghanistan,2005,sp,m,0-14,151,Smear Positive
Afghanistan,2005,sp,m,15-24,606,Smear Positive
Afghanistan,2005,sp,m,25-34,560,Smear Positive
Afghanistan,2005,sp,m,35-44,472,Smear Positive
Afghanistan,2005,sp,m,45-54,453,Smear Positive
Afghanistan,2005,sp,m,55-64,470,Smear Positive
Afghanistan,2005,sp,m,65+,419,Smear Positive
Afghanistan,2005,sp,f,0-14,320,Smear Positive
Afghanistan,2005,sp,f,15-24,1651,Smear Positive
Afghanistan,2005,sp,f,25-34,1959,Smear Positive
Afghanistan,2005,sp,f,35-44,1302,Smear Positive
Afghanistan,2005,sp,f,45-54,869,Smear Positive
Afghanistan,2005,sp,f,55-64,471,Smear Positive
Afghanistan,2005,sp,f,65+,246,Smear Positive
Afghanistan,2006,sp,m,0-14,193,Smear Positive
Afghanistan,2006,sp,m,15-24,837,Smear Positive
Afghanistan,2006,sp,m,25-34,791,Smear Positive
Afghanistan,2006,sp,m,35-44,574,Smear Positive
Afghanistan,2006,sp,m,45-54,572,Smear Positive
Afghanistan,2006,sp,m,55-64,572,Smear Positive
Afghanistan,2006,sp,m,65+,410,Smear Positive
Afghanistan,2006,sp,f,0-14,442,Smear Positive
Afghanistan,2006,sp,f,15-24,2139,Smear Positive
Afghanistan,2006,sp,f,25-34,2340,Smear Positive
Afghanistan,2006,sp,f,35-44,1654,Smear Positive
Afghanistan,2006,sp,f,45-54,1006,Smear Positive
Afghanistan,2006,sp,f,55-64,630,Smear Positive
Afghanistan,2006,sp,f,65+,309,Smear Positive
Afghanistan,2007,sp,m,0-14,186,Smear Positive
Afghanistan,2007,sp,m,15-24,856,Smear Positive
Afghanistan,2007,sp,m,25-34,840,Smear Positive
Afghanistan,2007,sp,m,35-44,597,Smear Positive
Afghanistan,2007,sp,m,45-54,566,Smear Positive
Afghanistan,2007,sp,m,55-64,630,Smear Positive
Afghanistan,2007,sp,m,65+,507,Smear Positive
Afghanistan,2007,sp,f,0-14,475,Smear Positive
Afghanistan,2007,sp,f,15-24,2224,Smear Positive
Afghanistan,2007,sp,f,25-34,2357,Smear Positive
Afghanistan,2007,sp,f,35-44,1708,Smear Positive
Afghanistan,2007,sp,f,45-54,1143,Smear Positive
Afghanistan,2007,sp,f,55-64,771,Smear Positive
Afghanistan,2007,sp,f,65+,353,Smear Positive
Afghanistan,2007,sn,m,0-14,0,Smear Negative
Afghanistan,2007,sn,m,15-24,0,Smear Negative
Afghanistan,2007,sn,m,25-34,0,Smear Negative
Afghanistan,2007,sn,m,35-44,0,Smear Negative
Afghanistan,2007,sn,m,45-54,0,Smear Negative
Afghanistan,2007,sn,m,55-64,0,Smear Negative
Afghanistan,2007,sn,m,65+,0,Smear Negative
Afghanistan,2007,ep,m,0-14,0,Extrapulmonary
Afghanistan,2007,ep,m,15-24,0,Extrapulmonary
Afghanistan,2007,ep,m,25-34,0,Extrapulmonary
Afghanistan,2007,ep,m,35-44,0,Extrapulmonary
Afghanistan,2007,ep,m,45-54,0,Extrapulmonary
Afghanistan,2007,ep,m,55-64,0,Extrapulmonary
Afghanistan,2007,ep,m,65+,0,Extrapulmonary
Afghanistan,2008,sp,m,0-14,187,Smear Positive
Afghanistan,2008,sp,m,15-24,941,Smear Positive
Afghanistan,2008,sp,m,25-34,773,Smear Positive
Afghanistan,2008,sp,m,35-44,545,Smear Positive
Afghanistan,2008,sp,m,45-54,570,Smear Positive
Afghanistan,2008,sp,m,55-64,630,Smear Positive
Afghanistan,2008,sp,m,65+,575,Smear Positive
Afghanistan,2008,sp,f,0-14,428,Smear Positive
Afghanistan,2008,sp,f,15-24,2094,Smear Positive
Afghanistan,2008,sp,f,25-34,2449,Smear Positive
Afghanistan,2008,sp,f,35-44,1614,Smear Positive
Afghanistan,2008,sp,f,45-54,1149,Smear Positive
Afghanistan,2008,sp,f,55-64,817,Smear Positive
Afghanistan,2008,sp,f,65+,364,Smear Positive
Afghanistan,2009,sp,m,0-14,200,Smear Positive
Afghanistan,2009,sp,m,15-24,906,Smear Positive
Afghanistan,2009,sp,m,25-34,705,Smear Positive
Afghanistan,2009,sp,m,35-44,499,Smear Positive
Afghanistan,2009,sp,m,45-54,491,Smear Positive
Afghanistan,2009,sp,m,55-64,596,Smear Positive
Afghanistan,2009,sp,m,65+,570,Smear Positive
Afghanistan,2009,sp,f,0-14,439,Smear Positive
Afghanistan,2009,sp,f,15-24,2173,Smear Positive
Afghanistan,2009,sp,f,25-34,2186,Smear Positive
Afghanistan,2009,sp,f,35-44,1541,Smear Positive
Afghanistan,2009,sp,f,45-54,1014,Smear Positive
Afghanistan,2009,sp,f,55-64,764,Smear Positive
Afghanistan,2009,sp,f,65+,419,Smear Positive
Afghanistan,2010,sp,m,0-14,197,Smear Positive
Afghanistan,2010,sp,m,15-24,986,Smear Positive
Afghanistan,2010,sp,m,25-34,819,Smear Positive
Afghanistan,2010,sp,m,35-44,491,Smear Positive
Afghanistan,2010,sp,m,45-54,490,Smear Positive
Afghanistan,2010,sp,m,55-64,641,Smear Positive
Afghanistan,2010,sp,m,65+,622,Smear Positive
Afghanistan,2010,sp,f,0-14,445,Smear Positive
Afghanistan,2010,sp,f,15-24,2107,Smear Positive
Afghanistan,2010,sp,f,25-34,2263,Smear Positive
Afghanistan,2010,sp,f,35-44,1455,Smear Positive
Afghanistan,2010,sp,f,45-54,1112,Smear Positive
Afghanistan,2010,sp,f,55-64,831,Smear Positive
Afghanistan,2010,sp,f,65+,488,Smear Positive
Afghanistan,2011,sp,m,0-14,204,Smear Positive
Afghanistan,2011,sp,m,15-24,1010,Smear Positive
Afghanistan,2011,sp,m,25-34,895,Smear Positive
Afghanistan,2011,sp,m,35-44,613,Smear Positive
Afghanistan,2011,sp,m,45-54,570,Smear Positive
Afghanistan,2011,sp,m,55-64,700,Smear Positive
Afghanistan,2011,sp,m,65+,692,Smear Positive
Afghanistan,2011,sp,f,0-14,465,Smear Positive
Afghanistan,2011,sp,f,15-24,2167,Smear Positive
Afghanistan,2011,sp,f,25-34,2325,Smear Positive
Afghanistan,2011,sp,f,35-44,1564,Smear Positive
Afghanistan,2011,sp,f,45-54,1146,Smear Positive
Afghanistan,2011,sp,f,55-64,903,Smear Positive
Afghanistan,2011,sp,f,65+,535,Smear Positive
Afghanistan,2011,sn,m,0-14,902,Smear Negative
Afghanistan,2011,sn,f,0-14,851,Smear Negative
Afghanistan,2012,sp,m,0-14,188,Smear Positive
Afghanistan,2012,sp,m,15-24,1116,Smear Positive
Afghanistan,2012,sp,m,25-34,801,Smear Positive
Afghanistan,2012,sp,m,35-44,586,Smear Positive
Afghanistan,2012,sp,m,45-54,521,Smear Positive
Afghanistan,2012,sp,m,55-64,585,Smear Positive
Afghanistan,2012,sp,m,65+,651,Smear Positive
Afghanistan,2012,sp,f,0-14,400,Smear Positive
Afghanistan,2012,sp,f,15-24,2280,Smear Positive
Afghanistan,2012,sp,f,25-34,2204,Smear Positive
Afghanistan,2012,sp,f,35-44,1482,Smear Positive
Afghanistan,2012,sp,f,45-54,1150,Smear Positive
Afghanistan,2012,sp,f,55-64,850,Smear Positive
Afghanistan,2012,sp,f,65+,505,Smear Positive
Afghanistan,2012,sn,m,0-14,1265,Smear Negative
Afghanistan,2012,sn,f,0-14,1190,Smear Negative
Afghanistan,2013,rel,m,0-14,1705,Relapse
Afghanistan,2013,rel,f,0-14,1749,Relapse
Albania,1995,sp,m,0-14,0,Smear Positive
Albania,1995,sp,m,15-24,0,Smear Positive
Albania,1995,sp,m,25-34,0,Smear Positive
Albania,1995,sp,m,35-44,0,Smear Positive
Albania,1995,sp,m,45-54,19,Smear Positive
Albania,1995,sp,m,55-64,40,Smear Positive
Albania,1995,sp,m,65+,30,Smear Positive
Albania,1995,sp,f,0-14,0,Smear Positive
Albania,1995,sp,f,15-24,1,Smear Positive
Albania,1995,sp,f,25-34,0,Smear Positive
Albania,1995,sp,f,35-44,0,Smear Positive
Albania,1995,sp,f,45-54,13,Smear Positive
Albania,1995,sp,f,55-64,20,Smear Positive
Albania,1995,sp,f,65+,16,Smear Positive
Albania,1997,sp,m,0-14,0,Smear Positive
Albania,1997,sp,m,15-24,23,Smear Positive
Albania,1997,sp,m,25-34,43,Smear Positive
Albania,1997,sp,m,35-44,33,Smear Positive
Albania,1997,sp,m,45-54,25,Smear Positive
Albania,1997,sp,m,55-64,21,Smear Positive
Albania,1997,sp,m,65+,19,Smear Positive
Albania,1997,sp,f,0-14,1,Smear Positive
Albania,1997,sp,f,15-24,16,Smear Positive
Albania,1997,sp,f,25-34,19,Smear Positive
Albania,1997,sp,f,35-44,14,Smear Positive
Albania,1997,sp,f,45-54,9,Smear Positive
Albania,1997,sp,f,55-64,10,Smear Positive
Albania,1997,sp,f,65+,8,Smear Positive
Albania,1998,sp,m,0-14,1,Smear Positive
Albania,1998,sp,m,15-24,17,Smear Positive
Albania,1998,sp,m,25-34,21,Smear Positive
Albania,1998,sp,m,35-44,24,Smear Positive
Albania,1998,sp,m,45-54,18,Smear Positive
Albania,1998,sp,m,55-64,26,Smear Positive
Albania,1998,sp,m,65+,24,Smear Positive
Albania,1998,sp,f,0-14,2,Smear Positive
Albania,1998,sp,f,15-24,19,Smear Positive
Albania,1998,sp,f,25-34,11,Smear Positive
Albania,1998,sp,f,35-44,12,Smear Positive
Albania,1998,sp,f,45-54,13,Smear Positive
Albania,1998,sp,f,55-64,11,Smear Positive
Albania,1998,sp,f,65+,13,Smear Positive
Albania,1999,sp,m,0-14,0,Smear Positive
Albania,1999,sp,m,15-24,13,Smear Positive
Albania,1999,sp,m,25-34,23,Smear Positive
Albania,1999,sp,m,35-44,25,Smear Positive
Albania,1999,sp,m,45-54,19,Smear Positive
Albania,1999,sp,m,55-64,15,Smear Positive
Albania,1999,sp,m,65+,15,Smear Positive
Albania,1999,sp,f,0-14,0,Smear Positive
Albania,1999,sp,f,15-24,5,Smear Positive
Albania,1999,sp,f,25-34,13,Smear Positive
Albania,1999,sp,f,35-44,11,Smear Positive
Albania,1999,sp,f,45-54,5,Smear Positive
Albania,1999,sp,f,55-64,8,Smear Positive
Albania,1999,sp,f,65+,16,Smear Positive
Albania,2000,sp,m,0-14,2,Smear Positive
Albania,2000,sp,m,15-24,19,Smear Positive
Albania,2000,sp,m,25-34,21,Smear Positive
Albania,2000,sp,m,35-44,14,Smear Positive
Albania,2000,sp,m,45-54,24,Smear Positive
Albania,2000,sp,m,55-64,19,Smear Positive
Albania,2000,sp,m,65+,16,Smear Positive
Albania,2000,sp,f,0-14,3,Smear Positive
Albania,2000,sp,f,15-24,11,Smear Positive
Albania,2000,sp,f,25-34,10,Smear Positive
Albania,2000,sp,f,35-44,8,Smear Positive
Albania,2000,sp,f,45-54,8,Smear Positive
Albania,2000,sp,f,55-64,5,Smear Positive
Albania,2000,sp,f,65+,11,Smear Positive
Albania,2001,sp,m,0-14,3,Smear Positive
Albania,2001,sp,m,15-24,13,Smear Positive
Albania,2001,sp,m,25-34,18,Smear Positive
Albania,2001,sp,m,35-44,17,Smear Positive
Albania,2001,sp,m,45-54,19,Smear Positive
Albania,2001,sp,m,55-64,20,Smear Positive
Albania,2001,sp,m,65+,30,Smear Positive
Albania,2001,sp,f,0-14,1,Smear Positive
Albania,2001,sp,f,15-24,12,Smear Positive
Albania,2001,sp,f,25-34,10,Smear Positive
Albania,2001,sp,f,35-44,5,Smear Positive
Albania,2001,sp,f,45-54,7,Smear Positive
Albania,2001,sp,f,55-64,7,Smear Positive
Albania,2001,sp,f,65+,9,Smear Positive
Albania,2002,sp,m,0-14,0,Smear Positive
Albania,2002,sp,m,15-24,21,Smear Positive
Albania,2002,sp,m,25-34,27,Smear Positive
Albania,2002,sp,m,35-44,29,Smear Positive
Albania,2002,sp,m,45-54,19,Smear Positive
Albania,2002,sp,m,55-64,23,Smear Positive
Albania,2002,sp,m,65+,25,Smear Positive
Albania,2002,sp,f,0-14,2,Smear Positive
Albania,2002,sp,f,15-24,20,Smear Positive
Albania,2002,sp,f,25-34,19,Smear Positive
Albania,2002,sp,f,35-44,9,Smear Positive
Albania,2002,sp,f,45-54,6,Smear Positive
Albania,2002,sp,f,55-64,8,Smear Positive
Albania,2002,sp,f,65+,17,Smear Positive
Albania,2003,sp,m,0-14,0,Smear Positive
Albania,2003,sp,m,15-24,28,Smear Positive
Albania,2003,sp,m,25-34,19,Smear Positive
Albania,2003,sp,m,35-44,32,Smear Positive
Albania,2003,sp,m,45-54,16,Smear Positive
Albania,2003,sp,m,55-64,22,Smear Positive
Albania,2003,sp,m,65+,19,Smear Positive
Albania,2003,sp,f,0-14,2,Smear Positive
Albania,2003,sp,f,15-24,13,Smear Positive
Albania,2003,sp,f,25-34,8,Smear Positive
Albania,2003,sp,f,35-44,6,Smear Positive
Albania,2003,sp,f,45-54,14,Smear Positive
Albania,2003,sp,f,55-64,12,Smear Positive
Albania,2003,sp,f,65+,20,Smear Positive
Albania,2004,sp,m,0-14,5,Smear Positive
Albania,2004,sp,m,15-24,12,Smear Positive
Albania,2004,sp,m,25-34,19,Smear Positive
Albania,2004,sp,m,35-44,21,Smear Positive
Albania,2004,sp,m,45-54,24,Smear Positive
Albania,2004,sp,m,55-64,23,Smear Positive
Albania,2004,sp,m,65+,20,Smear Positive
Albania,2004,sp,f,0-14,2,Smear Positive
Albania,2004,sp,f,15-24,12,Smear Positive
Albania,2004,sp,f,25-34,12,Smear Positive
Albania,2004,sp,f,35-44,8,Smear Positive
Albania,2004,sp,f,45-54,11,Smear Positive
Albania,2004,sp,f,55-64,10,Smear Positive
Albania,2004,sp,f,65+,22,Smear Positive
Albania,2005,sp,m,0-14,0,Smear Positive
Albania,2005,sp,m,15-24,26,Smear Positive
Albania,2005,sp,m,25-34,21,Smear Positive
Albania,2005,sp,m,35-44,16,Smear Positive
Albania,2005,sp,m,45-54,31,Smear Positive
Albania,2005,sp,m,55-64,20,Smear Positive
Albania,2005,sp,m,65+,37,Smear Positive
Albania,2005,sp,f,0-14,0,Smear Positive
Albania,2005,sp,f,15-24,3,Smear Positive
Albania,2005,sp,f,25-34,9,Smear Positive
Albania,2005,sp,f,35-44,5,Smear Positive
Albania,2005,sp,f,45-54,5,Smear Positive
Albania,2005,sp,f,55-64,5,Smear Positive
Albania,2005,sp,f,65+,18,Smear Positive
Albania,2006,sp,m,0-14,5,Smear Positive
Albania,2006,sp,m,15-24,24,Smear Positive
Albania,2006,sp,m,25-34,19,Smear Positive
Albania,2006,sp,m,35-44,22,Smear Positive
Albania,2006,sp,m,45-54,21,Smear Positive
Albania,2006,sp,m,55-64,19,Smear Positive
Albania,2006,sp,m,65+,20,Smear Positive
Albania,2006,sp,f,0-14,2,Smear Positive
Albania,2006,sp,f,15-24,12,Smear Positive
Albania,2006,sp,f,25-34,8,Smear Positive
Albania,2006,sp,f,35-44,7,Smear Positive
Albania,2006,sp,f,45-54,7,Smear Positive
Albania,2006,sp,f,55-64,7,Smear Positive
Albania,2006,sp,f,65+,13,Smear Positive
Albania,2006,sn,m,0-14,15,Smear Negative
Albania,2006,sn,m,15-24,4,Smear Negative
Albania,2006,sn,m,25-34,5,Smear Negative
Albania,2006,sn,m,35-44,2,Smear Negative
Albania,2006,sn,m,45-54,8,Smear Negative
Albania,2006,sn,m,55-64,9,Smear Negative
Albania,2006,sn,m,65+,25,Smear Negative
Albania,2006,sn,f,0-14,4,Smear Negative
Albania,2006,sn,f,15-24,6,Smear Negative
Albania,2006,sn,f,25-34,3,Smear Negative
Albania,2006,sn,f,35-44,5,Smear Negative
Albania,2006,sn,f,45-54,3,Smear Negative
Albania,2006,sn,f,55-64,5,Smear Negative
Albania,2006,sn,f,65+,12,Smear Negative
Albania,2006,ep,m,0-14,9,Extrapulmonary
Albania,2006,ep,m,15-24,19,Extrapulmonary
Albania,2006,ep,m,25-34,11,Extrapulmonary
Albania,2006,ep,m,35-44,18,Extrapulmonary
Albania,2006,ep,m,45-54,12,Extrapulmonary
Albania,2006,ep,m,55-64,9,Extrapulmonary
Albania,2006,ep,m,65+,21,Extrapulmonary
Albania,2006,ep,f,0-14,7,Extrapulmonary
Albania,2006,ep,f,15-24,8,Extrapulmonary
Albania,2006,ep,f,25-34,10,Extrapulmonary
Albania,2006,ep,f,35-44,9,Extrapulmonary
Albania,2006,ep,f,45-54,12,Extrapulmonary
Albania,2006,ep,f,55-64,15,Extrapulmonary
Albania,2006,ep,f,65+,15,Extrapulmonary
Albania,2007,sp,m,0-14,0,Smear Positive
Albania,2007,sp,m,15-24,19,Smear Positive
Albania,2007,sp,m,25-34,13,Smear Positive
Albania,2007,sp,m,35-44,16,Smear Positive
Albania,2007,sp,m,45-54,24,Smear Positive
Albania,2007,sp,m,55-64,16,Smear Positive
Albania,2007,sp,m,65+,19,Smear Positive
Albania,2007,sp,f,0-14,2,Smear Positive
Albania,2007,sp,f,15-24,13,Smear Positive
Albania,2007,sp,f,25-34,9,Smear Positive
Albania,2007,sp,f,35-44,7,Smear Positive
Albania,2007,sp,f,45-54,7,Smear Positive
Albania,2007,sp,f,55-64,11,Smear Positive
Albania,2007,sp,f,65+,9,Smear Positive
Albania,2007,sn,m,0-14,10,Smear Negative
Albania,2007,sn,m,15-24,9,Smear Negative
Albania,2007,sn,m,25-34,4,Smear Negative
Albania,2007,sn,m,35-44,7,Smear Negative
Albania,2007,sn,m,45-54,11,Smear Negative
Albania,2007,sn,m,55-64,13,Smear Negative
Albania,2007,sn,m,65+,17,Smear Negative
Albania,2007,sn,f,0-14,5,Smear Negative
Albania,2007,sn,f,15-24,5,Smear Negative
Albania,2007,sn,f,25-34,2,Smear Negative
Albania,2007,sn,f,35-44,1,Smear Negative
Albania,2007,sn,f,45-54,6,Smear Negative
Albania,2007,sn,f,55-64,6,Smear Negative
Albania,2007,sn,f,65+,9,Smear Negative
Albania,2007,ep,m,0-14,9,Extrapulmonary
Albania,2007,ep,m,15-24,18,Extrapulmonary
Albania,2007,ep,m,25-34,9,Extrapulmonary
Albania,2007,ep,m,35-44,10,Extrapulmonary
Albania,2007,ep,m,45-54,14,Extrapulmonary
Albania,2007,ep,m,55-64,8,Extrapulmonary
Albania,2007,ep,m,65+,19,Extrapulmonary
Albania,2007,ep,f,0-14,1,Extrapulmonary
Albania,2007,ep,f,15-24,8,Extrapulmonary
Albania,2007,ep,f,25-34,9,Extrapulmonary
Albania,2007,ep,f,35-44,8,Extrapulmonary
Albania,2007,ep,f,45-54,13,Extrapulmonary
Albania,2007,ep,f,55-64,12,Extrapulmonary
Albania,2007,ep,f,65+,14,Extrapulmonary
Albania,2008,sp,m,0-14,1,Smear Positive
Albania,2008,sp,m,15-24,23,Smear Positive
Albania,2008,sp,m,25-34,26,Smear Positive
Albania,2008,sp,m,35-44,13,Smear Positive
Albania,2008,sp,m,45-54,19,Smear Positive
Albania,2008,sp,m,55-64,13,Smear Positive
Albania,2008,sp,m,65+,16,Smear Positive
Albania,2008,sp,f,0-14,1,Smear Positive
Albania,2008,sp,f,15-24,20,Smear Positive
Albania,2008,sp,f,25-34,10,Smear Positive
Albania,2008,sp,f,35-44,8,Smear Positive
Albania,2008,sp,f,45-54,5,Smear Positive
Albania,2008,sp,f,55-64,5,Smear Positive
Albania,2008,sp,f,65+,10,Smear Positive
Albania,2008,sn,m,0-14,8,Smear Negative
Albania,2008,sn,m,15-24,8,Smear Negative
Albania,2008,sn,m,25-34,2,Smear Negative
Albania,2008,sn,m,35-44,7,Smear Negative
Albania,2008,sn,m,45-54,5,Smear Negative
Albania,2008,sn,m,55-64,7,Smear Negative
Albania,2008,sn,m,65+,10,Smear Negative
Albania,2008,sn,f,0-14,6,Smear Negative
Albania,2008,sn,f,15-24,7,Smear Negative
Albania,2008,sn,f,25-34,2,Smear Negative
Albania,2008,sn,f,35-44,7,Smear Negative
Albania,2008,sn,f,45-54,5,Smear Negative
Albania,2008,sn,f,55-64,3,Smear Negative
Albania,2008,sn,f,65+,10,Smear Negative
Albania,2008,ep,m,0-14,0,Extrapulmonary
Albania,2008,ep,m,15-24,11,Extrapulmonary
Albania,2008,ep,m,25-34,12,Extrapulmonary
Albania,2008,ep,m,35-44,6,Extrapulmonary
Albania,2008,ep,m,45-54,15,Extrapulmonary
Albania,2008,ep,m,55-64,13,Extrapulmonary
Albania,2008,ep,m,65+,18,Extrapulmonary
Albania,2008,ep,f,0-14,3,Extrapulmonary
Albania,2008,ep,f,15-24,12,Extrapulmonary
Albania,2008,ep,f,25-34,7,Extrapulmonary
Albania,2008,ep,f,35-44,10,Extrapulmonary
Albania,2008,ep,f,45-54,12,Extrapulmonary
Albania,2008,ep,f,55-64,10,Extrapulmonary
Albania,2008,ep,f,65+,16,Extrapulmonary
Albania,2009,sp,m,0-14,0,Smear Positive
Albania,2009,sp,m,15-24,22,Smear Positive
Albania,2009,sp,m,25-34,21,Smear Positive
Albania,2009,sp,m,35-44,12,Smear Positive
Albania,2009,sp,m,45-54,24,Smear Positive
Albania,2009,sp,m,55-64,15,Smear Positive
Albania,2009,sp,m,65+,22,Smear Positive
Albania,2009,sp,f,0-14,2,Smear Positive
Albania,2009,sp,f,15-24,15,Smear Positive
Albania,2009,sp,f,25-34,7,Smear Positive
Albania,2009,sp,f,35-44,6,Smear Positive
Albania,2009,sp,f,45-54,9,Smear Positive
Albania,2009,sp,f,55-64,4,Smear Positive
Albania,2009,sp,f,65+,12,Smear Positive
Albania,2009,sn,m,0-14,7,Smear Negative
Albania,2009,sn,m,15-24,9,Smear Negative
Albania,2009,sn,m,25-34,5,Smear Negative
Albania,2009,sn,m,35-44,9,Smear Negative
Albania,2009,sn,m,45-54,8,Smear Negative
Albania,2009,sn,m,55-64,10,Smear Negative
Albania,2009,sn,m,65+,20,Smear Negative
Albania,2009,sn,f,0-14,4,Smear Negative
Albania,2009,sn,f,15-24,7,Smear Negative
Albania,2009,sn,f,25-34,3,Smear Negative
Albania,2009,sn,f,35-44,5,Smear Negative
Albania,2009,sn,f,45-54,10,Smear Negative
Albania,2009,sn,f,55-64,2,Smear Negative
Albania,2009,sn,f,65+,10,Smear Negative
Albania,2009,ep,m,0-14,2,Extrapulmonary
Albania,2009,ep,m,15-24,16,Extrapulmonary
Albania,2009,ep,m,25-34,6,Extrapulmonary
Albania,2009,ep,m,35-44,7,Extrapulmonary
Albania,2009,ep,m,45-54,14,Extrapulmonary
Albania,2009,ep,m,55-64,19,Extrapulmonary
Albania,2009,ep,m,65+,15,Extrapulmonary
Albania,2009,ep,f,0-14,2,Extrapulmonary
Albania,2009,ep,f,15-24,5,Extrapulmonary
Albania,2009,ep,f,25-34,5,Extrapulmonary
Albania,2009,ep,f,35-44,11,Extrapulmonary
Albania,2009,ep,f,45-54,8,Extrapulmonary
Albania,2009,ep,f,55-64,8,Extrapulmonary
Albania,2009,ep,f,65+,18,Extrapulmonary
Albania,2010,sp,m,0-14,0,Smear Positive
Albania,2010,sp,m,15-24,28,Smear Positive
Albania,2010,sp,m,25-34,17,Smear Positive
Albania,2010,sp,m,35-44,14,Smear Positive
Albania,2010,sp,m,45-54,16,Smear Positive
Albania,2010,sp,m,55-64,16,Smear Positive
Albania,2010,sp,m,65+,15,Smear Positive
Albania,2010,sp,f,0-14,2,Smear Positive
Albania,2010,sp,f,15-24,11,Smear Positive
Albania,2010,sp,f,25-34,7,Smear Positive
Albania,2010,sp,f,35-44,6,Smear Positive
Albania,2010,sp,f,45-54,3,Smear Positive
Albania,2010,sp,f,55-64,2,Smear Positive
Albania,2010,sp,f,65+,8,Smear Positive
Albania,2010,sn,m,0-14,6,Smear Negative
Albania,2010,sn,m,15-24,9,Smear Negative
Albania,2010,sn,m,25-34,7,Smear Negative
Albania,2010,sn,m,35-44,10,Smear Negative
Albania,2010,sn,m,45-54,13,Smear Negative
Albania,2010,sn,m,55-64,13,Smear Negative
Albania,2010,sn,m,65+,18,Smear Negative
Albania,2010,sn,f,0-14,4,Smear Negative
Albania,2010,sn,f,15-24,4,Smear Negative
Albania,2010,sn,f,25-34,3,Smear Negative
Albania,2010,sn,f,35-44,3,Smear Negative
Albania,2010,sn,f,45-54,6,Smear Negative
Albania,2010,sn,f,55-64,3,Smear Negative
Albania,2010,sn,f,65+,6,Smear Negative
Albania,2010,ep,m,0-14,4,Extrapulmonary
Albania,2010,ep,m,15-24,26,Extrapulmonary
Albania,2010,ep,m,25-34,15,Extrapulmonary
Albania,2010,ep,m,35-44,16,Extrapulmonary
Albania,2010,ep,m,45-54,13,Extrapulmonary
Albania,2010,ep,m,55-64,14,Extrapulmonary
Albania,2010,ep,m,65+,21,Extrapulmonary
Albania,2010,ep,f,0-14,2,Extrapulmonary
Albania,2010,ep,f,15-24,10,Extrapulmonary
Albania,2010,ep,f,25-34,6,Extrapulmonary
Albania,2010,ep,f,35-44,8,Extrapulmonary
Albania,2010,ep,f,45-54,4,Extrapulmonary
Albania,2010,ep,f,55-64,9,Extrapulmonary
Albania,2010,ep,f,65+,17,Extrapulmonary
Albania,2011,sp,m,0-14,0,Smear Positive
Albania,2011,sp,m,15-24,29,Smear Positive
Albania,2011,sp,m,25-34,26,Smear Positive
Albania,2011,sp,m,35-44,18,Smear Positive
Albania,2011,sp,m,45-54,30,Smear Positive
Albania,2011,sp,m,55-64,9,Smear Positive
Albania,2011,sp,m,65+,22,Smear Positive
Albania,2011,sp,f,0-14,1,Smear Positive
Albania,2011,sp,f,15-24,14,Smear Positive
Albania,2011,sp,f,25-34,10,Smear Positive
Albania,2011,sp,f,35-44,6,Smear Positive
Albania,2011,sp,f,45-54,2,Smear Positive
Albania,2011,sp,f,55-64,1,Smear Positive
Albania,2011,sp,f,65+,12,Smear Positive
Albania,2011,sn,m,0-14,2,Smear Negative
Albania,2011,sn,m,15-24,11,Smear Negative
Albania,2011,sn,m,25-34,5,Smear Negative
Albania,2011,sn,m,35-44,6,Smear Negative
Albania,2011,sn,m,45-54,13,Smear Negative
Albania,2011,sn,m,55-64,17,Smear Negative
Albania,2011,sn,m,65+,19,Smear Negative
Albania,2011,sn,f,0-14,0,Smear Negative
Albania,2011,sn,f,15-24,3,Smear Negative
Albania,2011,sn,f,25-34,4,Smear Negative
Albania,2011,sn,f,35-44,4,Smear Negative
Albania,2011,sn,f,45-54,2,Smear Negative
Albania,2011,sn,f,55-64,10,Smear Negative
Albania,2011,sn,f,65+,9,Smear Negative
Albania,2011,ep,m,0-14,1,Extrapulmonary
Albania,2011,ep,m,15-24,17,Extrapulmonary
Albania,2011,ep,m,25-34,10,Extrapulmonary
Albania,2011,ep,m,35-44,4,Extrapulmonary
Albania,2011,ep,m,45-54,12,Extrapulmonary
Albania,2011,ep,m,55-64,15,Extrapulmonary
Albania,2011,ep,m,65+,13,Extrapulmonary
Albania,2011,ep,f,0-14,3,Extrapulmonary
Albania,2011,ep,f,15-24,9,Extrapulmonary
Albania,2011,ep,f,25-34,4,Extrapulmonary
Albania,2011,ep,f,35-44,6,Extrapulmonary
Albania,2011,ep,f,45-54,12,Extrapulmonary
Albania,2011,ep,f,55-64,11,Extrapulmonary
Albania,2011,ep,f,65+,11,Extrapulmonary
Albania,2012,sp,m,0-14,0,Smear Positive
Albania,2012,sp,m,15-24,33,Smear Positive
Albania,2012,sp,m,25-34,34,Smear Positive
Albania,2012,sp,m,35-44,16,Smear Positive
Albania,2012,sp,m,45-54,15,Smear Positive
Albania,2012,sp,m,55-64,11,Smear Positive
Albania,2012,sp,m,65+,23,Smear Positive
Albania,2012,sp,f,0-14,0,Smear Positive
Albania,2012,sp,f,15-24,17,Smear Positive
Albania,2012,sp,f,25-34,9,Smear Positive
Albania,2012,sp,f,35-44,6,Smear Positive
Albania,2012,sp,f,45-54,3,Smear Positive
Albania,2012,sp,f,55-64,6,Smear Positive
Albania,2012,sp,f,65+,12,Smear Positive
Albania,2012,sn,m,0-14,1,Smear Negative
Albania,2012,sn,m,15-24,6,Smear Negative
Albania,2012,sn,m,25-34,9,Smear Negative
Albania,2012,sn,m,35-44,7,Smear Negative
Albania,2012,sn,m,45-54,10,Smear Negative
Albania,2012,sn,m,55-64,12,Smear Negative
Albania,2012,sn,m,65+,19,Smear Negative
Albania,2012,sn,f,0-14,1,Smear Negative
Albania,2012,sn,f,15-24,4,Smear Negative
Albania,2012,sn,f,25-34,8,Smear Negative
Albania,2012,sn,f,35-44,2,Smear Negative
Albania,2012,sn,f,45-54,3,Smear Negative
Albania,2012,sn,f,55-64,7,Smear Negative
Albania,2012,sn,f,65+,11,Smear Negative
Albania,2012,ep,m,0-14,0,Extrapulmonary
Albania,2012,ep,m,15-24,15,Extrapulmonary
Albania,2012,ep,m,25-34,12,Extrapulmonary
Albania,2012,ep,m,35-44,5,Extrapulmonary
Albania,2012,ep,m,45-54,13,Extrapulmonary
Albania,2012,ep,m,55-64,11,Extrapulmonary
Albania,2012,ep,m,65+,13,Extrapulmonary
Albania,2012,ep,f,0-14,1,Extrapulmonary
Albania,2012,ep,f,15-24,5,Extrapulmonary
Albania,2012,ep,f,25-34,8,Extrapulmonary
Albania,2012,ep,f,35-44,2,Extrapulmonary
Albania,2012,ep,f,45-54,7,Extrapulmonary
Albania,2012,ep,f,55-64,5,Extrapulmonary
Albania,2012,ep,f,65+,9,Extrapulmonary
Albania,2013,rel,m,0-14,14,Relapse
Albania,2013,rel,m,15-24,60,Relapse
Albania,2013,rel,m,25-34,61,Relapse
Albania,2013,rel,m,35-44,32,Relapse
Albania,2013,rel,m,45-54,44,Relapse
Albania,2013,rel,m,55-64,50,Relapse
Albania,2013,rel,m,65+,67,Relapse
Albania,2013,rel,f,0-14,5,Relapse
Albania,2013,rel,f,15-24,28,Relapse
Albania,2013,rel,f,25-34,34,Relapse
Albania,2013,rel,f,35-44,13,Relapse
Albania,2013,rel,f,45-54,18,Relapse
Albania,2013,rel,f,55-64,14,Relapse
Albania,2013,rel,f,65+,34,Relapse
Algeria,1997,sp,m,0-14,659,Smear Positive
Algeria,1997,sp,m,15-24,1422,Smear Positive
Algeria,1997,sp,m,25-34,1982,Smear Positive
Algeria,1997,sp,m,35-44,639,Smear Positive
Algeria,1997,sp,m,45-54,357,Smear Positive
Algeria,1997,sp,m,55-64,312,Smear Positive
Algeria,1997,sp,m,65+,396,Smear Positive
Algeria,1997,sp,f,0-14,92,Smear Positive
Algeria,1997,sp,f,15-24,1102,Smear Positive
Algeria,1997,sp,f,25-34,702,Smear Positive
Algeria,1997,sp,f,35-44,405,Smear Positive
Algeria,1997,sp,f,45-54,242,Smear Positive
Algeria,1997,sp,f,55-64,236,Smear Positive
Algeria,1997,sp,f,65+,356,Smear Positive
Algeria,1999,sp,m,0-14,40,Smear Positive
Algeria,1999,sp,m,15-24,1193,Smear Positive
Algeria,1999,sp,m,25-34,1344,Smear Positive
Algeria,1999,sp,m,35-44,556,Smear Positive
Algeria,1999,sp,m,45-54,706,Smear Positive
Algeria,1999,sp,m,55-64,263,Smear Positive
Algeria,1999,sp,m,65+,315,Smear Positive
Algeria,1999,sp,f,0-14,92,Smear Positive
Algeria,1999,sp,f,15-24,884,Smear Positive
Algeria,1999,sp,f,25-34,621,Smear Positive
Algeria,1999,sp,f,35-44,281,Smear Positive
Algeria,1999,sp,f,45-54,221,Smear Positive
Algeria,1999,sp,f,55-64,243,Smear Positive
Algeria,1999,sp,f,65+,329,Smear Positive
Algeria,2000,sp,m,0-14,59,Smear Positive
Algeria,2000,sp,m,15-24,927,Smear Positive
Algeria,2000,sp,m,25-34,1516,Smear Positive
Algeria,2000,sp,m,35-44,610,Smear Positive
Algeria,2000,sp,m,45-54,491,Smear Positive
Algeria,2000,sp,m,55-64,234,Smear Positive
Algeria,2000,sp,m,65+,299,Smear Positive
Algeria,2000,sp,f,0-14,36,Smear Positive
Algeria,2000,sp,f,15-24,1005,Smear Positive
Algeria,2000,sp,f,25-34,1293,Smear Positive
Algeria,2000,sp,f,35-44,746,Smear Positive
Algeria,2000,sp,f,45-54,314,Smear Positive
Algeria,2000,sp,f,55-64,208,Smear Positive
Algeria,2000,sp,f,65+,312,Smear Positive
Algeria,2001,sp,m,0-14,41,Smear Positive
Algeria,2001,sp,m,15-24,1345,Smear Positive
Algeria,2001,sp,m,25-34,1614,Smear Positive
Algeria,2001,sp,m,35-44,708,Smear Positive
Algeria,2001,sp,m,45-54,401,Smear Positive
Algeria,2001,sp,m,55-64,283,Smear Positive
Algeria,2001,sp,m,65+,390,Smear Positive
Algeria,2001,sp,f,0-14,79,Smear Positive
Algeria,2001,sp,f,15-24,1057,Smear Positive
Algeria,2001,sp,f,25-34,782,Smear Positive
Algeria,2001,sp,f,35-44,352,Smear Positive
Algeria,2001,sp,f,45-54,287,Smear Positive
Algeria,2001,sp,f,55-64,280,Smear Positive
Algeria,2001,sp,f,65+,334,Smear Positive
Algeria,2002,sp,m,0-14,39,Smear Positive
Algeria,2002,sp,m,15-24,1364,Smear Positive
Algeria,2002,sp,m,25-34,1580,Smear Positive
Algeria,2002,sp,m,35-44,630,Smear Positive
Algeria,2002,sp,m,45-54,406,Smear Positive
Algeria,2002,sp,m,55-64,273,Smear Positive
Algeria,2002,sp,m,65+,280,Smear Positive
Algeria,2002,sp,f,0-14,71,Smear Positive
Algeria,2002,sp,f,15-24,1840,Smear Positive
Algeria,2002,sp,f,25-34,730,Smear Positive
Algeria,2002,sp,f,35-44,334,Smear Positive
Algeria,2002,sp,f,45-54,224,Smear Positive
Algeria,2002,sp,f,55-64,217,Smear Positive
Algeria,2002,sp,f,65+,258,Smear Positive
Algeria,2003,sp,m,0-14,40,Smear Positive
Algeria,2003,sp,m,15-24,1316,Smear Positive
Algeria,2003,sp,m,25-34,1633,Smear Positive
Algeria,2003,sp,m,35-44,706,Smear Positive
Algeria,2003,sp,m,45-54,429,Smear Positive
Algeria,2003,sp,m,55-64,231,Smear Positive
Algeria,2003,sp,m,65+,328,Smear Positive
Algeria,2003,sp,f,0-14,74,Smear Positive
Algeria,2003,sp,f,15-24,1017,Smear Positive
Algeria,2003,sp,f,25-34,702,Smear Positive
Algeria,2003,sp,f,35-44,326,Smear Positive
Algeria,2003,sp,f,45-54,242,Smear Positive
Algeria,2003,sp,f,55-64,241,Smear Positive
Algeria,2003,sp,f,65+,356,Smear Positive
Algeria,2004,sp,m,0-14,63,Smear Positive
Algeria,2004,sp,m,15-24,1326,Smear Positive
Algeria,2004,sp,m,25-34,1694,Smear Positive
Algeria,2004,sp,m,35-44,758,Smear Positive
Algeria,2004,sp,m,45-54,434,Smear Positive
Algeria,2004,sp,m,55-64,271,Smear Positive
Algeria,2004,sp,m,65+,373,Smear Positive
Algeria,2004,sp,f,0-14,92,Smear Positive
Algeria,2004,sp,f,15-24,1011,Smear Positive
Algeria,2004,sp,f,25-34,798,Smear Positive
Algeria,2004,sp,f,35-44,320,Smear Positive
Algeria,2004,sp,f,45-54,253,Smear Positive
Algeria,2004,sp,f,55-64,227,Smear Positive
Algeria,2004,sp,f,65+,359,Smear Positive
Algeria,2005,sp,m,0-14,53,Smear Positive
Algeria,2005,sp,m,15-24,1309,Smear Positive
Algeria,2005,sp,m,25-34,1841,Smear Positive
Algeria,2005,sp,m,35-44,919,Smear Positive
Algeria,2005,sp,m,45-54,473,Smear Positive
Algeria,2005,sp,m,55-64,314,Smear Positive
Algeria,2005,sp,m,65+,426,Smear Positive
Algeria,2005,sp,f,0-14,102,Smear Positive
Algeria,2005,sp,f,15-24,1044,Smear Positive
Algeria,2005,sp,f,25-34,820,Smear Positive
Algeria,2005,sp,f,35-44,389,Smear Positive
Algeria,2005,sp,f,45-54,270,Smear Positive
Algeria,2005,sp,f,55-64,229,Smear Positive
Algeria,2005,sp,f,65+,465,Smear Positive
Algeria,2006,sp,m,0-14,41,Smear Positive
Algeria,2006,sp,m,15-24,1173,Smear Positive
Algeria,2006,sp,m,25-34,1573,Smear Positive
Algeria,2006,sp,m,35-44,692,Smear Positive
Algeria,2006,sp,m,45-54,409,Smear Positive
Algeria,2006,sp,m,55-64,251,Smear Positive
Algeria,2006,sp,m,65+,360,Smear Positive
Algeria,2006,sp,f,0-14,80,Smear Positive
Algeria,2006,sp,f,15-24,971,Smear Positive
Algeria,2006,sp,f,25-34,679,Smear Positive
Algeria,2006,sp,f,35-44,339,Smear Positive
Algeria,2006,sp,f,45-54,223,Smear Positive
Algeria,2006,sp,f,55-64,197,Smear Positive
Algeria,2006,sp,f,65+,408,Smear Positive
Algeria,2007,sp,m,0-14,95,Smear Positive
Algeria,2007,sp,m,15-24,1388,Smear Positive
Algeria,2007,sp,m,25-34,1749,Smear Positive
Algeria,2007,sp,m,35-44,813,Smear Positive
Algeria,2007,sp,m,45-54,494,Smear Positive
Algeria,2007,sp,m,55-64,296,Smear Positive
Algeria,2007,sp,m,65+,407,Smear Positive
Algeria,2007,sp,f,0-14,109,Smear Positive
Algeria,2007,sp,f,15-24,1031,Smear Positive
Algeria,2007,sp,f,25-34,811,Smear Positive
Algeria,2007,sp,f,35-44,335,Smear Positive
Algeria,2007,sp,f,45-54,273,Smear Positive
Algeria,2007,sp,f,55-64,247,Smear Positive
Algeria,2007,sp,f,65+,391,Smear Positive
Algeria,2008,sp,m,0-14,99,Smear Positive
Algeria,2008,sp,m,15-24,1505,Smear Positive
Algeria,2008,sp,m,25-34,1786,Smear Positive
Algeria,2008,sp,m,35-44,794,Smear Positive
Algeria,2008,sp,m,45-54,447,Smear Positive
Algeria,2008,sp,m,55-64,198,Smear Positive
Algeria,2008,sp,m,65+,463,Smear Positive
Algeria,2008,sp,f,0-14,150,Smear Positive
Algeria,2008,sp,f,15-24,1263,Smear Positive
Algeria,2008,sp,f,25-34,827,Smear Positive
Algeria,2008,sp,f,35-44,346,Smear Positive
Algeria,2008,sp,f,45-54,256,Smear Positive
Algeria,2008,sp,f,55-64,226,Smear Positive
Algeria,2008,sp,f,65+,286,Smear Positive
Algeria,2009,sp,m,0-14,43,Smear Positive
Algeria,2009,sp,m,15-24,1225,Smear Positive
Algeria,2009,sp,m,25-34,1827,Smear Positive
Algeria,2009,sp,m,35-44,898,Smear Positive
Algeria,2009,sp,m,45-54,541,Smear Positive
Algeria,2009,sp,m,55-64,319,Smear Positive
Algeria,2009,sp,m,65+,364,Smear Positive
Algeria,2009,sp,f,0-14,90,Smear Positive
Algeria,2009,sp,f,15-24,1021,Smear Positive
Algeria,2009,sp,f,25-34,860,Smear Positive
Algeria,2009,sp,f,35-44,363,Smear Positive
Algeria,2009,sp,f,45-54,270,Smear Positive
Algeria,2009,sp,f,55-64,241,Smear Positive
Algeria,2009,sp,f,65+,340,Smear Positive
Algeria,2010,sp,m,0-14,52,Smear Positive
Algeria,2010,sp,m,15-24,1203,Smear Positive
Algeria,2010,sp,m,25-34,1669,Smear Positive
Algeria,2010,sp,m,35-44,825,Smear Positive
Algeria,2010,sp,m,45-54,513,Smear Positive
Algeria,2010,sp,m,55-64,392,Smear Positive
Algeria,2010,sp,m,65+,397,Smear Positive
Algeria,2010,sp,f,0-14,79,Smear Positive
Algeria,2010,sp,f,15-24,1086,Smear Positive
Algeria,2010,sp,f,25-34,826,Smear Positive
Algeria,2010,sp,f,35-44,417,Smear Positive
Algeria,2010,sp,f,45-54,251,Smear Positive
Algeria,2010,sp,f,55-64,222,Smear Positive
Algeria,2010,sp,f,65+,367,Smear Positive
Algeria,2011,sp,m,0-14,42,Smear Positive
Algeria,2011,sp,m,15-24,1147,Smear Positive
Algeria,2011,sp,m,25-34,1513,Smear Positive
Algeria,2011,sp,m,35-44,881,Smear Positive
Algeria,2011,sp,m,45-54,483,Smear Positive
Algeria,2011,sp,m,55-64,345,Smear Positive
Algeria,2011,sp,m,65+,347,Smear Positive
Algeria,2011,sp,f,0-14,58,Smear Positive
Algeria,2011,sp,f,15-24,1050,Smear Positive
Algeria,2011,sp,f,25-34,787,Smear Positive
Algeria,2011,sp,f,35-44,383,Smear Positive
Algeria,2011,sp,f,45-54,211,Smear Positive
Algeria,2011,sp,f,55-64,202,Smear Positive
Algeria,2011,sp,f,65+,341,Smear Positive
Algeria,2012,sp,m,0-14,29,Smear Positive
Algeria,2012,sp,m,15-24,1102,Smear Positive
Algeria,2012,sp,m,25-34,1467,Smear Positive
Algeria,2012,sp,m,35-44,857,Smear Positive
Algeria,2012,sp,m,45-54,464,Smear Positive
Algeria,2012,sp,m,55-64,354,Smear Positive
Algeria,2012,sp,m,65+,349,Smear Positive
Algeria,2012,sp,f,0-14,60,Smear Positive
Algeria,2012,sp,f,15-24,917,Smear Positive
Algeria,2012,sp,f,25-34,773,Smear Positive
Algeria,2012,sp,f,35-44,382,Smear Positive
Algeria,2012,sp,f,45-54,198,Smear Positive
Algeria,2012,sp,f,55-64,229,Smear Positive
Algeria,2012,sp,f,65+,329,Smear Positive
Algeria,2013,rel,m,0-14,25,Relapse
Algeria,2013,rel,m,15-24,1021,Relapse
Algeria,2013,rel,m,25-34,1288,Relapse
Algeria,2013,rel,m,35-44,763,Relapse
Algeria,2013,rel,m,45-54,475,Relapse
Algeria,2013,rel,m,55-64,324,Relapse
Algeria,2013,rel,m,65+,409,Relapse
Algeria,2013,rel,f,0-14,50,Relapse
Algeria,2013,rel,f,15-24,861,Relapse
Algeria,2013,rel,f,25-34,707,Relapse
Algeria,2013,rel,f,35-44,377,Relapse
Algeria,2013,rel,f,45-54,267,Relapse
Algeria,2013,rel,f,55-64,205,Relapse
Algeria,2013,rel,f,65+,352,Relapse
American Samoa,1997,sp,m,0-14,1,Smear Positive
American Samoa,1997,sp,m,15-24,0,Smear Positive
American Samoa,1997,sp,m,25-34,0,Smear Positive
American Samoa,1997,sp,m,35-44,1,Smear Positive
American Samoa,1997,sp,m,45-54,1,Smear Positive
American Samoa,1997,sp,m,55-64,1,Smear Positive
American Samoa,1997,sp,m,65+,1,Smear Positive
American Samoa,1997,sp,f,0-14,0,Smear Positive
American Samoa,1997,sp,f,15-24,0,Smear Positive
American Samoa,1997,sp,f,25-34,0,Smear Positive
American Samoa,1997,sp,f,35-44,0,Smear Positive
American Samoa,1997,sp,f,45-54,1,Smear Positive
American Samoa,1997,sp,f,55-64,0,Smear Positive
American Samoa,1997,sp,f,65+,0,Smear Positive
American Samoa,2000,sp,m,45-54,1,Smear Positive
American Samoa,2000,sp,m,55-64,1,Smear Positive
American Samoa,2000,sp,f,45-54,1,Smear Positive
American Samoa,2001,sp,f,35-44,1,Smear Positive
American Samoa,2001,sp,f,55-64,1,Smear Positive
American Samoa,2002,sp,m,55-64,1,Smear Positive
American Samoa,2003,sp,m,55-64,1,Smear Positive
American Samoa,2003,sp,f,45-54,1,Smear Positive
American Samoa,2004,sp,m,55-64,2,Smear Positive
American Samoa,2004,sp,f,45-54,1,Smear Positive
American Samoa,2005,sp,f,25-34,1,Smear Positive
American Samoa,2005,sp,f,45-54,2,Smear Positive
American Samoa,2006,sp,f,25-34,1,Smear Positive
American Samoa,2006,sp,f,45-54,2,Smear Positive
American Samoa,2006,ep,f,25-34,1,Extrapulmonary
American Samoa,2007,sn,m,0-14,0,Smear Negative
American Samoa,2007,sn,m,15-24,1,Smear Negative
American Samoa,2007,sn,m,25-34,0,Smear Negative
American Samoa,2007,sn,m,35-44,0,Smear Negative
American Samoa,2007,sn,m,45-54,1,Smear Negative
American Samoa,2007,sn,m,55-64,0,Smear Negative
American Samoa,2007,sn,m,65+,0,Smear Negative
American Samoa,2007,sn,f,0-14,0,Smear Negative
American Samoa,2007,sn,f,15-24,0,Smear Negative
American Samoa,2007,sn,f,25-34,0,Smear Negative
American Samoa,2007,sn,f,35-44,0,Smear Negative
American Samoa,2007,sn,f,45-54,1,Smear Negative
American Samoa,2007,sn,f,55-64,0,Smear Negative
American Samoa,2007,sn,f,65+,0,Smear Negative
American Samoa,2008,sp,m,0-14,0,Smear Positive
American Samoa,2008,sp,m,15-24,0,Smear Positive
American Samoa,2008,sp,m,25-34,0,Smear Positive
American Samoa,2008,sp,m,35-44,0,Smear Positive
American Samoa,2008,sp,m,45-54,0,Smear Positive
American Samoa,2008,sp,m,55-64,0,Smear Positive
American Samoa,2008,sp,m,65+,0,Smear Positive
American Samoa,2008,sp,f,0-14,0,Smear Positive
American Samoa,2008,sp,f,15-24,0,Smear Positive
American Samoa,2008,sp,f,25-34,0,Smear Positive
American Samoa,2008,sp,f,35-44,0,Smear Positive
American Samoa,2008,sp,f,45-54,0,Smear Positive
American Samoa,2008,sp,f,55-64,0,Smear Positive
American Samoa,2008,sp,f,65+,0,Smear Positive
American Samoa,2008,sn,m,0-14,0,Smear Negative
American Samoa,2008,sn,m,15-24,0,Smear Negative
American Samoa,2008,sn,m,25-34,0,Smear Negative
American Samoa,2008,sn,m,35-44,0,Smear Negative
American Samoa,2008,sn,m,45-54,1,Smear Negative
American Samoa,2008,sn,m,55-64,0,Smear Negative
American Samoa,2008,sn,m,65+,0,Smear Negative
American Samoa,2008,sn,f,0-14,0,Smear Negative
American Samoa,2008,sn,f,15-24,1,Smear Negative
American Samoa,2008,sn,f,25-34,0,Smear Negative
American Samoa,2008,sn,f,35-44,0,Smear Negative
American Samoa,2008,sn,f,45-54,1,Smear Negative
American Samoa,2008,sn,f,55-64,0,Smear Negative
American Samoa,2008,sn,f,65+,0,Smear Negative
American Samoa,2008,ep,m,0-14,0,Extrapulmonary
American Samoa,2008,ep,m,15-24,0,Extrapulmonary
American Samoa,2008,ep,m,25-34,0,Extrapulmonary
American Samoa,2008,ep,m,35-44,0,Extrapulmonary
American Samoa,2008,ep,m,45-54,0,Extrapulmonary
American Samoa,2008,ep,m,55-64,0,Extrapulmonary
American Samoa,2008,ep,m,65+,0,Extrapulmonary
American Samoa,2008,ep,f,0-14,0,Extrapulmonary
American Samoa,2008,ep,f,15-24,0,Extrapulmonary
American Samoa,2008,ep,f,25-34,0,Extrapulmonary
American Samoa,2008,ep,f,35-44,0,Extrapulmonary
American Samoa,2008,ep,f,45-54,0,Extrapulmonary
American Samoa,2008,ep,f,55-64,0,Extrapulmonary
American Samoa,2008,ep,f,65+,0,Extrapulmonary
American Samoa,2009,sp,m,0-14,0,Smear Positive
American Samoa,2009,sp,m,15-24,0,Smear Positive
American Samoa,2009,sp,m,25-34,0,Smear Positive
American Samoa,2009,sp,m,35-44,0,Smear Positive
American Samoa,2009,sp,m,45-54,0,Smear Positive
American Samoa,2009,sp,m,55-64,0,Smear Positive
American Samoa,2009,sp,m,65+,0,Smear Positive
American Samoa,2009,sp,f,0-14,0,Smear Positive
American Samoa,2009,sp,f,15-24,0,Smear Positive
American Samoa,2009,sp,f,25-34,0,Smear Positive
American Samoa,2009,sp,f,35-44,0,Smear Positive
American Samoa,2009,sp,f,45-54,0,Smear Positive
American Samoa,2009,sp,f,55-64,0,Smear Positive
American Samoa,2009,sp,f,65+,0,Smear Positive
American Samoa,2009,sn,m,0-14,0,Smear Negative
American Samoa,2009,sn,m,15-24,0,Smear Negative
American Samoa,2009,sn,m,25-34,0,Smear Negative
American Samoa,2009,sn,m,35-44,0,Smear Negative
American Samoa,2009,sn,m,45-54,0,Smear Negative
American Samoa,2009,sn,m,55-64,0,Smear Negative
American Samoa,2009,sn,m,65+,0,Smear Negative
American Samoa,2009,sn,f,0-14,0,Smear Negative
American Samoa,2009,sn,f,15-24,0,Smear Negative
American Samoa,2009,sn,f,25-34,0,Smear Negative
American Samoa,2009,sn,f,35-44,0,Smear Negative
American Samoa,2009,sn,f,45-54,2,Smear Negative
American Samoa,2009,sn,f,55-64,0,Smear Negative
American Samoa,2009,sn,f,65+,0,Smear Negative
American Samoa,2009,ep,m,0-14,0,Extrapulmonary
American Samoa,2009,ep,m,15-24,0,Extrapulmonary
American Samoa,2009,ep,m,25-34,0,Extrapulmonary
American Samoa,2009,ep,m,35-44,0,Extrapulmonary
American Samoa,2009,ep,m,45-54,1,Extrapulmonary
American Samoa,2009,ep,m,55-64,0,Extrapulmonary
American Samoa,2009,ep,m,65+,0,Extrapulmonary
American Samoa,2009,ep,f,0-14,0,Extrapulmonary
American Samoa,2009,ep,f,15-24,0,Extrapulmonary
American Samoa,2009,ep,f,25-34,1,Extrapulmonary
American Samoa,2009,ep,f,35-44,0,Extrapulmonary
American Samoa,2009,ep,f,45-54,0,Extrapulmonary
American Samoa,2009,ep,f,55-64,0,Extrapulmonary
American Samoa,2009,ep,f,65+,0,Extrapulmonary
American Samoa,2010,sp,m,0-14,0,Smear Positive
American Samoa,2010,sp,m,15-24,0,Smear Positive
American Samoa,2010,sp,m,25-34,0,Smear Positive
American Samoa,2010,sp,m,35-44,0,Smear Positive
American Samoa,2010,sp,m,45-54,0,Smear Positive
American Samoa,2010,sp,m,55-64,0,Smear Positive
American Samoa,2010,sp,m,65+,0,Smear Positive
American Samoa,2010,sp,f,0-14,0,Smear Positive
American Samoa,2010,sp,f,15-24,0,Smear Positive
American Samoa,2010,sp,f,25-34,0,Smear Positive
American Samoa,2010,sp,f,35-44,0,Smear Positive
American Samoa,2010,sp,f,45-54,0,Smear Positive
American Samoa,2010,sp,f,55-64,0,Smear Positive
American Samoa,2010,sp,f,65+,0,Smear Positive
American Samoa,2010,sn,m,0-14,0,Smear Negative
American Samoa,2010,sn,m,15-24,0,Smear Negative
American Samoa,2010,sn,m,25-34,1,Smear Negative
American Samoa,2010,sn,m,35-44,0,Smear Negative
American Samoa,2010,sn,m,45-54,0,Smear Negative
American Samoa,2010,sn,m,55-64,0,Smear Negative
American Samoa,2010,sn,m,65+,1,Smear Negative
American Samoa,2010,sn,f,0-14,0,Smear Negative
American Samoa,2010,sn,f,15-24,0,Smear Negative
American Samoa,2010,sn,f,25-34,1,Smear Negative
American Samoa,2010,sn,f,35-44,0,Smear Negative
American Samoa,2010,sn,f,45-54,0,Smear Negative
American Samoa,2010,sn,f,55-64,0,Smear Negative
American Samoa,2010,sn,f,65+,0,Smear Negative
American Samoa,2010,ep,m,0-14,0,Extrapulmonary
American Samoa,2010,ep,m,15-24,0,Extrapulmonary
American Samoa,2010,ep,m,25-34,0,Extrapulmonary
American Samoa,2010,ep,m,35-44,0,Extrapulmonary
American Samoa,2010,ep,m,45-54,1,Extrapulmonary
American Samoa,2010,ep,m,55-64,0,Extrapulmonary
American Samoa,2010,ep,m,65+,0,Extrapulmonary
American Samoa,2010,ep,f,0-14,0,Extrapulmonary
American Samoa,2010,ep,f,15-24,0,Extrapulmonary
American Samoa,2010,ep,f,25-34,0,Extrapulmonary
American Samoa,2010,ep,f,35-44,0,Extrapulmonary
American Samoa,2010,ep,f,45-54,0,Extrapulmonary
American Samoa,2010,ep,f,55-64,0,Extrapulmonary
American Samoa,2010,ep,f,65+,0,Extrapulmonary
American Samoa,2011,sn,m,45-54,1,Smear Negative
American Samoa,2011,sn,m,55-64,1,Smear Negative
American Samoa,2011,sn,f,35-44,1,Smear Negative
Andorra,1996,sp,m,0-14,0,Smear Positive
Andorra,1996,sp,m,15-24,0,Smear Positive
Andorra,1996,sp,m,25-34,0,Smear Positive
Andorra,1996,sp,m,35-44,4,Smear Positive
Andorra,1996,sp,m,45-54,1,Smear Positive
Andorra,1996,sp,m,55-64,0,Smear Positive
Andorra,1996,sp,m,65+,0,Smear Positive
Andorra,1996,sp,f,0-14,0,Smear Positive
Andorra,1996,sp,f,15-24,1,Smear Positive
Andorra,1996,sp,f,25-34,1,Smear Positive
Andorra,1996,sp,f,35-44,0,Smear Positive
Andorra,1996,sp,f,45-54,0,Smear Positive
Andorra,1996,sp,f,55-64,1,Smear Positive
Andorra,1996,sp,f,65+,0,Smear Positive
Andorra,1997,sp,m,0-14,0,Smear Positive
Andorra,1997,sp,m,15-24,0,Smear Positive
Andorra,1997,sp,m,25-34,1,Smear Positive
Andorra,1997,sp,m,35-44,2,Smear Positive
Andorra,1997,sp,m,45-54,2,Smear Positive
Andorra,1997,sp,m,55-64,1,Smear Positive
Andorra,1997,sp,m,65+,6,Smear Positive
Andorra,1997,sp,f,0-14,0,Smear Positive
Andorra,1997,sp,f,15-24,1,Smear Positive
Andorra,1997,sp,f,25-34,2,Smear Positive
Andorra,1997,sp,f,35-44,3,Smear Positive
Andorra,1997,sp,f,45-54,0,Smear Positive
Andorra,1997,sp,f,55-64,0,Smear Positive
Andorra,1997,sp,f,65+,1,Smear Positive
Andorra,1998,sp,m,0-14,0,Smear Positive
Andorra,1998,sp,m,15-24,0,Smear Positive
Andorra,1998,sp,m,25-34,0,Smear Positive
Andorra,1998,sp,m,35-44,1,Smear Positive
Andorra,1998,sp,m,45-54,0,Smear Positive
Andorra,1998,sp,m,55-64,0,Smear Positive
Andorra,1998,sp,m,65+,0,Smear Positive
Andorra,1999,sp,m,0-14,0,Smear Positive
Andorra,1999,sp,m,15-24,0,Smear Positive
Andorra,1999,sp,m,25-34,0,Smear Positive
Andorra,1999,sp,m,35-44,1,Smear Positive
Andorra,1999,sp,m,45-54,1,Smear Positive
Andorra,1999,sp,m,55-64,0,Smear Positive
Andorra,1999,sp,m,65+,0,Smear Positive
Andorra,1999,sp,f,0-14,0,Smear Positive
Andorra,1999,sp,f,15-24,0,Smear Positive
Andorra,1999,sp,f,25-34,0,Smear Positive
Andorra,1999,sp,f,35-44,1,Smear Positive
Andorra,1999,sp,f,45-54,0,Smear Positive
Andorra,1999,sp,f,55-64,0,Smear Positive
Andorra,1999,sp,f,65+,0,Smear Positive
Andorra,2000,sp,m,0-14,0,Smear Positive
Andorra,2000,sp,m,15-24,0,Smear Positive
Andorra,2000,sp,m,25-34,1,Smear Positive
Andorra,2000,sp,m,35-44,0,Smear Positive
Andorra,2000,sp,m,45-54,0,Smear Positive
Andorra,2000,sp,m,55-64,0,Smear Positive
Andorra,2000,sp,m,65+,0,Smear Positive
Andorra,2001,sp,m,0-14,0,Smear Positive
Andorra,2001,sp,m,35-44,2,Smear Positive
Andorra,2001,sp,m,45-54,1,Smear Positive
Andorra,2002,sp,m,0-14,0,Smear Positive
Andorra,2002,sp,m,15-24,0,Smear Positive
Andorra,2002,sp,m,25-34,0,Smear Positive
Andorra,2002,sp,m,35-44,1,Smear Positive
Andorra,2002,sp,m,45-54,0,Smear Positive
Andorra,2002,sp,m,55-64,0,Smear Positive
Andorra,2002,sp,m,65+,0,Smear Positive
Andorra,2002,sp,f,0-14,0,Smear Positive
Andorra,2002,sp,f,15-24,1,Smear Positive
Andorra,2002,sp,f,25-34,0,Smear Positive
Andorra,2002,sp,f,35-44,0,Smear Positive
Andorra,2002,sp,f,45-54,0,Smear Positive
Andorra,2002,sp,f,55-64,0,Smear Positive
Andorra,2002,sp,f,65+,0,Smear Positive
Andorra,2003,sp,m,0-14,0,Smear Positive
Andorra,2003,sp,m,15-24,0,Smear Positive
Andorra,2003,sp,m,25-34,0,Smear Positive
Andorra,2003,sp,m,35-44,1,Smear Positive
Andorra,2003,sp,m,45-54,2,Smear Positive
Andorra,2003,sp,m,55-64,0,Smear Positive
Andorra,2003,sp,m,65+,0,Smear Positive
Andorra,2003,sp,f,0-14,0,Smear Positive
Andorra,2003,sp,f,15-24,1,Smear Positive
Andorra,2003,sp,f,25-34,1,Smear Positive
Andorra,2003,sp,f,35-44,1,Smear Positive
Andorra,2003,sp,f,45-54,0,Smear Positive
Andorra,2003,sp,f,55-64,0,Smear Positive
Andorra,2003,sp,f,65+,0,Smear Positive
Andorra,2004,sp,m,0-14,0,Smear Positive
Andorra,2004,sp,m,15-24,0,Smear Positive
Andorra,2004,sp,m,25-34,0,Smear Positive
Andorra,2004,sp,m,35-44,1,Smear Positive
Andorra,2004,sp,m,45-54,1,Smear Positive
Andorra,2004,sp,m,55-64,0,Smear Positive
Andorra,2004,sp,m,65+,0,Smear Positive
Andorra,2004,sp,f,0-14,0,Smear Positive
Andorra,2004,sp,f,15-24,0,Smear Positive
Andorra,2004,sp,f,25-34,1,Smear Positive
Andorra,2004,sp,f,35-44,0,Smear Positive
Andorra,2004,sp,f,45-54,0,Smear Positive
Andorra,2004,sp,f,55-64,0,Smear Positive
Andorra,2004,sp,f,65+,0,Smear Positive
Andorra,2005,sp,m,0-14,0,Smear Positive
Andorra,2005,sp,m,15-24,0,Smear Positive
Andorra,2005,sp,m,25-34,1,Smear Positive
Andorra,2005,sp,m,35-44,1,Smear Positive
Andorra,2005,sp,m,45-54,0,Smear Positive
Andorra,2005,sp,m,55-64,0,Smear Positive
Andorra,2005,sp,m,65+,0,Smear Positive
Andorra,2005,sp,f,0-14,0,Smear Positive
Andorra,2005,sp,f,15-24,1,Smear Positive
Andorra,2005,sp,f,25-34,1,Smear Positive
Andorra,2005,sp,f,35-44,1,Smear Positive
Andorra,2005,sp,f,45-54,0,Smear Positive
Andorra,2005,sp,f,55-64,0,Smear Positive
Andorra,2005,sp,f,65+,0,Smear Positive
Andorra,2006,sp,m,0-14,0,Smear Positive
Andorra,2006,sp,m,15-24,1,Smear Positive
Andorra,2006,sp,m,25-34,1,Smear Positive
Andorra,2006,sp,m,35-44,2,Smear Positive
Andorra,2006,sp,m,45-54,0,Smear Positive
Andorra,2006,sp,m,55-64,1,Smear Positive
Andorra,2006,sp,m,65+,1,Smear Positive
Andorra,2006,sp,f,0-14,0,Smear Positive
Andorra,2006,sp,f,15-24,0,Smear Positive
Andorra,2006,sp,f,25-34,1,Smear Positive
Andorra,2006,sp,f,35-44,0,Smear Positive
Andorra,2006,sp,f,45-54,1,Smear Positive
Andorra,2006,sp,f,55-64,0,Smear Positive
Andorra,2006,sp,f,65+,0,Smear Positive
Andorra,2006,sn,m,0-14,0,Smear Negative
Andorra,2006,sn,m,15-24,0,Smear Negative
Andorra,2006,sn,m,25-34,0,Smear Negative
Andorra,2006,sn,m,35-44,0,Smear Negative
Andorra,2006,sn,m,45-54,0,Smear Negative
Andorra,2006,sn,m,55-64,1,Smear Negative
Andorra,2006,sn,m,65+,0,Smear Negative
Andorra,2006,sn,f,0-14,0,Smear Negative
Andorra,2006,sn,f,15-24,0,Smear Negative
Andorra,2006,sn,f,25-34,0,Smear Negative
Andorra,2006,sn,f,35-44,0,Smear Negative
Andorra,2006,sn,f,45-54,0,Smear Negative
Andorra,2006,sn,f,55-64,0,Smear Negative
Andorra,2006,sn,f,65+,1,Smear Negative
Andorra,2006,ep,m,0-14,0,Extrapulmonary
Andorra,2006,ep,m,15-24,0,Extrapulmonary
Andorra,2006,ep,m,25-34,0,Extrapulmonary
Andorra,2006,ep,m,35-44,0,Extrapulmonary
Andorra,2006,ep,m,45-54,0,Extrapulmonary
Andorra,2006,ep,m,55-64,0,Extrapulmonary
Andorra,2006,ep,m,65+,1,Extrapulmonary
Andorra,2006,ep,f,0-14,0,Extrapulmonary
Andorra,2006,ep,f,15-24,0,Extrapulmonary
Andorra,2006,ep,f,25-34,0,Extrapulmonary
Andorra,2006,ep,f,35-44,0,Extrapulmonary
Andorra,2006,ep,f,45-54,0,Extrapulmonary
Andorra,2006,ep,f,55-64,1,Extrapulmonary
Andorra,2006,ep,f,65+,0,Extrapulmonary
Andorra,2007,sp,f,25-34,1,Smear Positive
Andorra,2007,sp,f,45-54,1,Smear Positive
Andorra,2007,sn,m,65+,1,Smear Negative
Andorra,2007,ep,m,35-44,1,Extrapulmonary
Andorra,2007,ep,f,45-54,1,Extrapulmonary
Andorra,2007,ep,f,55-64,1,Extrapulmonary
Andorra,2008,sp,m,0-14,0,Smear Positive
Andorra,2008,sp,m,15-24,0,Smear Positive
Andorra,2008,sp,m,25-34,0,Smear Positive
Andorra,2008,sp,m,35-44,0,Smear Positive
Andorra,2008,sp,m,45-54,1,Smear Positive
Andorra,2008,sp,m,55-64,0,Smear Positive
Andorra,2008,sp,m,65+,0,Smear Positive
Andorra,2008,sp,f,0-14,0,Smear Positive
Andorra,2008,sp,f,15-24,0,Smear Positive
Andorra,2008,sp,f,25-34,0,Smear Positive
Andorra,2008,sp,f,35-44,1,Smear Positive
Andorra,2008,sp,f,45-54,1,Smear Positive
Andorra,2008,sp,f,55-64,0,Smear Positive
Andorra,2008,sp,f,65+,0,Smear Positive
Andorra,2008,sn,m,0-14,0,Smear Negative
Andorra,2008,sn,m,15-24,0,Smear Negative
Andorra,2008,sn,m,25-34,0,Smear Negative
Andorra,2008,sn,m,35-44,0,Smear Negative
Andorra,2008,sn,m,45-54,0,Smear Negative
Andorra,2008,sn,m,55-64,0,Smear Negative
Andorra,2008,sn,m,65+,1,Smear Negative
Andorra,2008,sn,f,0-14,0,Smear Negative
Andorra,2008,sn,f,15-24,0,Smear Negative
Andorra,2008,sn,f,25-34,0,Smear Negative
Andorra,2008,sn,f,35-44,0,Smear Negative
Andorra,2008,sn,f,45-54,0,Smear Negative
Andorra,2008,sn,f,55-64,0,Smear Negative
Andorra,2008,sn,f,65+,0,Smear Negative
Andorra,2008,ep,m,0-14,0,Extrapulmonary
Andorra,2008,ep,m,15-24,0,Extrapulmonary
Andorra,2008,ep,m,25-34,0,Extrapulmonary
Andorra,2008,ep,m,35-44,0,Extrapulmonary
Andorra,2008,ep,m,45-54,0,Extrapulmonary
Andorra,2008,ep,m,55-64,0,Extrapulmonary
Andorra,2008,ep,m,65+,0,Extrapulmonary
Andorra,2008,ep,f,0-14,0,Extrapulmonary
Andorra,2008,ep,f,15-24,0,Extrapulmonary
Andorra,2008,ep,f,25-34,0,Extrapulmonary
Andorra,2008,ep,f,35-44,0,Extrapulmonary
Andorra,2008,ep,f,45-54,0,Extrapulmonary
Andorra,2008,ep,f,55-64,0,Extrapulmonary
Andorra,2008,ep,f,65+,0,Extrapulmonary
Andorra,2009,sp,m,0-14,0,Smear Positive
Andorra,2009,sp,m,15-24,0,Smear Positive
Andorra,2009,sp,m,25-34,0,Smear Positive
Andorra,2009,sp,m,35-44,0,Smear Positive
Andorra,2009,sp,m,45-54,1,Smear Positive
Andorra,2009,sp,m,55-64,0,Smear Positive
Andorra,2009,sp,m,65+,0,Smear Positive
Andorra,2009,sp,f,0-14,0,Smear Positive
Andorra,2009,sp,f,15-24,0,Smear Positive
Andorra,2009,sp,f,25-34,0,Smear Positive
Andorra,2009,sp,f,35-44,1,Smear Positive
Andorra,2009,sp,f,45-54,0,Smear Positive
Andorra,2009,sp,f,55-64,0,Smear Positive
Andorra,2009,sp,f,65+,0,Smear Positive
Andorra,2009,sn,m,0-14,0,Smear Negative
Andorra,2009,sn,m,15-24,0,Smear Negative
Andorra,2009,sn,m,25-34,0,Smear Negative
Andorra,2009,sn,m,35-44,1,Smear Negative
Andorra,2009,sn,m,45-54,0,Smear Negative
Andorra,2009,sn,m,55-64,0,Smear Negative
Andorra,2009,sn,m,65+,0,Smear Negative
Andorra,2009,sn,f,0-14,0,Smear Negative
Andorra,2009,sn,f,15-24,0,Smear Negative
Andorra,2009,sn,f,25-34,0,Smear Negative
Andorra,2009,sn,f,35-44,0,Smear Negative
Andorra,2009,sn,f,45-54,0,Smear Negative
Andorra,2009,sn,f,55-64,2,Smear Negative
Andorra,2009,sn,f,65+,1,Smear Negative
Andorra,2009,ep,m,0-14,0,Extrapulmonary
Andorra,2009,ep,m,15-24,0,Extrapulmonary
Andorra,2009,ep,m,25-34,1,Extrapulmonary
Andorra,2009,ep,m,35-44,0,Extrapulmonary
Andorra,2009,ep,m,45-54,0,Extrapulmonary
Andorra,2009,ep,m,55-64,0,Extrapulmonary
Andorra,2009,ep,m,65+,0,Extrapulmonary
Andorra,2009,ep,f,0-14,0,Extrapulmonary
Andorra,2009,ep,f,15-24,0,Extrapulmonary
Andorra,2009,ep,f,25-34,0,Extrapulmonary
Andorra,2009,ep,f,35-44,0,Extrapulmonary
Andorra,2009,ep,f,45-54,0,Extrapulmonary
Andorra,2009,ep,f,55-64,0,Extrapulmonary
Andorra,2009,ep,f,65+,0,Extrapulmonary
Andorra,2010,sp,m,0-14,0,Smear Positive
Andorra,2010,sp,m,15-24,0,Smear Positive
Andorra,2010,sp,m,25-34,0,Smear Positive
Andorra,2010,sp,m,35-44,0,Smear Positive
Andorra,2010,sp,m,45-54,0,Smear Positive
Andorra,2010,sp,m,55-64,0,Smear Positive
Andorra,2010,sp,m,65+,0,Smear Positive
Andorra,2010,sp,f,0-14,0,Smear Positive
Andorra,2010,sp,f,15-24,0,Smear Positive
Andorra,2010,sp,f,25-34,0,Smear Positive
Andorra,2010,sp,f,35-44,0,Smear Positive
Andorra,2010,sp,f,45-54,0,Smear Positive
Andorra,2010,sp,f,55-64,0,Smear Positive
Andorra,2010,sp,f,65+,0,Smear Positive
Andorra,2010,sn,m,0-14,0,Smear Negative
Andorra,2010,sn,m,15-24,0,Smear Negative
Andorra,2010,sn,m,25-34,0,Smear Negative
Andorra,2010,sn,m,35-44,0,Smear Negative
Andorra,2010,sn,m,45-54,1,Smear Negative
Andorra,2010,sn,m,55-64,0,Smear Negative
Andorra,2010,sn,m,65+,1,Smear Negative
Andorra,2010,sn,f,0-14,0,Smear Negative
Andorra,2010,sn,f,15-24,1,Smear Negative
Andorra,2010,sn,f,25-34,0,Smear Negative
Andorra,2010,sn,f,35-44,1,Smear Negative
Andorra,2010,sn,f,45-54,0,Smear Negative
Andorra,2010,sn,f,55-64,0,Smear Negative
Andorra,2010,sn,f,65+,0,Smear Negative
Andorra,2010,ep,m,0-14,0,Extrapulmonary
Andorra,2010,ep,m,15-24,0,Extrapulmonary
Andorra,2010,ep,m,25-34,0,Extrapulmonary
Andorra,2010,ep,m,35-44,0,Extrapulmonary
Andorra,2010,ep,m,45-54,2,Extrapulmonary
Andorra,2010,ep,m,55-64,0,Extrapulmonary
Andorra,2010,ep,m,65+,0,Extrapulmonary
Andorra,2010,ep,f,0-14,0,Extrapulmonary
Andorra,2010,ep,f,15-24,0,Extrapulmonary
Andorra,2010,ep,f,25-34,0,Extrapulmonary
Andorra,2010,ep,f,35-44,1,Extrapulmonary
Andorra,2010,ep,f,45-54,0,Extrapulmonary
Andorra,2010,ep,f,55-64,0,Extrapulmonary
Andorra,2010,ep,f,65+,0,Extrapulmonary
Andorra,2011,sp,m,0-14,0,Smear Positive
Andorra,2011,sp,m,15-24,0,Smear Positive
Andorra,2011,sp,m,25-34,0,Smear Positive
Andorra,2011,sp,m,35-44,0,Smear Positive
Andorra,2011,sp,m,45-54,1,Smear Positive
Andorra,2011,sp,m,55-64,0,Smear Positive
Andorra,2011,sp,m,65+,0,Smear Positive
Andorra,2011,sp,f,0-14,0,Smear Positive
Andorra,2011,sp,f,15-24,0,Smear Positive
Andorra,2011,sp,f,25-34,0,Smear Positive
Andorra,2011,sp,f,35-44,0,Smear Positive
Andorra,2011,sp,f,45-54,0,Smear Positive
Andorra,2011,sp,f,55-64,0,Smear Positive
Andorra,2011,sp,f,65+,0,Smear Positive
Andorra,2011,sn,m,0-14,0,Smear Negative
Andorra,2011,sn,m,15-24,0,Smear Negative
Andorra,2011,sn,m,25-34,0,Smear Negative
Andorra,2011,sn,m,35-44,0,Smear Negative
Andorra,2011,sn,m,45-54,0,Smear Negative
Andorra,2011,sn,m,55-64,0,Smear Negative
Andorra,2011,sn,m,65+,0,Smear Negative
Andorra,2011,sn,f,0-14,0,Smear Negative
Andorra,2011,sn,f,15-24,0,Smear Negative
Andorra,2011,sn,f,25-34,1,Smear Negative
Andorra,2011,sn,f,35-44,1,Smear Negative
Andorra,2011,sn,f,45-54,0,Smear Negative
Andorra,2011,sn,f,55-64,0,Smear Negative
Andorra,2011,sn,f,65+,0,Smear Negative
Andorra,2011,ep,m,0-14,0,Extrapulmonary
Andorra,2011,ep,m,15-24,0,Extrapulmonary
Andorra,2011,ep,m,25-34,0,Extrapulmonary
Andorra,2011,ep,m,35-44,0,Extrapulmonary
Andorra,2011,ep,m,45-54,0,Extrapulmonary
Andorra,2011,ep,m,55-64,0,Extrapulmonary
Andorra,2011,ep,m,65+,0,Extrapulmonary
Andorra,2011,ep,f,0-14,0,Extrapulmonary
Andorra,2011,ep,f,15-24,0,Extrapulmonary
Andorra,2011,ep,f,25-34,0,Extrapulmonary
Andorra,2011,ep,f,35-44,0,Extrapulmonary
Andorra,2011,ep,f,45-54,0,Extrapulmonary
Andorra,2011,ep,f,55-64,0,Extrapulmonary
Andorra,2011,ep,f,65+,0,Extrapulmonary
Andorra,2012,sp,m,0-14,0,Smear Positive
Andorra,2012,sp,m,15-24,0,Smear Positive
Andorra,2012,sp,m,25-34,0,Smear Positive
Andorra,2012,sp,m,35-44,0,Smear Positive
Andorra,2012,sp,m,45-54,0,Smear Positive
Andorra,2012,sp,m,55-64,1,Smear Positive
Andorra,2012,sp,m,65+,1,Smear Positive
Andorra,2012,sp,f,0-14,0,Smear Positive
Andorra,2012,sp,f,15-24,0,Smear Positive
Andorra,2012,sp,f,25-34,0,Smear Positive
Andorra,2012,sp,f,35-44,0,Smear Positive
Andorra,2012,sp,f,45-54,0,Smear Positive
Andorra,2012,sp,f,55-64,0,Smear Positive
Andorra,2012,sp,f,65+,0,Smear Positive
Andorra,2012,sn,m,0-14,0,Smear Negative
Andorra,2012,sn,m,15-24,0,Smear Negative
Andorra,2012,sn,m,25-34,0,Smear Negative
Andorra,2012,sn,m,35-44,1,Smear Negative
Andorra,2012,sn,m,45-54,0,Smear Negative
Andorra,2012,sn,m,55-64,0,Smear Negative
Andorra,2012,sn,m,65+,1,Smear Negative
Andorra,2012,sn,f,0-14,0,Smear Negative
Andorra,2012,sn,f,15-24,0,Smear Negative
Andorra,2012,sn,f,25-34,0,Smear Negative
Andorra,2012,sn,f,35-44,0,Smear Negative
Andorra,2012,sn,f,45-54,1,Smear Negative
Andorra,2012,sn,f,55-64,0,Smear Negative
Andorra,2012,sn,f,65+,0,Smear Negative
Andorra,2012,ep,m,0-14,0,Extrapulmonary
Andorra,2012,ep,m,15-24,0,Extrapulmonary
Andorra,2012,ep,m,25-34,1,Extrapulmonary
Andorra,2012,ep,m,35-44,0,Extrapulmonary
Andorra,2012,ep,m,45-54,0,Extrapulmonary
Andorra,2012,ep,m,55-64,0,Extrapulmonary
Andorra,2012,ep,m,65+,1,Extrapulmonary
Andorra,2012,ep,f,0-14,0,Extrapulmonary
Andorra,2012,ep,f,15-24,0,Extrapulmonary
Andorra,2012,ep,f,25-34,0,Extrapulmonary
Andorra,2012,ep,f,35-44,1,Extrapulmonary
Andorra,2012,ep,f,45-54,0,Extrapulmonary
Andorra,2012,ep,f,55-64,0,Extrapulmonary
Andorra,2012,ep,f,65+,0,Extrapulmonary
Andorra,2013,rel,m,0-14,0,Relapse
Andorra,2013,rel,m,15-24,0,Relapse
Andorra,2013,rel,m,25-34,0,Relapse
Andorra,2013,rel,m,35-44,1,Relapse
Andorra,2013,rel,m,45-54,2,Relapse
Andorra,2013,rel,m,55-64,1,Relapse
Andorra,2013,rel,m,65+,0,Relapse
Andorra,2013,rel,f,0-14,0,Relapse
Andorra,2013,rel,f,15-24,0,Relapse
Andorra,2013,rel,f,25-34,0,Relapse
Andorra,2013,rel,f,35-44,1,Relapse
Andorra,2013,rel,f,45-54,0,Relapse
Andorra,2013,rel,f,55-64,0,Relapse
Andorra,2013,rel,f,65+,0,Relapse
Angola,1995,sp,m,0-14,386,Smear Positive
Angola,1995,sp,m,15-24,724,Smear Positive
Angola,1995,sp,m,25-34,562,Smear Positive
Angola,1995,sp,m,35-44,346,Smear Positive
Angola,1995,sp,m,45-54,224,Smear Positive
Angola,1995,sp,m,55-64,155,Smear Positive
Angola,1995,sp,m,65+,14,Smear Positive
Angola,1995,sp,f,0-14,371,Smear Positive
Angola,1995,sp,f,15-24,707,Smear Positive
Angola,1995,sp,f,25-34,443,Smear Positive
Angola,1995,sp,f,35-44,264,Smear Positive
Angola,1995,sp,f,45-54,248,Smear Positive
Angola,1995,sp,f,55-64,130,Smear Positive
Angola,1995,sp,f,65+,18,Smear Positive
Angola,1996,sp,m,0-14,360,Smear Positive
Angola,1996,sp,m,15-24,1036,Smear Positive
Angola,1996,sp,m,25-34,926,Smear Positive
Angola,1996,sp,m,35-44,1027,Smear Positive
Angola,1996,sp,m,45-54,469,Smear Positive
Angola,1996,sp,m,55-64,272,Smear Positive
Angola,1996,sp,m,65+,169,Smear Positive
Angola,1996,sp,f,0-14,388,Smear Positive
Angola,1996,sp,f,15-24,1066,Smear Positive
Angola,1996,sp,f,25-34,963,Smear Positive
Angola,1996,sp,f,35-44,615,Smear Positive
Angola,1996,sp,f,45-54,370,Smear Positive
Angola,1996,sp,f,55-64,242,Smear Positive
Angola,1996,sp,f,65+,113,Smear Positive
Angola,1997,sp,m,0-14,419,Smear Positive
Angola,1997,sp,m,15-24,913,Smear Positive
Angola,1997,sp,m,25-34,1026,Smear Positive
Angola,1997,sp,m,35-44,819,Smear Positive
Angola,1997,sp,m,45-54,507,Smear Positive
Angola,1997,sp,m,55-64,304,Smear Positive
Angola,1997,sp,m,65+,193,Smear Positive
Angola,1997,sp,f,0-14,431,Smear Positive
Angola,1997,sp,f,15-24,1165,Smear Positive
Angola,1997,sp,f,25-34,1007,Smear Positive
Angola,1997,sp,f,35-44,627,Smear Positive
Angola,1997,sp,f,45-54,411,Smear Positive
Angola,1997,sp,f,55-64,234,Smear Positive
Angola,1997,sp,f,65+,145,Smear Positive
Angola,1998,sp,m,0-14,240,Smear Positive
Angola,1998,sp,m,15-24,915,Smear Positive
Angola,1998,sp,m,25-34,950,Smear Positive
Angola,1998,sp,m,35-44,839,Smear Positive
Angola,1998,sp,m,45-54,470,Smear Positive
Angola,1998,sp,m,55-64,219,Smear Positive
Angola,1998,sp,m,65+,135,Smear Positive
Angola,1998,sp,f,0-14,297,Smear Positive
Angola,1998,sp,f,15-24,1084,Smear Positive
Angola,1998,sp,f,25-34,970,Smear Positive
Angola,1998,sp,f,35-44,623,Smear Positive
Angola,1998,sp,f,45-54,319,Smear Positive
Angola,1998,sp,f,55-64,169,Smear Positive
Angola,1998,sp,f,65+,92,Smear Positive
Angola,1999,sp,m,0-14,391,Smear Positive
Angola,1999,sp,m,15-24,1134,Smear Positive
Angola,1999,sp,m,25-34,1237,Smear Positive
Angola,1999,sp,m,35-44,973,Smear Positive
Angola,1999,sp,m,45-54,518,Smear Positive
Angola,1999,sp,m,55-64,314,Smear Positive
Angola,1999,sp,m,65+,234,Smear Positive
Angola,1999,sp,f,0-14,459,Smear Positive
Angola,1999,sp,f,15-24,1197,Smear Positive
Angola,1999,sp,f,25-34,1157,Smear Positive
Angola,1999,sp,f,35-44,743,Smear Positive
Angola,1999,sp,f,45-54,474,Smear Positive
Angola,1999,sp,f,55-64,217,Smear Positive
Angola,1999,sp,f,65+,194,Smear Positive
Angola,2000,sp,m,0-14,186,Smear Positive
Angola,2000,sp,m,15-24,999,Smear Positive
Angola,2000,sp,m,25-34,1003,Smear Positive
Angola,2000,sp,m,35-44,912,Smear Positive
Angola,2000,sp,m,45-54,482,Smear Positive
Angola,2000,sp,m,55-64,312,Smear Positive
Angola,2000,sp,m,65+,194,Smear Positive
Angola,2000,sp,f,0-14,247,Smear Positive
Angola,2000,sp,f,15-24,1142,Smear Positive
Angola,2000,sp,f,25-34,1091,Smear Positive
Angola,2000,sp,f,35-44,844,Smear Positive
Angola,2000,sp,f,45-54,417,Smear Positive
Angola,2000,sp,f,55-64,200,Smear Positive
Angola,2000,sp,f,65+,120,Smear Positive
Angola,2001,sp,m,0-14,230,Smear Positive
Angola,2001,sp,m,15-24,892,Smear Positive
Angola,2001,sp,m,25-34,752,Smear Positive
Angola,2001,sp,m,35-44,648,Smear Positive
Angola,2001,sp,m,45-54,420,Smear Positive
Angola,2001,sp,m,55-64,197,Smear Positive
Angola,2001,sp,m,65+,173,Smear Positive
Angola,2001,sp,f,0-14,279,Smear Positive
Angola,2001,sp,f,15-24,993,Smear Positive
Angola,2001,sp,f,25-34,869,Smear Positive
Angola,2001,sp,f,35-44,647,Smear Positive
Angola,2001,sp,f,45-54,323,Smear Positive
Angola,2001,sp,f,55-64,200,Smear Positive
Angola,2001,sp,f,65+,182,Smear Positive
Angola,2002,sp,m,0-14,435,Smear Positive
Angola,2002,sp,m,15-24,2223,Smear Positive
Angola,2002,sp,m,25-34,2292,Smear Positive
Angola,2002,sp,m,35-44,1915,Smear Positive
Angola,2002,sp,m,45-54,1187,Smear Positive
Angola,2002,sp,m,55-64,624,Smear Positive
Angola,2002,sp,m,65+,444,Smear Positive
Angola,2002,sp,f,0-14,640,Smear Positive
Angola,2002,sp,f,15-24,2610,Smear Positive
Angola,2002,sp,f,25-34,2208,Smear Positive
Angola,2002,sp,f,35-44,1600,Smear Positive
Angola,2002,sp,f,45-54,972,Smear Positive
Angola,2002,sp,f,55-64,533,Smear Positive
Angola,2002,sp,f,65+,305,Smear Positive
Angola,2003,sp,m,0-14,409,Smear Positive
Angola,2003,sp,m,15-24,2355,Smear Positive
Angola,2003,sp,m,25-34,2598,Smear Positive
Angola,2003,sp,m,35-44,1908,Smear Positive
Angola,2003,sp,m,45-54,1090,Smear Positive
Angola,2003,sp,m,55-64,512,Smear Positive
Angola,2003,sp,m,65+,361,Smear Positive
Angola,2003,sp,f,0-14,591,Smear Positive
Angola,2003,sp,f,15-24,3078,Smear Positive
Angola,2003,sp,f,25-34,2641,Smear Positive
Angola,2003,sp,f,35-44,1747,Smear Positive
Angola,2003,sp,f,45-54,1157,Smear Positive
Angola,2003,sp,f,55-64,395,Smear Positive
Angola,2003,sp,f,65+,129,Smear Positive
Angola,2004,sp,m,0-14,554,Smear Positive
Angola,2004,sp,m,15-24,2684,Smear Positive
Angola,2004,sp,m,25-34,2659,Smear Positive
Angola,2004,sp,m,35-44,1998,Smear Positive
Angola,2004,sp,m,45-54,1196,Smear Positive
Angola,2004,sp,m,55-64,561,Smear Positive
Angola,2004,sp,m,65+,321,Smear Positive
Angola,2004,sp,f,0-14,733,Smear Positive
Angola,2004,sp,f,15-24,3198,Smear Positive
Angola,2004,sp,f,25-34,2772,Smear Positive
Angola,2004,sp,f,35-44,1854,Smear Positive
Angola,2004,sp,f,45-54,1029,Smear Positive
Angola,2004,sp,f,55-64,505,Smear Positive
Angola,2004,sp,f,65+,269,Smear Positive
Angola,2005,sp,m,0-14,520,Smear Positive
Angola,2005,sp,m,15-24,2549,Smear Positive
Angola,2005,sp,m,25-34,2797,Smear Positive
Angola,2005,sp,m,35-44,1918,Smear Positive
Angola,2005,sp,m,45-54,1255,Smear Positive
Angola,2005,sp,m,55-64,665,Smear Positive
Angola,2005,sp,m,65+,461,Smear Positive
Angola,2005,sp,f,0-14,704,Smear Positive
Angola,2005,sp,f,15-24,2926,Smear Positive
Angola,2005,sp,f,25-34,2682,Smear Positive
Angola,2005,sp,f,35-44,1797,Smear Positive
Angola,2005,sp,f,45-54,1138,Smear Positive
Angola,2005,sp,f,55-64,581,Smear Positive
Angola,2005,sp,f,65+,417,Smear Positive
Angola,2006,sp,m,0-14,540,Smear Positive
Angola,2006,sp,m,15-24,2632,Smear Positive
Angola,2006,sp,m,25-34,3049,Smear Positive
Angola,2006,sp,m,35-44,2182,Smear Positive
Angola,2006,sp,m,45-54,1397,Smear Positive
Angola,2006,sp,m,55-64,729,Smear Positive
Angola,2006,sp,m,65+,428,Smear Positive
Angola,2006,sp,f,0-14,689,Smear Positive
Angola,2006,sp,f,15-24,2851,Smear Positive
Angola,2006,sp,f,25-34,2892,Smear Positive
Angola,2006,sp,f,35-44,1990,Smear Positive
Angola,2006,sp,f,45-54,1223,Smear Positive
Angola,2006,sp,f,55-64,583,Smear Positive
Angola,2006,sp,f,65+,314,Smear Positive
Angola,2007,sp,m,0-14,484,Smear Positive
Angola,2007,sp,m,15-24,2824,Smear Positive
Angola,2007,sp,m,25-34,3197,Smear Positive
Angola,2007,sp,m,35-44,2255,Smear Positive
Angola,2007,sp,m,45-54,1357,Smear Positive
Angola,2007,sp,m,55-64,699,Smear Positive
Angola,2007,sp,m,65+,465,Smear Positive
Angola,2007,sp,f,0-14,703,Smear Positive
Angola,2007,sp,f,15-24,2943,Smear Positive
Angola,2007,sp,f,25-34,2721,Smear Positive
Angola,2007,sp,f,35-44,1812,Smear Positive
Angola,2007,sp,f,45-54,1041,Smear Positive
Angola,2007,sp,f,55-64,554,Smear Positive
Angola,2007,sp,f,65+,367,Smear Positive
Angola,2008,sp,m,0-14,367,Smear Positive
Angola,2008,sp,m,15-24,2970,Smear Positive
Angola,2008,sp,m,25-34,3493,Smear Positive
Angola,2008,sp,m,35-44,2418,Smear Positive
Angola,2008,sp,m,45-54,1480,Smear Positive
Angola,2008,sp,m,55-64,733,Smear Positive
Angola,2008,sp,m,65+,420,Smear Positive
Angola,2008,sp,f,0-14,512,Smear Positive
Angola,2008,sp,f,15-24,3199,Smear Positive
Angola,2008,sp,f,25-34,2786,Smear Positive
Angola,2008,sp,f,35-44,2082,Smear Positive
Angola,2008,sp,f,45-54,1209,Smear Positive
Angola,2008,sp,f,55-64,556,Smear Positive
Angola,2008,sp,f,65+,337,Smear Positive
Angola,2009,sp,m,0-14,392,Smear Positive
Angola,2009,sp,m,15-24,3054,Smear Positive
Angola,2009,sp,m,25-34,3600,Smear Positive
Angola,2009,sp,m,35-44,2420,Smear Positive
Angola,2009,sp,m,45-54,1590,Smear Positive
Angola,2009,sp,m,55-64,748,Smear Positive
Angola,2009,sp,m,65+,463,Smear Positive
Angola,2009,sp,f,0-14,568,Smear Positive
Angola,2009,sp,f,15-24,3152,Smear Positive
Angola,2009,sp,f,25-34,2798,Smear Positive
Angola,2009,sp,f,35-44,1790,Smear Positive
Angola,2009,sp,f,45-54,1069,Smear Positive
Angola,2009,sp,f,55-64,572,Smear Positive
Angola,2009,sp,f,65+,272,Smear Positive
Angola,2010,sp,m,0-14,448,Smear Positive
Angola,2010,sp,m,15-24,2900,Smear Positive
Angola,2010,sp,m,25-34,3584,Smear Positive
Angola,2010,sp,m,35-44,2415,Smear Positive
Angola,2010,sp,m,45-54,1424,Smear Positive
Angola,2010,sp,m,55-64,691,Smear Positive
Angola,2010,sp,m,65+,355,Smear Positive
Angola,2010,sp,f,0-14,558,Smear Positive
Angola,2010,sp,f,15-24,2763,Smear Positive
Angola,2010,sp,f,25-34,2594,Smear Positive
Angola,2010,sp,f,35-44,1688,Smear Positive
Angola,2010,sp,f,45-54,958,Smear Positive
Angola,2010,sp,f,55-64,482,Smear Positive
Angola,2010,sp,f,65+,286,Smear Positive
Angola,2011,sp,m,0-14,501,Smear Positive
Angola,2011,sp,m,15-24,3000,Smear Positive
Angola,2011,sp,m,25-34,3792,Smear Positive
Angola,2011,sp,m,35-44,2386,Smear Positive
Angola,2011,sp,m,45-54,1395,Smear Positive
Angola,2011,sp,m,55-64,680,Smear Positive
Angola,2011,sp,m,65+,455,Smear Positive
Angola,2011,sp,f,0-14,708,Smear Positive
Angola,2011,sp,f,15-24,2731,Smear Positive
Angola,2011,sp,f,25-34,2563,Smear Positive
Angola,2011,sp,f,35-44,1683,Smear Positive
Angola,2011,sp,f,45-54,1006,Smear Positive
Angola,2011,sp,f,55-64,457,Smear Positive
Angola,2011,sp,f,65+,346,Smear Positive
Angola,2011,sn,m,0-14,2466,Smear Negative
Angola,2011,sn,f,0-14,2165,Smear Negative
Angola,2011,ep,m,0-14,36,Extrapulmonary
Angola,2011,ep,f,0-14,64,Extrapulmonary
Angola,2012,sp,m,0-14,390,Smear Positive
Angola,2012,sp,m,15-24,2804,Smear Positive
Angola,2012,sp,m,25-34,3627,Smear Positive
Angola,2012,sp,m,35-44,2529,Smear Positive
Angola,2012,sp,m,45-54,1427,Smear Positive
Angola,2012,sp,m,55-64,732,Smear Positive
Angola,2012,sp,m,65+,424,Smear Positive
Angola,2012,sp,f,0-14,592,Smear Positive
Angola,2012,sp,f,15-24,2501,Smear Positive
Angola,2012,sp,f,25-34,2540,Smear Positive
Angola,2012,sp,f,35-44,1617,Smear Positive
Angola,2012,sp,f,45-54,1028,Smear Positive
Angola,2012,sp,f,55-64,529,Smear Positive
Angola,2012,sp,f,65+,384,Smear Positive
Angola,2013,rel,m,0-14,486,Relapse
Angola,2013,rel,m,15-24,2992,Relapse
Angola,2013,rel,m,25-34,3790,Relapse
Angola,2013,rel,m,35-44,2632,Relapse
Angola,2013,rel,m,45-54,1433,Relapse
Angola,2013,rel,m,55-64,735,Relapse
Angola,2013,rel,m,65+,386,Relapse
Angola,2013,rel,f,0-14,626,Relapse
Angola,2013,rel,f,15-24,2644,Relapse
Angola,2013,rel,f,25-34,2480,Relapse
Angola,2013,rel,f,35-44,1671,Relapse
Angola,2013,rel,f,45-54,991,Relapse
Angola,2013,rel,f,55-64,481,Relapse
Angola,2013,rel,f,65+,314,Relapse
Anguilla,2003,sp,f,35-44,1,Smear Positive
Anguilla,2004,sp,m,0-14,0,Smear Positive
Anguilla,2004,sp,m,15-24,0,Smear Positive
Anguilla,2004,sp,m,25-34,0,Smear Positive
Anguilla,2004,sp,m,35-44,0,Smear Positive
Anguilla,2004,sp,m,45-54,0,Smear Positive
Anguilla,2004,sp,m,55-64,0,Smear Positive
Anguilla,2004,sp,m,65+,0,Smear Positive
Anguilla,2004,sp,f,0-14,0,Smear Positive
Anguilla,2004,sp,f,15-24,0,Smear Positive
Anguilla,2004,sp,f,25-34,0,Smear Positive
Anguilla,2004,sp,f,35-44,0,Smear Positive
Anguilla,2004,sp,f,45-54,0,Smear Positive
Anguilla,2004,sp,f,55-64,0,Smear Positive
Anguilla,2004,sp,f,65+,0,Smear Positive
Anguilla,2010,sp,m,0-14,0,Smear Positive
Anguilla,2010,sp,m,15-24,0,Smear Positive
Anguilla,2010,sp,m,25-34,0,Smear Positive
Anguilla,2010,sp,m,35-44,0,Smear Positive
Anguilla,2010,sp,m,45-54,0,Smear Positive
Anguilla,2010,sp,m,55-64,0,Smear Positive
Anguilla,2010,sp,m,65+,1,Smear Positive
Anguilla,2010,sp,f,0-14,0,Smear Positive
Anguilla,2010,sp,f,15-24,0,Smear Positive
Anguilla,2010,sp,f,25-34,0,Smear Positive
Anguilla,2010,sp,f,35-44,0,Smear Positive
Anguilla,2010,sp,f,45-54,0,Smear Positive
Anguilla,2010,sp,f,55-64,0,Smear Positive
Anguilla,2010,sp,f,65+,0,Smear Positive
Anguilla,2010,sn,m,0-14,0,Smear Negative
Anguilla,2010,sn,m,15-24,0,Smear Negative
Anguilla,2010,sn,m,25-34,0,Smear Negative
Anguilla,2010,sn,m,35-44,0,Smear Negative
Anguilla,2010,sn,m,45-54,0,Smear Negative
Anguilla,2010,sn,m,55-64,0,Smear Negative
Anguilla,2010,sn,m,65+,0,Smear Negative
Anguilla,2010,sn,f,0-14,0,Smear Negative
Anguilla,2010,sn,f,15-24,0,Smear Negative
Anguilla,2010,sn,f,25-34,0,Smear Negative
Anguilla,2010,sn,f,35-44,0,Smear Negative
Anguilla,2010,sn,f,45-54,0,Smear Negative
Anguilla,2010,sn,f,55-64,0,Smear Negative
Anguilla,2010,sn,f,65+,0,Smear Negative
Anguilla,2010,ep,m,0-14,0,Extrapulmonary
Anguilla,2010,ep,m,15-24,0,Extrapulmonary
Anguilla,2010,ep,m,25-34,0,Extrapulmonary
Anguilla,2010,ep,m,35-44,0,Extrapulmonary
Anguilla,2010,ep,m,45-54,0,Extrapulmonary
Anguilla,2010,ep,m,55-64,0,Extrapulmonary
Anguilla,2010,ep,m,65+,0,Extrapulmonary
Anguilla,2010,ep,f,0-14,0,Extrapulmonary
Anguilla,2010,ep,f,15-24,0,Extrapulmonary
Anguilla,2010,ep,f,25-34,0,Extrapulmonary
Anguilla,2010,ep,f,35-44,0,Extrapulmonary
Anguilla,2010,ep,f,45-54,0,Extrapulmonary
Anguilla,2010,ep,f,55-64,0,Extrapulmonary
Anguilla,2010,ep,f,65+,0,Extrapulmonary
Anguilla,2011,sp,m,0-14,0,Smear Positive
Anguilla,2011,sp,m,15-24,0,Smear Positive
Anguilla,2011,sp,m,25-34,0,Smear Positive
Anguilla,2011,sp,m,35-44,0,Smear Positive
Anguilla,2011,sp,m,45-54,0,Smear Positive
Anguilla,2011,sp,m,55-64,0,Smear Positive
Anguilla,2011,sp,m,65+,0,Smear Positive
Anguilla,2011,sp,f,0-14,0,Smear Positive
Anguilla,2011,sp,f,15-24,0,Smear Positive
Anguilla,2011,sp,f,25-34,0,Smear Positive
Anguilla,2011,sp,f,35-44,0,Smear Positive
Anguilla,2011,sp,f,45-54,0,Smear Positive
Anguilla,2011,sp,f,55-64,0,Smear Positive
Anguilla,2011,sp,f,65+,0,Smear Positive
Anguilla,2011,sn,m,0-14,0,Smear Negative
Anguilla,2011,sn,m,15-24,0,Smear Negative
Anguilla,2011,sn,m,25-34,0,Smear Negative
Anguilla,2011,sn,m,35-44,0,Smear Negative
Anguilla,2011,sn,m,45-54,0,Smear Negative
Anguilla,2011,sn,m,55-64,0,Smear Negative
Anguilla,2011,sn,m,65+,0,Smear Negative
Anguilla,2011,sn,f,0-14,0,Smear Negative
Anguilla,2011,sn,f,15-24,0,Smear Negative
Anguilla,2011,sn,f,25-34,0,Smear Negative
Anguilla,2011,sn,f,35-44,0,Smear Negative
Anguilla,2011,sn,f,45-54,0,Smear Negative
Anguilla,2011,sn,f,55-64,0,Smear Negative
Anguilla,2011,sn,f,65+,0,Smear Negative
Anguilla,2011,ep,m,0-14,0,Extrapulmonary
Anguilla,2011,ep,m,15-24,0,Extrapulmonary
Anguilla,2011,ep,m,25-34,0,Extrapulmonary
Anguilla,2011,ep,m,35-44,0,Extrapulmonary
Anguilla,2011,ep,m,45-54,0,Extrapulmonary
Anguilla,2011,ep,m,55-64,0,Extrapulmonary
Anguilla,2011,ep,m,65+,0,Extrapulmonary
Anguilla,2011,ep,f,0-14,0,Extrapulmonary
Anguilla,2011,ep,f,15-24,0,Extrapulmonary
Anguilla,2011,ep,f,25-34,0,Extrapulmonary
Anguilla,2011,ep,f,35-44,0,Extrapulmonary
Anguilla,2011,ep,f,45-54,0,Extrapulmonary
Anguilla,2011,ep,f,55-64,0,Extrapulmonary
Anguilla,2011,ep,f,65+,0,Extrapulmonary
Anguilla,2012,sp,m,0-14,0,Smear Positive
Anguilla,2012,sp,m,15-24,0,Smear Positive
Anguilla,2012,sp,m,25-34,0,Smear Positive
Anguilla,2012,sp,m,35-44,0,Smear Positive
Anguilla,2012,sp,m,45-54,0,Smear Positive
Anguilla,2012,sp,m,55-64,0,Smear Positive
Anguilla,2012,sp,m,65+,0,Smear Positive
Anguilla,2012,sp,f,0-14,0,Smear Positive
Anguilla,2012,sp,f,15-24,0,Smear Positive
Anguilla,2012,sp,f,25-34,0,Smear Positive
Anguilla,2012,sp,f,35-44,0,Smear Positive
Anguilla,2012,sp,f,45-54,0,Smear Positive
Anguilla,2012,sp,f,55-64,0,Smear Positive
Anguilla,2012,sp,f,65+,0,Smear Positive
Anguilla,2012,sn,m,0-14,0,Smear Negative
Anguilla,2012,sn,m,15-24,0,Smear Negative
Anguilla,2012,sn,m,25-34,0,Smear Negative
Anguilla,2012,sn,m,35-44,0,Smear Negative
Anguilla,2012,sn,m,45-54,0,Smear Negative
Anguilla,2012,sn,m,55-64,0,Smear Negative
Anguilla,2012,sn,m,65+,0,Smear Negative
Anguilla,2012,sn,f,0-14,0,Smear Negative
Anguilla,2012,sn,f,15-24,0,Smear Negative
Anguilla,2012,sn,f,25-34,0,Smear Negative
Anguilla,2012,sn,f,35-44,0,Smear Negative
Anguilla,2012,sn,f,45-54,0,Smear Negative
Anguilla,2012,sn,f,55-64,0,Smear Negative
Anguilla,2012,sn,f,65+,0,Smear Negative
Anguilla,2012,ep,m,0-14,0,Extrapulmonary
Anguilla,2012,ep,m,15-24,0,Extrapulmonary
Anguilla,2012,ep,m,25-34,0,Extrapulmonary
Anguilla,2012,ep,m,35-44,0,Extrapulmonary
Anguilla,2012,ep,m,45-54,0,Extrapulmonary
Anguilla,2012,ep,m,55-64,0,Extrapulmonary
Anguilla,2012,ep,m,65+,0,Extrapulmonary
Anguilla,2012,ep,f,0-14,0,Extrapulmonary
Anguilla,2012,ep,f,15-24,0,Extrapulmonary
Anguilla,2012,ep,f,25-34,0,Extrapulmonary
Anguilla,2012,ep,f,35-44,0,Extrapulmonary
Anguilla,2012,ep,f,45-54,0,Extrapulmonary
Anguilla,2012,ep,f,55-64,0,Extrapulmonary
Anguilla,2012,ep,f,65+,0,Extrapulmonary
Anguilla,2013,rel,m,0-14,0,Relapse
Anguilla,2013,rel,m,15-24,0,Relapse
Anguilla,2013,rel,m,25-34,0,Relapse
Anguilla,2013,rel,m,35-44,0,Relapse
Anguilla,2013,rel,m,45-54,0,Relapse
Anguilla,2013,rel,m,55-64,0,Relapse
Anguilla,2013,rel,m,65+,0,Relapse
Anguilla,2013,rel,f,0-14,0,Relapse
Anguilla,2013,rel,f,15-24,0,Relapse
Anguilla,2013,rel,f,25-34,0,Relapse
Anguilla,2013,rel,f,35-44,0,Relapse
Anguilla,2013,rel,f,45-54,0,Relapse
Anguilla,2013,rel,f,55-64,0,Relapse
Anguilla,2013,rel,f,65+,0,Relapse
Antigua and Barbuda,1996,sp,m,0-14,0,Smear Positive
Antigua and Barbuda,1996,sp,m,15-24,0,Smear Positive
Antigua and Barbuda,1996,sp,m,25-34,0,Smear Positive
Antigua and Barbuda,1996,sp,m,35-44,0,Smear Positive
Antigua and Barbuda,1996,sp,m,45-54,1,Smear Positive
Antigua and Barbuda,1996,sp,m,55-64,0,Smear Positive
Antigua and Barbuda,1996,sp,m,65+,0,Smear Positive
Antigua and Barbuda,1996,sp,f,0-14,0,Smear Positive
Antigua and Barbuda,1996,sp,f,15-24,0,Smear Positive
Antigua and Barbuda,1996,sp,f,25-34,0,Smear Positive
Antigua and Barbuda,1996,sp,f,35-44,1,Smear Positive
Antigua and Barbuda,1996,sp,f,45-54,0,Smear Positive
Antigua and Barbuda,1996,sp,f,55-64,0,Smear Positive
Antigua and Barbuda,1996,sp,f,65+,0,Smear Positive
Antigua and Barbuda,2000,sp,m,0-14,0,Smear Positive
Antigua and Barbuda,2000,sp,m,15-24,0,Smear Positive
Antigua and Barbuda,2000,sp,m,25-34,0,Smear Positive
Antigua and Barbuda,2000,sp,m,35-44,0,Smear Positive
Antigua and Barbuda,2000,sp,m,45-54,0,Smear Positive
Antigua and Barbuda,2000,sp,m,55-64,0,Smear Positive
Antigua and Barbuda,2000,sp,m,65+,1,Smear Positive
Antigua and Barbuda,2000,sp,f,0-14,1,Smear Positive
Antigua and Barbuda,2000,sp,f,15-24,1,Smear Positive
Antigua and Barbuda,2000,sp,f,25-34,1,Smear Positive
Antigua and Barbuda,2000,sp,f,35-44,0,Smear Positive
Antigua and Barbuda,2000,sp,f,45-54,0,Smear Positive
Antigua and Barbuda,2000,sp,f,55-64,0,Smear Positive
Antigua and Barbuda,2000,sp,f,65+,0,Smear Positive
Antigua and Barbuda,2001,sp,f,0-14,0,Smear Positive
Antigua and Barbuda,2001,sp,f,15-24,1,Smear Positive
Antigua and Barbuda,2001,sp,f,25-34,0,Smear Positive
Antigua and Barbuda,2001,sp,f,35-44,0,Smear Positive
Antigua and Barbuda,2001,sp,f,45-54,0,Smear Positive
Antigua and Barbuda,2001,sp,f,55-64,0,Smear Positive
Antigua and Barbuda,2001,sp,f,65+,0,Smear Positive
Antigua and Barbuda,2002,sp,m,0-14,0,Smear Positive
Antigua and Barbuda,2002,sp,m,15-24,0,Smear Positive
Antigua and Barbuda,2002,sp,m,25-34,1,Smear Positive
Antigua and Barbuda,2002,sp,m,35-44,0,Smear Positive
Antigua and Barbuda,2002,sp,m,45-54,0,Smear Positive
Antigua and Barbuda,2002,sp,m,55-64,0,Smear Positive
Antigua and Barbuda,2002,sp,m,65+,0,Smear Positive
Antigua and Barbuda,2002,sp,f,0-14,2,Smear Positive
Antigua and Barbuda,2002,sp,f,15-24,0,Smear Positive
Antigua and Barbuda,2002,sp,f,25-34,1,Smear Positive
Antigua and Barbuda,2002,sp,f,35-44,0,Smear Positive
Antigua and Barbuda,2002,sp,f,45-54,0,Smear Positive
Antigua and Barbuda,2002,sp,f,55-64,0,Smear Positive
Antigua and Barbuda,2002,sp,f,65+,0,Smear Positive
Antigua and Barbuda,2003,sp,m,0-14,0,Smear Positive
Antigua and Barbuda,2003,sp,m,15-24,0,Smear Positive
Antigua and Barbuda,2003,sp,m,25-34,1,Smear Positive
Antigua and Barbuda,2003,sp,m,35-44,0,Smear Positive
Antigua and Barbuda,2003,sp,m,45-54,0,Smear Positive
Antigua and Barbuda,2003,sp,m,55-64,0,Smear Positive
Antigua and Barbuda,2003,sp,m,65+,0,Smear Positive
Antigua and Barbuda,2003,sp,f,0-14,0,Smear Positive
Antigua and Barbuda,2003,sp,f,15-24,0,Smear Positive
Antigua and Barbuda,2003,sp,f,25-34,0,Smear Positive
Antigua and Barbuda,2003,sp,f,35-44,0,Smear Positive
Antigua and Barbuda,2003,sp,f,45-54,0,Smear Positive
Antigua and Barbuda,2003,sp,f,55-64,0,Smear Positive
Antigua and Barbuda,2003,sp,f,65+,0,Smear Positive
Antigua and Barbuda,2005,sp,m,35-44,1,Smear Positive
Antigua and Barbuda,2005,sp,m,45-54,1,Smear Positive
Antigua and Barbuda,2005,sp,f,15-24,2,Smear Positive
Antigua and Barbuda,2005,sp,f,25-34,2,Smear Positive
Antigua and Barbuda,2006,sn,m,0-14,0,Smear Negative
Antigua and Barbuda,2006,sn,m,15-24,0,Smear Negative
Antigua and Barbuda,2006,sn,m,25-34,1,Smear Negative
Antigua and Barbuda,2006,sn,m,35-44,1,Smear Negative
Antigua and Barbuda,2006,sn,m,45-54,0,Smear Negative
Antigua and Barbuda,2006,sn,m,55-64,2,Smear Negative
Antigua and Barbuda,2006,sn,m,65+,0,Smear Negative
Antigua and Barbuda,2006,sn,f,0-14,0,Smear Negative
Antigua and Barbuda,2006,sn,f,15-24,0,Smear Negative
Antigua and Barbuda,2006,sn,f,25-34,0,Smear Negative
Antigua and Barbuda,2006,sn,f,35-44,0,Smear Negative
Antigua and Barbuda,2006,sn,f,45-54,0,Smear Negative
Antigua and Barbuda,2006,sn,f,55-64,0,Smear Negative
Antigua and Barbuda,2006,sn,f,65+,0,Smear Negative
Antigua and Barbuda,2007,sp,m,0-14,0,Smear Positive
Antigua and Barbuda,2007,sp,m,15-24,0,Smear Positive
Antigua and Barbuda,2007,sp,m,25-34,0,Smear Positive
Antigua and Barbuda,2007,sp,m,35-44,0,Smear Positive
Antigua and Barbuda,2007,sp,m,45-54,1,Smear Positive
Antigua and Barbuda,2007,sp,m,55-64,1,Smear Positive
Antigua and Barbuda,2007,sp,m,65+,0,Smear Positive
Antigua and Barbuda,2007,sp,f,0-14,0,Smear Positive
Antigua and Barbuda,2007,sp,f,15-24,0,Smear Positive
Antigua and Barbuda,2007,sp,f,25-34,0,Smear Positive
Antigua and Barbuda,2007,sp,f,35-44,0,Smear Positive
Antigua and Barbuda,2007,sp,f,45-54,0,Smear Positive
Antigua and Barbuda,2007,sp,f,55-64,0,Smear Positive
Antigua and Barbuda,2007,sp,f,65+,0,Smear Positive
Antigua and Barbuda,2007,sn,m,0-14,0,Smear Negative
Antigua and Barbuda,2007,sn,m,25-34,0,Smear Negative
Antigua and Barbuda,2007,sn,m,35-44,0,Smear Negative
Antigua and Barbuda,2007,sn,m,45-54,0,Smear Negative
Antigua and Barbuda,2007,sn,m,55-64,0,Smear Negative
Antigua and Barbuda,2007,sn,m,65+,0,Smear Negative
Antigua and Barbuda,2007,sn,f,0-14,0,Smear Negative
Antigua and Barbuda,2007,sn,f,15-24,0,Smear Negative
Antigua and Barbuda,2007,sn,f,25-34,0,Smear Negative
Antigua and Barbuda,2007,sn,f,35-44,0,Smear Negative
Antigua and Barbuda,2007,sn,f,45-54,0,Smear Negative
Antigua and Barbuda,2007,sn,f,55-64,0,Smear Negative
Antigua and Barbuda,2007,sn,f,65+,0,Smear Negative
Antigua and Barbuda,2007,ep,m,0-14,0,Extrapulmonary
Antigua and Barbuda,2007,ep,m,15-24,0,Extrapulmonary
Antigua and Barbuda,2007,ep,m,25-34,0,Extrapulmonary
Antigua and Barbuda,2007,ep,m,35-44,0,Extrapulmonary
Antigua and Barbuda,2007,ep,m,45-54,0,Extrapulmonary
Antigua and Barbuda,2007,ep,m,55-64,0,Extrapulmonary
Antigua and Barbuda,2007,ep,m,65+,0,Extrapulmonary
Antigua and Barbuda,2007,ep,f,0-14,0,Extrapulmonary
Antigua and Barbuda,2007,ep,f,15-24,0,Extrapulmonary
Antigua and Barbuda,2007,ep,f,25-34,0,Extrapulmonary
Antigua and Barbuda,2007,ep,f,35-44,0,Extrapulmonary
Antigua and Barbuda,2007,ep,f,45-54,0,Extrapulmonary
Antigua and Barbuda,2007,ep,f,55-64,0,Extrapulmonary
Antigua and Barbuda,2007,ep,f,65+,0,Extrapulmonary
Antigua and Barbuda,2008,sp,m,0-14,0,Smear Positive
Antigua and Barbuda,2008,sp,m,15-24,0,Smear Positive
Antigua and Barbuda,2008,sp,m,25-34,0,Smear Positive
Antigua and Barbuda,2008,sp,m,35-44,0,Smear Positive
Antigua and Barbuda,2008,sp,m,45-54,1,Smear Positive
Antigua and Barbuda,2008,sp,m,55-64,0,Smear Positive
Antigua and Barbuda,2008,sp,m,65+,0,Smear Positive
Antigua and Barbuda,2008,sp,f,0-14,0,Smear Positive
Antigua and Barbuda,2008,sp,f,15-24,0,Smear Positive
Antigua and Barbuda,2008,sp,f,25-34,0,Smear Positive
Antigua and Barbuda,2008,sp,f,35-44,0,Smear Positive
Antigua and Barbuda,2008,sp,f,45-54,0,Smear Positive
Antigua and Barbuda,2008,sp,f,55-64,0,Smear Positive
Antigua and Barbuda,2008,sp,f,65+,0,Smear Positive
Antigua and Barbuda,2008,sn,m,0-14,0,Smear Negative
Antigua and Barbuda,2008,sn,m,15-24,0,Smear Negative
Antigua and Barbuda,2008,sn,m,25-34,0,Smear Negative
Antigua and Barbuda,2008,sn,m,35-44,0,Smear Negative
Antigua and Barbuda,2008,sn,m,45-54,0,Smear Negative
Antigua and Barbuda,2008,sn,m,55-64,0,Smear Negative
Antigua and Barbuda,2008,sn,m,65+,0,Smear Negative
Antigua and Barbuda,2008,sn,f,0-14,0,Smear Negative
Antigua and Barbuda,2008,sn,f,15-24,0,Smear Negative
Antigua and Barbuda,2008,sn,f,25-34,0,Smear Negative
Antigua and Barbuda,2008,sn,f,35-44,0,Smear Negative
Antigua and Barbuda,2008,sn,f,45-54,0,Smear Negative
Antigua and Barbuda,2008,sn,f,55-64,0,Smear Negative
Antigua and Barbuda,2008,sn,f,65+,0,Smear Negative
Antigua and Barbuda,2008,ep,m,0-14,0,Extrapulmonary
Antigua and Barbuda,2008,ep,m,15-24,0,Extrapulmonary
Antigua and Barbuda,2008,ep,m,25-34,0,Extrapulmonary
Antigua and Barbuda,2008,ep,m,35-44,0,Extrapulmonary
Antigua and Barbuda,2008,ep,m,45-54,0,Extrapulmonary
Antigua and Barbuda,2008,ep,m,55-64,0,Extrapulmonary
Antigua and Barbuda,2008,ep,m,65+,0,Extrapulmonary
Antigua and Barbuda,2008,ep,f,0-14,0,Extrapulmonary
Antigua and Barbuda,2008,ep,f,15-24,0,Extrapulmonary
Antigua and Barbuda,2008,ep,f,25-34,0,Extrapulmonary
Antigua and Barbuda,2008,ep,f,35-44,0,Extrapulmonary
Antigua and Barbuda,2008,ep,f,45-54,0,Extrapulmonary
Antigua and Barbuda,2008,ep,f,55-64,0,Extrapulmonary
Antigua and Barbuda,2008,ep,f,65+,0,Extrapulmonary
Antigua and Barbuda,2009,sp,m,0-14,0,Smear Positive
Antigua and Barbuda,2009,sp,m,15-24,0,Smear Positive
Antigua and Barbuda,2009,sp,m,25-34,1,Smear Positive
Antigua and Barbuda,2009,sp,m,35-44,1,Smear Positive
Antigua and Barbuda,2009,sp,m,45-54,0,Smear Positive
Antigua and Barbuda,2009,sp,m,55-64,0,Smear Positive
Antigua and Barbuda,2009,sp,m,65+,0,Smear Positive
Antigua and Barbuda,2009,sp,f,0-14,0,Smear Positive
Antigua and Barbuda,2009,sp,f,15-24,0,Smear Positive
Antigua and Barbuda,2009,sp,f,25-34,0,Smear Positive
Antigua and Barbuda,2009,sp,f,35-44,0,Smear Positive
Antigua and Barbuda,2009,sp,f,45-54,0,Smear Positive
Antigua and Barbuda,2009,sp,f,55-64,0,Smear Positive
Antigua and Barbuda,2009,sp,f,65+,0,Smear Positive
Antigua and Barbuda,2009,sn,m,0-14,0,Smear Negative
Antigua and Barbuda,2009,sn,m,15-24,0,Smear Negative
Antigua and Barbuda,2009,sn,m,25-34,0,Smear Negative
Antigua and Barbuda,2009,sn,m,35-44,0,Smear Negative
Antigua and Barbuda,2009,sn,m,45-54,0,Smear Negative
Antigua and Barbuda,2009,sn,m,55-64,0,Smear Negative
Antigua and Barbuda,2009,sn,m,65+,1,Smear Negative
Antigua and Barbuda,2009,sn,f,0-14,0,Smear Negative
Antigua and Barbuda,2009,sn,f,15-24,0,Smear Negative
Antigua and Barbuda,2009,sn,f,25-34,0,Smear Negative
Antigua and Barbuda,2009,sn,f,35-44,0,Smear Negative
Antigua and Barbuda,2009,sn,f,45-54,0,Smear Negative
Antigua and Barbuda,2009,sn,f,55-64,0,Smear Negative
Antigua and Barbuda,2009,sn,f,65+,0,Smear Negative
Antigua and Barbuda,2009,ep,m,0-14,0,Extrapulmonary
Antigua and Barbuda,2009,ep,m,15-24,0,Extrapulmonary
Antigua and Barbuda,2009,ep,m,25-34,0,Extrapulmonary
Antigua and Barbuda,2009,ep,m,35-44,0,Extrapulmonary
Antigua and Barbuda,2009,ep,m,45-54,0,Extrapulmonary
Antigua and Barbuda,2009,ep,m,55-64,0,Extrapulmonary
Antigua and Barbuda,2009,ep,m,65+,0,Extrapulmonary
Antigua and Barbuda,2009,ep,f,0-14,0,Extrapulmonary
Antigua and Barbuda,2009,ep,f,15-24,0,Extrapulmonary
Antigua and Barbuda,2009,ep,f,25-34,0,Extrapulmonary
Antigua and Barbuda,2009,ep,f,35-44,0,Extrapulmonary
Antigua and Barbuda,2009,ep,f,45-54,0,Extrapulmonary
Antigua and Barbuda,2009,ep,f,55-64,0,Extrapulmonary
Antigua and Barbuda,2009,ep,f,65+,0,Extrapulmonary
Antigua and Barbuda,2010,sp,m,0-14,0,Smear Positive
Antigua and Barbuda,2010,sp,m,15-24,0,Smear Positive
Antigua and Barbuda,2010,sp,m,25-34,2,Smear Positive
Antigua and Barbuda,2010,sp,m,35-44,0,Smear Positive
Antigua and Barbuda,2010,sp,m,45-54,2,Smear Positive
Antigua and Barbuda,2010,sp,m,55-64,1,Smear Positive
Antigua and Barbuda,2010,sp,m,65+,0,Smear Positive
Antigua and Barbuda,2010,sp,f,0-14,0,Smear Positive
Antigua and Barbuda,2010,sp,f,15-24,0,Smear Positive
Antigua and Barbuda,2010,sp,f,25-34,1,Smear Positive
Antigua and Barbuda,2010,sp,f,35-44,0,Smear Positive
Antigua and Barbuda,2010,sp,f,45-54,0,Smear Positive
Antigua and Barbuda,2010,sp,f,55-64,0,Smear Positive
Antigua and Barbuda,2010,sp,f,65+,0,Smear Positive
Antigua and Barbuda,2010,sn,m,0-14,0,Smear Negative
Antigua and Barbuda,2010,sn,m,15-24,0,Smear Negative
Antigua and Barbuda,2010,sn,m,25-34,0,Smear Negative
Antigua and Barbuda,2010,sn,m,35-44,0,Smear Negative
Antigua and Barbuda,2010,sn,m,45-54,0,Smear Negative
Antigua and Barbuda,2010,sn,m,55-64,0,Smear Negative
Antigua and Barbuda,2010,sn,m,65+,0,Smear Negative
Antigua and Barbuda,2010,sn,f,0-14,0,Smear Negative
Antigua and Barbuda,2010,sn,f,15-24,0,Smear Negative
Antigua and Barbuda,2010,sn,f,25-34,0,Smear Negative
Antigua and Barbuda,2010,sn,f,35-44,0,Smear Negative
Antigua and Barbuda,2010,sn,f,45-54,0,Smear Negative
Antigua and Barbuda,2010,sn,f,55-64,0,Smear Negative
Antigua and Barbuda,2010,sn,f,65+,0,Smear Negative
Antigua and Barbuda,2010,ep,m,0-14,0,Extrapulmonary
Antigua and Barbuda,2010,ep,m,15-24,0,Extrapulmonary
Antigua and Barbuda,2010,ep,m,25-34,0,Extrapulmonary
Antigua and Barbuda,2010,ep,m,35-44,0,Extrapulmonary
Antigua and Barbuda,2010,ep,m,45-54,0,Extrapulmonary
Antigua and Barbuda,2010,ep,m,55-64,0,Extrapulmonary
Antigua and Barbuda,2010,ep,m,65+,0,Extrapulmonary
Antigua and Barbuda,2010,ep,f,0-14,0,Extrapulmonary
Antigua and Barbuda,2010,ep,f,15-24,0,Extrapulmonary
Antigua and Barbuda,2010,ep,f,25-34,0,Extrapulmonary
Antigua and Barbuda,2010,ep,f,35-44,0,Extrapulmonary
Antigua and Barbuda,2010,ep,f,45-54,0,Extrapulmonary
Antigua and Barbuda,2010,ep,f,55-64,0,Extrapulmonary
Antigua and Barbuda,2010,ep,f,65+,0,Extrapulmonary
Antigua and Barbuda,2011,sp,m,0-14,0,Smear Positive
Antigua and Barbuda,2011,sp,m,15-24,0,Smear Positive
Antigua and Barbuda,2011,sp,m,25-34,1,Smear Positive
Antigua and Barbuda,2011,sp,m,35-44,1,Smear Positive
Antigua and Barbuda,2011,sp,m,45-54,3,Smear Positive
Antigua and Barbuda,2011,sp,m,55-64,1,Smear Positive
Antigua and Barbuda,2011,sp,m,65+,1,Smear Positive
Antigua and Barbuda,2011,sp,f,0-14,0,Smear Positive
Antigua and Barbuda,2011,sp,f,15-24,1,Smear Positive
Antigua and Barbuda,2011,sp,f,25-34,0,Smear Positive
Antigua and Barbuda,2011,sp,f,35-44,0,Smear Positive
Antigua and Barbuda,2011,sp,f,45-54,0,Smear Positive
Antigua and Barbuda,2011,sp,f,55-64,0,Smear Positive
Antigua and Barbuda,2011,sp,f,65+,0,Smear Positive
Antigua and Barbuda,2011,sn,m,0-14,0,Smear Negative
Antigua and Barbuda,2011,sn,m,15-24,0,Smear Negative
Antigua and Barbuda,2011,sn,m,25-34,0,Smear Negative
Antigua and Barbuda,2011,sn,m,35-44,0,Smear Negative
Antigua and Barbuda,2011,sn,m,45-54,0,Smear Negative
Antigua and Barbuda,2011,sn,m,55-64,0,Smear Negative
Antigua and Barbuda,2011,sn,m,65+,0,Smear Negative
Antigua and Barbuda,2011,sn,f,0-14,0,Smear Negative
Antigua and Barbuda,2011,sn,f,15-24,0,Smear Negative
Antigua and Barbuda,2011,sn,f,25-34,0,Smear Negative
Antigua and Barbuda,2011,sn,f,35-44,0,Smear Negative
Antigua and Barbuda,2011,sn,f,45-54,0,Smear Negative
Antigua and Barbuda,2011,sn,f,55-64,0,Smear Negative
Antigua and Barbuda,2011,sn,f,65+,0,Smear Negative
Antigua and Barbuda,2011,ep,m,0-14,0,Extrapulmonary
Antigua and Barbuda,2011,ep,m,15-24,0,Extrapulmonary
Antigua and Barbuda,2011,ep,m,25-34,0,Extrapulmonary
Antigua and Barbuda,2011,ep,m,35-44,0,Extrapulmonary
Antigua and Barbuda,2011,ep,m,45-54,0,Extrapulmonary
Antigua and Barbuda,2011,ep,m,55-64,0,Extrapulmonary
Antigua and Barbuda,2011,ep,m,65+,0,Extrapulmonary
Antigua and Barbuda,2011,ep,f,0-14,0,Extrapulmonary
Antigua and Barbuda,2011,ep,f,15-24,0,Extrapulmonary
Antigua and Barbuda,2011,ep,f,25-34,0,Extrapulmonary
Antigua and Barbuda,2011,ep,f,35-44,0,Extrapulmonary
Antigua and Barbuda,2011,ep,f,45-54,0,Extrapulmonary
Antigua and Barbuda,2011,ep,f,55-64,0,Extrapulmonary
Antigua and Barbuda,2011,ep,f,65+,0,Extrapulmonary
Antigua and Barbuda,2012,sp,m,0-14,0,Smear Positive
Antigua and Barbuda,2012,sp,m,15-24,0,Smear Positive
Antigua and Barbuda,2012,sp,m,25-34,0,Smear Positive
Antigua and Barbuda,2012,sp,m,35-44,0,Smear Positive
Antigua and Barbuda,2012,sp,m,45-54,1,Smear Positive
Antigua and Barbuda,2012,sp,m,55-64,0,Smear Positive
Antigua and Barbuda,2012,sp,m,65+,0,Smear Positive
Antigua and Barbuda,2012,sp,f,0-14,0,Smear Positive
Antigua and Barbuda,2012,sp,f,15-24,0,Smear Positive
Antigua and Barbuda,2012,sp,f,25-34,0,Smear Positive
Antigua and Barbuda,2012,sp,f,35-44,0,Smear Positive
Antigua and Barbuda,2012,sp,f,45-54,0,Smear Positive
Antigua and Barbuda,2012,sp,f,55-64,0,Smear Positive
Antigua and Barbuda,2012,sp,f,65+,0,Smear Positive
Antigua and Barbuda,2012,sn,m,0-14,0,Smear Negative
Antigua and Barbuda,2012,sn,m,15-24,0,Smear Negative
Antigua and Barbuda,2012,sn,m,25-34,0,Smear Negative
Antigua and Barbuda,2012,sn,m,35-44,1,Smear Negative
Antigua and Barbuda,2012,sn,m,45-54,0,Smear Negative
Antigua and Barbuda,2012,sn,m,55-64,0,Smear Negative
Antigua and Barbuda,2012,sn,m,65+,0,Smear Negative
Antigua and Barbuda,2012,sn,f,0-14,0,Smear Negative
Antigua and Barbuda,2012,sn,f,15-24,0,Smear Negative
Antigua and Barbuda,2012,sn,f,25-34,0,Smear Negative
Antigua and Barbuda,2012,sn,f,35-44,0,Smear Negative
Antigua and Barbuda,2012,sn,f,45-54,0,Smear Negative
Antigua and Barbuda,2012,sn,f,55-64,0,Smear Negative
Antigua and Barbuda,2012,sn,f,65+,0,Smear Negative
Antigua and Barbuda,2012,ep,m,0-14,0,Extrapulmonary
Antigua and Barbuda,2012,ep,m,15-24,0,Extrapulmonary
Antigua and Barbuda,2012,ep,m,25-34,0,Extrapulmonary
Antigua and Barbuda,2012,ep,m,35-44,0,Extrapulmonary
Antigua and Barbuda,2012,ep,m,45-54,1,Extrapulmonary
Antigua and Barbuda,2012,ep,m,55-64,0,Extrapulmonary
Antigua and Barbuda,2012,ep,m,65+,0,Extrapulmonary
Antigua and Barbuda,2012,ep,f,0-14,0,Extrapulmonary
Antigua and Barbuda,2012,ep,f,15-24,0,Extrapulmonary
Antigua and Barbuda,2012,ep,f,25-34,0,Extrapulmonary
Antigua and Barbuda,2012,ep,f,35-44,0,Extrapulmonary
Antigua and Barbuda,2012,ep,f,45-54,0,Extrapulmonary
Antigua and Barbuda,2012,ep,f,55-64,0,Extrapulmonary
Antigua and Barbuda,2012,ep,f,65+,0,Extrapulmonary
Antigua and Barbuda,2013,rel,m,0-14,1,Relapse
Antigua and Barbuda,2013,rel,m,15-24,1,Relapse
Antigua and Barbuda,2013,rel,m,25-34,1,Relapse
Antigua and Barbuda,2013,rel,m,35-44,2,Relapse
Antigua and Barbuda,2013,rel,m,45-54,2,Relapse
Antigua and Barbuda,2013,rel,m,55-64,1,Relapse
Antigua and Barbuda,2013,rel,m,65+,1,Relapse
Antigua and Barbuda,2013,rel,f,0-14,0,Relapse
Antigua and Barbuda,2013,rel,f,15-24,0,Relapse
Antigua and Barbuda,2013,rel,f,25-34,0,Relapse
Antigua and Barbuda,2013,rel,f,35-44,0,Relapse
Antigua and Barbuda,2013,rel,f,45-54,0,Relapse
Antigua and Barbuda,2013,rel,f,55-64,0,Relapse
Antigua and Barbuda,2013,rel,f,65+,1,Relapse
Argentina,1996,sp,m,0-14,113,Smear Positive
Argentina,1996,sp,m,15-24,611,Smear Positive
Argentina,1996,sp,m,25-34,535,Smear Positive
Argentina,1996,sp,m,35-44,338,Smear Positive
Argentina,1996,sp,m,45-54,276,Smear Positive
Argentina,1996,sp,m,55-64,230,Smear Positive
Argentina,1996,sp,m,65+,286,Smear Positive
Argentina,1996,sp,f,0-14,107,Smear Positive
Argentina,1996,sp,f,15-24,643,Smear Positive
Argentina,1996,sp,f,25-34,591,Smear Positive
Argentina,1996,sp,f,35-44,528,Smear Positive
Argentina,1996,sp,f,45-54,546,Smear Positive
Argentina,1996,sp,f,55-64,520,Smear Positive
Argentina,1996,sp,f,65+,463,Smear Positive
Argentina,1997,sp,m,0-14,96,Smear Positive
Argentina,1997,sp,m,15-24,580,Smear Positive
Argentina,1997,sp,m,25-34,600,Smear Positive
Argentina,1997,sp,m,35-44,523,Smear Positive
Argentina,1997,sp,m,45-54,489,Smear Positive
Argentina,1997,sp,m,55-64,417,Smear Positive
Argentina,1997,sp,m,65+,393,Smear Positive
Argentina,1997,sp,f,0-14,133,Smear Positive
Argentina,1997,sp,f,15-24,566,Smear Positive
Argentina,1997,sp,f,25-34,511,Smear Positive
Argentina,1997,sp,f,35-44,336,Smear Positive
Argentina,1997,sp,f,45-54,240,Smear Positive
Argentina,1997,sp,f,55-64,199,Smear Positive
Argentina,1997,sp,f,65+,234,Smear Positive
Argentina,1998,sp,m,0-14,84,Smear Positive
Argentina,1998,sp,m,15-24,578,Smear Positive
Argentina,1998,sp,m,25-34,571,Smear Positive
Argentina,1998,sp,m,35-44,463,Smear Positive
Argentina,1998,sp,m,45-54,476,Smear Positive
Argentina,1998,sp,m,55-64,387,Smear Positive
Argentina,1998,sp,m,65+,370,Smear Positive
Argentina,1998,sp,f,0-14,94,Smear Positive
Argentina,1998,sp,f,15-24,558,Smear Positive
Argentina,1998,sp,f,25-34,498,Smear Positive
Argentina,1998,sp,f,35-44,271,Smear Positive
Argentina,1998,sp,f,45-54,229,Smear Positive
Argentina,1998,sp,f,55-64,207,Smear Positive
Argentina,1998,sp,f,65+,276,Smear Positive
Argentina,1999,sp,m,0-14,90,Smear Positive
Argentina,1999,sp,m,15-24,490,Smear Positive
Argentina,1999,sp,m,25-34,546,Smear Positive
Argentina,1999,sp,m,35-44,435,Smear Positive
Argentina,1999,sp,m,45-54,464,Smear Positive
Argentina,1999,sp,m,55-64,384,Smear Positive
Argentina,1999,sp,m,65+,380,Smear Positive
Argentina,1999,sp,f,0-14,108,Smear Positive
Argentina,1999,sp,f,15-24,502,Smear Positive
Argentina,1999,sp,f,25-34,442,Smear Positive
Argentina,1999,sp,f,35-44,292,Smear Positive
Argentina,1999,sp,f,45-54,210,Smear Positive
Argentina,1999,sp,f,55-64,177,Smear Positive
Argentina,1999,sp,f,65+,249,Smear Positive
Argentina,2000,sp,m,0-14,97,Smear Positive
Argentina,2000,sp,m,15-24,278,Smear Positive
Argentina,2000,sp,m,25-34,594,Smear Positive
Argentina,2000,sp,m,35-44,402,Smear Positive
Argentina,2000,sp,m,45-54,419,Smear Positive
Argentina,2000,sp,m,55-64,368,Smear Positive
Argentina,2000,sp,m,65+,330,Smear Positive
Argentina,2000,sp,f,0-14,121,Smear Positive
Argentina,2000,sp,f,15-24,544,Smear Positive
Argentina,2000,sp,f,25-34,479,Smear Positive
Argentina,2000,sp,f,35-44,262,Smear Positive
Argentina,2000,sp,f,45-54,230,Smear Positive
Argentina,2000,sp,f,55-64,179,Smear Positive
Argentina,2000,sp,f,65+,216,Smear Positive
Argentina,2001,sp,m,0-14,78,Smear Positive
Argentina,2001,sp,m,15-24,682,Smear Positive
Argentina,2001,sp,m,25-34,611,Smear Positive
Argentina,2001,sp,m,35-44,495,Smear Positive
Argentina,2001,sp,m,45-54,471,Smear Positive
Argentina,2001,sp,m,55-64,404,Smear Positive
Argentina,2001,sp,m,65+,436,Smear Positive
Argentina,2001,sp,f,0-14,85,Smear Positive
Argentina,2001,sp,f,15-24,674,Smear Positive
Argentina,2001,sp,f,25-34,561,Smear Positive
Argentina,2001,sp,f,35-44,303,Smear Positive
Argentina,2001,sp,f,45-54,242,Smear Positive
Argentina,2001,sp,f,55-64,215,Smear Positive
Argentina,2001,sp,f,65+,249,Smear Positive
Argentina,2002,sp,m,0-14,70,Smear Positive
Argentina,2002,sp,m,15-24,612,Smear Positive
Argentina,2002,sp,m,25-34,658,Smear Positive
Argentina,2002,sp,m,35-44,463,Smear Positive
Argentina,2002,sp,m,45-54,477,Smear Positive
Argentina,2002,sp,m,55-64,389,Smear Positive
Argentina,2002,sp,m,65+,399,Smear Positive
Argentina,2002,sp,f,0-14,117,Smear Positive
Argentina,2002,sp,f,15-24,622,Smear Positive
Argentina,2002,sp,f,25-34,580,Smear Positive
Argentina,2002,sp,f,35-44,301,Smear Positive
Argentina,2002,sp,f,45-54,237,Smear Positive
Argentina,2002,sp,f,55-64,203,Smear Positive
Argentina,2002,sp,f,65+,255,Smear Positive
Argentina,2003,sp,m,0-14,89,Smear Positive
Argentina,2003,sp,m,15-24,574,Smear Positive
Argentina,2003,sp,m,25-34,565,Smear Positive
Argentina,2003,sp,m,35-44,413,Smear Positive
Argentina,2003,sp,m,45-54,461,Smear Positive
Argentina,2003,sp,m,55-64,366,Smear Positive
Argentina,2003,sp,m,65+,405,Smear Positive
Argentina,2003,sp,f,0-14,99,Smear Positive
Argentina,2003,sp,f,15-24,516,Smear Positive
Argentina,2003,sp,f,25-34,513,Smear Positive
Argentina,2003,sp,f,35-44,294,Smear Positive
Argentina,2003,sp,f,45-54,241,Smear Positive
Argentina,2003,sp,f,55-64,192,Smear Positive
Argentina,2003,sp,f,65+,231,Smear Positive
Argentina,2004,sp,m,0-14,64,Smear Positive
Argentina,2004,sp,m,15-24,588,Smear Positive
Argentina,2004,sp,m,25-34,543,Smear Positive
Argentina,2004,sp,m,35-44,399,Smear Positive
Argentina,2004,sp,m,45-54,387,Smear Positive
Argentina,2004,sp,m,55-64,332,Smear Positive
Argentina,2004,sp,m,65+,345,Smear Positive
Argentina,2004,sp,f,0-14,98,Smear Positive
Argentina,2004,sp,f,15-24,519,Smear Positive
Argentina,2004,sp,f,25-34,477,Smear Positive
Argentina,2004,sp,f,35-44,271,Smear Positive
Argentina,2004,sp,f,45-54,237,Smear Positive
Argentina,2004,sp,f,55-64,169,Smear Positive
Argentina,2004,sp,f,65+,237,Smear Positive
Argentina,2005,sp,m,0-14,64,Smear Positive
Argentina,2005,sp,m,15-24,621,Smear Positive
Argentina,2005,sp,m,25-34,530,Smear Positive
Argentina,2005,sp,m,35-44,358,Smear Positive
Argentina,2005,sp,m,45-54,384,Smear Positive
Argentina,2005,sp,m,55-64,340,Smear Positive
Argentina,2005,sp,m,65+,348,Smear Positive
Argentina,2005,sp,f,0-14,90,Smear Positive
Argentina,2005,sp,f,15-24,530,Smear Positive
Argentina,2005,sp,f,25-34,474,Smear Positive
Argentina,2005,sp,f,35-44,290,Smear Positive
Argentina,2005,sp,f,45-54,198,Smear Positive
Argentina,2005,sp,f,55-64,169,Smear Positive
Argentina,2005,sp,f,65+,240,Smear Positive
Argentina,2006,sp,m,0-14,67,Smear Positive
Argentina,2006,sp,m,15-24,519,Smear Positive
Argentina,2006,sp,m,25-34,484,Smear Positive
Argentina,2006,sp,m,35-44,360,Smear Positive
Argentina,2006,sp,m,45-54,351,Smear Positive
Argentina,2006,sp,m,55-64,346,Smear Positive
Argentina,2006,sp,m,65+,321,Smear Positive
Argentina,2006,sp,f,0-14,74,Smear Positive
Argentina,2006,sp,f,15-24,438,Smear Positive
Argentina,2006,sp,f,25-34,437,Smear Positive
Argentina,2006,sp,f,35-44,235,Smear Positive
Argentina,2006,sp,f,45-54,197,Smear Positive
Argentina,2006,sp,f,55-64,173,Smear Positive
Argentina,2006,sp,f,65+,213,Smear Positive
Argentina,2006,sn,m,0-14,394,Smear Negative
Argentina,2006,sn,m,15-24,196,Smear Negative
Argentina,2006,sn,m,25-34,235,Smear Negative
Argentina,2006,sn,m,35-44,143,Smear Negative
Argentina,2006,sn,m,45-54,153,Smear Negative
Argentina,2006,sn,m,55-64,176,Smear Negative
Argentina,2006,sn,m,65+,187,Smear Negative
Argentina,2006,sn,f,0-14,345,Smear Negative
Argentina,2006,sn,f,15-24,187,Smear Negative
Argentina,2006,sn,f,25-34,185,Smear Negative
Argentina,2006,sn,f,35-44,119,Smear Negative
Argentina,2006,sn,f,45-54,75,Smear Negative
Argentina,2006,sn,f,55-64,90,Smear Negative
Argentina,2006,sn,f,65+,127,Smear Negative
Argentina,2006,ep,m,0-14,32,Extrapulmonary
Argentina,2006,ep,m,15-24,111,Extrapulmonary
Argentina,2006,ep,m,25-34,122,Extrapulmonary
Argentina,2006,ep,m,35-44,94,Extrapulmonary
Argentina,2006,ep,m,45-54,92,Extrapulmonary
Argentina,2006,ep,m,55-64,76,Extrapulmonary
Argentina,2006,ep,m,65+,91,Extrapulmonary
Argentina,2006,ep,f,0-14,36,Extrapulmonary
Argentina,2006,ep,f,15-24,87,Extrapulmonary
Argentina,2006,ep,f,25-34,91,Extrapulmonary
Argentina,2006,ep,f,35-44,69,Extrapulmonary
Argentina,2006,ep,f,45-54,59,Extrapulmonary
Argentina,2006,ep,f,55-64,46,Extrapulmonary
Argentina,2006,ep,f,65+,75,Extrapulmonary
Argentina,2007,sp,m,0-14,77,Smear Positive
Argentina,2007,sp,m,15-24,656,Smear Positive
Argentina,2007,sp,m,25-34,623,Smear Positive
Argentina,2007,sp,m,35-44,401,Smear Positive
Argentina,2007,sp,m,45-54,415,Smear Positive
Argentina,2007,sp,m,55-64,389,Smear Positive
Argentina,2007,sp,m,65+,324,Smear Positive
Argentina,2007,sp,f,0-14,70,Smear Positive
Argentina,2007,sp,f,15-24,558,Smear Positive
Argentina,2007,sp,f,25-34,500,Smear Positive
Argentina,2007,sp,f,35-44,246,Smear Positive
Argentina,2007,sp,f,45-54,217,Smear Positive
Argentina,2007,sp,f,55-64,172,Smear Positive
Argentina,2007,sp,f,65+,246,Smear Positive
Argentina,2007,sn,m,0-14,539,Smear Negative
Argentina,2007,sn,m,15-24,278,Smear Negative
Argentina,2007,sn,m,25-34,214,Smear Negative
Argentina,2007,sn,m,35-44,189,Smear Negative
Argentina,2007,sn,m,45-54,147,Smear Negative
Argentina,2007,sn,m,55-64,159,Smear Negative
Argentina,2007,sn,m,65+,152,Smear Negative
Argentina,2007,sn,f,0-14,476,Smear Negative
Argentina,2007,sn,f,15-24,234,Smear Negative
Argentina,2007,sn,f,25-34,199,Smear Negative
Argentina,2007,sn,f,35-44,135,Smear Negative
Argentina,2007,sn,f,45-54,111,Smear Negative
Argentina,2007,sn,f,55-64,67,Smear Negative
Argentina,2007,sn,f,65+,149,Smear Negative
Argentina,2007,ep,m,0-14,64,Extrapulmonary
Argentina,2007,ep,m,15-24,157,Extrapulmonary
Argentina,2007,ep,m,25-34,192,Extrapulmonary
Argentina,2007,ep,m,35-44,122,Extrapulmonary
Argentina,2007,ep,m,45-54,96,Extrapulmonary
Argentina,2007,ep,m,55-64,86,Extrapulmonary
Argentina,2007,ep,m,65+,95,Extrapulmonary
Argentina,2007,ep,f,0-14,39,Extrapulmonary
Argentina,2007,ep,f,15-24,144,Extrapulmonary
Argentina,2007,ep,f,25-34,140,Extrapulmonary
Argentina,2007,ep,f,35-44,89,Extrapulmonary
Argentina,2007,ep,f,45-54,73,Extrapulmonary
Argentina,2007,ep,f,55-64,46,Extrapulmonary
Argentina,2007,ep,f,65+,90,Extrapulmonary
Argentina,2008,sp,m,0-14,69,Smear Positive
Argentina,2008,sp,m,15-24,633,Smear Positive
Argentina,2008,sp,m,25-34,611,Smear Positive
Argentina,2008,sp,m,35-44,390,Smear Positive
Argentina,2008,sp,m,45-54,416,Smear Positive
Argentina,2008,sp,m,55-64,364,Smear Positive
Argentina,2008,sp,m,65+,295,Smear Positive
Argentina,2008,sp,f,0-14,66,Smear Positive
Argentina,2008,sp,f,15-24,536,Smear Positive
Argentina,2008,sp,f,25-34,506,Smear Positive
Argentina,2008,sp,f,35-44,252,Smear Positive
Argentina,2008,sp,f,45-54,221,Smear Positive
Argentina,2008,sp,f,55-64,157,Smear Positive
Argentina,2008,sp,f,65+,204,Smear Positive
Argentina,2008,sn,m,0-14,417,Smear Negative
Argentina,2008,sn,m,15-24,287,Smear Negative
Argentina,2008,sn,m,25-34,238,Smear Negative
Argentina,2008,sn,m,35-44,175,Smear Negative
Argentina,2008,sn,m,45-54,162,Smear Negative
Argentina,2008,sn,m,55-64,125,Smear Negative
Argentina,2008,sn,m,65+,142,Smear Negative
Argentina,2008,sn,f,0-14,409,Smear Negative
Argentina,2008,sn,f,15-24,207,Smear Negative
Argentina,2008,sn,f,25-34,199,Smear Negative
Argentina,2008,sn,f,35-44,128,Smear Negative
Argentina,2008,sn,f,45-54,81,Smear Negative
Argentina,2008,sn,f,55-64,79,Smear Negative
Argentina,2008,sn,f,65+,111,Smear Negative
Argentina,2008,ep,m,0-14,51,Extrapulmonary
Argentina,2008,ep,m,15-24,163,Extrapulmonary
Argentina,2008,ep,m,25-34,191,Extrapulmonary
Argentina,2008,ep,m,35-44,155,Extrapulmonary
Argentina,2008,ep,m,45-54,104,Extrapulmonary
Argentina,2008,ep,m,55-64,96,Extrapulmonary
Argentina,2008,ep,m,65+,109,Extrapulmonary
Argentina,2008,ep,f,0-14,37,Extrapulmonary
Argentina,2008,ep,f,15-24,125,Extrapulmonary
Argentina,2008,ep,f,25-34,158,Extrapulmonary
Argentina,2008,ep,f,35-44,88,Extrapulmonary
Argentina,2008,ep,f,45-54,66,Extrapulmonary
Argentina,2008,ep,f,55-64,58,Extrapulmonary
Argentina,2008,ep,f,65+,78,Extrapulmonary
Argentina,2009,sp,m,0-14,44,Smear Positive
Argentina,2009,sp,m,15-24,546,Smear Positive
Argentina,2009,sp,m,25-34,483,Smear Positive
Argentina,2009,sp,m,35-44,348,Smear Positive
Argentina,2009,sp,m,45-54,327,Smear Positive
Argentina,2009,sp,m,55-64,303,Smear Positive
Argentina,2009,sp,m,65+,297,Smear Positive
Argentina,2009,sp,f,0-14,63,Smear Positive
Argentina,2009,sp,f,15-24,434,Smear Positive
Argentina,2009,sp,f,25-34,406,Smear Positive
Argentina,2009,sp,f,35-44,257,Smear Positive
Argentina,2009,sp,f,45-54,185,Smear Positive
Argentina,2009,sp,f,55-64,137,Smear Positive
Argentina,2009,sp,f,65+,199,Smear Positive
Argentina,2009,sn,m,0-14,269,Smear Negative
Argentina,2009,sn,m,15-24,193,Smear Negative
Argentina,2009,sn,m,25-34,226,Smear Negative
Argentina,2009,sn,m,35-44,154,Smear Negative
Argentina,2009,sn,m,45-54,129,Smear Negative
Argentina,2009,sn,m,55-64,136,Smear Negative
Argentina,2009,sn,m,65+,144,Smear Negative
Argentina,2009,sn,f,0-14,217,Smear Negative
Argentina,2009,sn,f,15-24,189,Smear Negative
Argentina,2009,sn,f,25-34,156,Smear Negative
Argentina,2009,sn,f,35-44,99,Smear Negative
Argentina,2009,sn,f,45-54,99,Smear Negative
Argentina,2009,sn,f,55-64,62,Smear Negative
Argentina,2009,sn,f,65+,87,Smear Negative
Argentina,2009,ep,m,0-14,25,Extrapulmonary
Argentina,2009,ep,m,15-24,86,Extrapulmonary
Argentina,2009,ep,m,25-34,113,Extrapulmonary
Argentina,2009,ep,m,35-44,93,Extrapulmonary
Argentina,2009,ep,m,45-54,79,Extrapulmonary
Argentina,2009,ep,m,55-64,77,Extrapulmonary
Argentina,2009,ep,m,65+,70,Extrapulmonary
Argentina,2009,ep,f,0-14,24,Extrapulmonary
Argentina,2009,ep,f,15-24,74,Extrapulmonary
Argentina,2009,ep,f,25-34,90,Extrapulmonary
Argentina,2009,ep,f,35-44,61,Extrapulmonary
Argentina,2009,ep,f,45-54,53,Extrapulmonary
Argentina,2009,ep,f,55-64,32,Extrapulmonary
Argentina,2009,ep,f,65+,55,Extrapulmonary
Argentina,2010,sp,m,0-14,56,Smear Positive
Argentina,2010,sp,m,15-24,536,Smear Positive
Argentina,2010,sp,m,25-34,491,Smear Positive
Argentina,2010,sp,m,35-44,309,Smear Positive
Argentina,2010,sp,m,45-54,302,Smear Positive
Argentina,2010,sp,m,55-64,340,Smear Positive
Argentina,2010,sp,m,65+,282,Smear Positive
Argentina,2010,sp,f,0-14,59,Smear Positive
Argentina,2010,sp,f,15-24,421,Smear Positive
Argentina,2010,sp,f,25-34,426,Smear Positive
Argentina,2010,sp,f,35-44,233,Smear Positive
Argentina,2010,sp,f,45-54,184,Smear Positive
Argentina,2010,sp,f,55-64,153,Smear Positive
Argentina,2010,sp,f,65+,176,Smear Positive
Argentina,2010,sn,m,0-14,190,Smear Negative
Argentina,2010,sn,m,15-24,214,Smear Negative
Argentina,2010,sn,m,25-34,196,Smear Negative
Argentina,2010,sn,m,35-44,155,Smear Negative
Argentina,2010,sn,m,45-54,148,Smear Negative
Argentina,2010,sn,m,55-64,126,Smear Negative
Argentina,2010,sn,m,65+,134,Smear Negative
Argentina,2010,sn,f,0-14,186,Smear Negative
Argentina,2010,sn,f,15-24,171,Smear Negative
Argentina,2010,sn,f,25-34,132,Smear Negative
Argentina,2010,sn,f,35-44,98,Smear Negative
Argentina,2010,sn,f,45-54,82,Smear Negative
Argentina,2010,sn,f,55-64,67,Smear Negative
Argentina,2010,sn,f,65+,108,Smear Negative
Argentina,2010,ep,m,0-14,23,Extrapulmonary
Argentina,2010,ep,m,15-24,91,Extrapulmonary
Argentina,2010,ep,m,25-34,104,Extrapulmonary
Argentina,2010,ep,m,35-44,86,Extrapulmonary
Argentina,2010,ep,m,45-54,60,Extrapulmonary
Argentina,2010,ep,m,55-64,61,Extrapulmonary
Argentina,2010,ep,m,65+,66,Extrapulmonary
Argentina,2010,ep,f,0-14,17,Extrapulmonary
Argentina,2010,ep,f,15-24,72,Extrapulmonary
Argentina,2010,ep,f,25-34,68,Extrapulmonary
Argentina,2010,ep,f,35-44,56,Extrapulmonary
Argentina,2010,ep,f,45-54,59,Extrapulmonary
Argentina,2010,ep,f,55-64,44,Extrapulmonary
Argentina,2010,ep,f,65+,45,Extrapulmonary
Argentina,2011,sp,m,0-14,143,Smear Positive
Argentina,2011,sp,m,15-24,664,Smear Positive
Argentina,2011,sp,m,25-34,657,Smear Positive
Argentina,2011,sp,m,35-44,434,Smear Positive
Argentina,2011,sp,m,45-54,397,Smear Positive
Argentina,2011,sp,m,55-64,358,Smear Positive
Argentina,2011,sp,m,65+,289,Smear Positive
Argentina,2011,sp,f,0-14,142,Smear Positive
Argentina,2011,sp,f,15-24,587,Smear Positive
Argentina,2011,sp,f,25-34,470,Smear Positive
Argentina,2011,sp,f,35-44,279,Smear Positive
Argentina,2011,sp,f,45-54,192,Smear Positive
Argentina,2011,sp,f,55-64,169,Smear Positive
Argentina,2011,sp,f,65+,213,Smear Positive
Argentina,2011,sn,m,0-14,325,Smear Negative
Argentina,2011,sn,m,15-24,304,Smear Negative
Argentina,2011,sn,m,25-34,270,Smear Negative
Argentina,2011,sn,m,35-44,179,Smear Negative
Argentina,2011,sn,m,45-54,158,Smear Negative
Argentina,2011,sn,m,55-64,119,Smear Negative
Argentina,2011,sn,m,65+,118,Smear Negative
Argentina,2011,sn,f,0-14,257,Smear Negative
Argentina,2011,sn,f,15-24,250,Smear Negative
Argentina,2011,sn,f,25-34,221,Smear Negative
Argentina,2011,sn,f,35-44,153,Smear Negative
Argentina,2011,sn,f,45-54,98,Smear Negative
Argentina,2011,sn,f,55-64,73,Smear Negative
Argentina,2011,sn,f,65+,92,Smear Negative
Argentina,2011,ep,m,0-14,72,Extrapulmonary
Argentina,2011,ep,m,15-24,217,Extrapulmonary
Argentina,2011,ep,m,25-34,240,Extrapulmonary
Argentina,2011,ep,m,35-44,134,Extrapulmonary
Argentina,2011,ep,m,45-54,95,Extrapulmonary
Argentina,2011,ep,m,55-64,89,Extrapulmonary
Argentina,2011,ep,m,65+,72,Extrapulmonary
Argentina,2011,ep,f,0-14,75,Extrapulmonary
Argentina,2011,ep,f,15-24,162,Extrapulmonary
Argentina,2011,ep,f,25-34,158,Extrapulmonary
Argentina,2011,ep,f,35-44,107,Extrapulmonary
Argentina,2011,ep,f,45-54,65,Extrapulmonary
Argentina,2011,ep,f,55-64,62,Extrapulmonary
Argentina,2011,ep,f,65+,60,Extrapulmonary
Argentina,2012,sp,m,0-14,59,Smear Positive
Argentina,2012,sp,m,15-24,533,Smear Positive
Argentina,2012,sp,m,25-34,484,Smear Positive
Argentina,2012,sp,m,35-44,299,Smear Positive
Argentina,2012,sp,m,45-54,180,Smear Positive
Argentina,2012,sp,m,55-64,182,Smear Positive
Argentina,2012,sp,m,65+,181,Smear Positive
Argentina,2012,sp,f,0-14,67,Smear Positive
Argentina,2012,sp,f,15-24,652,Smear Positive
Argentina,2012,sp,f,25-34,614,Smear Positive
Argentina,2012,sp,f,35-44,375,Smear Positive
Argentina,2012,sp,f,45-54,364,Smear Positive
Argentina,2012,sp,f,55-64,321,Smear Positive
Argentina,2012,sp,f,65+,322,Smear Positive
Argentina,2012,sn,m,0-14,322,Smear Negative
Argentina,2012,sn,m,15-24,222,Smear Negative
Argentina,2012,sn,m,25-34,173,Smear Negative
Argentina,2012,sn,m,35-44,126,Smear Negative
Argentina,2012,sn,m,45-54,83,Smear Negative
Argentina,2012,sn,m,55-64,69,Smear Negative
Argentina,2012,sn,m,65+,83,Smear Negative
Argentina,2012,sn,f,0-14,297,Smear Negative
Argentina,2012,sn,f,15-24,258,Smear Negative
Argentina,2012,sn,f,25-34,195,Smear Negative
Argentina,2012,sn,f,35-44,152,Smear Negative
Argentina,2012,sn,f,45-54,115,Smear Negative
Argentina,2012,sn,f,55-64,125,Smear Negative
Argentina,2012,sn,f,65+,114,Smear Negative
Argentina,2012,ep,m,0-14,40,Extrapulmonary
Argentina,2012,ep,m,15-24,128,Extrapulmonary
Argentina,2012,ep,m,25-34,102,Extrapulmonary
Argentina,2012,ep,m,35-44,107,Extrapulmonary
Argentina,2012,ep,m,45-54,75,Extrapulmonary
Argentina,2012,ep,m,55-64,49,Extrapulmonary
Argentina,2012,ep,m,65+,63,Extrapulmonary
Argentina,2012,ep,f,0-14,46,Extrapulmonary
Argentina,2012,ep,f,15-24,154,Extrapulmonary
Argentina,2012,ep,f,25-34,153,Extrapulmonary
Argentina,2012,ep,f,35-44,147,Extrapulmonary
Argentina,2012,ep,f,45-54,72,Extrapulmonary
Argentina,2012,ep,f,55-64,63,Extrapulmonary
Argentina,2012,ep,f,65+,84,Extrapulmonary
Argentina,2013,rel,m,0-14,462,Relapse
Argentina,2013,rel,m,15-24,1124,Relapse
Argentina,2013,rel,m,25-34,1094,Relapse
Argentina,2013,rel,m,35-44,768,Relapse
Argentina,2013,rel,m,45-54,593,Relapse
Argentina,2013,rel,m,55-64,581,Relapse
Argentina,2013,rel,m,65+,491,Relapse
Argentina,2013,rel,f,0-14,431,Relapse
Argentina,2013,rel,f,15-24,927,Relapse
Argentina,2013,rel,f,25-34,808,Relapse
Argentina,2013,rel,f,35-44,537,Relapse
Argentina,2013,rel,f,45-54,395,Relapse
Argentina,2013,rel,f,55-64,307,Relapse
Argentina,2013,rel,f,65+,374,Relapse
Armenia,1995,sp,m,0-14,1,Smear Positive
Armenia,1995,sp,m,15-24,18,Smear Positive
Armenia,1995,sp,m,25-34,16,Smear Positive
Armenia,1995,sp,m,35-44,11,Smear Positive
Armenia,1995,sp,m,45-54,10,Smear Positive
Armenia,1995,sp,m,55-64,8,Smear Positive
Armenia,1995,sp,m,65+,1,Smear Positive
Armenia,1995,sp,f,0-14,1,Smear Positive
Armenia,1995,sp,f,15-24,1,Smear Positive
Armenia,1995,sp,f,25-34,7,Smear Positive
Armenia,1995,sp,f,35-44,2,Smear Positive
Armenia,1995,sp,f,45-54,1,Smear Positive
Armenia,1995,sp,f,55-64,1,Smear Positive
Armenia,1996,sp,m,0-14,2,Smear Positive
Armenia,1996,sp,m,15-24,53,Smear Positive
Armenia,1996,sp,m,25-34,100,Smear Positive
Armenia,1996,sp,m,35-44,51,Smear Positive
Armenia,1996,sp,m,45-54,43,Smear Positive
Armenia,1996,sp,m,55-64,30,Smear Positive
Armenia,1996,sp,m,65+,7,Smear Positive
Armenia,1996,sp,f,0-14,0,Smear Positive
Armenia,1996,sp,f,15-24,9,Smear Positive
Armenia,1996,sp,f,25-34,11,Smear Positive
Armenia,1996,sp,f,35-44,9,Smear Positive
Armenia,1996,sp,f,45-54,8,Smear Positive
Armenia,1996,sp,f,55-64,4,Smear Positive
Armenia,1996,sp,f,65+,0,Smear Positive
Armenia,1997,sp,m,0-14,2,Smear Positive
Armenia,1997,sp,m,15-24,85,Smear Positive
Armenia,1997,sp,m,25-34,59,Smear Positive
Armenia,1997,sp,m,35-44,77,Smear Positive
Armenia,1997,sp,m,45-54,51,Smear Positive
Armenia,1997,sp,m,55-64,34,Smear Positive
Armenia,1997,sp,m,65+,12,Smear Positive
Armenia,1997,sp,f,0-14,3,Smear Positive
Armenia,1997,sp,f,15-24,16,Smear Positive
Armenia,1997,sp,f,25-34,22,Smear Positive
Armenia,1997,sp,f,35-44,17,Smear Positive
Armenia,1997,sp,f,45-54,7,Smear Positive
Armenia,1997,sp,f,55-64,14,Smear Positive
Armenia,1997,sp,f,65+,1,Smear Positive
Armenia,1998,sp,m,0-14,2,Smear Positive
Armenia,1998,sp,m,15-24,159,Smear Positive
Armenia,1998,sp,m,25-34,90,Smear Positive
Armenia,1998,sp,m,35-44,79,Smear Positive
Armenia,1998,sp,m,45-54,39,Smear Positive
Armenia,1998,sp,m,55-64,17,Smear Positive
Armenia,1998,sp,m,65+,15,Smear Positive
Armenia,1998,sp,f,0-14,1,Smear Positive
Armenia,1998,sp,f,15-24,21,Smear Positive
Armenia,1998,sp,f,25-34,20,Smear Positive
Armenia,1998,sp,f,35-44,11,Smear Positive
Armenia,1998,sp,f,45-54,10,Smear Positive
Armenia,1998,sp,f,55-64,5,Smear Positive
Armenia,1998,sp,f,65+,6,Smear Positive
Armenia,1999,sp,m,0-14,4,Smear Positive
Armenia,1999,sp,m,15-24,151,Smear Positive
Armenia,1999,sp,m,25-34,88,Smear Positive
Armenia,1999,sp,m,35-44,115,Smear Positive
Armenia,1999,sp,m,45-54,76,Smear Positive
Armenia,1999,sp,m,55-64,37,Smear Positive
Armenia,1999,sp,m,65+,20,Smear Positive
Armenia,1999,sp,f,0-14,6,Smear Positive
Armenia,1999,sp,f,15-24,22,Smear Positive
Armenia,1999,sp,f,25-34,15,Smear Positive
Armenia,1999,sp,f,35-44,20,Smear Positive
Armenia,1999,sp,f,45-54,6,Smear Positive
Armenia,1999,sp,f,55-64,9,Smear Positive
Armenia,1999,sp,f,65+,7,Smear Positive
Armenia,2000,sp,m,0-14,2,Smear Positive
Armenia,2000,sp,m,15-24,152,Smear Positive
Armenia,2000,sp,m,25-34,130,Smear Positive
Armenia,2000,sp,m,35-44,131,Smear Positive
Armenia,2000,sp,m,45-54,63,Smear Positive
Armenia,2000,sp,m,55-64,26,Smear Positive
Armenia,2000,sp,m,65+,21,Smear Positive
Armenia,2000,sp,f,0-14,1,Smear Positive
Armenia,2000,sp,f,15-24,24,Smear Positive
Armenia,2000,sp,f,25-34,27,Smear Positive
Armenia,2000,sp,f,35-44,24,Smear Positive
Armenia,2000,sp,f,45-54,8,Smear Positive
Armenia,2000,sp,f,55-64,8,Smear Positive
Armenia,2000,sp,f,65+,4,Smear Positive
Armenia,2001,sp,m,0-14,2,Smear Positive
Armenia,2001,sp,m,15-24,154,Smear Positive
Armenia,2001,sp,m,25-34,120,Smear Positive
Armenia,2001,sp,m,35-44,93,Smear Positive
Armenia,2001,sp,m,45-54,54,Smear Positive
Armenia,2001,sp,m,55-64,24,Smear Positive
Armenia,2001,sp,m,65+,9,Smear Positive
Armenia,2001,sp,f,0-14,1,Smear Positive
Armenia,2001,sp,f,15-24,40,Smear Positive
Armenia,2001,sp,f,25-34,31,Smear Positive
Armenia,2001,sp,f,35-44,22,Smear Positive
Armenia,2001,sp,f,45-54,10,Smear Positive
Armenia,2001,sp,f,55-64,7,Smear Positive
Armenia,2001,sp,f,65+,5,Smear Positive
Armenia,2002,sp,m,0-14,1,Smear Positive
Armenia,2002,sp,m,15-24,95,Smear Positive
Armenia,2002,sp,m,25-34,63,Smear Positive
Armenia,2002,sp,m,35-44,109,Smear Positive
Armenia,2002,sp,m,45-54,93,Smear Positive
Armenia,2002,sp,m,55-64,21,Smear Positive
Armenia,2002,sp,m,65+,14,Smear Positive
Armenia,2002,sp,f,0-14,2,Smear Positive
Armenia,2002,sp,f,15-24,16,Smear Positive
Armenia,2002,sp,f,25-34,24,Smear Positive
Armenia,2002,sp,f,35-44,32,Smear Positive
Armenia,2002,sp,f,45-54,36,Smear Positive
Armenia,2002,sp,f,55-64,4,Smear Positive
Armenia,2002,sp,f,65+,1,Smear Positive
Armenia,2003,sp,m,0-14,12,Smear Positive
Armenia,2003,sp,m,15-24,120,Smear Positive
Armenia,2003,sp,m,25-34,98,Smear Positive
Armenia,2003,sp,m,35-44,75,Smear Positive
Armenia,2003,sp,m,45-54,104,Smear Positive
Armenia,2003,sp,m,55-64,49,Smear Positive
Armenia,2003,sp,m,65+,18,Smear Positive
Armenia,2003,sp,f,0-14,2,Smear Positive
Armenia,2003,sp,f,15-24,29,Smear Positive
Armenia,2003,sp,f,25-34,31,Smear Positive
Armenia,2003,sp,f,35-44,13,Smear Positive
Armenia,2003,sp,f,45-54,12,Smear Positive
Armenia,2003,sp,f,55-64,9,Smear Positive
Armenia,2003,sp,f,65+,3,Smear Positive
Armenia,2004,sp,m,0-14,2,Smear Positive
Armenia,2004,sp,m,15-24,130,Smear Positive
Armenia,2004,sp,m,25-34,72,Smear Positive
Armenia,2004,sp,m,35-44,76,Smear Positive
Armenia,2004,sp,m,45-54,62,Smear Positive
Armenia,2004,sp,m,55-64,25,Smear Positive
Armenia,2004,sp,m,65+,24,Smear Positive
Armenia,2004,sp,f,0-14,1,Smear Positive
Armenia,2004,sp,f,15-24,24,Smear Positive
Armenia,2004,sp,f,25-34,17,Smear Positive
Armenia,2004,sp,f,35-44,12,Smear Positive
Armenia,2004,sp,f,45-54,10,Smear Positive
Armenia,2004,sp,f,55-64,3,Smear Positive
Armenia,2004,sp,f,65+,3,Smear Positive
Armenia,2005,sp,m,0-14,3,Smear Positive
Armenia,2005,sp,m,15-24,170,Smear Positive
Armenia,2005,sp,m,25-34,104,Smear Positive
Armenia,2005,sp,m,35-44,83,Smear Positive
Armenia,2005,sp,m,45-54,84,Smear Positive
Armenia,2005,sp,m,55-64,30,Smear Positive
Armenia,2005,sp,m,65+,24,Smear Positive
Armenia,2005,sp,f,0-14,3,Smear Positive
Armenia,2005,sp,f,15-24,27,Smear Positive
Armenia,2005,sp,f,25-34,21,Smear Positive
Armenia,2005,sp,f,35-44,10,Smear Positive
Armenia,2005,sp,f,45-54,11,Smear Positive
Armenia,2005,sp,f,55-64,4,Smear Positive
Armenia,2005,sp,f,65+,7,Smear Positive
Armenia,2006,sp,m,0-14,0,Smear Positive
Armenia,2006,sp,m,15-24,113,Smear Positive
Armenia,2006,sp,m,25-34,116,Smear Positive
Armenia,2006,sp,m,35-44,96,Smear Positive
Armenia,2006,sp,m,45-54,98,Smear Positive
Armenia,2006,sp,m,55-64,38,Smear Positive
Armenia,2006,sp,m,65+,17,Smear Positive
Armenia,2006,sp,f,0-14,3,Smear Positive
Armenia,2006,sp,f,15-24,28,Smear Positive
Armenia,2006,sp,f,25-34,29,Smear Positive
Armenia,2006,sp,f,35-44,16,Smear Positive
Armenia,2006,sp,f,45-54,15,Smear Positive
Armenia,2006,sp,f,55-64,7,Smear Positive
Armenia,2006,sp,f,65+,4,Smear Positive
Armenia,2006,sn,m,0-14,27,Smear Negative
Armenia,2006,sn,m,15-24,172,Smear Negative
Armenia,2006,sn,m,25-34,64,Smear Negative
Armenia,2006,sn,m,35-44,68,Smear Negative
Armenia,2006,sn,m,45-54,97,Smear Negative
Armenia,2006,sn,m,55-64,44,Smear Negative
Armenia,2006,sn,m,65+,79,Smear Negative
Armenia,2006,sn,f,0-14,25,Smear Negative
Armenia,2006,sn,f,15-24,36,Smear Negative
Armenia,2006,sn,f,25-34,31,Smear Negative
Armenia,2006,sn,f,35-44,15,Smear Negative
Armenia,2006,sn,f,45-54,16,Smear Negative
Armenia,2006,sn,f,55-64,9,Smear Negative
Armenia,2006,sn,f,65+,11,Smear Negative
Armenia,2006,ep,m,0-14,25,Extrapulmonary
Armenia,2006,ep,m,15-24,103,Extrapulmonary
Armenia,2006,ep,m,25-34,29,Extrapulmonary
Armenia,2006,ep,m,35-44,24,Extrapulmonary
Armenia,2006,ep,m,45-54,14,Extrapulmonary
Armenia,2006,ep,m,55-64,8,Extrapulmonary
Armenia,2006,ep,m,65+,17,Extrapulmonary
Armenia,2006,ep,f,0-14,12,Extrapulmonary
Armenia,2006,ep,f,15-24,19,Extrapulmonary
Armenia,2006,ep,f,25-34,25,Extrapulmonary
Armenia,2006,ep,f,35-44,12,Extrapulmonary
Armenia,2006,ep,f,45-54,18,Extrapulmonary
Armenia,2006,ep,f,55-64,8,Extrapulmonary
Armenia,2006,ep,f,65+,10,Extrapulmonary
Armenia,2007,sp,m,0-14,1,Smear Positive
Armenia,2007,sp,m,15-24,81,Smear Positive
Armenia,2007,sp,m,25-34,87,Smear Positive
Armenia,2007,sp,m,35-44,100,Smear Positive
Armenia,2007,sp,m,45-54,92,Smear Positive
Armenia,2007,sp,m,55-64,29,Smear Positive
Armenia,2007,sp,m,65+,20,Smear Positive
Armenia,2007,sp,f,0-14,2,Smear Positive
Armenia,2007,sp,f,15-24,31,Smear Positive
Armenia,2007,sp,f,25-34,22,Smear Positive
Armenia,2007,sp,f,35-44,11,Smear Positive
Armenia,2007,sp,f,45-54,7,Smear Positive
Armenia,2007,sp,f,55-64,7,Smear Positive
Armenia,2007,sp,f,65+,7,Smear Positive
Armenia,2007,sn,m,0-14,26,Smear Negative
Armenia,2007,sn,m,15-24,122,Smear Negative
Armenia,2007,sn,m,25-34,78,Smear Negative
Armenia,2007,sn,m,35-44,62,Smear Negative
Armenia,2007,sn,m,45-54,106,Smear Negative
Armenia,2007,sn,m,55-64,59,Smear Negative
Armenia,2007,sn,m,65+,84,Smear Negative
Armenia,2007,sn,f,0-14,12,Smear Negative
Armenia,2007,sn,f,15-24,36,Smear Negative
Armenia,2007,sn,f,25-34,33,Smear Negative
Armenia,2007,sn,f,35-44,23,Smear Negative
Armenia,2007,sn,f,45-54,22,Smear Negative
Armenia,2007,sn,f,55-64,15,Smear Negative
Armenia,2007,sn,f,65+,21,Smear Negative
Armenia,2007,ep,m,0-14,0,Extrapulmonary
Armenia,2007,ep,m,15-24,0,Extrapulmonary
Armenia,2007,ep,m,25-34,0,Extrapulmonary
Armenia,2007,ep,m,35-44,0,Extrapulmonary
Armenia,2007,ep,m,45-54,0,Extrapulmonary
Armenia,2007,ep,m,55-64,0,Extrapulmonary
Armenia,2007,ep,m,65+,0,Extrapulmonary
Armenia,2007,ep,f,0-14,0,Extrapulmonary
Armenia,2007,ep,f,15-24,0,Extrapulmonary
Armenia,2007,ep,f,25-34,0,Extrapulmonary
Armenia,2007,ep,f,35-44,0,Extrapulmonary
Armenia,2007,ep,f,45-54,0,Extrapulmonary
Armenia,2007,ep,f,55-64,0,Extrapulmonary
Armenia,2007,ep,f,65+,0,Extrapulmonary
Armenia,2008,sp,m,0-14,0,Smear Positive
Armenia,2008,sp,m,15-24,53,Smear Positive
Armenia,2008,sp,m,25-34,103,Smear Positive
Armenia,2008,sp,m,35-44,74,Smear Positive
Armenia,2008,sp,m,45-54,87,Smear Positive
Armenia,2008,sp,m,55-64,37,Smear Positive
Armenia,2008,sp,m,65+,15,Smear Positive
Armenia,2008,sp,f,0-14,4,Smear Positive
Armenia,2008,sp,f,15-24,44,Smear Positive
Armenia,2008,sp,f,25-34,25,Smear Positive
Armenia,2008,sp,f,35-44,10,Smear Positive
Armenia,2008,sp,f,45-54,14,Smear Positive
Armenia,2008,sp,f,55-64,10,Smear Positive
Armenia,2008,sp,f,65+,11,Smear Positive
Armenia,2008,sn,m,0-14,18,Smear Negative
Armenia,2008,sn,m,15-24,107,Smear Negative
Armenia,2008,sn,m,25-34,88,Smear Negative
Armenia,2008,sn,m,35-44,76,Smear Negative
Armenia,2008,sn,m,45-54,112,Smear Negative
Armenia,2008,sn,m,55-64,64,Smear Negative
Armenia,2008,sn,m,65+,79,Smear Negative
Armenia,2008,sn,f,0-14,15,Smear Negative
Armenia,2008,sn,f,15-24,38,Smear Negative
Armenia,2008,sn,f,25-34,45,Smear Negative
Armenia,2008,sn,f,35-44,27,Smear Negative
Armenia,2008,sn,f,45-54,30,Smear Negative
Armenia,2008,sn,f,55-64,12,Smear Negative
Armenia,2008,sn,f,65+,13,Smear Negative
Armenia,2008,ep,m,0-14,29,Extrapulmonary
Armenia,2008,ep,m,15-24,51,Extrapulmonary
Armenia,2008,ep,m,25-34,30,Extrapulmonary
Armenia,2008,ep,m,35-44,21,Extrapulmonary
Armenia,2008,ep,m,45-54,33,Extrapulmonary
Armenia,2008,ep,m,55-64,13,Extrapulmonary
Armenia,2008,ep,m,65+,11,Extrapulmonary
Armenia,2008,ep,f,0-14,19,Extrapulmonary
Armenia,2008,ep,f,15-24,23,Extrapulmonary
Armenia,2008,ep,f,25-34,18,Extrapulmonary
Armenia,2008,ep,f,35-44,14,Extrapulmonary
Armenia,2008,ep,f,45-54,14,Extrapulmonary
Armenia,2008,ep,f,55-64,15,Extrapulmonary
Armenia,2008,ep,f,65+,5,Extrapulmonary
Armenia,2009,sp,m,0-14,1,Smear Positive
Armenia,2009,sp,m,15-24,52,Smear Positive
Armenia,2009,sp,m,25-34,76,Smear Positive
Armenia,2009,sp,m,35-44,59,Smear Positive
Armenia,2009,sp,m,45-54,102,Smear Positive
Armenia,2009,sp,m,55-64,36,Smear Positive
Armenia,2009,sp,m,65+,16,Smear Positive
Armenia,2009,sp,f,0-14,2,Smear Positive
Armenia,2009,sp,f,15-24,33,Smear Positive
Armenia,2009,sp,f,25-34,29,Smear Positive
Armenia,2009,sp,f,35-44,7,Smear Positive
Armenia,2009,sp,f,45-54,9,Smear Positive
Armenia,2009,sp,f,55-64,9,Smear Positive
Armenia,2009,sp,f,65+,9,Smear Positive
Armenia,2009,sn,m,0-14,6,Smear Negative
Armenia,2009,sn,m,15-24,102,Smear Negative
Armenia,2009,sn,m,25-34,100,Smear Negative
Armenia,2009,sn,m,35-44,85,Smear Negative
Armenia,2009,sn,m,45-54,106,Smear Negative
Armenia,2009,sn,m,55-64,84,Smear Negative
Armenia,2009,sn,m,65+,69,Smear Negative
Armenia,2009,sn,f,0-14,6,Smear Negative
Armenia,2009,sn,f,15-24,38,Smear Negative
Armenia,2009,sn,f,25-34,42,Smear Negative
Armenia,2009,sn,f,35-44,23,Smear Negative
Armenia,2009,sn,f,45-54,26,Smear Negative
Armenia,2009,sn,f,55-64,16,Smear Negative
Armenia,2009,sn,f,65+,22,Smear Negative
Armenia,2009,ep,m,0-14,32,Extrapulmonary
Armenia,2009,ep,m,15-24,61,Extrapulmonary
Armenia,2009,ep,m,25-34,28,Extrapulmonary
Armenia,2009,ep,m,35-44,22,Extrapulmonary
Armenia,2009,ep,m,45-54,21,Extrapulmonary
Armenia,2009,ep,m,55-64,15,Extrapulmonary
Armenia,2009,ep,m,65+,15,Extrapulmonary
Armenia,2009,ep,f,0-14,18,Extrapulmonary
Armenia,2009,ep,f,15-24,31,Extrapulmonary
Armenia,2009,ep,f,25-34,10,Extrapulmonary
Armenia,2009,ep,f,35-44,12,Extrapulmonary
Armenia,2009,ep,f,45-54,18,Extrapulmonary
Armenia,2009,ep,f,55-64,9,Extrapulmonary
Armenia,2009,ep,f,65+,7,Extrapulmonary
Armenia,2010,sp,m,0-14,0,Smear Positive
Armenia,2010,sp,m,15-24,36,Smear Positive
Armenia,2010,sp,m,25-34,75,Smear Positive
Armenia,2010,sp,m,35-44,49,Smear Positive
Armenia,2010,sp,m,45-54,68,Smear Positive
Armenia,2010,sp,m,55-64,27,Smear Positive
Armenia,2010,sp,m,65+,15,Smear Positive
Armenia,2010,sp,f,0-14,1,Smear Positive
Armenia,2010,sp,f,15-24,24,Smear Positive
Armenia,2010,sp,f,25-34,17,Smear Positive
Armenia,2010,sp,f,35-44,4,Smear Positive
Armenia,2010,sp,f,45-54,7,Smear Positive
Armenia,2010,sp,f,55-64,8,Smear Positive
Armenia,2010,sp,f,65+,8,Smear Positive
Armenia,2010,sn,m,0-14,6,Smear Negative
Armenia,2010,sn,m,15-24,77,Smear Negative
Armenia,2010,sn,m,25-34,93,Smear Negative
Armenia,2010,sn,m,35-44,72,Smear Negative
Armenia,2010,sn,m,45-54,101,Smear Negative
Armenia,2010,sn,m,55-64,75,Smear Negative
Armenia,2010,sn,m,65+,49,Smear Negative
Armenia,2010,sn,f,0-14,7,Smear Negative
Armenia,2010,sn,f,15-24,28,Smear Negative
Armenia,2010,sn,f,25-34,52,Smear Negative
Armenia,2010,sn,f,35-44,17,Smear Negative
Armenia,2010,sn,f,45-54,24,Smear Negative
Armenia,2010,sn,f,55-64,23,Smear Negative
Armenia,2010,sn,f,65+,15,Smear Negative
Armenia,2010,ep,m,0-14,31,Extrapulmonary
Armenia,2010,ep,m,15-24,53,Extrapulmonary
Armenia,2010,ep,m,25-34,44,Extrapulmonary
Armenia,2010,ep,m,35-44,18,Extrapulmonary
Armenia,2010,ep,m,45-54,23,Extrapulmonary
Armenia,2010,ep,m,55-64,17,Extrapulmonary
Armenia,2010,ep,m,65+,17,Extrapulmonary
Armenia,2010,ep,f,0-14,14,Extrapulmonary
Armenia,2010,ep,f,15-24,35,Extrapulmonary
Armenia,2010,ep,f,25-34,33,Extrapulmonary
Armenia,2010,ep,f,35-44,14,Extrapulmonary
Armenia,2010,ep,f,45-54,28,Extrapulmonary
Armenia,2010,ep,f,55-64,16,Extrapulmonary
Armenia,2010,ep,f,65+,8,Extrapulmonary
Armenia,2011,sp,m,0-14,0,Smear Positive
Armenia,2011,sp,m,15-24,28,Smear Positive
Armenia,2011,sp,m,25-34,65,Smear Positive
Armenia,2011,sp,m,35-44,52,Smear Positive
Armenia,2011,sp,m,45-54,71,Smear Positive
Armenia,2011,sp,m,55-64,42,Smear Positive
Armenia,2011,sp,m,65+,8,Smear Positive
Armenia,2011,sp,f,0-14,0,Smear Positive
Armenia,2011,sp,f,15-24,19,Smear Positive
Armenia,2011,sp,f,25-34,16,Smear Positive
Armenia,2011,sp,f,35-44,9,Smear Positive
Armenia,2011,sp,f,45-54,7,Smear Positive
Armenia,2011,sp,f,55-64,7,Smear Positive
Armenia,2011,sp,f,65+,5,Smear Positive
Armenia,2011,sn,m,0-14,5,Smear Negative
Armenia,2011,sn,m,15-24,66,Smear Negative
Armenia,2011,sn,m,25-34,76,Smear Negative
Armenia,2011,sn,m,35-44,64,Smear Negative
Armenia,2011,sn,m,45-54,93,Smear Negative
Armenia,2011,sn,m,55-64,72,Smear Negative
Armenia,2011,sn,m,65+,69,Smear Negative
Armenia,2011,sn,f,0-14,11,Smear Negative
Armenia,2011,sn,f,15-24,20,Smear Negative
Armenia,2011,sn,f,25-34,27,Smear Negative
Armenia,2011,sn,f,35-44,18,Smear Negative
Armenia,2011,sn,f,45-54,29,Smear Negative
Armenia,2011,sn,f,55-64,18,Smear Negative
Armenia,2011,sn,f,65+,14,Smear Negative
Armenia,2011,ep,m,0-14,19,Extrapulmonary
Armenia,2011,ep,m,15-24,43,Extrapulmonary
Armenia,2011,ep,m,25-34,33,Extrapulmonary
Armenia,2011,ep,m,35-44,18,Extrapulmonary
Armenia,2011,ep,m,45-54,19,Extrapulmonary
Armenia,2011,ep,m,55-64,22,Extrapulmonary
Armenia,2011,ep,m,65+,13,Extrapulmonary
Armenia,2011,ep,f,0-14,12,Extrapulmonary
Armenia,2011,ep,f,15-24,30,Extrapulmonary
Armenia,2011,ep,f,25-34,23,Extrapulmonary
Armenia,2011,ep,f,35-44,15,Extrapulmonary
Armenia,2011,ep,f,45-54,21,Extrapulmonary
Armenia,2011,ep,f,55-64,12,Extrapulmonary
Armenia,2011,ep,f,65+,9,Extrapulmonary
Armenia,2012,sp,m,0-14,1,Smear Positive
Armenia,2012,sp,m,15-24,23,Smear Positive
Armenia,2012,sp,m,25-34,67,Smear Positive
Armenia,2012,sp,m,35-44,60,Smear Positive
Armenia,2012,sp,m,45-54,56,Smear Positive
Armenia,2012,sp,m,55-64,34,Smear Positive
Armenia,2012,sp,m,65+,18,Smear Positive
Armenia,2012,sp,f,0-14,0,Smear Positive
Armenia,2012,sp,f,15-24,13,Smear Positive
Armenia,2012,sp,f,25-34,19,Smear Positive
Armenia,2012,sp,f,35-44,12,Smear Positive
Armenia,2012,sp,f,45-54,2,Smear Positive
Armenia,2012,sp,f,55-64,5,Smear Positive
Armenia,2012,sp,f,65+,5,Smear Positive
Armenia,2012,sn,m,0-14,8,Smear Negative
Armenia,2012,sn,m,15-24,53,Smear Negative
Armenia,2012,sn,m,25-34,73,Smear Negative
Armenia,2012,sn,m,35-44,64,Smear Negative
Armenia,2012,sn,m,45-54,84,Smear Negative
Armenia,2012,sn,m,55-64,89,Smear Negative
Armenia,2012,sn,m,65+,58,Smear Negative
Armenia,2012,sn,f,0-14,2,Smear Negative
Armenia,2012,sn,f,15-24,18,Smear Negative
Armenia,2012,sn,f,25-34,32,Smear Negative
Armenia,2012,sn,f,35-44,13,Smear Negative
Armenia,2012,sn,f,45-54,21,Smear Negative
Armenia,2012,sn,f,55-64,22,Smear Negative
Armenia,2012,sn,f,65+,16,Smear Negative
Armenia,2012,ep,m,0-14,20,Extrapulmonary
Armenia,2012,ep,m,15-24,34,Extrapulmonary
Armenia,2012,ep,m,25-34,14,Extrapulmonary
Armenia,2012,ep,m,35-44,27,Extrapulmonary
Armenia,2012,ep,m,45-54,29,Extrapulmonary
Armenia,2012,ep,m,55-64,18,Extrapulmonary
Armenia,2012,ep,m,65+,13,Extrapulmonary
Armenia,2012,ep,f,0-14,6,Extrapulmonary
Armenia,2012,ep,f,15-24,12,Extrapulmonary
Armenia,2012,ep,f,25-34,34,Extrapulmonary
Armenia,2012,ep,f,35-44,15,Extrapulmonary
Armenia,2012,ep,f,45-54,11,Extrapulmonary
Armenia,2012,ep,f,55-64,13,Extrapulmonary
Armenia,2012,ep,f,65+,9,Extrapulmonary
Armenia,2013,rel,m,0-14,25,Relapse
Armenia,2013,rel,m,15-24,116,Relapse
Armenia,2013,rel,m,25-34,169,Relapse
Armenia,2013,rel,m,35-44,165,Relapse
Armenia,2013,rel,m,45-54,254,Relapse
Armenia,2013,rel,m,55-64,217,Relapse
Armenia,2013,rel,m,65+,122,Relapse
Armenia,2013,rel,f,0-14,17,Relapse
Armenia,2013,rel,f,15-24,50,Relapse
Armenia,2013,rel,f,25-34,81,Relapse
Armenia,2013,rel,f,35-44,48,Relapse
Armenia,2013,rel,f,45-54,52,Relapse
Armenia,2013,rel,f,55-64,48,Relapse
Armenia,2013,rel,f,65+,33,Relapse
Aruba,2011,sp,m,45-54,4,Smear Positive
Aruba,2011,sp,m,65+,1,Smear Positive
Aruba,2011,sp,f,25-34,1,Smear Positive
Aruba,2011,sp,f,65+,1,Smear Positive
Aruba,2011,ep,m,45-54,1,Extrapulmonary
Aruba,2012,sp,m,35-44,2,Smear Positive
Aruba,2012,sp,m,45-54,3,Smear Positive
Aruba,2012,sp,f,0-14,1,Smear Positive
Aruba,2012,sp,f,15-24,4,Smear Positive
Aruba,2012,sp,f,35-44,2,Smear Positive
Aruba,2012,sp,f,45-54,1,Smear Positive
Aruba,2012,sp,f,65+,1,Smear Positive
Aruba,2012,sn,m,0-14,1,Smear Negative
Aruba,2012,sn,m,15-24,1,Smear Negative
Aruba,2012,sn,m,35-44,2,Smear Negative
Aruba,2012,sn,m,45-54,4,Smear Negative
Aruba,2012,sn,m,55-64,2,Smear Negative
Aruba,2012,sn,f,0-14,1,Smear Negative
Aruba,2012,sn,f,15-24,5,Smear Negative
Aruba,2012,sn,f,35-44,3,Smear Negative
Aruba,2012,sn,f,45-54,2,Smear Negative
Aruba,2012,sn,f,55-64,1,Smear Negative
Aruba,2012,sn,f,65+,1,Smear Negative
Aruba,2012,ep,m,35-44,2,Extrapulmonary
Aruba,2012,ep,m,45-54,3,Extrapulmonary
Aruba,2012,ep,f,0-14,1,Extrapulmonary
Aruba,2012,ep,f,15-24,4,Extrapulmonary
Aruba,2012,ep,f,35-44,1,Extrapulmonary
Aruba,2012,ep,f,55-64,1,Extrapulmonary
Aruba,2012,ep,f,65+,1,Extrapulmonary
Aruba,2013,rel,m,35-44,2,Relapse
Aruba,2013,rel,m,45-54,1,Relapse
Aruba,2013,rel,m,55-64,2,Relapse
Aruba,2013,rel,f,15-24,1,Relapse
Aruba,2013,rel,f,45-54,1,Relapse
Aruba,2013,rel,f,55-64,2,Relapse
Aruba,2013,rel,f,65+,2,Relapse
Australia,1997,sp,m,0-14,1,Smear Positive
Australia,1997,sp,m,15-24,8,Smear Positive
Australia,1997,sp,m,25-34,24,Smear Positive
Australia,1997,sp,m,35-44,18,Smear Positive
Australia,1997,sp,m,45-54,13,Smear Positive
Australia,1997,sp,m,55-64,17,Smear Positive
Australia,1997,sp,m,65+,28,Smear Positive
Australia,1997,sp,f,0-14,0,Smear Positive
Australia,1997,sp,f,15-24,10,Smear Positive
Australia,1997,sp,f,25-34,15,Smear Positive
Australia,1997,sp,f,35-44,9,Smear Positive
Australia,1997,sp,f,45-54,5,Smear Positive
Australia,1997,sp,f,55-64,10,Smear Positive
Australia,1997,sp,f,65+,12,Smear Positive
Australia,1998,sp,m,0-14,0,Smear Positive
Australia,1998,sp,m,15-24,11,Smear Positive
Australia,1998,sp,m,25-34,22,Smear Positive
Australia,1998,sp,m,35-44,18,Smear Positive
Australia,1998,sp,m,45-54,13,Smear Positive
Australia,1998,sp,m,55-64,15,Smear Positive
Australia,1998,sp,m,65+,31,Smear Positive
Australia,1998,sp,f,0-14,2,Smear Positive
Australia,1998,sp,f,15-24,19,Smear Positive
Australia,1998,sp,f,25-34,24,Smear Positive
Australia,1998,sp,f,35-44,15,Smear Positive
Australia,1998,sp,f,45-54,8,Smear Positive
Australia,1998,sp,f,55-64,2,Smear Positive
Australia,1998,sp,f,65+,24,Smear Positive
Australia,1999,sp,m,0-14,0,Smear Positive
Australia,1999,sp,m,15-24,13,Smear Positive
Australia,1999,sp,m,25-34,40,Smear Positive
Australia,1999,sp,m,35-44,54,Smear Positive
Australia,1999,sp,m,45-54,52,Smear Positive
Australia,1999,sp,m,55-64,37,Smear Positive
Australia,1999,sp,m,65+,49,Smear Positive
Australia,1999,sp,f,0-14,0,Smear Positive
Australia,1999,sp,f,15-24,10,Smear Positive
Australia,1999,sp,f,25-34,16,Smear Positive
Australia,1999,sp,f,35-44,18,Smear Positive
Australia,1999,sp,f,45-54,6,Smear Positive
Australia,1999,sp,f,55-64,2,Smear Positive
Australia,1999,sp,f,65+,26,Smear Positive
Australia,2000,sp,m,0-14,3,Smear Positive
Australia,2000,sp,m,15-24,16,Smear Positive
Australia,2000,sp,m,25-34,35,Smear Positive
Australia,2000,sp,m,35-44,25,Smear Positive
Australia,2000,sp,m,45-54,24,Smear Positive
Australia,2000,sp,m,55-64,19,Smear Positive
Australia,2000,sp,m,65+,49,Smear Positive
Australia,2000,sp,f,0-14,0,Smear Positive
Australia,2000,sp,f,15-24,15,Smear Positive
Australia,2000,sp,f,25-34,19,Smear Positive
Australia,2000,sp,f,35-44,12,Smear Positive
Australia,2000,sp,f,45-54,15,Smear Positive
Australia,2000,sp,f,55-64,5,Smear Positive
Australia,2000,sp,f,65+,14,Smear Positive
Australia,2001,sp,m,0-14,1,Smear Positive
Australia,2001,sp,m,15-24,23,Smear Positive
Australia,2001,sp,m,25-34,20,Smear Positive
Australia,2001,sp,m,35-44,18,Smear Positive
Australia,2001,sp,m,45-54,18,Smear Positive
Australia,2001,sp,m,55-64,13,Smear Positive
Australia,2001,sp,m,65+,35,Smear Positive
Australia,2001,sp,f,0-14,1,Smear Positive
Australia,2001,sp,f,15-24,21,Smear Positive
Australia,2001,sp,f,25-34,27,Smear Positive
Australia,2001,sp,f,35-44,16,Smear Positive
Australia,2001,sp,f,45-54,7,Smear Positive
Australia,2001,sp,f,55-64,8,Smear Positive
Australia,2001,sp,f,65+,20,Smear Positive
Australia,2002,sp,m,0-14,1,Smear Positive
Australia,2002,sp,m,15-24,15,Smear Positive
Australia,2002,sp,m,25-34,20,Smear Positive
Australia,2002,sp,m,35-44,26,Smear Positive
Australia,2002,sp,m,45-54,19,Smear Positive
Australia,2002,sp,m,55-64,13,Smear Positive
Australia,2002,sp,m,65+,34,Smear Positive
Australia,2002,sp,f,0-14,0,Smear Positive
Australia,2002,sp,f,15-24,15,Smear Positive
Australia,2002,sp,f,25-34,21,Smear Positive
Australia,2002,sp,f,35-44,15,Smear Positive
Australia,2002,sp,f,45-54,6,Smear Positive
Australia,2002,sp,f,55-64,4,Smear Positive
Australia,2002,sp,f,65+,23,Smear Positive
Australia,2003,sp,m,0-14,0,Smear Positive
Australia,2003,sp,m,15-24,14,Smear Positive
Australia,2003,sp,m,25-34,10,Smear Positive
Australia,2003,sp,m,35-44,2,Smear Positive
Australia,2003,sp,m,45-54,11,Smear Positive
Australia,2003,sp,m,55-64,5,Smear Positive
Australia,2003,sp,m,65+,30,Smear Positive
Australia,2003,sp,f,0-14,0,Smear Positive
Australia,2003,sp,f,15-24,9,Smear Positive
Australia,2003,sp,f,25-34,13,Smear Positive
Australia,2003,sp,f,35-44,3,Smear Positive
Australia,2003,sp,f,45-54,5,Smear Positive
Australia,2003,sp,f,55-64,4,Smear Positive
Australia,2003,sp,f,65+,7,Smear Positive
Australia,2004,sp,m,0-14,0,Smear Positive
Australia,2004,sp,m,15-24,18,Smear Positive
Australia,2004,sp,m,25-34,16,Smear Positive
Australia,2004,sp,m,35-44,17,Smear Positive
Australia,2004,sp,m,45-54,15,Smear Positive
Australia,2004,sp,m,55-64,11,Smear Positive
Australia,2004,sp,m,65+,32,Smear Positive
Australia,2004,sp,f,0-14,0,Smear Positive
Australia,2004,sp,f,15-24,6,Smear Positive
Australia,2004,sp,f,25-34,17,Smear Positive
Australia,2004,sp,f,35-44,5,Smear Positive
Australia,2004,sp,f,45-54,7,Smear Positive
Australia,2004,sp,f,55-64,3,Smear Positive
Australia,2004,sp,f,65+,19,Smear Positive
Australia,2005,sp,m,0-14,0,Smear Positive
Australia,2005,sp,m,15-24,32,Smear Positive
Australia,2005,sp,m,25-34,27,Smear Positive
Australia,2005,sp,m,35-44,23,Smear Positive
Australia,2005,sp,m,45-54,11,Smear Positive
Australia,2005,sp,m,55-64,12,Smear Positive
Australia,2005,sp,m,65+,30,Smear Positive
Australia,2005,sp,f,0-14,2,Smear Positive
Australia,2005,sp,f,15-24,18,Smear Positive
Australia,2005,sp,f,25-34,26,Smear Positive
Australia,2005,sp,f,35-44,11,Smear Positive
Australia,2005,sp,f,45-54,10,Smear Positive
Australia,2005,sp,f,55-64,6,Smear Positive
Australia,2005,sp,f,65+,14,Smear Positive
Australia,2006,sp,m,0-14,1,Smear Positive
Australia,2006,sp,m,15-24,33,Smear Positive
Australia,2006,sp,m,25-34,35,Smear Positive
Australia,2006,sp,m,35-44,23,Smear Positive
Australia,2006,sp,m,45-54,21,Smear Positive
Australia,2006,sp,m,55-64,16,Smear Positive
Australia,2006,sp,m,65+,43,Smear Positive
Australia,2006,sp,f,0-14,2,Smear Positive
Australia,2006,sp,f,15-24,18,Smear Positive
Australia,2006,sp,f,25-34,27,Smear Positive
Australia,2006,sp,f,35-44,14,Smear Positive
Australia,2006,sp,f,45-54,7,Smear Positive
Australia,2006,sp,f,55-64,9,Smear Positive
Australia,2006,sp,f,65+,21,Smear Positive
Australia,2006,sn,m,0-14,15,Smear Negative
Australia,2006,sn,m,15-24,37,Smear Negative
Australia,2006,sn,m,25-34,50,Smear Negative
Australia,2006,sn,m,35-44,31,Smear Negative
Australia,2006,sn,m,45-54,36,Smear Negative
Australia,2006,sn,m,55-64,20,Smear Negative
Australia,2006,sn,m,65+,53,Smear Negative
Australia,2006,sn,f,0-14,22,Smear Negative
Australia,2006,sn,f,15-24,20,Smear Negative
Australia,2006,sn,f,25-34,48,Smear Negative
Australia,2006,sn,f,35-44,30,Smear Negative
Australia,2006,sn,f,45-54,18,Smear Negative
Australia,2006,sn,f,55-64,15,Smear Negative
Australia,2006,sn,f,65+,42,Smear Negative
Australia,2006,ep,m,0-14,11,Extrapulmonary
Australia,2006,ep,m,15-24,30,Extrapulmonary
Australia,2006,ep,m,25-34,48,Extrapulmonary
Australia,2006,ep,m,35-44,33,Extrapulmonary
Australia,2006,ep,m,45-54,22,Extrapulmonary
Australia,2006,ep,m,55-64,21,Extrapulmonary
Australia,2006,ep,m,65+,45,Extrapulmonary
Australia,2006,ep,f,0-14,9,Extrapulmonary
Australia,2006,ep,f,15-24,30,Extrapulmonary
Australia,2006,ep,f,25-34,61,Extrapulmonary
Australia,2006,ep,f,35-44,47,Extrapulmonary
Australia,2006,ep,f,45-54,40,Extrapulmonary
Australia,2006,ep,f,55-64,17,Extrapulmonary
Australia,2006,ep,f,65+,43,Extrapulmonary
Australia,2007,sp,m,0-14,3,Smear Positive
Australia,2007,sp,m,15-24,30,Smear Positive
Australia,2007,sp,m,25-34,33,Smear Positive
Australia,2007,sp,m,35-44,20,Smear Positive
Australia,2007,sp,m,45-54,15,Smear Positive
Australia,2007,sp,m,55-64,14,Smear Positive
Australia,2007,sp,m,65+,37,Smear Positive
Australia,2007,sp,f,0-14,4,Smear Positive
Australia,2007,sp,f,15-24,26,Smear Positive
Australia,2007,sp,f,25-34,37,Smear Positive
Australia,2007,sp,f,35-44,20,Smear Positive
Australia,2007,sp,f,45-54,12,Smear Positive
Australia,2007,sp,f,55-64,7,Smear Positive
Australia,2007,sp,f,65+,23,Smear Positive
Australia,2007,sn,m,0-14,17,Smear Negative
Australia,2007,sn,m,15-24,30,Smear Negative
Australia,2007,sn,m,25-34,53,Smear Negative
Australia,2007,sn,m,35-44,23,Smear Negative
Australia,2007,sn,m,45-54,33,Smear Negative
Australia,2007,sn,m,55-64,17,Smear Negative
Australia,2007,sn,m,65+,45,Smear Negative
Australia,2007,sn,f,0-14,16,Smear Negative
Australia,2007,sn,f,15-24,23,Smear Negative
Australia,2007,sn,f,25-34,41,Smear Negative
Australia,2007,sn,f,35-44,21,Smear Negative
Australia,2007,sn,f,45-54,11,Smear Negative
Australia,2007,sn,f,55-64,12,Smear Negative
Australia,2007,sn,f,65+,30,Smear Negative
Australia,2007,ep,m,0-14,9,Extrapulmonary
Australia,2007,ep,m,15-24,32,Extrapulmonary
Australia,2007,ep,m,25-34,68,Extrapulmonary
Australia,2007,ep,m,35-44,35,Extrapulmonary
Australia,2007,ep,m,45-54,25,Extrapulmonary
Australia,2007,ep,m,55-64,22,Extrapulmonary
Australia,2007,ep,m,65+,24,Extrapulmonary
Australia,2007,ep,f,0-14,8,Extrapulmonary
Australia,2007,ep,f,15-24,17,Extrapulmonary
Australia,2007,ep,f,25-34,74,Extrapulmonary
Australia,2007,ep,f,35-44,29,Extrapulmonary
Australia,2007,ep,f,45-54,36,Extrapulmonary
Australia,2007,ep,f,55-64,23,Extrapulmonary
Australia,2007,ep,f,65+,26,Extrapulmonary
Australia,2008,sp,m,0-14,2,Smear Positive
Australia,2008,sp,m,15-24,46,Smear Positive
Australia,2008,sp,m,25-34,33,Smear Positive
Australia,2008,sp,m,35-44,20,Smear Positive
Australia,2008,sp,m,45-54,27,Smear Positive
Australia,2008,sp,m,55-64,23,Smear Positive
Australia,2008,sp,m,65+,42,Smear Positive
Australia,2008,sp,f,0-14,3,Smear Positive
Australia,2008,sp,f,15-24,27,Smear Positive
Australia,2008,sp,f,25-34,32,Smear Positive
Australia,2008,sp,f,35-44,14,Smear Positive
Australia,2008,sp,f,45-54,6,Smear Positive
Australia,2008,sp,f,55-64,11,Smear Positive
Australia,2008,sp,f,65+,10,Smear Positive
Australia,2008,sn,m,0-14,12,Smear Negative
Australia,2008,sn,m,15-24,65,Smear Negative
Australia,2008,sn,m,25-34,58,Smear Negative
Australia,2008,sn,m,35-44,34,Smear Negative
Australia,2008,sn,m,45-54,19,Smear Negative
Australia,2008,sn,m,55-64,26,Smear Negative
Australia,2008,sn,m,65+,37,Smear Negative
Australia,2008,sn,f,0-14,17,Smear Negative
Australia,2008,sn,f,15-24,29,Smear Negative
Australia,2008,sn,f,25-34,42,Smear Negative
Australia,2008,sn,f,35-44,17,Smear Negative
Australia,2008,sn,f,45-54,13,Smear Negative
Australia,2008,sn,f,55-64,12,Smear Negative
Australia,2008,sn,f,65+,18,Smear Negative
Australia,2008,ep,m,0-14,11,Extrapulmonary
Australia,2008,ep,m,15-24,30,Extrapulmonary
Australia,2008,ep,m,25-34,70,Extrapulmonary
Australia,2008,ep,m,35-44,38,Extrapulmonary
Australia,2008,ep,m,45-54,25,Extrapulmonary
Australia,2008,ep,m,55-64,13,Extrapulmonary
Australia,2008,ep,m,65+,28,Extrapulmonary
Australia,2008,ep,f,0-14,7,Extrapulmonary
Australia,2008,ep,f,15-24,39,Extrapulmonary
Australia,2008,ep,f,25-34,67,Extrapulmonary
Australia,2008,ep,f,35-44,47,Extrapulmonary
Australia,2008,ep,f,45-54,33,Extrapulmonary
Australia,2008,ep,f,55-64,26,Extrapulmonary
Australia,2008,ep,f,65+,29,Extrapulmonary
Australia,2009,sp,m,0-14,3,Smear Positive
Australia,2009,sp,m,15-24,30,Smear Positive
Australia,2009,sp,m,25-34,37,Smear Positive
Australia,2009,sp,m,35-44,16,Smear Positive
Australia,2009,sp,m,45-54,24,Smear Positive
Australia,2009,sp,m,55-64,12,Smear Positive
Australia,2009,sp,m,65+,34,Smear Positive
Australia,2009,sp,f,0-14,4,Smear Positive
Australia,2009,sp,f,15-24,31,Smear Positive
Australia,2009,sp,f,25-34,27,Smear Positive
Australia,2009,sp,f,35-44,14,Smear Positive
Australia,2009,sp,f,45-54,12,Smear Positive
Australia,2009,sp,f,55-64,11,Smear Positive
Australia,2009,sp,f,65+,12,Smear Positive
Australia,2009,sn,m,0-14,14,Smear Negative
Australia,2009,sn,m,15-24,46,Smear Negative
Australia,2009,sn,m,25-34,51,Smear Negative
Australia,2009,sn,m,35-44,24,Smear Negative
Australia,2009,sn,m,45-54,23,Smear Negative
Australia,2009,sn,m,55-64,18,Smear Negative
Australia,2009,sn,m,65+,44,Smear Negative
Australia,2009,sn,f,0-14,10,Smear Negative
Australia,2009,sn,f,15-24,41,Smear Negative
Australia,2009,sn,f,25-34,51,Smear Negative
Australia,2009,sn,f,35-44,24,Smear Negative
Australia,2009,sn,f,45-54,19,Smear Negative
Australia,2009,sn,f,55-64,13,Smear Negative
Australia,2009,sn,f,65+,13,Smear Negative
Australia,2009,ep,m,0-14,15,Extrapulmonary
Australia,2009,ep,m,15-24,50,Extrapulmonary
Australia,2009,ep,m,25-34,95,Extrapulmonary
Australia,2009,ep,m,35-44,49,Extrapulmonary
Australia,2009,ep,m,45-54,19,Extrapulmonary
Australia,2009,ep,m,55-64,14,Extrapulmonary
Australia,2009,ep,m,65+,26,Extrapulmonary
Australia,2009,ep,f,0-14,8,Extrapulmonary
Australia,2009,ep,f,15-24,32,Extrapulmonary
Australia,2009,ep,f,25-34,86,Extrapulmonary
Australia,2009,ep,f,35-44,42,Extrapulmonary
Australia,2009,ep,f,45-54,28,Extrapulmonary
Australia,2009,ep,f,55-64,21,Extrapulmonary
Australia,2009,ep,f,65+,25,Extrapulmonary
Australia,2010,sp,m,0-14,2,Smear Positive
Australia,2010,sp,m,15-24,42,Smear Positive
Australia,2010,sp,m,25-34,33,Smear Positive
Australia,2010,sp,m,35-44,22,Smear Positive
Australia,2010,sp,m,45-54,25,Smear Positive
Australia,2010,sp,m,55-64,9,Smear Positive
Australia,2010,sp,m,65+,27,Smear Positive
Australia,2010,sp,f,0-14,4,Smear Positive
Australia,2010,sp,f,15-24,36,Smear Positive
Australia,2010,sp,f,25-34,43,Smear Positive
Australia,2010,sp,f,35-44,12,Smear Positive
Australia,2010,sp,f,45-54,2,Smear Positive
Australia,2010,sp,f,55-64,5,Smear Positive
Australia,2010,sp,f,65+,12,Smear Positive
Australia,2010,sn,m,0-14,13,Smear Negative
Australia,2010,sn,m,15-24,54,Smear Negative
Australia,2010,sn,m,25-34,68,Smear Negative
Australia,2010,sn,m,35-44,28,Smear Negative
Australia,2010,sn,m,45-54,25,Smear Negative
Australia,2010,sn,m,55-64,19,Smear Negative
Australia,2010,sn,m,65+,36,Smear Negative
Australia,2010,sn,f,0-14,9,Smear Negative
Australia,2010,sn,f,15-24,38,Smear Negative
Australia,2010,sn,f,25-34,52,Smear Negative
Australia,2010,sn,f,35-44,23,Smear Negative
Australia,2010,sn,f,45-54,18,Smear Negative
Australia,2010,sn,f,55-64,9,Smear Negative
Australia,2010,sn,f,65+,16,Smear Negative
Australia,2010,ep,m,0-14,8,Extrapulmonary
Australia,2010,ep,m,15-24,33,Extrapulmonary
Australia,2010,ep,m,25-34,97,Extrapulmonary
Australia,2010,ep,m,35-44,40,Extrapulmonary
Australia,2010,ep,m,45-54,23,Extrapulmonary
Australia,2010,ep,m,55-64,10,Extrapulmonary
Australia,2010,ep,m,65+,21,Extrapulmonary
Australia,2010,ep,f,0-14,5,Extrapulmonary
Australia,2010,ep,f,15-24,40,Extrapulmonary
Australia,2010,ep,f,25-34,84,Extrapulmonary
Australia,2010,ep,f,35-44,28,Extrapulmonary
Australia,2010,ep,f,45-54,30,Extrapulmonary
Australia,2010,ep,f,55-64,13,Extrapulmonary
Australia,2010,ep,f,65+,25,Extrapulmonary
Australia,2011,sp,m,0-14,2,Smear Positive
Australia,2011,sp,m,15-24,38,Smear Positive
Australia,2011,sp,m,25-34,44,Smear Positive
Australia,2011,sp,m,35-44,26,Smear Positive
Australia,2011,sp,m,45-54,19,Smear Positive
Australia,2011,sp,m,55-64,12,Smear Positive
Australia,2011,sp,m,65+,37,Smear Positive
Australia,2011,sp,f,0-14,3,Smear Positive
Australia,2011,sp,f,15-24,26,Smear Positive
Australia,2011,sp,f,25-34,40,Smear Positive
Australia,2011,sp,f,35-44,23,Smear Positive
Australia,2011,sp,f,45-54,7,Smear Positive
Australia,2011,sp,f,55-64,7,Smear Positive
Australia,2011,sp,f,65+,17,Smear Positive
Australia,2011,sn,m,0-14,11,Smear Negative
Australia,2011,sn,m,15-24,40,Smear Negative
Australia,2011,sn,m,25-34,82,Smear Negative
Australia,2011,sn,m,35-44,29,Smear Negative
Australia,2011,sn,m,45-54,15,Smear Negative
Australia,2011,sn,m,55-64,26,Smear Negative
Australia,2011,sn,m,65+,42,Smear Negative
Australia,2011,sn,f,0-14,16,Smear Negative
Australia,2011,sn,f,15-24,37,Smear Negative
Australia,2011,sn,f,25-34,60,Smear Negative
Australia,2011,sn,f,35-44,30,Smear Negative
Australia,2011,sn,f,45-54,13,Smear Negative
Australia,2011,sn,f,55-64,9,Smear Negative
Australia,2011,sn,f,65+,26,Smear Negative
Australia,2011,ep,m,0-14,8,Extrapulmonary
Australia,2011,ep,m,15-24,42,Extrapulmonary
Australia,2011,ep,m,25-34,84,Extrapulmonary
Australia,2011,ep,m,35-44,43,Extrapulmonary
Australia,2011,ep,m,45-54,31,Extrapulmonary
Australia,2011,ep,m,55-64,13,Extrapulmonary
Australia,2011,ep,m,65+,22,Extrapulmonary
Australia,2011,ep,f,0-14,7,Extrapulmonary
Australia,2011,ep,f,15-24,34,Extrapulmonary
Australia,2011,ep,f,25-34,88,Extrapulmonary
Australia,2011,ep,f,35-44,36,Extrapulmonary
Australia,2011,ep,f,45-54,23,Extrapulmonary
Australia,2011,ep,f,55-64,18,Extrapulmonary
Australia,2011,ep,f,65+,14,Extrapulmonary
Australia,2012,sp,m,0-14,3,Smear Positive
Australia,2012,sp,m,15-24,26,Smear Positive
Australia,2012,sp,m,25-34,40,Smear Positive
Australia,2012,sp,m,35-44,17,Smear Positive
Australia,2012,sp,m,45-54,25,Smear Positive
Australia,2012,sp,m,55-64,16,Smear Positive
Australia,2012,sp,m,65+,37,Smear Positive
Australia,2012,sp,f,0-14,1,Smear Positive
Australia,2012,sp,f,15-24,27,Smear Positive
Australia,2012,sp,f,25-34,48,Smear Positive
Australia,2012,sp,f,35-44,15,Smear Positive
Australia,2012,sp,f,45-54,11,Smear Positive
Australia,2012,sp,f,55-64,9,Smear Positive
Australia,2012,sp,f,65+,15,Smear Positive
Australia,2012,sn,m,0-14,14,Smear Negative
Australia,2012,sn,m,15-24,43,Smear Negative
Australia,2012,sn,m,25-34,46,Smear Negative
Australia,2012,sn,m,35-44,28,Smear Negative
Australia,2012,sn,m,45-54,29,Smear Negative
Australia,2012,sn,m,55-64,22,Smear Negative
Australia,2012,sn,m,65+,53,Smear Negative
Australia,2012,sn,f,0-14,14,Smear Negative
Australia,2012,sn,f,15-24,28,Smear Negative
Australia,2012,sn,f,25-34,65,Smear Negative
Australia,2012,sn,f,35-44,27,Smear Negative
Australia,2012,sn,f,45-54,12,Smear Negative
Australia,2012,sn,f,55-64,14,Smear Negative
Australia,2012,sn,f,65+,12,Smear Negative
Australia,2012,ep,m,0-14,8,Extrapulmonary
Australia,2012,ep,m,15-24,31,Extrapulmonary
Australia,2012,ep,m,25-34,119,Extrapulmonary
Australia,2012,ep,m,35-44,38,Extrapulmonary
Australia,2012,ep,m,45-54,19,Extrapulmonary
Australia,2012,ep,m,55-64,17,Extrapulmonary
Australia,2012,ep,m,65+,30,Extrapulmonary
Australia,2012,ep,f,0-14,8,Extrapulmonary
Australia,2012,ep,f,15-24,32,Extrapulmonary
Australia,2012,ep,f,25-34,76,Extrapulmonary
Australia,2012,ep,f,35-44,42,Extrapulmonary
Australia,2012,ep,f,45-54,32,Extrapulmonary
Australia,2012,ep,f,55-64,20,Extrapulmonary
Australia,2012,ep,f,65+,26,Extrapulmonary
Australia,2013,rel,m,0-14,28,Relapse
Australia,2013,rel,m,15-24,105,Relapse
Australia,2013,rel,m,25-34,206,Relapse
Australia,2013,rel,m,35-44,108,Relapse
Australia,2013,rel,m,45-54,67,Relapse
Australia,2013,rel,m,55-64,68,Relapse
Australia,2013,rel,m,65+,120,Relapse
Australia,2013,rel,f,0-14,20,Relapse
Australia,2013,rel,f,15-24,95,Relapse
Australia,2013,rel,f,25-34,165,Relapse
Australia,2013,rel,f,35-44,97,Relapse
Australia,2013,rel,f,45-54,62,Relapse
Australia,2013,rel,f,55-64,46,Relapse
Australia,2013,rel,f,65+,63,Relapse
Austria,1995,sp,m,0-14,4,Smear Positive
Austria,1995,sp,m,15-24,37,Smear Positive
Austria,1995,sp,m,25-34,95,Smear Positive
Austria,1995,sp,m,35-44,82,Smear Positive
Austria,1995,sp,m,45-54,89,Smear Positive
Austria,1995,sp,m,55-64,71,Smear Positive
Austria,1995,sp,m,65+,73,Smear Positive
Austria,1995,sp,f,0-14,6,Smear Positive
Austria,1995,sp,f,15-24,22,Smear Positive
Austria,1995,sp,f,25-34,52,Smear Positive
Austria,1995,sp,f,35-44,32,Smear Positive
Austria,1995,sp,f,45-54,21,Smear Positive
Austria,1995,sp,f,55-64,18,Smear Positive
Austria,1995,sp,f,65+,59,Smear Positive
Austria,1997,sp,m,0-14,24,Smear Positive
Austria,1997,sp,m,15-24,59,Smear Positive
Austria,1997,sp,m,25-34,117,Smear Positive
Austria,1997,sp,m,35-44,170,Smear Positive
Austria,1997,sp,m,45-54,168,Smear Positive
Austria,1997,sp,m,55-64,122,Smear Positive
Austria,1997,sp,m,65+,185,Smear Positive
Austria,1997,sp,f,0-14,33,Smear Positive
Austria,1997,sp,f,15-24,41,Smear Positive
Austria,1997,sp,f,25-34,93,Smear Positive
Austria,1997,sp,f,35-44,62,Smear Positive
Austria,1997,sp,f,45-54,52,Smear Positive
Austria,1997,sp,f,55-64,52,Smear Positive
Austria,1997,sp,f,65+,172,Smear Positive
Austria,1999,sp,m,0-14,0,Smear Positive
Austria,1999,sp,m,15-24,13,Smear Positive
Austria,1999,sp,m,25-34,40,Smear Positive
Austria,1999,sp,m,35-44,54,Smear Positive
Austria,1999,sp,m,45-54,52,Smear Positive
Austria,1999,sp,m,55-64,37,Smear Positive
Austria,1999,sp,m,65+,49,Smear Positive
Austria,1999,sp,f,0-14,0,Smear Positive
Austria,1999,sp,f,15-24,10,Smear Positive
Austria,1999,sp,f,25-34,16,Smear Positive
Austria,1999,sp,f,35-44,18,Smear Positive
Austria,1999,sp,f,45-54,6,Smear Positive
Austria,1999,sp,f,55-64,2,Smear Positive
Austria,1999,sp,f,65+,26,Smear Positive
Austria,2000,sp,m,0-14,1,Smear Positive
Austria,2000,sp,m,15-24,17,Smear Positive
Austria,2000,sp,m,25-34,30,Smear Positive
Austria,2000,sp,m,35-44,59,Smear Positive
Austria,2000,sp,m,45-54,42,Smear Positive
Austria,2000,sp,m,55-64,23,Smear Positive
Austria,2000,sp,m,65+,41,Smear Positive
Austria,2000,sp,f,0-14,1,Smear Positive
Austria,2000,sp,f,15-24,11,Smear Positive
Austria,2000,sp,f,25-34,22,Smear Positive
Austria,2000,sp,f,35-44,12,Smear Positive
Austria,2000,sp,f,45-54,11,Smear Positive
Austria,2000,sp,f,55-64,6,Smear Positive
Austria,2000,sp,f,65+,22,Smear Positive
Austria,2001,sp,m,0-14,1,Smear Positive
Austria,2001,sp,m,15-24,15,Smear Positive
Austria,2001,sp,m,25-34,27,Smear Positive
Austria,2001,sp,m,35-44,39,Smear Positive
Austria,2001,sp,m,45-54,37,Smear Positive
Austria,2001,sp,m,55-64,37,Smear Positive
Austria,2001,sp,m,65+,27,Smear Positive
Austria,2001,sp,f,0-14,1,Smear Positive
Austria,2001,sp,f,15-24,8,Smear Positive
Austria,2001,sp,f,25-34,13,Smear Positive
Austria,2001,sp,f,35-44,15,Smear Positive
Austria,2001,sp,f,45-54,4,Smear Positive
Austria,2001,sp,f,55-64,6,Smear Positive
Austria,2001,sp,f,65+,18,Smear Positive
Austria,2002,sp,m,0-14,1,Smear Positive
Austria,2002,sp,m,15-24,8,Smear Positive
Austria,2002,sp,m,25-34,14,Smear Positive
Austria,2002,sp,m,35-44,32,Smear Positive
Austria,2002,sp,m,45-54,43,Smear Positive
Austria,2002,sp,m,55-64,20,Smear Positive
Austria,2002,sp,m,65+,25,Smear Positive
Austria,2002,sp,f,0-14,0,Smear Positive
Austria,2002,sp,f,15-24,8,Smear Positive
Austria,2002,sp,f,25-34,13,Smear Positive
Austria,2002,sp,f,35-44,7,Smear Positive
Austria,2002,sp,f,45-54,5,Smear Positive
Austria,2002,sp,f,55-64,7,Smear Positive
Austria,2002,sp,f,65+,21,Smear Positive
Austria,2003,sp,m,0-14,0,Smear Positive
Austria,2003,sp,m,15-24,19,Smear Positive
Austria,2003,sp,m,25-34,31,Smear Positive
Austria,2003,sp,m,35-44,37,Smear Positive
Austria,2003,sp,m,45-54,43,Smear Positive
Austria,2003,sp,m,55-64,19,Smear Positive
Austria,2003,sp,m,65+,28,Smear Positive
Austria,2003,sp,f,0-14,2,Smear Positive
Austria,2003,sp,f,15-24,10,Smear Positive
Austria,2003,sp,f,25-34,25,Smear Positive
Austria,2003,sp,f,35-44,12,Smear Positive
Austria,2003,sp,f,45-54,7,Smear Positive
Austria,2003,sp,f,55-64,4,Smear Positive
Austria,2003,sp,f,65+,12,Smear Positive
Austria,2004,sp,m,0-14,1,Smear Positive
Austria,2004,sp,m,15-24,19,Smear Positive
Austria,2004,sp,m,25-34,19,Smear Positive
Austria,2004,sp,m,35-44,38,Smear Positive
Austria,2004,sp,m,45-54,27,Smear Positive
Austria,2004,sp,m,55-64,24,Smear Positive
Austria,2004,sp,m,65+,21,Smear Positive
Austria,2004,sp,f,0-14,0,Smear Positive
Austria,2004,sp,f,15-24,12,Smear Positive
Austria,2004,sp,f,25-34,15,Smear Positive
Austria,2004,sp,f,35-44,9,Smear Positive
Austria,2004,sp,f,45-54,3,Smear Positive
Austria,2004,sp,f,55-64,3,Smear Positive
Austria,2004,sp,f,65+,16,Smear Positive
Austria,2005,sp,m,0-14,1,Smear Positive
Austria,2005,sp,m,15-24,32,Smear Positive
Austria,2005,sp,m,25-34,23,Smear Positive
Austria,2005,sp,m,35-44,22,Smear Positive
Austria,2005,sp,m,45-54,41,Smear Positive
Austria,2005,sp,m,55-64,24,Smear Positive
Austria,2005,sp,m,65+,30,Smear Positive
Austria,2005,sp,f,0-14,0,Smear Positive
Austria,2005,sp,f,15-24,13,Smear Positive
Austria,2005,sp,f,25-34,11,Smear Positive
Austria,2005,sp,f,35-44,8,Smear Positive
Austria,2005,sp,f,45-54,3,Smear Positive
Austria,2005,sp,f,55-64,5,Smear Positive
Austria,2005,sp,f,65+,10,Smear Positive
Austria,2006,sp,m,0-14,1,Smear Positive
Austria,2006,sp,m,15-24,9,Smear Positive
Austria,2006,sp,m,25-34,25,Smear Positive
Austria,2006,sp,m,35-44,36,Smear Positive
Austria,2006,sp,m,45-54,39,Smear Positive
Austria,2006,sp,m,55-64,19,Smear Positive
Austria,2006,sp,m,65+,19,Smear Positive
Austria,2006,sp,f,0-14,2,Smear Positive
Austria,2006,sp,f,15-24,12,Smear Positive
Austria,2006,sp,f,25-34,12,Smear Positive
Austria,2006,sp,f,35-44,16,Smear Positive
Austria,2006,sp,f,45-54,5,Smear Positive
Austria,2006,sp,f,55-64,3,Smear Positive
Austria,2006,sp,f,65+,15,Smear Positive
Austria,2006,sn,m,0-14,22,Smear Negative
Austria,2006,sn,m,15-24,27,Smear Negative
Austria,2006,sn,m,25-34,46,Smear Negative
Austria,2006,sn,m,35-44,53,Smear Negative
Austria,2006,sn,m,45-54,60,Smear Negative
Austria,2006,sn,m,55-64,51,Smear Negative
Austria,2006,sn,m,65+,74,Smear Negative
Austria,2006,sn,f,0-14,26,Smear Negative
Austria,2006,sn,f,15-24,16,Smear Negative
Austria,2006,sn,f,25-34,19,Smear Negative
Austria,2006,sn,f,35-44,25,Smear Negative
Austria,2006,sn,f,45-54,21,Smear Negative
Austria,2006,sn,f,55-64,18,Smear Negative
Austria,2006,sn,f,65+,49,Smear Negative
Austria,2006,ep,m,0-14,3,Extrapulmonary
Austria,2006,ep,m,15-24,11,Extrapulmonary
Austria,2006,ep,m,25-34,9,Extrapulmonary
Austria,2006,ep,m,35-44,12,Extrapulmonary
Austria,2006,ep,m,45-54,15,Extrapulmonary
Austria,2006,ep,m,55-64,5,Extrapulmonary
Austria,2006,ep,m,65+,13,Extrapulmonary
Austria,2006,ep,f,0-14,2,Extrapulmonary
Austria,2006,ep,f,15-24,7,Extrapulmonary
Austria,2006,ep,f,25-34,10,Extrapulmonary
Austria,2006,ep,f,35-44,7,Extrapulmonary
Austria,2006,ep,f,45-54,10,Extrapulmonary
Austria,2006,ep,f,55-64,6,Extrapulmonary
Austria,2006,ep,f,65+,25,Extrapulmonary
Austria,2007,sp,m,0-14,1,Smear Positive
Austria,2007,sp,m,15-24,12,Smear Positive
Austria,2007,sp,m,25-34,15,Smear Positive
Austria,2007,sp,m,35-44,27,Smear Positive
Austria,2007,sp,m,45-54,26,Smear Positive
Austria,2007,sp,m,55-64,18,Smear Positive
Austria,2007,sp,m,65+,25,Smear Positive
Austria,2007,sp,f,0-14,2,Smear Positive
Austria,2007,sp,f,15-24,10,Smear Positive
Austria,2007,sp,f,25-34,14,Smear Positive
Austria,2007,sp,f,35-44,7,Smear Positive
Austria,2007,sp,f,45-54,11,Smear Positive
Austria,2007,sp,f,55-64,2,Smear Positive
Austria,2007,sp,f,65+,19,Smear Positive
Austria,2007,sn,m,0-14,13,Smear Negative
Austria,2007,sn,m,15-24,28,Smear Negative
Austria,2007,sn,m,25-34,54,Smear Negative
Austria,2007,sn,m,35-44,51,Smear Negative
Austria,2007,sn,m,45-54,57,Smear Negative
Austria,2007,sn,m,55-64,59,Smear Negative
Austria,2007,sn,m,65+,70,Smear Negative
Austria,2007,sn,f,0-14,5,Smear Negative
Austria,2007,sn,f,15-24,24,Smear Negative
Austria,2007,sn,f,25-34,31,Smear Negative
Austria,2007,sn,f,35-44,13,Smear Negative
Austria,2007,sn,f,45-54,23,Smear Negative
Austria,2007,sn,f,55-64,19,Smear Negative
Austria,2007,sn,f,65+,39,Smear Negative
Austria,2007,ep,m,0-14,0,Extrapulmonary
Austria,2007,ep,m,15-24,8,Extrapulmonary
Austria,2007,ep,m,25-34,6,Extrapulmonary
Austria,2007,ep,m,35-44,15,Extrapulmonary
Austria,2007,ep,m,45-54,15,Extrapulmonary
Austria,2007,ep,m,55-64,12,Extrapulmonary
Austria,2007,ep,m,65+,29,Extrapulmonary
Austria,2007,ep,f,0-14,4,Extrapulmonary
Austria,2007,ep,f,15-24,4,Extrapulmonary
Austria,2007,ep,f,25-34,6,Extrapulmonary
Austria,2007,ep,f,35-44,5,Extrapulmonary
Austria,2007,ep,f,45-54,4,Extrapulmonary
Austria,2007,ep,f,55-64,9,Extrapulmonary
Austria,2007,ep,f,65+,18,Extrapulmonary
Austria,2009,sp,m,0-14,0,Smear Positive
Austria,2009,sp,m,15-24,4,Smear Positive
Austria,2009,sp,m,25-34,10,Smear Positive
Austria,2009,sp,m,35-44,13,Smear Positive
Austria,2009,sp,m,45-54,12,Smear Positive
Austria,2009,sp,m,55-64,7,Smear Positive
Austria,2009,sp,m,65+,13,Smear Positive
Austria,2009,sp,f,0-14,0,Smear Positive
Austria,2009,sp,f,15-24,7,Smear Positive
Austria,2009,sp,f,25-34,8,Smear Positive
Austria,2009,sp,f,35-44,4,Smear Positive
Austria,2009,sp,f,45-54,5,Smear Positive
Austria,2009,sp,f,55-64,1,Smear Positive
Austria,2009,sp,f,65+,5,Smear Positive
Austria,2009,sn,m,0-14,6,Smear Negative
Austria,2009,sn,m,15-24,14,Smear Negative
Austria,2009,sn,m,25-34,23,Smear Negative
Austria,2009,sn,m,35-44,14,Smear Negative
Austria,2009,sn,m,45-54,28,Smear Negative
Austria,2009,sn,m,55-64,32,Smear Negative
Austria,2009,sn,m,65+,47,Smear Negative
Austria,2009,sn,f,0-14,8,Smear Negative
Austria,2009,sn,f,15-24,13,Smear Negative
Austria,2009,sn,f,25-34,14,Smear Negative
Austria,2009,sn,f,35-44,16,Smear Negative
Austria,2009,sn,f,45-54,17,Smear Negative
Austria,2009,sn,f,55-64,7,Smear Negative
Austria,2009,sn,f,65+,27,Smear Negative
Austria,2009,ep,m,0-14,0,Extrapulmonary
Austria,2009,ep,m,15-24,2,Extrapulmonary
Austria,2009,ep,m,25-34,8,Extrapulmonary
Austria,2009,ep,m,35-44,5,Extrapulmonary
Austria,2009,ep,m,45-54,11,Extrapulmonary
Austria,2009,ep,m,55-64,2,Extrapulmonary
Austria,2009,ep,m,65+,13,Extrapulmonary
Austria,2009,ep,f,0-14,2,Extrapulmonary
Austria,2009,ep,f,15-24,4,Extrapulmonary
Austria,2009,ep,f,25-34,1,Extrapulmonary
Austria,2009,ep,f,35-44,12,Extrapulmonary
Austria,2009,ep,f,45-54,3,Extrapulmonary
Austria,2009,ep,f,55-64,2,Extrapulmonary
Austria,2009,ep,f,65+,13,Extrapulmonary
Austria,2010,sp,m,0-14,0,Smear Positive
Austria,2010,sp,m,15-24,4,Smear Positive
Austria,2010,sp,m,25-34,4,Smear Positive
Austria,2010,sp,m,35-44,12,Smear Positive
Austria,2010,sp,m,45-54,13,Smear Positive
Austria,2010,sp,m,55-64,8,Smear Positive
Austria,2010,sp,m,65+,10,Smear Positive
Austria,2010,sp,f,0-14,1,Smear Positive
Austria,2010,sp,f,15-24,5,Smear Positive
Austria,2010,sp,f,25-34,4,Smear Positive
Austria,2010,sp,f,35-44,2,Smear Positive
Austria,2010,sp,f,45-54,2,Smear Positive
Austria,2010,sp,f,55-64,5,Smear Positive
Austria,2010,sp,f,65+,6,Smear Positive
Austria,2010,sn,m,0-14,6,Smear Negative
Austria,2010,sn,m,15-24,15,Smear Negative
Austria,2010,sn,m,25-34,11,Smear Negative
Austria,2010,sn,m,35-44,19,Smear Negative
Austria,2010,sn,m,45-54,29,Smear Negative
Austria,2010,sn,m,55-64,17,Smear Negative
Austria,2010,sn,m,65+,33,Smear Negative
Austria,2010,sn,f,0-14,6,Smear Negative
Austria,2010,sn,f,15-24,7,Smear Negative
Austria,2010,sn,f,25-34,13,Smear Negative
Austria,2010,sn,f,35-44,14,Smear Negative
Austria,2010,sn,f,45-54,12,Smear Negative
Austria,2010,sn,f,55-64,7,Smear Negative
Austria,2010,sn,f,65+,26,Smear Negative
Austria,2010,ep,m,0-14,1,Extrapulmonary
Austria,2010,ep,m,15-24,3,Extrapulmonary
Austria,2010,ep,m,25-34,2,Extrapulmonary
Austria,2010,ep,m,35-44,10,Extrapulmonary
Austria,2010,ep,m,45-54,2,Extrapulmonary
Austria,2010,ep,m,55-64,5,Extrapulmonary
Austria,2010,ep,m,65+,7,Extrapulmonary
Austria,2010,ep,f,0-14,2,Extrapulmonary
Austria,2010,ep,f,15-24,4,Extrapulmonary
Austria,2010,ep,f,25-34,6,Extrapulmonary
Austria,2010,ep,f,35-44,6,Extrapulmonary
Austria,2010,ep,f,45-54,9,Extrapulmonary
Austria,2010,ep,f,55-64,5,Extrapulmonary
Austria,2010,ep,f,65+,7,Extrapulmonary
Austria,2011,sp,m,0-14,0,Smear Positive
Austria,2011,sp,m,15-24,8,Smear Positive
Austria,2011,sp,m,25-34,11,Smear Positive
Austria,2011,sp,m,35-44,9,Smear Positive
Austria,2011,sp,m,45-54,13,Smear Positive
Austria,2011,sp,m,55-64,11,Smear Positive
Austria,2011,sp,m,65+,13,Smear Positive
Austria,2011,sp,f,0-14,0,Smear Positive
Austria,2011,sp,f,15-24,11,Smear Positive
Austria,2011,sp,f,25-34,6,Smear Positive
Austria,2011,sp,f,35-44,4,Smear Positive
Austria,2011,sp,f,45-54,1,Smear Positive
Austria,2011,sp,f,55-64,3,Smear Positive
Austria,2011,sp,f,65+,4,Smear Positive
Austria,2011,sn,m,0-14,9,Smear Negative
Austria,2011,sn,m,15-24,14,Smear Negative
Austria,2011,sn,m,25-34,21,Smear Negative
Austria,2011,sn,m,35-44,21,Smear Negative
Austria,2011,sn,m,45-54,20,Smear Negative
Austria,2011,sn,m,55-64,25,Smear Negative
Austria,2011,sn,m,65+,24,Smear Negative
Austria,2011,sn,f,0-14,8,Smear Negative
Austria,2011,sn,f,15-24,12,Smear Negative
Austria,2011,sn,f,25-34,10,Smear Negative
Austria,2011,sn,f,35-44,16,Smear Negative
Austria,2011,sn,f,45-54,12,Smear Negative
Austria,2011,sn,f,55-64,5,Smear Negative
Austria,2011,sn,f,65+,18,Smear Negative
Austria,2011,ep,m,0-14,0,Extrapulmonary
Austria,2011,ep,m,15-24,4,Extrapulmonary
Austria,2011,ep,m,25-34,10,Extrapulmonary
Austria,2011,ep,m,35-44,9,Extrapulmonary
Austria,2011,ep,m,45-54,6,Extrapulmonary
Austria,2011,ep,m,55-64,4,Extrapulmonary
Austria,2011,ep,m,65+,10,Extrapulmonary
Austria,2011,ep,f,0-14,2,Extrapulmonary
Austria,2011,ep,f,15-24,5,Extrapulmonary
Austria,2011,ep,f,25-34,8,Extrapulmonary
Austria,2011,ep,f,35-44,7,Extrapulmonary
Austria,2011,ep,f,45-54,3,Extrapulmonary
Austria,2011,ep,f,55-64,4,Extrapulmonary
Austria,2011,ep,f,65+,15,Extrapulmonary
Austria,2012,sp,m,0-14,1,Smear Positive
Austria,2012,sp,m,15-24,5,Smear Positive
Austria,2012,sp,m,25-34,8,Smear Positive
Austria,2012,sp,m,35-44,7,Smear Positive
Austria,2012,sp,m,45-54,19,Smear Positive
Austria,2012,sp,m,55-64,9,Smear Positive
Austria,2012,sp,m,65+,13,Smear Positive
Austria,2012,sp,f,0-14,1,Smear Positive
Austria,2012,sp,f,15-24,10,Smear Positive
Austria,2012,sp,f,25-34,8,Smear Positive
Austria,2012,sp,f,35-44,4,Smear Positive
Austria,2012,sp,f,45-54,4,Smear Positive
Austria,2012,sp,f,55-64,1,Smear Positive
Austria,2012,sp,f,65+,5,Smear Positive
Austria,2012,sn,m,0-14,9,Smear Negative
Austria,2012,sn,m,15-24,18,Smear Negative
Austria,2012,sn,m,25-34,26,Smear Negative
Austria,2012,sn,m,35-44,13,Smear Negative
Austria,2012,sn,m,45-54,26,Smear Negative
Austria,2012,sn,m,55-64,7,Smear Negative
Austria,2012,sn,m,65+,28,Smear Negative
Austria,2012,sn,f,0-14,9,Smear Negative
Austria,2012,sn,f,15-24,14,Smear Negative
Austria,2012,sn,f,25-34,19,Smear Negative
Austria,2012,sn,f,35-44,11,Smear Negative
Austria,2012,sn,f,45-54,20,Smear Negative
Austria,2012,sn,f,55-64,5,Smear Negative
Austria,2012,sn,f,65+,13,Smear Negative
Austria,2012,ep,m,0-14,3,Extrapulmonary
Austria,2012,ep,m,15-24,10,Extrapulmonary
Austria,2012,ep,m,25-34,14,Extrapulmonary
Austria,2012,ep,m,35-44,8,Extrapulmonary
Austria,2012,ep,m,45-54,5,Extrapulmonary
Austria,2012,ep,m,55-64,6,Extrapulmonary
Austria,2012,ep,m,65+,10,Extrapulmonary
Austria,2012,ep,f,0-14,0,Extrapulmonary
Austria,2012,ep,f,15-24,1,Extrapulmonary
Austria,2012,ep,f,25-34,7,Extrapulmonary
Austria,2012,ep,f,35-44,7,Extrapulmonary
Austria,2012,ep,f,45-54,3,Extrapulmonary
Austria,2012,ep,f,55-64,9,Extrapulmonary
Austria,2012,ep,f,65+,14,Extrapulmonary
Austria,2013,rel,m,0-14,15,Relapse
Austria,2013,rel,m,15-24,44,Relapse
Austria,2013,rel,m,25-34,66,Relapse
Austria,2013,rel,m,35-44,46,Relapse
Austria,2013,rel,m,45-54,68,Relapse
Austria,2013,rel,m,55-64,53,Relapse
Austria,2013,rel,m,65+,86,Relapse
Austria,2013,rel,f,0-14,8,Relapse
Austria,2013,rel,f,15-24,45,Relapse
Austria,2013,rel,f,25-34,37,Relapse
Austria,2013,rel,f,35-44,36,Relapse
Austria,2013,rel,f,45-54,34,Relapse
Austria,2013,rel,f,55-64,28,Relapse
Austria,2013,rel,f,65+,58,Relapse
Azerbaijan,1995,sp,m,0-14,0,Smear Positive
Azerbaijan,1995,sp,m,15-24,13,Smear Positive
Azerbaijan,1995,sp,m,25-34,29,Smear Positive
Azerbaijan,1995,sp,m,35-44,14,Smear Positive
Azerbaijan,1995,sp,m,45-54,6,Smear Positive
Azerbaijan,1995,sp,m,55-64,4,Smear Positive
Azerbaijan,1995,sp,m,65+,1,Smear Positive
Azerbaijan,1995,sp,f,0-14,0,Smear Positive
Azerbaijan,1995,sp,f,15-24,5,Smear Positive
Azerbaijan,1995,sp,f,25-34,18,Smear Positive
Azerbaijan,1995,sp,f,35-44,0,Smear Positive
Azerbaijan,1995,sp,f,45-54,0,Smear Positive
Azerbaijan,1995,sp,f,55-64,0,Smear Positive
Azerbaijan,1995,sp,f,65+,0,Smear Positive
Azerbaijan,1996,sp,m,0-14,0,Smear Positive
Azerbaijan,1996,sp,m,15-24,57,Smear Positive
Azerbaijan,1996,sp,m,25-34,302,Smear Positive
Azerbaijan,1996,sp,m,35-44,231,Smear Positive
Azerbaijan,1996,sp,m,45-54,47,Smear Positive
Azerbaijan,1996,sp,m,55-64,101,Smear Positive
Azerbaijan,1996,sp,m,65+,16,Smear Positive
Azerbaijan,1996,sp,f,0-14,5,Smear Positive
Azerbaijan,1996,sp,f,15-24,20,Smear Positive
Azerbaijan,1996,sp,f,25-34,154,Smear Positive
Azerbaijan,1996,sp,f,35-44,86,Smear Positive
Azerbaijan,1996,sp,f,45-54,16,Smear Positive
Azerbaijan,1996,sp,f,55-64,13,Smear Positive
Azerbaijan,1996,sp,f,65+,10,Smear Positive
Azerbaijan,1997,sp,m,0-14,0,Smear Positive
Azerbaijan,1997,sp,m,15-24,120,Smear Positive
Azerbaijan,1997,sp,m,25-34,244,Smear Positive
Azerbaijan,1997,sp,m,35-44,194,Smear Positive
Azerbaijan,1997,sp,m,45-54,89,Smear Positive
Azerbaijan,1997,sp,m,55-64,12,Smear Positive
Azerbaijan,1997,sp,m,65+,3,Smear Positive
Azerbaijan,1997,sp,f,0-14,0,Smear Positive
Azerbaijan,1997,sp,f,15-24,42,Smear Positive
Azerbaijan,1997,sp,f,25-34,70,Smear Positive
Azerbaijan,1997,sp,f,35-44,178,Smear Positive
Azerbaijan,1997,sp,f,45-54,23,Smear Positive
Azerbaijan,1997,sp,f,55-64,0,Smear Positive
Azerbaijan,1997,sp,f,65+,0,Smear Positive
Azerbaijan,1998,sp,m,0-14,0,Smear Positive
Azerbaijan,1998,sp,m,15-24,44,Smear Positive
Azerbaijan,1998,sp,m,25-34,47,Smear Positive
Azerbaijan,1998,sp,m,35-44,24,Smear Positive
Azerbaijan,1998,sp,m,45-54,9,Smear Positive
Azerbaijan,1998,sp,m,55-64,4,Smear Positive
Azerbaijan,1998,sp,m,65+,2,Smear Positive
Azerbaijan,1998,sp,f,0-14,0,Smear Positive
Azerbaijan,1998,sp,f,15-24,7,Smear Positive
Azerbaijan,1998,sp,f,25-34,10,Smear Positive
Azerbaijan,1998,sp,f,35-44,7,Smear Positive
Azerbaijan,1998,sp,f,45-54,6,Smear Positive
Azerbaijan,1998,sp,f,55-64,1,Smear Positive
Azerbaijan,1998,sp,f,65+,0,Smear Positive
Azerbaijan,1999,sp,m,0-14,0,Smear Positive
Azerbaijan,1999,sp,m,15-24,96,Smear Positive
Azerbaijan,1999,sp,m,25-34,46,Smear Positive
Azerbaijan,1999,sp,m,35-44,217,Smear Positive
Azerbaijan,1999,sp,m,45-54,184,Smear Positive
Azerbaijan,1999,sp,m,55-64,49,Smear Positive
Azerbaijan,1999,sp,m,65+,0,Smear Positive
Azerbaijan,1999,sp,f,0-14,0,Smear Positive
Azerbaijan,1999,sp,f,15-24,4,Smear Positive
Azerbaijan,1999,sp,f,25-34,17,Smear Positive
Azerbaijan,1999,sp,f,35-44,73,Smear Positive
Azerbaijan,1999,sp,f,45-54,58,Smear Positive
Azerbaijan,1999,sp,f,55-64,19,Smear Positive
Azerbaijan,1999,sp,f,65+,0,Smear Positive
Azerbaijan,2000,sp,m,0-14,0,Smear Positive
Azerbaijan,2000,sp,m,15-24,9,Smear Positive
Azerbaijan,2000,sp,m,25-34,24,Smear Positive
Azerbaijan,2000,sp,m,35-44,33,Smear Positive
Azerbaijan,2000,sp,m,45-54,42,Smear Positive
Azerbaijan,2000,sp,m,55-64,30,Smear Positive
Azerbaijan,2000,sp,m,65+,0,Smear Positive
Azerbaijan,2000,sp,f,0-14,0,Smear Positive
Azerbaijan,2000,sp,f,15-24,3,Smear Positive
Azerbaijan,2000,sp,f,25-34,3,Smear Positive
Azerbaijan,2000,sp,f,35-44,6,Smear Positive
Azerbaijan,2000,sp,f,45-54,3,Smear Positive
Azerbaijan,2000,sp,f,55-64,0,Smear Positive
Azerbaijan,2000,sp,f,65+,0,Smear Positive
Azerbaijan,2001,sp,m,0-14,3,Smear Positive
Azerbaijan,2001,sp,m,15-24,1,Smear Positive
Azerbaijan,2001,sp,m,25-34,3,Smear Positive
Azerbaijan,2001,sp,f,0-14,2,Smear Positive
Azerbaijan,2001,sp,f,25-34,1,Smear Positive
Azerbaijan,2002,sp,m,0-14,6,Smear Positive
Azerbaijan,2002,sp,m,15-24,290,Smear Positive
Azerbaijan,2002,sp,m,25-34,433,Smear Positive
Azerbaijan,2002,sp,m,35-44,359,Smear Positive
Azerbaijan,2002,sp,m,45-54,190,Smear Positive
Azerbaijan,2002,sp,m,55-64,72,Smear Positive
Azerbaijan,2002,sp,m,65+,16,Smear Positive
Azerbaijan,2002,sp,f,0-14,5,Smear Positive
Azerbaijan,2002,sp,f,15-24,48,Smear Positive
Azerbaijan,2002,sp,f,25-34,88,Smear Positive
Azerbaijan,2002,sp,f,35-44,80,Smear Positive
Azerbaijan,2002,sp,f,45-54,34,Smear Positive
Azerbaijan,2002,sp,f,55-64,19,Smear Positive
Azerbaijan,2002,sp,f,65+,21,Smear Positive
Azerbaijan,2003,sp,m,0-14,3,Smear Positive
Azerbaijan,2003,sp,m,15-24,212,Smear Positive
Azerbaijan,2003,sp,m,25-34,258,Smear Positive
Azerbaijan,2003,sp,m,35-44,215,Smear Positive
Azerbaijan,2003,sp,m,45-54,113,Smear Positive
Azerbaijan,2003,sp,m,55-64,66,Smear Positive
Azerbaijan,2003,sp,m,65+,20,Smear Positive
Azerbaijan,2003,sp,f,0-14,1,Smear Positive
Azerbaijan,2003,sp,f,15-24,72,Smear Positive
Azerbaijan,2003,sp,f,25-34,60,Smear Positive
Azerbaijan,2003,sp,f,35-44,62,Smear Positive
Azerbaijan,2003,sp,f,45-54,48,Smear Positive
Azerbaijan,2003,sp,f,55-64,26,Smear Positive
Azerbaijan,2003,sp,f,65+,5,Smear Positive
Azerbaijan,2004,sp,m,0-14,8,Smear Positive
Azerbaijan,2004,sp,m,15-24,248,Smear Positive
Azerbaijan,2004,sp,m,25-34,311,Smear Positive
Azerbaijan,2004,sp,m,35-44,222,Smear Positive
Azerbaijan,2004,sp,m,45-54,167,Smear Positive
Azerbaijan,2004,sp,m,55-64,92,Smear Positive
Azerbaijan,2004,sp,m,65+,83,Smear Positive
Azerbaijan,2004,sp,f,0-14,8,Smear Positive
Azerbaijan,2004,sp,f,15-24,120,Smear Positive
Azerbaijan,2004,sp,f,25-34,65,Smear Positive
Azerbaijan,2004,sp,f,35-44,57,Smear Positive
Azerbaijan,2004,sp,f,45-54,34,Smear Positive
Azerbaijan,2004,sp,f,55-64,33,Smear Positive
Azerbaijan,2004,sp,f,65+,24,Smear Positive
Azerbaijan,2005,sp,m,0-14,77,Smear Positive
Azerbaijan,2005,sp,m,15-24,109,Smear Positive
Azerbaijan,2005,sp,m,25-34,297,Smear Positive
Azerbaijan,2005,sp,m,35-44,215,Smear Positive
Azerbaijan,2005,sp,m,45-54,209,Smear Positive
Azerbaijan,2005,sp,m,55-64,187,Smear Positive
Azerbaijan,2005,sp,m,65+,88,Smear Positive
Azerbaijan,2005,sp,f,0-14,90,Smear Positive
Azerbaijan,2005,sp,f,15-24,64,Smear Positive
Azerbaijan,2005,sp,f,25-34,98,Smear Positive
Azerbaijan,2005,sp,f,35-44,47,Smear Positive
Azerbaijan,2005,sp,f,45-54,32,Smear Positive
Azerbaijan,2005,sp,f,55-64,24,Smear Positive
Azerbaijan,2005,sp,f,65+,24,Smear Positive
Azerbaijan,2006,sp,m,0-14,6,Smear Positive
Azerbaijan,2006,sp,m,15-24,241,Smear Positive
Azerbaijan,2006,sp,m,25-34,362,Smear Positive
Azerbaijan,2006,sp,m,35-44,365,Smear Positive
Azerbaijan,2006,sp,m,45-54,120,Smear Positive
Azerbaijan,2006,sp,m,55-64,78,Smear Positive
Azerbaijan,2006,sp,m,65+,30,Smear Positive
Azerbaijan,2006,sp,f,0-14,2,Smear Positive
Azerbaijan,2006,sp,f,15-24,51,Smear Positive
Azerbaijan,2006,sp,f,25-34,66,Smear Positive
Azerbaijan,2006,sp,f,35-44,66,Smear Positive
Azerbaijan,2006,sp,f,45-54,44,Smear Positive
Azerbaijan,2006,sp,f,55-64,15,Smear Positive
Azerbaijan,2006,sp,f,65+,8,Smear Positive
Azerbaijan,2006,sn,m,0-14,40,Smear Negative
Azerbaijan,2006,sn,m,15-24,351,Smear Negative
Azerbaijan,2006,sn,m,25-34,448,Smear Negative
Azerbaijan,2006,sn,m,35-44,469,Smear Negative
Azerbaijan,2006,sn,m,45-54,387,Smear Negative
Azerbaijan,2006,sn,m,55-64,96,Smear Negative
Azerbaijan,2006,sn,m,65+,61,Smear Negative
Azerbaijan,2006,sn,f,0-14,23,Smear Negative
Azerbaijan,2006,sn,f,15-24,114,Smear Negative
Azerbaijan,2006,sn,f,25-34,117,Smear Negative
Azerbaijan,2006,sn,f,35-44,85,Smear Negative
Azerbaijan,2006,sn,f,45-54,52,Smear Negative
Azerbaijan,2006,sn,f,55-64,18,Smear Negative
Azerbaijan,2006,sn,f,65+,17,Smear Negative
Azerbaijan,2006,ep,m,0-14,107,Extrapulmonary
Azerbaijan,2006,ep,m,15-24,186,Extrapulmonary
Azerbaijan,2006,ep,m,25-34,129,Extrapulmonary
Azerbaijan,2006,ep,m,35-44,60,Extrapulmonary
Azerbaijan,2006,ep,m,45-54,39,Extrapulmonary
Azerbaijan,2006,ep,m,55-64,9,Extrapulmonary
Azerbaijan,2006,ep,m,65+,4,Extrapulmonary
Azerbaijan,2006,ep,f,0-14,39,Extrapulmonary
Azerbaijan,2006,ep,f,15-24,35,Extrapulmonary
Azerbaijan,2006,ep,f,25-34,41,Extrapulmonary
Azerbaijan,2006,ep,f,35-44,29,Extrapulmonary
Azerbaijan,2006,ep,f,45-54,10,Extrapulmonary
Azerbaijan,2006,ep,f,55-64,3,Extrapulmonary
Azerbaijan,2006,ep,f,65+,6,Extrapulmonary
Azerbaijan,2009,sp,m,0-14,5,Smear Positive
Azerbaijan,2009,sp,m,15-24,229,Smear Positive
Azerbaijan,2009,sp,m,25-34,190,Smear Positive
Azerbaijan,2009,sp,m,35-44,165,Smear Positive
Azerbaijan,2009,sp,m,45-54,151,Smear Positive
Azerbaijan,2009,sp,m,55-64,63,Smear Positive
Azerbaijan,2009,sp,m,65+,30,Smear Positive
Azerbaijan,2009,sp,f,0-14,11,Smear Positive
Azerbaijan,2009,sp,f,15-24,108,Smear Positive
Azerbaijan,2009,sp,f,25-34,92,Smear Positive
Azerbaijan,2009,sp,f,35-44,37,Smear Positive
Azerbaijan,2009,sp,f,45-54,41,Smear Positive
Azerbaijan,2009,sp,f,55-64,14,Smear Positive
Azerbaijan,2009,sp,f,65+,19,Smear Positive
Azerbaijan,2009,sn,m,0-14,48,Smear Negative
Azerbaijan,2009,sn,f,0-14,42,Smear Negative
Azerbaijan,2009,ep,m,0-14,105,Extrapulmonary
Azerbaijan,2009,ep,f,0-14,60,Extrapulmonary
Azerbaijan,2010,sp,m,0-14,0,Smear Positive
Azerbaijan,2010,sp,m,15-24,328,Smear Positive
Azerbaijan,2010,sp,m,25-34,371,Smear Positive
Azerbaijan,2010,sp,m,35-44,267,Smear Positive
Azerbaijan,2010,sp,m,45-54,280,Smear Positive
Azerbaijan,2010,sp,m,55-64,30,Smear Positive
Azerbaijan,2010,sp,m,65+,27,Smear Positive
Azerbaijan,2010,sp,f,0-14,3,Smear Positive
Azerbaijan,2010,sp,f,15-24,141,Smear Positive
Azerbaijan,2010,sp,f,25-34,100,Smear Positive
Azerbaijan,2010,sp,f,35-44,57,Smear Positive
Azerbaijan,2010,sp,f,45-54,73,Smear Positive
Azerbaijan,2010,sp,f,55-64,9,Smear Positive
Azerbaijan,2010,sp,f,65+,18,Smear Positive
Azerbaijan,2010,sn,m,0-14,55,Smear Negative
Azerbaijan,2010,sn,m,15-24,598,Smear Negative
Azerbaijan,2010,sn,m,25-34,316,Smear Negative
Azerbaijan,2010,sn,m,35-44,198,Smear Negative
Azerbaijan,2010,sn,m,45-54,306,Smear Negative
Azerbaijan,2010,sn,m,55-64,57,Smear Negative
Azerbaijan,2010,sn,m,65+,79,Smear Negative
Azerbaijan,2010,sn,f,0-14,34,Smear Negative
Azerbaijan,2010,sn,f,15-24,175,Smear Negative
Azerbaijan,2010,sn,f,25-34,120,Smear Negative
Azerbaijan,2010,sn,f,35-44,66,Smear Negative
Azerbaijan,2010,sn,f,45-54,80,Smear Negative
Azerbaijan,2010,sn,f,55-64,10,Smear Negative
Azerbaijan,2010,sn,f,65+,29,Smear Negative
Azerbaijan,2010,ep,m,0-14,97,Extrapulmonary
Azerbaijan,2010,ep,m,15-24,265,Extrapulmonary
Azerbaijan,2010,ep,m,25-34,97,Extrapulmonary
Azerbaijan,2010,ep,m,35-44,67,Extrapulmonary
Azerbaijan,2010,ep,m,45-54,67,Extrapulmonary
Azerbaijan,2010,ep,m,55-64,15,Extrapulmonary
Azerbaijan,2010,ep,m,65+,12,Extrapulmonary
Azerbaijan,2010,ep,f,0-14,55,Extrapulmonary
Azerbaijan,2010,ep,f,15-24,100,Extrapulmonary
Azerbaijan,2010,ep,f,25-34,64,Extrapulmonary
Azerbaijan,2010,ep,f,35-44,58,Extrapulmonary
Azerbaijan,2010,ep,f,45-54,49,Extrapulmonary
Azerbaijan,2010,ep,f,55-64,8,Extrapulmonary
Azerbaijan,2010,ep,f,65+,11,Extrapulmonary
Azerbaijan,2011,ep,m,0-14,106,Extrapulmonary
Azerbaijan,2011,ep,m,15-24,277,Extrapulmonary
Azerbaijan,2011,ep,m,25-34,107,Extrapulmonary
Azerbaijan,2011,ep,m,35-44,69,Extrapulmonary
Azerbaijan,2011,ep,m,45-54,74,Extrapulmonary
Azerbaijan,2011,ep,m,55-64,32,Extrapulmonary
Azerbaijan,2011,ep,m,65+,17,Extrapulmonary
Azerbaijan,2011,ep,f,0-14,80,Extrapulmonary
Azerbaijan,2011,ep,f,15-24,111,Extrapulmonary
Azerbaijan,2011,ep,f,25-34,107,Extrapulmonary
Azerbaijan,2011,ep,f,35-44,53,Extrapulmonary
Azerbaijan,2011,ep,f,45-54,64,Extrapulmonary
Azerbaijan,2011,ep,f,55-64,30,Extrapulmonary
Azerbaijan,2011,ep,f,65+,3,Extrapulmonary
Azerbaijan,2012,sp,m,0-14,4,Smear Positive
Azerbaijan,2012,sp,m,15-24,230,Smear Positive
Azerbaijan,2012,sp,m,25-34,223,Smear Positive
Azerbaijan,2012,sp,m,35-44,170,Smear Positive
Azerbaijan,2012,sp,m,45-54,176,Smear Positive
Azerbaijan,2012,sp,m,55-64,95,Smear Positive
Azerbaijan,2012,sp,m,65+,48,Smear Positive
Azerbaijan,2012,sp,f,0-14,8,Smear Positive
Azerbaijan,2012,sp,f,15-24,115,Smear Positive
Azerbaijan,2012,sp,f,25-34,89,Smear Positive
Azerbaijan,2012,sp,f,35-44,35,Smear Positive
Azerbaijan,2012,sp,f,45-54,50,Smear Positive
Azerbaijan,2012,sp,f,55-64,35,Smear Positive
Azerbaijan,2012,sp,f,65+,23,Smear Positive
Azerbaijan,2012,sn,m,0-14,24,Smear Negative
Azerbaijan,2012,sn,m,15-24,459,Smear Negative
Azerbaijan,2012,sn,m,25-34,400,Smear Negative
Azerbaijan,2012,sn,m,35-44,291,Smear Negative
Azerbaijan,2012,sn,m,45-54,294,Smear Negative
Azerbaijan,2012,sn,m,55-64,158,Smear Negative
Azerbaijan,2012,sn,m,65+,89,Smear Negative
Azerbaijan,2012,sn,f,0-14,26,Smear Negative
Azerbaijan,2012,sn,f,15-24,182,Smear Negative
Azerbaijan,2012,sn,f,25-34,135,Smear Negative
Azerbaijan,2012,sn,f,35-44,74,Smear Negative
Azerbaijan,2012,sn,f,45-54,82,Smear Negative
Azerbaijan,2012,sn,f,55-64,63,Smear Negative
Azerbaijan,2012,sn,f,65+,36,Smear Negative
Azerbaijan,2012,ep,m,0-14,91,Extrapulmonary
Azerbaijan,2012,ep,m,15-24,264,Extrapulmonary
Azerbaijan,2012,ep,m,25-34,96,Extrapulmonary
Azerbaijan,2012,ep,m,35-44,80,Extrapulmonary
Azerbaijan,2012,ep,m,45-54,56,Extrapulmonary
Azerbaijan,2012,ep,m,55-64,30,Extrapulmonary
Azerbaijan,2012,ep,m,65+,15,Extrapulmonary
Azerbaijan,2012,ep,f,0-14,59,Extrapulmonary
Azerbaijan,2012,ep,f,15-24,104,Extrapulmonary
Azerbaijan,2012,ep,f,25-34,74,Extrapulmonary
Azerbaijan,2012,ep,f,35-44,63,Extrapulmonary
Azerbaijan,2012,ep,f,45-54,37,Extrapulmonary
Azerbaijan,2012,ep,f,55-64,29,Extrapulmonary
Azerbaijan,2012,ep,f,65+,4,Extrapulmonary
Azerbaijan,2013,rel,m,0-14,125,Relapse
Azerbaijan,2013,rel,m,15-24,958,Relapse
Azerbaijan,2013,rel,m,25-34,663,Relapse
Azerbaijan,2013,rel,m,35-44,538,Relapse
Azerbaijan,2013,rel,m,45-54,556,Relapse
Azerbaijan,2013,rel,m,55-64,306,Relapse
Azerbaijan,2013,rel,m,65+,124,Relapse
Azerbaijan,2013,rel,f,0-14,90,Relapse
Azerbaijan,2013,rel,f,15-24,376,Relapse
Azerbaijan,2013,rel,f,25-34,302,Relapse
Azerbaijan,2013,rel,f,35-44,145,Relapse
Azerbaijan,2013,rel,f,45-54,166,Relapse
Azerbaijan,2013,rel,f,55-64,104,Relapse
Azerbaijan,2013,rel,f,65+,75,Relapse
Bahamas,1995,sp,m,0-14,3,Smear Positive
Bahamas,1995,sp,m,15-24,3,Smear Positive
Bahamas,1995,sp,m,25-34,5,Smear Positive
Bahamas,1995,sp,m,35-44,7,Smear Positive
Bahamas,1995,sp,m,45-54,4,Smear Positive
Bahamas,1995,sp,m,55-64,2,Smear Positive
Bahamas,1995,sp,m,65+,2,Smear Positive
Bahamas,1995,sp,f,0-14,0,Smear Positive
Bahamas,1995,sp,f,15-24,1,Smear Positive
Bahamas,1995,sp,f,25-34,7,Smear Positive
Bahamas,1995,sp,f,35-44,2,Smear Positive
Bahamas,1995,sp,f,45-54,0,Smear Positive
Bahamas,1995,sp,f,55-64,0,Smear Positive
Bahamas,1995,sp,f,65+,1,Smear Positive
Bahamas,1996,sp,m,0-14,0,Smear Positive
Bahamas,1996,sp,m,15-24,1,Smear Positive
Bahamas,1996,sp,m,25-34,4,Smear Positive
Bahamas,1996,sp,m,35-44,4,Smear Positive
Bahamas,1996,sp,m,45-54,5,Smear Positive
Bahamas,1996,sp,m,55-64,0,Smear Positive
Bahamas,1996,sp,m,65+,0,Smear Positive
Bahamas,1996,sp,f,0-14,0,Smear Positive
Bahamas,1996,sp,f,15-24,2,Smear Positive
Bahamas,1996,sp,f,25-34,4,Smear Positive
Bahamas,1996,sp,f,35-44,4,Smear Positive
Bahamas,1996,sp,f,45-54,0,Smear Positive
Bahamas,1996,sp,f,55-64,1,Smear Positive
Bahamas,1996,sp,f,65+,1,Smear Positive
Bahamas,1997,sp,m,0-14,0,Smear Positive
Bahamas,1997,sp,m,15-24,2,Smear Positive
Bahamas,1997,sp,m,25-34,14,Smear Positive
Bahamas,1997,sp,m,35-44,11,Smear Positive
Bahamas,1997,sp,m,45-54,5,Smear Positive
Bahamas,1997,sp,m,55-64,3,Smear Positive
Bahamas,1997,sp,m,65+,2,Smear Positive
Bahamas,1997,sp,f,0-14,0,Smear Positive
Bahamas,1997,sp,f,15-24,2,Smear Positive
Bahamas,1997,sp,f,25-34,5,Smear Positive
Bahamas,1997,sp,f,35-44,7,Smear Positive
Bahamas,1997,sp,f,45-54,4,Smear Positive
Bahamas,1997,sp,f,55-64,0,Smear Positive
Bahamas,1997,sp,f,65+,2,Smear Positive
Bahamas,1998,sp,m,0-14,0,Smear Positive
Bahamas,1998,sp,m,15-24,3,Smear Positive
Bahamas,1998,sp,m,25-34,2,Smear Positive
Bahamas,1998,sp,m,35-44,7,Smear Positive
Bahamas,1998,sp,m,45-54,5,Smear Positive
Bahamas,1998,sp,m,55-64,3,Smear Positive
Bahamas,1998,sp,m,65+,0,Smear Positive
Bahamas,1998,sp,f,0-14,1,Smear Positive
Bahamas,1998,sp,f,15-24,1,Smear Positive
Bahamas,1998,sp,f,25-34,3,Smear Positive
Bahamas,1998,sp,f,35-44,5,Smear Positive
Bahamas,1998,sp,f,45-54,1,Smear Positive
Bahamas,1998,sp,f,55-64,0,Smear Positive
Bahamas,1998,sp,f,65+,0,Smear Positive
Bahamas,1999,sp,m,0-14,1,Smear Positive
Bahamas,1999,sp,m,15-24,0,Smear Positive
Bahamas,1999,sp,m,25-34,10,Smear Positive
Bahamas,1999,sp,m,35-44,8,Smear Positive
Bahamas,1999,sp,m,45-54,6,Smear Positive
Bahamas,1999,sp,m,55-64,0,Smear Positive
Bahamas,1999,sp,m,65+,0,Smear Positive
Bahamas,1999,sp,f,0-14,0,Smear Positive
Bahamas,1999,sp,f,15-24,1,Smear Positive
Bahamas,1999,sp,f,25-34,3,Smear Positive
Bahamas,1999,sp,f,35-44,4,Smear Positive
Bahamas,1999,sp,f,45-54,2,Smear Positive
Bahamas,1999,sp,f,55-64,0,Smear Positive
Bahamas,1999,sp,f,65+,0,Smear Positive
Bahamas,2000,sp,m,0-14,1,Smear Positive
Bahamas,2000,sp,m,15-24,2,Smear Positive
Bahamas,2000,sp,m,25-34,7,Smear Positive
Bahamas,2000,sp,m,35-44,9,Smear Positive
Bahamas,2000,sp,m,45-54,4,Smear Positive
Bahamas,2000,sp,m,55-64,3,Smear Positive
Bahamas,2000,sp,m,65+,2,Smear Positive
Bahamas,2000,sp,f,0-14,2,Smear Positive
Bahamas,2000,sp,f,15-24,5,Smear Positive
Bahamas,2000,sp,f,25-34,7,Smear Positive
Bahamas,2000,sp,f,35-44,8,Smear Positive
Bahamas,2000,sp,f,45-54,2,Smear Positive
Bahamas,2000,sp,f,55-64,3,Smear Positive
Bahamas,2000,sp,f,65+,1,Smear Positive
Bahamas,2002,sp,m,0-14,2,Smear Positive
Bahamas,2002,sp,m,15-24,2,Smear Positive
Bahamas,2002,sp,m,25-34,2,Smear Positive
Bahamas,2002,sp,m,35-44,7,Smear Positive
Bahamas,2002,sp,m,45-54,7,Smear Positive
Bahamas,2002,sp,m,55-64,3,Smear Positive
Bahamas,2002,sp,m,65+,2,Smear Positive
Bahamas,2002,sp,f,0-14,4,Smear Positive
Bahamas,2002,sp,f,15-24,1,Smear Positive
Bahamas,2002,sp,f,25-34,6,Smear Positive
Bahamas,2002,sp,f,35-44,3,Smear Positive
Bahamas,2002,sp,f,45-54,3,Smear Positive
Bahamas,2002,sp,f,55-64,1,Smear Positive
Bahamas,2002,sp,f,65+,1,Smear Positive
Bahamas,2003,sp,m,0-14,0,Smear Positive
Bahamas,2003,sp,m,15-24,2,Smear Positive
Bahamas,2003,sp,m,25-34,5,Smear Positive
Bahamas,2003,sp,m,35-44,6,Smear Positive
Bahamas,2003,sp,m,45-54,3,Smear Positive
Bahamas,2003,sp,m,55-64,1,Smear Positive
Bahamas,2003,sp,m,65+,3,Smear Positive
Bahamas,2003,sp,f,0-14,2,Smear Positive
Bahamas,2003,sp,f,15-24,2,Smear Positive
Bahamas,2003,sp,f,25-34,2,Smear Positive
Bahamas,2003,sp,f,35-44,4,Smear Positive
Bahamas,2003,sp,f,45-54,3,Smear Positive
Bahamas,2003,sp,f,55-64,2,Smear Positive
Bahamas,2003,sp,f,65+,3,Smear Positive
Bahamas,2004,sp,m,0-14,3,Smear Positive
Bahamas,2004,sp,m,15-24,3,Smear Positive
Bahamas,2004,sp,m,25-34,6,Smear Positive
Bahamas,2004,sp,m,35-44,14,Smear Positive
Bahamas,2004,sp,m,45-54,9,Smear Positive
Bahamas,2004,sp,m,55-64,0,Smear Positive
Bahamas,2004,sp,m,65+,1,Smear Positive
Bahamas,2004,sp,f,0-14,0,Smear Positive
Bahamas,2004,sp,f,15-24,3,Smear Positive
Bahamas,2004,sp,f,25-34,4,Smear Positive
Bahamas,2004,sp,f,35-44,1,Smear Positive
Bahamas,2004,sp,f,45-54,0,Smear Positive
Bahamas,2004,sp,f,55-64,3,Smear Positive
Bahamas,2004,sp,f,65+,0,Smear Positive
Bahamas,2007,sp,m,0-14,0,Smear Positive
Bahamas,2007,sp,m,15-24,3,Smear Positive
Bahamas,2007,sp,m,25-34,3,Smear Positive
Bahamas,2007,sp,m,35-44,9,Smear Positive
Bahamas,2007,sp,m,45-54,4,Smear Positive
Bahamas,2007,sp,m,55-64,1,Smear Positive
Bahamas,2007,sp,m,65+,0,Smear Positive
Bahamas,2007,sp,f,0-14,0,Smear Positive
Bahamas,2007,sp,f,15-24,3,Smear Positive
Bahamas,2007,sp,f,25-34,4,Smear Positive
Bahamas,2007,sp,f,35-44,3,Smear Positive
Bahamas,2007,sp,f,45-54,1,Smear Positive
Bahamas,2007,sp,f,55-64,1,Smear Positive
Bahamas,2007,sp,f,65+,0,Smear Positive
Bahamas,2007,sn,m,0-14,0,Smear Negative
Bahamas,2007,sn,m,15-24,1,Smear Negative
Bahamas,2007,sn,m,25-34,1,Smear Negative
Bahamas,2007,sn,m,35-44,1,Smear Negative
Bahamas,2007,sn,m,45-54,0,Smear Negative
Bahamas,2007,sn,m,55-64,0,Smear Negative
Bahamas,2007,sn,m,65+,1,Smear Negative
Bahamas,2007,sn,f,0-14,0,Smear Negative
Bahamas,2007,sn,f,15-24,0,Smear Negative
Bahamas,2007,sn,f,25-34,0,Smear Negative
Bahamas,2007,sn,f,35-44,1,Smear Negative
Bahamas,2007,sn,f,45-54,1,Smear Negative
Bahamas,2007,sn,f,55-64,0,Smear Negative
Bahamas,2007,sn,f,65+,0,Smear Negative
Bahamas,2007,ep,m,0-14,1,Extrapulmonary
Bahamas,2007,ep,m,15-24,0,Extrapulmonary
Bahamas,2007,ep,m,25-34,1,Extrapulmonary
Bahamas,2007,ep,m,35-44,0,Extrapulmonary
Bahamas,2007,ep,m,45-54,0,Extrapulmonary
Bahamas,2007,ep,m,55-64,0,Extrapulmonary
Bahamas,2007,ep,m,65+,0,Extrapulmonary
Bahamas,2007,ep,f,0-14,2,Extrapulmonary
Bahamas,2007,ep,f,15-24,2,Extrapulmonary
Bahamas,2007,ep,f,25-34,1,Extrapulmonary
Bahamas,2007,ep,f,35-44,0,Extrapulmonary
Bahamas,2007,ep,f,45-54,0,Extrapulmonary
Bahamas,2007,ep,f,55-64,0,Extrapulmonary
Bahamas,2007,ep,f,65+,0,Extrapulmonary
Bahamas,2008,sp,m,0-14,0,Smear Positive
Bahamas,2008,sp,m,15-24,2,Smear Positive
Bahamas,2008,sp,m,25-34,6,Smear Positive
Bahamas,2008,sp,m,35-44,5,Smear Positive
Bahamas,2008,sp,m,45-54,7,Smear Positive
Bahamas,2008,sp,m,55-64,2,Smear Positive
Bahamas,2008,sp,m,65+,0,Smear Positive
Bahamas,2008,sp,f,0-14,0,Smear Positive
Bahamas,2008,sp,f,15-24,1,Smear Positive
Bahamas,2008,sp,f,25-34,4,Smear Positive
Bahamas,2008,sp,f,35-44,4,Smear Positive
Bahamas,2008,sp,f,45-54,0,Smear Positive
Bahamas,2008,sp,f,55-64,0,Smear Positive
Bahamas,2008,sp,f,65+,0,Smear Positive
Bahamas,2008,sn,m,0-14,1,Smear Negative
Bahamas,2008,sn,m,15-24,0,Smear Negative
Bahamas,2008,sn,m,25-34,2,Smear Negative
Bahamas,2008,sn,m,35-44,4,Smear Negative
Bahamas,2008,sn,m,45-54,1,Smear Negative
Bahamas,2008,sn,m,55-64,0,Smear Negative
Bahamas,2008,sn,m,65+,1,Smear Negative
Bahamas,2008,sn,f,0-14,1,Smear Negative
Bahamas,2008,sn,f,15-24,0,Smear Negative
Bahamas,2008,sn,f,25-34,0,Smear Negative
Bahamas,2008,sn,f,35-44,0,Smear Negative
Bahamas,2008,sn,f,45-54,0,Smear Negative
Bahamas,2008,sn,f,55-64,0,Smear Negative
Bahamas,2008,sn,f,65+,0,Smear Negative
Bahamas,2008,ep,m,0-14,0,Extrapulmonary
Bahamas,2008,ep,m,15-24,1,Extrapulmonary
Bahamas,2008,ep,m,25-34,0,Extrapulmonary
Bahamas,2008,ep,m,35-44,0,Extrapulmonary
Bahamas,2008,ep,m,45-54,1,Extrapulmonary
Bahamas,2008,ep,m,55-64,0,Extrapulmonary
Bahamas,2008,ep,m,65+,0,Extrapulmonary
Bahamas,2008,ep,f,0-14,0,Extrapulmonary
Bahamas,2008,ep,f,15-24,0,Extrapulmonary
Bahamas,2008,ep,f,25-34,1,Extrapulmonary
Bahamas,2008,ep,f,35-44,0,Extrapulmonary
Bahamas,2008,ep,f,45-54,0,Extrapulmonary
Bahamas,2008,ep,f,55-64,0,Extrapulmonary
Bahamas,2008,ep,f,65+,2,Extrapulmonary
Bahamas,2009,sp,m,0-14,1,Smear Positive
Bahamas,2009,sp,m,15-24,2,Smear Positive
Bahamas,2009,sp,m,25-34,7,Smear Positive
Bahamas,2009,sp,m,35-44,4,Smear Positive
Bahamas,2009,sp,m,45-54,3,Smear Positive
Bahamas,2009,sp,m,55-64,1,Smear Positive
Bahamas,2009,sp,m,65+,2,Smear Positive
Bahamas,2009,sp,f,0-14,1,Smear Positive
Bahamas,2009,sp,f,15-24,2,Smear Positive
Bahamas,2009,sp,f,25-34,1,Smear Positive
Bahamas,2009,sp,f,35-44,1,Smear Positive
Bahamas,2009,sp,f,45-54,0,Smear Positive
Bahamas,2009,sp,f,55-64,1,Smear Positive
Bahamas,2009,sp,f,65+,0,Smear Positive
Bahamas,2009,sn,m,0-14,2,Smear Negative
Bahamas,2009,sn,m,15-24,0,Smear Negative
Bahamas,2009,sn,m,25-34,2,Smear Negative
Bahamas,2009,sn,m,35-44,1,Smear Negative
Bahamas,2009,sn,m,45-54,0,Smear Negative
Bahamas,2009,sn,m,55-64,0,Smear Negative
Bahamas,2009,sn,m,65+,1,Smear Negative
Bahamas,2009,sn,f,0-14,1,Smear Negative
Bahamas,2009,sn,f,15-24,0,Smear Negative
Bahamas,2009,sn,f,25-34,1,Smear Negative
Bahamas,2009,sn,f,35-44,0,Smear Negative
Bahamas,2009,sn,f,45-54,1,Smear Negative
Bahamas,2009,sn,f,55-64,0,Smear Negative
Bahamas,2009,sn,f,65+,1,Smear Negative
Bahamas,2009,ep,m,0-14,0,Extrapulmonary
Bahamas,2009,ep,m,15-24,1,Extrapulmonary
Bahamas,2009,ep,m,25-34,0,Extrapulmonary
Bahamas,2009,ep,m,35-44,0,Extrapulmonary
Bahamas,2009,ep,m,45-54,0,Extrapulmonary
Bahamas,2009,ep,m,55-64,1,Extrapulmonary
Bahamas,2009,ep,m,65+,0,Extrapulmonary
Bahamas,2009,ep,f,0-14,0,Extrapulmonary
Bahamas,2009,ep,f,15-24,0,Extrapulmonary
Bahamas,2009,ep,f,25-34,1,Extrapulmonary
Bahamas,2009,ep,f,35-44,0,Extrapulmonary
Bahamas,2009,ep,f,45-54,1,Extrapulmonary
Bahamas,2009,ep,f,55-64,1,Extrapulmonary
Bahamas,2009,ep,f,65+,0,Extrapulmonary
Bahamas,2010,sp,m,0-14,0,Smear Positive
Bahamas,2010,sp,m,15-24,2,Smear Positive
Bahamas,2010,sp,m,25-34,3,Smear Positive
Bahamas,2010,sp,m,35-44,5,Smear Positive
Bahamas,2010,sp,m,45-54,0,Smear Positive
Bahamas,2010,sp,m,55-64,2,Smear Positive
Bahamas,2010,sp,m,65+,0,Smear Positive
Bahamas,2010,sp,f,0-14,0,Smear Positive
Bahamas,2010,sp,f,15-24,5,Smear Positive
Bahamas,2010,sp,f,25-34,1,Smear Positive
Bahamas,2010,sp,f,35-44,1,Smear Positive
Bahamas,2010,sp,f,45-54,0,Smear Positive
Bahamas,2010,sp,f,55-64,0,Smear Positive
Bahamas,2010,sp,f,65+,0,Smear Positive
Bahamas,2010,sn,m,0-14,0,Smear Negative
Bahamas,2010,sn,m,15-24,0,Smear Negative
Bahamas,2010,sn,m,25-34,0,Smear Negative
Bahamas,2010,sn,m,35-44,0,Smear Negative
Bahamas,2010,sn,m,45-54,1,Smear Negative
Bahamas,2010,sn,m,55-64,1,Smear Negative
Bahamas,2010,sn,m,65+,0,Smear Negative
Bahamas,2010,sn,f,0-14,0,Smear Negative
Bahamas,2010,sn,f,15-24,1,Smear Negative
Bahamas,2010,sn,f,25-34,0,Smear Negative
Bahamas,2010,sn,f,35-44,0,Smear Negative
Bahamas,2010,sn,f,45-54,0,Smear Negative
Bahamas,2010,sn,f,55-64,0,Smear Negative
Bahamas,2010,sn,f,65+,0,Smear Negative
Bahamas,2010,ep,m,0-14,0,Extrapulmonary
Bahamas,2010,ep,m,15-24,1,Extrapulmonary
Bahamas,2010,ep,m,25-34,1,Extrapulmonary
Bahamas,2010,ep,m,35-44,1,Extrapulmonary
Bahamas,2010,ep,m,45-54,1,Extrapulmonary
Bahamas,2010,ep,m,55-64,0,Extrapulmonary
Bahamas,2010,ep,m,65+,0,Extrapulmonary
Bahamas,2010,ep,f,0-14,0,Extrapulmonary
Bahamas,2010,ep,f,15-24,1,Extrapulmonary
Bahamas,2010,ep,f,25-34,1,Extrapulmonary
Bahamas,2010,ep,f,35-44,1,Extrapulmonary
Bahamas,2010,ep,f,45-54,0,Extrapulmonary
Bahamas,2010,ep,f,55-64,0,Extrapulmonary
Bahamas,2010,ep,f,65+,0,Extrapulmonary
Bahamas,2011,sp,m,0-14,0,Smear Positive
Bahamas,2011,sp,m,15-24,2,Smear Positive
Bahamas,2011,sp,m,25-34,3,Smear Positive
Bahamas,2011,sp,m,35-44,6,Smear Positive
Bahamas,2011,sp,m,45-54,2,Smear Positive
Bahamas,2011,sp,m,55-64,2,Smear Positive
Bahamas,2011,sp,m,65+,1,Smear Positive
Bahamas,2011,sp,f,0-14,0,Smear Positive
Bahamas,2011,sp,f,15-24,1,Smear Positive
Bahamas,2011,sp,f,25-34,3,Smear Positive
Bahamas,2011,sp,f,35-44,3,Smear Positive
Bahamas,2011,sp,f,45-54,0,Smear Positive
Bahamas,2011,sp,f,55-64,0,Smear Positive
Bahamas,2011,sp,f,65+,0,Smear Positive
Bahamas,2011,sn,m,0-14,1,Smear Negative
Bahamas,2011,sn,m,15-24,0,Smear Negative
Bahamas,2011,sn,m,25-34,0,Smear Negative
Bahamas,2011,sn,m,35-44,4,Smear Negative
Bahamas,2011,sn,m,45-54,3,Smear Negative
Bahamas,2011,sn,m,55-64,0,Smear Negative
Bahamas,2011,sn,m,65+,1,Smear Negative
Bahamas,2011,sn,f,0-14,0,Smear Negative
Bahamas,2011,sn,f,15-24,1,Smear Negative
Bahamas,2011,sn,f,25-34,2,Smear Negative
Bahamas,2011,sn,f,35-44,0,Smear Negative
Bahamas,2011,sn,f,45-54,0,Smear Negative
Bahamas,2011,sn,f,55-64,0,Smear Negative
Bahamas,2011,sn,f,65+,0,Smear Negative
Bahamas,2011,ep,m,0-14,0,Extrapulmonary
Bahamas,2011,ep,m,15-24,0,Extrapulmonary
Bahamas,2011,ep,m,25-34,2,Extrapulmonary
Bahamas,2011,ep,m,35-44,1,Extrapulmonary
Bahamas,2011,ep,m,45-54,0,Extrapulmonary
Bahamas,2011,ep,m,55-64,0,Extrapulmonary
Bahamas,2011,ep,m,65+,0,Extrapulmonary
Bahamas,2011,ep,f,0-14,1,Extrapulmonary
Bahamas,2011,ep,f,15-24,0,Extrapulmonary
Bahamas,2011,ep,f,25-34,0,Extrapulmonary
Bahamas,2011,ep,f,35-44,1,Extrapulmonary
Bahamas,2011,ep,f,45-54,0,Extrapulmonary
Bahamas,2011,ep,f,55-64,0,Extrapulmonary
Bahamas,2011,ep,f,65+,0,Extrapulmonary
Bahamas,2012,sp,m,0-14,0,Smear Positive
Bahamas,2012,sp,m,15-24,1,Smear Positive
Bahamas,2012,sp,m,25-34,1,Smear Positive
Bahamas,2012,sp,m,35-44,6,Smear Positive
Bahamas,2012,sp,m,45-54,2,Smear Positive
Bahamas,2012,sp,m,55-64,0,Smear Positive
Bahamas,2012,sp,m,65+,2,Smear Positive
Bahamas,2012,sp,f,0-14,0,Smear Positive
Bahamas,2012,sp,f,15-24,2,Smear Positive
Bahamas,2012,sp,f,25-34,5,Smear Positive
Bahamas,2012,sp,f,35-44,1,Smear Positive
Bahamas,2012,sp,f,45-54,1,Smear Positive
Bahamas,2012,sp,f,55-64,0,Smear Positive
Bahamas,2012,sp,f,65+,0,Smear Positive
Bahamas,2012,sn,m,0-14,0,Smear Negative
Bahamas,2012,sn,m,15-24,0,Smear Negative
Bahamas,2012,sn,m,25-34,1,Smear Negative
Bahamas,2012,sn,m,35-44,0,Smear Negative
Bahamas,2012,sn,m,45-54,4,Smear Negative
Bahamas,2012,sn,m,55-64,1,Smear Negative
Bahamas,2012,sn,m,65+,0,Smear Negative
Bahamas,2012,sn,f,0-14,0,Smear Negative
Bahamas,2012,sn,f,15-24,1,Smear Negative
Bahamas,2012,sn,f,25-34,0,Smear Negative
Bahamas,2012,sn,f,35-44,3,Smear Negative
Bahamas,2012,sn,f,45-54,0,Smear Negative
Bahamas,2012,sn,f,55-64,1,Smear Negative
Bahamas,2012,sn,f,65+,0,Smear Negative
Bahamas,2012,ep,m,0-14,0,Extrapulmonary
Bahamas,2012,ep,m,15-24,0,Extrapulmonary
Bahamas,2012,ep,m,25-34,0,Extrapulmonary
Bahamas,2012,ep,m,35-44,0,Extrapulmonary
Bahamas,2012,ep,m,45-54,0,Extrapulmonary
Bahamas,2012,ep,m,55-64,0,Extrapulmonary
Bahamas,2012,ep,m,65+,0,Extrapulmonary
Bahamas,2012,ep,f,0-14,0,Extrapulmonary
Bahamas,2012,ep,f,15-24,0,Extrapulmonary
Bahamas,2012,ep,f,25-34,0,Extrapulmonary
Bahamas,2012,ep,f,35-44,0,Extrapulmonary
Bahamas,2012,ep,f,45-54,0,Extrapulmonary
Bahamas,2012,ep,f,55-64,0,Extrapulmonary
Bahamas,2012,ep,f,65+,0,Extrapulmonary
Bahamas,2013,rel,m,0-14,3,Relapse
Bahamas,2013,rel,m,15-24,2,Relapse
Bahamas,2013,rel,m,25-34,2,Relapse
Bahamas,2013,rel,m,35-44,6,Relapse
Bahamas,2013,rel,m,45-54,5,Relapse
Bahamas,2013,rel,m,55-64,2,Relapse
Bahamas,2013,rel,m,65+,2,Relapse
Bahamas,2013,rel,f,0-14,0,Relapse
Bahamas,2013,rel,f,15-24,2,Relapse
Bahamas,2013,rel,f,25-34,1,Relapse
Bahamas,2013,rel,f,35-44,5,Relapse
Bahamas,2013,rel,f,45-54,2,Relapse
Bahamas,2013,rel,f,55-64,0,Relapse
Bahamas,2013,rel,f,65+,1,Relapse
Bahrain,1995,sp,m,0-14,0,Smear Positive
Bahrain,1995,sp,m,15-24,0,Smear Positive
Bahrain,1995,sp,m,25-34,1,Smear Positive
Bahrain,1995,sp,m,35-44,2,Smear Positive
Bahrain,1995,sp,m,45-54,3,Smear Positive
Bahrain,1995,sp,m,55-64,1,Smear Positive
Bahrain,1995,sp,m,65+,3,Smear Positive
Bahrain,1995,sp,f,0-14,0,Smear Positive
Bahrain,1995,sp,f,15-24,1,Smear Positive
Bahrain,1995,sp,f,25-34,1,Smear Positive
Bahrain,1995,sp,f,35-44,2,Smear Positive
Bahrain,1995,sp,f,45-54,0,Smear Positive
Bahrain,1995,sp,f,55-64,1,Smear Positive
Bahrain,1995,sp,f,65+,1,Smear Positive
Bahrain,1996,sp,m,0-14,0,Smear Positive
Bahrain,1996,sp,m,15-24,8,Smear Positive
Bahrain,1996,sp,m,25-34,25,Smear Positive
Bahrain,1996,sp,m,35-44,24,Smear Positive
Bahrain,1996,sp,m,45-54,16,Smear Positive
Bahrain,1996,sp,m,55-64,7,Smear Positive
Bahrain,1996,sp,m,65+,6,Smear Positive
Bahrain,1996,sp,f,0-14,1,Smear Positive
Bahrain,1996,sp,f,15-24,10,Smear Positive
Bahrain,1996,sp,f,25-34,11,Smear Positive
Bahrain,1996,sp,f,35-44,7,Smear Positive
Bahrain,1996,sp,f,45-54,0,Smear Positive
Bahrain,1996,sp,f,55-64,3,Smear Positive
Bahrain,1996,sp,f,65+,3,Smear Positive
Bahrain,1997,sp,m,0-14,1,Smear Positive
Bahrain,1997,sp,m,15-24,11,Smear Positive
Bahrain,1997,sp,m,25-34,32,Smear Positive
Bahrain,1997,sp,m,35-44,19,Smear Positive
Bahrain,1997,sp,m,45-54,10,Smear Positive
Bahrain,1997,sp,m,55-64,4,Smear Positive
Bahrain,1997,sp,m,65+,10,Smear Positive
Bahrain,1997,sp,f,0-14,0,Smear Positive
Bahrain,1997,sp,f,15-24,4,Smear Positive
Bahrain,1997,sp,f,25-34,11,Smear Positive
Bahrain,1997,sp,f,35-44,4,Smear Positive
Bahrain,1997,sp,f,45-54,2,Smear Positive
Bahrain,1997,sp,f,55-64,1,Smear Positive
Bahrain,1997,sp,f,65+,1,Smear Positive
Bahrain,1998,sp,m,0-14,0,Smear Positive
Bahrain,1998,sp,m,15-24,3,Smear Positive
Bahrain,1998,sp,m,25-34,40,Smear Positive
Bahrain,1998,sp,m,35-44,36,Smear Positive
Bahrain,1998,sp,m,45-54,20,Smear Positive
Bahrain,1998,sp,m,55-64,13,Smear Positive
Bahrain,1998,sp,m,65+,22,Smear Positive
Bahrain,1998,sp,f,0-14,3,Smear Positive
Bahrain,1998,sp,f,15-24,4,Smear Positive
Bahrain,1998,sp,f,25-34,9,Smear Positive
Bahrain,1998,sp,f,35-44,7,Smear Positive
Bahrain,1998,sp,f,45-54,5,Smear Positive
Bahrain,1998,sp,f,55-64,2,Smear Positive
Bahrain,1998,sp,f,65+,6,Smear Positive
Bahrain,1999,sp,m,0-14,0,Smear Positive
Bahrain,1999,sp,m,15-24,12,Smear Positive
Bahrain,1999,sp,m,25-34,19,Smear Positive
Bahrain,1999,sp,m,35-44,14,Smear Positive
Bahrain,1999,sp,m,45-54,13,Smear Positive
Bahrain,1999,sp,m,55-64,5,Smear Positive
Bahrain,1999,sp,m,65+,3,Smear Positive
Bahrain,1999,sp,f,0-14,0,Smear Positive
Bahrain,1999,sp,f,15-24,6,Smear Positive
Bahrain,1999,sp,f,25-34,11,Smear Positive
Bahrain,1999,sp,f,35-44,6,Smear Positive
Bahrain,1999,sp,f,45-54,0,Smear Positive
Bahrain,1999,sp,f,55-64,1,Smear Positive
Bahrain,1999,sp,f,65+,3,Smear Positive
Bahrain,2000,sp,m,0-14,0,Smear Positive
Bahrain,2000,sp,m,15-24,0,Smear Positive
Bahrain,2000,sp,m,25-34,3,Smear Positive
Bahrain,2000,sp,m,35-44,2,Smear Positive
Bahrain,2000,sp,m,45-54,5,Smear Positive
Bahrain,2000,sp,m,55-64,3,Smear Positive
Bahrain,2000,sp,m,65+,4,Smear Positive
Bahrain,2000,sp,f,0-14,0,Smear Positive
Bahrain,2000,sp,f,15-24,1,Smear Positive
Bahrain,2000,sp,f,25-34,2,Smear Positive
Bahrain,2000,sp,f,35-44,0,Smear Positive
Bahrain,2000,sp,f,45-54,1,Smear Positive
Bahrain,2000,sp,f,55-64,1,Smear Positive
Bahrain,2000,sp,f,65+,1,Smear Positive
Bahrain,2001,sp,m,0-14,0,Smear Positive
Bahrain,2001,sp,m,15-24,1,Smear Positive
Bahrain,2001,sp,m,25-34,2,Smear Positive
Bahrain,2001,sp,m,35-44,2,Smear Positive
Bahrain,2001,sp,m,45-54,6,Smear Positive
Bahrain,2001,sp,m,55-64,1,Smear Positive
Bahrain,2001,sp,m,65+,6,Smear Positive
Bahrain,2001,sp,f,0-14,0,Smear Positive
Bahrain,2001,sp,f,15-24,1,Smear Positive
Bahrain,2001,sp,f,25-34,2,Smear Positive
Bahrain,2001,sp,f,35-44,0,Smear Positive
Bahrain,2001,sp,f,45-54,2,Smear Positive
Bahrain,2001,sp,f,55-64,0,Smear Positive
Bahrain,2001,sp,f,65+,0,Smear Positive
Bahrain,2002,sp,m,0-14,0,Smear Positive
Bahrain,2002,sp,m,15-24,1,Smear Positive
Bahrain,2002,sp,m,25-34,1,Smear Positive
Bahrain,2002,sp,m,35-44,2,Smear Positive
Bahrain,2002,sp,m,45-54,2,Smear Positive
Bahrain,2002,sp,m,55-64,1,Smear Positive
Bahrain,2002,sp,m,65+,5,Smear Positive
Bahrain,2002,sp,f,0-14,0,Smear Positive
Bahrain,2002,sp,f,15-24,1,Smear Positive
Bahrain,2002,sp,f,25-34,1,Smear Positive
Bahrain,2002,sp,f,35-44,1,Smear Positive
Bahrain,2002,sp,f,45-54,1,Smear Positive
Bahrain,2002,sp,f,55-64,0,Smear Positive
Bahrain,2002,sp,f,65+,1,Smear Positive
Bahrain,2003,sp,m,0-14,0,Smear Positive
Bahrain,2003,sp,m,15-24,2,Smear Positive
Bahrain,2003,sp,m,25-34,2,Smear Positive
Bahrain,2003,sp,m,35-44,1,Smear Positive
Bahrain,2003,sp,m,45-54,1,Smear Positive
Bahrain,2003,sp,m,55-64,3,Smear Positive
Bahrain,2003,sp,m,65+,4,Smear Positive
Bahrain,2003,sp,f,0-14,0,Smear Positive
Bahrain,2003,sp,f,15-24,1,Smear Positive
Bahrain,2003,sp,f,25-34,0,Smear Positive
Bahrain,2003,sp,f,35-44,0,Smear Positive
Bahrain,2003,sp,f,45-54,1,Smear Positive
Bahrain,2003,sp,f,55-64,1,Smear Positive
Bahrain,2003,sp,f,65+,0,Smear Positive
Bahrain,2004,sp,m,0-14,0,Smear Positive
Bahrain,2004,sp,m,15-24,0,Smear Positive
Bahrain,2004,sp,m,25-34,0,Smear Positive
Bahrain,2004,sp,m,35-44,2,Smear Positive
Bahrain,2004,sp,m,45-54,2,Smear Positive
Bahrain,2004,sp,m,55-64,0,Smear Positive
Bahrain,2004,sp,m,65+,1,Smear Positive
Bahrain,2004,sp,f,0-14,0,Smear Positive
Bahrain,2004,sp,f,15-24,1,Smear Positive
Bahrain,2004,sp,f,25-34,1,Smear Positive
Bahrain,2004,sp,f,35-44,1,Smear Positive
Bahrain,2004,sp,f,45-54,0,Smear Positive
Bahrain,2004,sp,f,55-64,1,Smear Positive
Bahrain,2004,sp,f,65+,2,Smear Positive
Bahrain,2005,sp,m,0-14,0,Smear Positive
Bahrain,2005,sp,m,15-24,0,Smear Positive
Bahrain,2005,sp,m,25-34,0,Smear Positive
Bahrain,2005,sp,m,35-44,2,Smear Positive
Bahrain,2005,sp,m,45-54,3,Smear Positive
Bahrain,2005,sp,m,55-64,0,Smear Positive
Bahrain,2005,sp,m,65+,4,Smear Positive
Bahrain,2005,sp,f,0-14,1,Smear Positive
Bahrain,2005,sp,f,15-24,1,Smear Positive
Bahrain,2005,sp,f,25-34,0,Smear Positive
Bahrain,2005,sp,f,35-44,3,Smear Positive
Bahrain,2005,sp,f,45-54,1,Smear Positive
Bahrain,2005,sp,f,55-64,0,Smear Positive
Bahrain,2005,sp,f,65+,0,Smear Positive
Bahrain,2006,sp,m,0-14,0,Smear Positive
Bahrain,2006,sp,m,15-24,10,Smear Positive
Bahrain,2006,sp,m,25-34,25,Smear Positive
Bahrain,2006,sp,m,35-44,11,Smear Positive
Bahrain,2006,sp,m,45-54,18,Smear Positive
Bahrain,2006,sp,m,55-64,1,Smear Positive
Bahrain,2006,sp,m,65+,1,Smear Positive
Bahrain,2006,sp,f,0-14,0,Smear Positive
Bahrain,2006,sp,f,15-24,7,Smear Positive
Bahrain,2006,sp,f,25-34,14,Smear Positive
Bahrain,2006,sp,f,35-44,4,Smear Positive
Bahrain,2006,sp,f,45-54,5,Smear Positive
Bahrain,2006,sp,f,55-64,2,Smear Positive
Bahrain,2006,sp,f,65+,0,Smear Positive
Bahrain,2006,sn,m,0-14,0,Smear Negative
Bahrain,2006,sn,m,15-24,5,Smear Negative
Bahrain,2006,sn,m,25-34,16,Smear Negative
Bahrain,2006,sn,m,35-44,10,Smear Negative
Bahrain,2006,sn,m,45-54,7,Smear Negative
Bahrain,2006,sn,m,55-64,1,Smear Negative
Bahrain,2006,sn,m,65+,4,Smear Negative
Bahrain,2006,sn,f,0-14,0,Smear Negative
Bahrain,2006,sn,f,15-24,4,Smear Negative
Bahrain,2006,sn,f,25-34,15,Smear Negative
Bahrain,2006,sn,f,35-44,4,Smear Negative
Bahrain,2006,sn,f,45-54,2,Smear Negative
Bahrain,2006,sn,f,55-64,1,Smear Negative
Bahrain,2006,sn,f,65+,3,Smear Negative
Bahrain,2006,ep,m,0-14,0,Extrapulmonary
Bahrain,2006,ep,m,15-24,4,Extrapulmonary
Bahrain,2006,ep,m,25-34,26,Extrapulmonary
Bahrain,2006,ep,m,35-44,8,Extrapulmonary
Bahrain,2006,ep,m,45-54,9,Extrapulmonary
Bahrain,2006,ep,m,55-64,3,Extrapulmonary
Bahrain,2006,ep,m,65+,7,Extrapulmonary
Bahrain,2006,ep,f,0-14,0,Extrapulmonary
Bahrain,2006,ep,f,15-24,11,Extrapulmonary
Bahrain,2006,ep,f,25-34,14,Extrapulmonary
Bahrain,2006,ep,f,35-44,9,Extrapulmonary
Bahrain,2006,ep,f,45-54,7,Extrapulmonary
Bahrain,2006,ep,f,55-64,2,Extrapulmonary
Bahrain,2006,ep,f,65+,2,Extrapulmonary
Bahrain,2007,sp,m,0-14,0,Smear Positive
Bahrain,2007,sp,m,15-24,8,Smear Positive
Bahrain,2007,sp,m,25-34,26,Smear Positive
Bahrain,2007,sp,m,35-44,15,Smear Positive
Bahrain,2007,sp,m,45-54,8,Smear Positive
Bahrain,2007,sp,m,55-64,4,Smear Positive
Bahrain,2007,sp,m,65+,3,Smear Positive
Bahrain,2007,sp,f,0-14,1,Smear Positive
Bahrain,2007,sp,f,15-24,10,Smear Positive
Bahrain,2007,sp,f,25-34,15,Smear Positive
Bahrain,2007,sp,f,35-44,5,Smear Positive
Bahrain,2007,sp,f,45-54,3,Smear Positive
Bahrain,2007,sp,f,55-64,0,Smear Positive
Bahrain,2007,sp,f,65+,1,Smear Positive
Bahrain,2007,sn,m,0-14,0,Smear Negative
Bahrain,2007,sn,m,15-24,7,Smear Negative
Bahrain,2007,sn,m,25-34,25,Smear Negative
Bahrain,2007,sn,m,35-44,7,Smear Negative
Bahrain,2007,sn,m,45-54,4,Smear Negative
Bahrain,2007,sn,m,55-64,3,Smear Negative
Bahrain,2007,sn,m,65+,4,Smear Negative
Bahrain,2007,sn,f,0-14,0,Smear Negative
Bahrain,2007,sn,f,15-24,2,Smear Negative
Bahrain,2007,sn,f,25-34,8,Smear Negative
Bahrain,2007,sn,f,35-44,8,Smear Negative
Bahrain,2007,sn,f,45-54,0,Smear Negative
Bahrain,2007,sn,f,55-64,1,Smear Negative
Bahrain,2007,sn,f,65+,2,Smear Negative
Bahrain,2007,ep,m,0-14,2,Extrapulmonary
Bahrain,2007,ep,m,15-24,10,Extrapulmonary
Bahrain,2007,ep,m,25-34,18,Extrapulmonary
Bahrain,2007,ep,m,35-44,11,Extrapulmonary
Bahrain,2007,ep,m,45-54,8,Extrapulmonary
Bahrain,2007,ep,m,55-64,5,Extrapulmonary
Bahrain,2007,ep,m,65+,3,Extrapulmonary
Bahrain,2007,ep,f,0-14,5,Extrapulmonary
Bahrain,2007,ep,f,15-24,8,Extrapulmonary
Bahrain,2007,ep,f,25-34,19,Extrapulmonary
Bahrain,2007,ep,f,35-44,7,Extrapulmonary
Bahrain,2007,ep,f,45-54,3,Extrapulmonary
Bahrain,2007,ep,f,55-64,6,Extrapulmonary
Bahrain,2007,ep,f,65+,3,Extrapulmonary
Bahrain,2008,sp,m,0-14,0,Smear Positive
Bahrain,2008,sp,m,15-24,17,Smear Positive
Bahrain,2008,sp,m,25-34,48,Smear Positive
Bahrain,2008,sp,m,35-44,27,Smear Positive
Bahrain,2008,sp,m,45-54,8,Smear Positive
Bahrain,2008,sp,m,55-64,2,Smear Positive
Bahrain,2008,sp,m,65+,3,Smear Positive
Bahrain,2008,sp,f,0-14,0,Smear Positive
Bahrain,2008,sp,f,15-24,12,Smear Positive
Bahrain,2008,sp,f,25-34,16,Smear Positive
Bahrain,2008,sp,f,35-44,8,Smear Positive
Bahrain,2008,sp,f,45-54,1,Smear Positive
Bahrain,2008,sp,f,55-64,0,Smear Positive
Bahrain,2008,sp,f,65+,0,Smear Positive
Bahrain,2008,sn,m,0-14,0,Smear Negative
Bahrain,2008,sn,m,15-24,3,Smear Negative
Bahrain,2008,sn,m,25-34,15,Smear Negative
Bahrain,2008,sn,m,35-44,12,Smear Negative
Bahrain,2008,sn,m,45-54,5,Smear Negative
Bahrain,2008,sn,m,55-64,4,Smear Negative
Bahrain,2008,sn,m,65+,5,Smear Negative
Bahrain,2008,sn,f,0-14,0,Smear Negative
Bahrain,2008,sn,f,15-24,7,Smear Negative
Bahrain,2008,sn,f,25-34,4,Smear Negative
Bahrain,2008,sn,f,35-44,3,Smear Negative
Bahrain,2008,sn,f,45-54,1,Smear Negative
Bahrain,2008,sn,f,55-64,0,Smear Negative
Bahrain,2008,sn,f,65+,0,Smear Negative
Bahrain,2008,ep,m,0-14,3,Extrapulmonary
Bahrain,2008,ep,m,15-24,11,Extrapulmonary
Bahrain,2008,ep,m,25-34,25,Extrapulmonary
Bahrain,2008,ep,m,35-44,15,Extrapulmonary
Bahrain,2008,ep,m,45-54,8,Extrapulmonary
Bahrain,2008,ep,m,55-64,1,Extrapulmonary
Bahrain,2008,ep,m,65+,1,Extrapulmonary
Bahrain,2008,ep,f,0-14,2,Extrapulmonary
Bahrain,2008,ep,f,15-24,7,Extrapulmonary
Bahrain,2008,ep,f,25-34,20,Extrapulmonary
Bahrain,2008,ep,f,35-44,6,Extrapulmonary
Bahrain,2008,ep,f,45-54,5,Extrapulmonary
Bahrain,2008,ep,f,55-64,1,Extrapulmonary
Bahrain,2008,ep,f,65+,0,Extrapulmonary
Bahrain,2009,sp,m,0-14,0,Smear Positive
Bahrain,2009,sp,m,15-24,13,Smear Positive
Bahrain,2009,sp,m,25-34,37,Smear Positive
Bahrain,2009,sp,m,35-44,21,Smear Positive
Bahrain,2009,sp,m,45-54,13,Smear Positive
Bahrain,2009,sp,m,55-64,7,Smear Positive
Bahrain,2009,sp,m,65+,1,Smear Positive
Bahrain,2009,sp,f,0-14,0,Smear Positive
Bahrain,2009,sp,f,15-24,14,Smear Positive
Bahrain,2009,sp,f,25-34,18,Smear Positive
Bahrain,2009,sp,f,35-44,3,Smear Positive
Bahrain,2009,sp,f,45-54,2,Smear Positive
Bahrain,2009,sp,f,55-64,0,Smear Positive
Bahrain,2009,sp,f,65+,2,Smear Positive
Bahrain,2009,sn,m,0-14,0,Smear Negative
Bahrain,2009,sn,m,15-24,7,Smear Negative
Bahrain,2009,sn,m,25-34,22,Smear Negative
Bahrain,2009,sn,m,35-44,9,Smear Negative
Bahrain,2009,sn,m,45-54,6,Smear Negative
Bahrain,2009,sn,m,55-64,0,Smear Negative
Bahrain,2009,sn,m,65+,3,Smear Negative
Bahrain,2009,sn,f,0-14,1,Smear Negative
Bahrain,2009,sn,f,15-24,14,Smear Negative
Bahrain,2009,sn,f,25-34,6,Smear Negative
Bahrain,2009,sn,f,35-44,4,Smear Negative
Bahrain,2009,sn,f,45-54,0,Smear Negative
Bahrain,2009,sn,f,55-64,1,Smear Negative
Bahrain,2009,sn,f,65+,1,Smear Negative
Bahrain,2009,ep,m,0-14,2,Extrapulmonary
Bahrain,2009,ep,m,15-24,11,Extrapulmonary
Bahrain,2009,ep,m,25-34,27,Extrapulmonary
Bahrain,2009,ep,m,35-44,18,Extrapulmonary
Bahrain,2009,ep,m,45-54,7,Extrapulmonary
Bahrain,2009,ep,m,55-64,4,Extrapulmonary
Bahrain,2009,ep,m,65+,1,Extrapulmonary
Bahrain,2009,ep,f,0-14,6,Extrapulmonary
Bahrain,2009,ep,f,15-24,14,Extrapulmonary
Bahrain,2009,ep,f,25-34,18,Extrapulmonary
Bahrain,2009,ep,f,35-44,6,Extrapulmonary
Bahrain,2009,ep,f,45-54,3,Extrapulmonary
Bahrain,2009,ep,f,55-64,3,Extrapulmonary
Bahrain,2009,ep,f,65+,1,Extrapulmonary
Bahrain,2010,sp,m,0-14,0,Smear Positive
Bahrain,2010,sp,m,15-24,10,Smear Positive
Bahrain,2010,sp,m,25-34,16,Smear Positive
Bahrain,2010,sp,m,35-44,11,Smear Positive
Bahrain,2010,sp,m,45-54,12,Smear Positive
Bahrain,2010,sp,m,55-64,4,Smear Positive
Bahrain,2010,sp,m,65+,4,Smear Positive
Bahrain,2010,sp,f,0-14,0,Smear Positive
Bahrain,2010,sp,f,15-24,8,Smear Positive
Bahrain,2010,sp,f,25-34,15,Smear Positive
Bahrain,2010,sp,f,35-44,7,Smear Positive
Bahrain,2010,sp,f,45-54,1,Smear Positive
Bahrain,2010,sp,f,55-64,1,Smear Positive
Bahrain,2010,sp,f,65+,1,Smear Positive
Bahrain,2010,sn,m,0-14,2,Smear Negative
Bahrain,2010,sn,m,15-24,2,Smear Negative
Bahrain,2010,sn,m,25-34,12,Smear Negative
Bahrain,2010,sn,m,35-44,12,Smear Negative
Bahrain,2010,sn,m,45-54,11,Smear Negative
Bahrain,2010,sn,m,55-64,3,Smear Negative
Bahrain,2010,sn,m,65+,4,Smear Negative
Bahrain,2010,sn,f,0-14,0,Smear Negative
Bahrain,2010,sn,f,15-24,6,Smear Negative
Bahrain,2010,sn,f,25-34,4,Smear Negative
Bahrain,2010,sn,f,35-44,1,Smear Negative
Bahrain,2010,sn,f,45-54,0,Smear Negative
Bahrain,2010,sn,f,55-64,0,Smear Negative
Bahrain,2010,sn,f,65+,1,Smear Negative
Bahrain,2010,ep,m,0-14,2,Extrapulmonary
Bahrain,2010,ep,m,15-24,4,Extrapulmonary
Bahrain,2010,ep,m,25-34,27,Extrapulmonary
Bahrain,2010,ep,m,35-44,15,Extrapulmonary
Bahrain,2010,ep,m,45-54,6,Extrapulmonary
Bahrain,2010,ep,m,55-64,4,Extrapulmonary
Bahrain,2010,ep,m,65+,2,Extrapulmonary
Bahrain,2010,ep,f,0-14,1,Extrapulmonary
Bahrain,2010,ep,f,15-24,3,Extrapulmonary
Bahrain,2010,ep,f,25-34,21,Extrapulmonary
Bahrain,2010,ep,f,35-44,8,Extrapulmonary
Bahrain,2010,ep,f,45-54,3,Extrapulmonary
Bahrain,2010,ep,f,55-64,1,Extrapulmonary
Bahrain,2010,ep,f,65+,1,Extrapulmonary
Bahrain,2011,sp,m,0-14,1,Smear Positive
Bahrain,2011,sp,m,15-24,5,Smear Positive
Bahrain,2011,sp,m,25-34,19,Smear Positive
Bahrain,2011,sp,m,35-44,13,Smear Positive
Bahrain,2011,sp,m,45-54,14,Smear Positive
Bahrain,2011,sp,m,55-64,8,Smear Positive
Bahrain,2011,sp,m,65+,2,Smear Positive
Bahrain,2011,sp,f,0-14,0,Smear Positive
Bahrain,2011,sp,f,15-24,9,Smear Positive
Bahrain,2011,sp,f,25-34,5,Smear Positive
Bahrain,2011,sp,f,35-44,6,Smear Positive
Bahrain,2011,sp,f,45-54,6,Smear Positive
Bahrain,2011,sp,f,55-64,0,Smear Positive
Bahrain,2011,sp,f,65+,1,Smear Positive
Bahrain,2011,sn,m,0-14,3,Smear Negative
Bahrain,2011,sn,m,15-24,3,Smear Negative
Bahrain,2011,sn,m,25-34,5,Smear Negative
Bahrain,2011,sn,m,35-44,5,Smear Negative
Bahrain,2011,sn,m,45-54,3,Smear Negative
Bahrain,2011,sn,m,55-64,5,Smear Negative
Bahrain,2011,sn,m,65+,6,Smear Negative
Bahrain,2011,sn,f,0-14,0,Smear Negative
Bahrain,2011,sn,f,15-24,4,Smear Negative
Bahrain,2011,sn,f,25-34,4,Smear Negative
Bahrain,2011,sn,f,35-44,3,Smear Negative
Bahrain,2011,sn,f,45-54,4,Smear Negative
Bahrain,2011,sn,f,55-64,0,Smear Negative
Bahrain,2011,sn,f,65+,2,Smear Negative
Bahrain,2011,ep,m,0-14,5,Extrapulmonary
Bahrain,2011,ep,m,15-24,6,Extrapulmonary
Bahrain,2011,ep,m,25-34,24,Extrapulmonary
Bahrain,2011,ep,m,35-44,10,Extrapulmonary
Bahrain,2011,ep,m,45-54,3,Extrapulmonary
Bahrain,2011,ep,m,55-64,2,Extrapulmonary
Bahrain,2011,ep,m,65+,3,Extrapulmonary
Bahrain,2011,ep,f,0-14,6,Extrapulmonary
Bahrain,2011,ep,f,15-24,5,Extrapulmonary
Bahrain,2011,ep,f,25-34,11,Extrapulmonary
Bahrain,2011,ep,f,35-44,6,Extrapulmonary
Bahrain,2011,ep,f,45-54,4,Extrapulmonary
Bahrain,2011,ep,f,55-64,2,Extrapulmonary
Bahrain,2011,ep,f,65+,2,Extrapulmonary
Bahrain,2012,sp,m,0-14,0,Smear Positive
Bahrain,2012,sp,m,15-24,9,Smear Positive
Bahrain,2012,sp,m,25-34,28,Smear Positive
Bahrain,2012,sp,m,35-44,16,Smear Positive
Bahrain,2012,sp,m,45-54,11,Smear Positive
Bahrain,2012,sp,m,55-64,8,Smear Positive
Bahrain,2012,sp,m,65+,2,Smear Positive
Bahrain,2012,sp,f,0-14,1,Smear Positive
Bahrain,2012,sp,f,15-24,2,Smear Positive
Bahrain,2012,sp,f,25-34,11,Smear Positive
Bahrain,2012,sp,f,35-44,8,Smear Positive
Bahrain,2012,sp,f,45-54,4,Smear Positive
Bahrain,2012,sp,f,55-64,1,Smear Positive
Bahrain,2012,sp,f,65+,0,Smear Positive
Bahrain,2012,sn,m,0-14,0,Smear Negative
Bahrain,2012,sn,m,15-24,4,Smear Negative
Bahrain,2012,sn,m,25-34,5,Smear Negative
Bahrain,2012,sn,m,35-44,5,Smear Negative
Bahrain,2012,sn,m,45-54,4,Smear Negative
Bahrain,2012,sn,m,55-64,1,Smear Negative
Bahrain,2012,sn,m,65+,6,Smear Negative
Bahrain,2012,sn,f,0-14,0,Smear Negative
Bahrain,2012,sn,f,15-24,2,Smear Negative
Bahrain,2012,sn,f,25-34,11,Smear Negative
Bahrain,2012,sn,f,35-44,6,Smear Negative
Bahrain,2012,sn,f,45-54,1,Smear Negative
Bahrain,2012,sn,f,55-64,0,Smear Negative
Bahrain,2012,sn,f,65+,2,Smear Negative
Bahrain,2012,ep,m,0-14,0,Extrapulmonary
Bahrain,2012,ep,m,15-24,7,Extrapulmonary
Bahrain,2012,ep,m,25-34,21,Extrapulmonary
Bahrain,2012,ep,m,35-44,9,Extrapulmonary
Bahrain,2012,ep,m,45-54,4,Extrapulmonary
Bahrain,2012,ep,m,55-64,4,Extrapulmonary
Bahrain,2012,ep,m,65+,1,Extrapulmonary
Bahrain,2012,ep,f,0-14,2,Extrapulmonary
Bahrain,2012,ep,f,15-24,3,Extrapulmonary
Bahrain,2012,ep,f,25-34,14,Extrapulmonary
Bahrain,2012,ep,f,35-44,6,Extrapulmonary
Bahrain,2012,ep,f,45-54,2,Extrapulmonary
Bahrain,2012,ep,f,55-64,4,Extrapulmonary
Bahrain,2012,ep,f,65+,0,Extrapulmonary
Bahrain,2013,rel,m,0-14,4,Relapse
Bahrain,2013,rel,m,15-24,13,Relapse
Bahrain,2013,rel,m,25-34,25,Relapse
Bahrain,2013,rel,m,35-44,60,Relapse
Bahrain,2013,rel,m,45-54,20,Relapse
Bahrain,2013,rel,m,55-64,10,Relapse
Bahrain,2013,rel,m,65+,4,Relapse
Bahrain,2013,rel,f,0-14,1,Relapse
Bahrain,2013,rel,f,15-24,8,Relapse
Bahrain,2013,rel,f,25-34,33,Relapse
Bahrain,2013,rel,f,35-44,19,Relapse
Bahrain,2013,rel,f,45-54,5,Relapse
Bahrain,2013,rel,f,55-64,4,Relapse
Bahrain,2013,rel,f,65+,3,Relapse
Bangladesh,1995,sp,m,0-14,29,Smear Positive
Bangladesh,1995,sp,m,15-24,505,Smear Positive
Bangladesh,1995,sp,m,25-34,983,Smear Positive
Bangladesh,1995,sp,m,35-44,1001,Smear Positive
Bangladesh,1995,sp,m,45-54,748,Smear Positive
Bangladesh,1995,sp,m,55-64,648,Smear Positive
Bangladesh,1995,sp,m,65+,424,Smear Positive
Bangladesh,1995,sp,f,0-14,64,Smear Positive
Bangladesh,1995,sp,f,15-24,309,Smear Positive
Bangladesh,1995,sp,f,25-34,546,Smear Positive
Bangladesh,1995,sp,f,35-44,360,Smear Positive
Bangladesh,1995,sp,f,45-54,236,Smear Positive
Bangladesh,1995,sp,f,55-64,132,Smear Positive
Bangladesh,1995,sp,f,65+,38,Smear Positive
Bangladesh,1996,sp,m,0-14,45,Smear Positive
Bangladesh,1996,sp,m,15-24,723,Smear Positive
Bangladesh,1996,sp,m,25-34,1322,Smear Positive
Bangladesh,1996,sp,m,35-44,1264,Smear Positive
Bangladesh,1996,sp,m,45-54,908,Smear Positive
Bangladesh,1996,sp,m,55-64,737,Smear Positive
Bangladesh,1996,sp,m,65+,472,Smear Positive
Bangladesh,1996,sp,f,0-14,89,Smear Positive
Bangladesh,1996,sp,f,15-24,434,Smear Positive
Bangladesh,1996,sp,f,25-34,663,Smear Positive
Bangladesh,1996,sp,f,35-44,434,Smear Positive
Bangladesh,1996,sp,f,45-54,268,Smear Positive
Bangladesh,1996,sp,f,55-64,151,Smear Positive
Bangladesh,1996,sp,f,65+,41,Smear Positive
Bangladesh,1997,sp,m,0-14,201,Smear Positive
Bangladesh,1997,sp,m,15-24,2639,Smear Positive
Bangladesh,1997,sp,m,25-34,5013,Smear Positive
Bangladesh,1997,sp,m,35-44,5226,Smear Positive
Bangladesh,1997,sp,m,45-54,3926,Smear Positive
Bangladesh,1997,sp,m,55-64,2901,Smear Positive
Bangladesh,1997,sp,m,65+,2003,Smear Positive
Bangladesh,1997,sp,f,0-14,328,Smear Positive
Bangladesh,1997,sp,f,15-24,1883,Smear Positive
Bangladesh,1997,sp,f,25-34,2634,Smear Positive
Bangladesh,1997,sp,f,35-44,1748,Smear Positive
Bangladesh,1997,sp,f,45-54,1029,Smear Positive
Bangladesh,1997,sp,f,55-64,527,Smear Positive
Bangladesh,1997,sp,f,65+,236,Smear Positive
Bangladesh,1998,sp,m,0-14,254,Smear Positive
Bangladesh,1998,sp,m,15-24,3516,Smear Positive
Bangladesh,1998,sp,m,25-34,5988,Smear Positive
Bangladesh,1998,sp,m,35-44,6242,Smear Positive
Bangladesh,1998,sp,m,45-54,4771,Smear Positive
Bangladesh,1998,sp,m,55-64,3522,Smear Positive
Bangladesh,1998,sp,m,65+,2569,Smear Positive
Bangladesh,1998,sp,f,0-14,438,Smear Positive
Bangladesh,1998,sp,f,15-24,2663,Smear Positive
Bangladesh,1998,sp,f,25-34,3319,Smear Positive
Bangladesh,1998,sp,f,35-44,2156,Smear Positive
Bangladesh,1998,sp,f,45-54,1212,Smear Positive
Bangladesh,1998,sp,f,55-64,649,Smear Positive
Bangladesh,1998,sp,f,65+,324,Smear Positive
Bangladesh,1999,sp,m,0-14,259,Smear Positive
Bangladesh,1999,sp,m,15-24,3504,Smear Positive
Bangladesh,1999,sp,m,25-34,5777,Smear Positive
Bangladesh,1999,sp,m,35-44,6143,Smear Positive
Bangladesh,1999,sp,m,45-54,4748,Smear Positive
Bangladesh,1999,sp,m,55-64,3568,Smear Positive
Bangladesh,1999,sp,m,65+,2701,Smear Positive
Bangladesh,1999,sp,f,0-14,405,Smear Positive
Bangladesh,1999,sp,f,15-24,2753,Smear Positive
Bangladesh,1999,sp,f,25-34,3276,Smear Positive
Bangladesh,1999,sp,f,35-44,2180,Smear Positive
Bangladesh,1999,sp,f,45-54,1315,Smear Positive
Bangladesh,1999,sp,f,55-64,712,Smear Positive
Bangladesh,1999,sp,f,65+,333,Smear Positive
Bangladesh,2000,sp,m,0-14,256,Smear Positive
Bangladesh,2000,sp,m,15-24,3640,Smear Positive
Bangladesh,2000,sp,m,25-34,5643,Smear Positive
Bangladesh,2000,sp,m,35-44,5750,Smear Positive
Bangladesh,2000,sp,m,45-54,4718,Smear Positive
Bangladesh,2000,sp,m,55-64,3667,Smear Positive
Bangladesh,2000,sp,m,65+,2837,Smear Positive
Bangladesh,2000,sp,f,0-14,495,Smear Positive
Bangladesh,2000,sp,f,15-24,3029,Smear Positive
Bangladesh,2000,sp,f,25-34,3238,Smear Positive
Bangladesh,2000,sp,f,35-44,2247,Smear Positive
Bangladesh,2000,sp,f,45-54,1315,Smear Positive
Bangladesh,2000,sp,f,55-64,778,Smear Positive
Bangladesh,2000,sp,f,65+,370,Smear Positive
Bangladesh,2001,sp,m,0-14,283,Smear Positive
Bangladesh,2001,sp,m,15-24,3976,Smear Positive
Bangladesh,2001,sp,m,25-34,5834,Smear Positive
Bangladesh,2001,sp,m,35-44,6257,Smear Positive
Bangladesh,2001,sp,m,45-54,5172,Smear Positive
Bangladesh,2001,sp,m,55-64,3682,Smear Positive
Bangladesh,2001,sp,m,65+,3039,Smear Positive
Bangladesh,2001,sp,f,0-14,428,Smear Positive
Bangladesh,2001,sp,f,15-24,3392,Smear Positive
Bangladesh,2001,sp,f,25-34,3538,Smear Positive
Bangladesh,2001,sp,f,35-44,2260,Smear Positive
Bangladesh,2001,sp,f,45-54,1492,Smear Positive
Bangladesh,2001,sp,f,55-64,763,Smear Positive
Bangladesh,2001,sp,f,65+,371,Smear Positive
Bangladesh,2002,sp,m,0-14,449,Smear Positive
Bangladesh,2002,sp,m,15-24,4490,Smear Positive
Bangladesh,2002,sp,m,25-34,6288,Smear Positive
Bangladesh,2002,sp,m,35-44,7038,Smear Positive
Bangladesh,2002,sp,m,45-54,5981,Smear Positive
Bangladesh,2002,sp,m,55-64,4493,Smear Positive
Bangladesh,2002,sp,m,65+,3682,Smear Positive
Bangladesh,2002,sp,f,0-14,575,Smear Positive
Bangladesh,2002,sp,f,15-24,3104,Smear Positive
Bangladesh,2002,sp,f,25-34,3926,Smear Positive
Bangladesh,2002,sp,f,35-44,2791,Smear Positive
Bangladesh,2002,sp,f,45-54,2101,Smear Positive
Bangladesh,2002,sp,f,55-64,988,Smear Positive
Bangladesh,2002,sp,f,65+,865,Smear Positive
Bangladesh,2003,sp,m,0-14,320,Smear Positive
Bangladesh,2003,sp,m,15-24,5166,Smear Positive
Bangladesh,2003,sp,m,25-34,7275,Smear Positive
Bangladesh,2003,sp,m,35-44,8058,Smear Positive
Bangladesh,2003,sp,m,45-54,6947,Smear Positive
Bangladesh,2003,sp,m,55-64,5501,Smear Positive
Bangladesh,2003,sp,m,65+,4142,Smear Positive
Bangladesh,2003,sp,f,0-14,544,Smear Positive
Bangladesh,2003,sp,f,15-24,4298,Smear Positive
Bangladesh,2003,sp,f,25-34,4282,Smear Positive
Bangladesh,2003,sp,f,35-44,3258,Smear Positive
Bangladesh,2003,sp,f,45-54,2086,Smear Positive
Bangladesh,2003,sp,f,55-64,1150,Smear Positive
Bangladesh,2003,sp,f,65+,591,Smear Positive
Bangladesh,2004,sp,m,0-14,420,Smear Positive
Bangladesh,2004,sp,m,15-24,6171,Smear Positive
Bangladesh,2004,sp,m,25-34,8281,Smear Positive
Bangladesh,2004,sp,m,35-44,8914,Smear Positive
Bangladesh,2004,sp,m,45-54,8327,Smear Positive
Bangladesh,2004,sp,m,55-64,6276,Smear Positive
Bangladesh,2004,sp,m,65+,5144,Smear Positive
Bangladesh,2004,sp,f,0-14,589,Smear Positive
Bangladesh,2004,sp,f,15-24,5081,Smear Positive
Bangladesh,2004,sp,f,25-34,4869,Smear Positive
Bangladesh,2004,sp,f,35-44,3758,Smear Positive
Bangladesh,2004,sp,f,45-54,2518,Smear Positive
Bangladesh,2004,sp,f,55-64,1434,Smear Positive
Bangladesh,2004,sp,f,65+,718,Smear Positive
Bangladesh,2005,sp,m,0-14,524,Smear Positive
Bangladesh,2005,sp,m,15-24,8170,Smear Positive
Bangladesh,2005,sp,m,25-34,10443,Smear Positive
Bangladesh,2005,sp,m,35-44,11423,Smear Positive
Bangladesh,2005,sp,m,45-54,11038,Smear Positive
Bangladesh,2005,sp,m,55-64,8476,Smear Positive
Bangladesh,2005,sp,m,65+,7453,Smear Positive
Bangladesh,2005,sp,f,0-14,751,Smear Positive
Bangladesh,2005,sp,f,15-24,6776,Smear Positive
Bangladesh,2005,sp,f,25-34,6785,Smear Positive
Bangladesh,2005,sp,f,35-44,5538,Smear Positive
Bangladesh,2005,sp,f,45-54,3960,Smear Positive
Bangladesh,2005,sp,f,55-64,2281,Smear Positive
Bangladesh,2005,sp,f,65+,1230,Smear Positive
Bangladesh,2006,sp,m,0-14,607,Smear Positive
Bangladesh,2006,sp,m,15-24,9937,Smear Positive
Bangladesh,2006,sp,m,25-34,12166,Smear Positive
Bangladesh,2006,sp,m,35-44,12889,Smear Positive
Bangladesh,2006,sp,m,45-54,13378,Smear Positive
Bangladesh,2006,sp,m,55-64,10283,Smear Positive
Bangladesh,2006,sp,m,65+,9513,Smear Positive
Bangladesh,2006,sp,f,0-14,850,Smear Positive
Bangladesh,2006,sp,f,15-24,8164,Smear Positive
Bangladesh,2006,sp,f,25-34,8048,Smear Positive
Bangladesh,2006,sp,f,35-44,6395,Smear Positive
Bangladesh,2006,sp,f,45-54,5020,Smear Positive
Bangladesh,2006,sp,f,55-64,2982,Smear Positive
Bangladesh,2006,sp,f,65+,1735,Smear Positive
Bangladesh,2006,sn,m,0-14,1356,Smear Negative
Bangladesh,2006,sn,m,15-24,3933,Smear Negative
Bangladesh,2006,sn,m,25-34,4224,Smear Negative
Bangladesh,2006,sn,m,35-44,3842,Smear Negative
Bangladesh,2006,sn,m,45-54,3614,Smear Negative
Bangladesh,2006,sn,m,55-64,2962,Smear Negative
Bangladesh,2006,sn,m,65+,3062,Smear Negative
Bangladesh,2006,sn,f,0-14,1366,Smear Negative
Bangladesh,2006,sn,f,15-24,4433,Smear Negative
Bangladesh,2006,sn,f,25-34,3774,Smear Negative
Bangladesh,2006,sn,f,35-44,2650,Smear Negative
Bangladesh,2006,sn,f,45-54,1918,Smear Negative
Bangladesh,2006,sn,f,55-64,1138,Smear Negative
Bangladesh,2006,sn,f,65+,709,Smear Negative
Bangladesh,2007,sp,m,0-14,523,Smear Positive
Bangladesh,2007,sp,m,15-24,10210,Smear Positive
Bangladesh,2007,sp,m,25-34,12442,Smear Positive
Bangladesh,2007,sp,m,35-44,13003,Smear Positive
Bangladesh,2007,sp,m,45-54,13307,Smear Positive
Bangladesh,2007,sp,m,55-64,10653,Smear Positive
Bangladesh,2007,sp,m,65+,9830,Smear Positive
Bangladesh,2007,sp,f,0-14,829,Smear Positive
Bangladesh,2007,sp,f,15-24,8562,Smear Positive
Bangladesh,2007,sp,f,25-34,8164,Smear Positive
Bangladesh,2007,sp,f,35-44,6678,Smear Positive
Bangladesh,2007,sp,f,45-54,5220,Smear Positive
Bangladesh,2007,sp,f,55-64,3057,Smear Positive
Bangladesh,2007,sp,f,65+,1818,Smear Positive
Bangladesh,2008,sp,m,0-14,422,Smear Positive
Bangladesh,2008,sp,m,15-24,10618,Smear Positive
Bangladesh,2008,sp,m,25-34,12926,Smear Positive
Bangladesh,2008,sp,m,35-44,12761,Smear Positive
Bangladesh,2008,sp,m,45-54,13355,Smear Positive
Bangladesh,2008,sp,m,55-64,10772,Smear Positive
Bangladesh,2008,sp,m,65+,10386,Smear Positive
Bangladesh,2008,sp,f,0-14,764,Smear Positive
Bangladesh,2008,sp,f,15-24,9189,Smear Positive
Bangladesh,2008,sp,f,25-34,8389,Smear Positive
Bangladesh,2008,sp,f,35-44,6465,Smear Positive
Bangladesh,2008,sp,f,45-54,5206,Smear Positive
Bangladesh,2008,sp,f,55-64,3173,Smear Positive
Bangladesh,2008,sp,f,65+,1947,Smear Positive
Bangladesh,2008,sn,m,0-14,1420,Smear Negative
Bangladesh,2008,sn,m,15-24,4274,Smear Negative
Bangladesh,2008,sn,m,25-34,4554,Smear Negative
Bangladesh,2008,sn,m,35-44,3693,Smear Negative
Bangladesh,2008,sn,m,45-54,3594,Smear Negative
Bangladesh,2008,sn,m,55-64,2995,Smear Negative
Bangladesh,2008,sn,m,65+,3063,Smear Negative
Bangladesh,2008,sn,f,0-14,1458,Smear Negative
Bangladesh,2008,sn,f,15-24,4966,Smear Negative
Bangladesh,2008,sn,f,25-34,3930,Smear Negative
Bangladesh,2008,sn,f,35-44,2669,Smear Negative
Bangladesh,2008,sn,f,45-54,1989,Smear Negative
Bangladesh,2008,sn,f,55-64,1187,Smear Negative
Bangladesh,2008,sn,f,65+,759,Smear Negative
Bangladesh,2008,ep,m,0-14,1421,Extrapulmonary
Bangladesh,2008,ep,m,15-24,4272,Extrapulmonary
Bangladesh,2008,ep,m,25-34,4554,Extrapulmonary
Bangladesh,2008,ep,m,35-44,3695,Extrapulmonary
Bangladesh,2008,ep,m,45-54,3595,Extrapulmonary
Bangladesh,2008,ep,m,55-64,2995,Extrapulmonary
Bangladesh,2008,ep,m,65+,3061,Extrapulmonary
Bangladesh,2008,ep,f,0-14,1457,Extrapulmonary
Bangladesh,2008,ep,f,15-24,4967,Extrapulmonary
Bangladesh,2008,ep,f,25-34,3931,Extrapulmonary
Bangladesh,2008,ep,f,35-44,2666,Extrapulmonary
Bangladesh,2008,ep,f,45-54,1987,Extrapulmonary
Bangladesh,2008,ep,f,55-64,1186,Extrapulmonary
Bangladesh,2008,ep,f,65+,760,Extrapulmonary
Bangladesh,2009,sn,m,0-14,1747,Smear Negative
Bangladesh,2009,sn,f,0-14,1719,Smear Negative
Bangladesh,2010,sp,m,0-14,365,Smear Positive
Bangladesh,2010,sp,m,15-24,10460,Smear Positive
Bangladesh,2010,sp,m,25-34,12535,Smear Positive
Bangladesh,2010,sp,m,35-44,11409,Smear Positive
Bangladesh,2010,sp,m,45-54,12758,Smear Positive
Bangladesh,2010,sp,m,55-64,11176,Smear Positive
Bangladesh,2010,sp,m,65+,11536,Smear Positive
Bangladesh,2010,sp,f,0-14,653,Smear Positive
Bangladesh,2010,sp,f,15-24,9221,Smear Positive
Bangladesh,2010,sp,f,25-34,8279,Smear Positive
Bangladesh,2010,sp,f,35-44,6185,Smear Positive
Bangladesh,2010,sp,f,45-54,5458,Smear Positive
Bangladesh,2010,sp,f,55-64,3484,Smear Positive
Bangladesh,2010,sp,f,65+,2250,Smear Positive
Bangladesh,2010,sn,m,0-14,548,Smear Negative
Bangladesh,2010,sn,m,15-24,1942,Smear Negative
Bangladesh,2010,sn,m,25-34,2301,Smear Negative
Bangladesh,2010,sn,m,35-44,1917,Smear Negative
Bangladesh,2010,sn,m,45-54,2364,Smear Negative
Bangladesh,2010,sn,m,55-64,2329,Smear Negative
Bangladesh,2010,sn,m,65+,2714,Smear Negative
Bangladesh,2010,sn,f,0-14,494,Smear Negative
Bangladesh,2010,sn,f,15-24,1982,Smear Negative
Bangladesh,2010,sn,f,25-34,1524,Smear Negative
Bangladesh,2010,sn,f,35-44,1110,Smear Negative
Bangladesh,2010,sn,f,45-54,1021,Smear Negative
Bangladesh,2010,sn,f,55-64,775,Smear Negative
Bangladesh,2010,sn,f,65+,559,Smear Negative
Bangladesh,2010,ep,m,0-14,1078,Extrapulmonary
Bangladesh,2010,ep,m,15-24,2427,Extrapulmonary
Bangladesh,2010,ep,m,25-34,2854,Extrapulmonary
Bangladesh,2010,ep,m,35-44,1696,Extrapulmonary
Bangladesh,2010,ep,m,45-54,1386,Extrapulmonary
Bangladesh,2010,ep,m,55-64,1026,Extrapulmonary
Bangladesh,2010,ep,m,65+,983,Extrapulmonary
Bangladesh,2010,ep,f,0-14,1097,Extrapulmonary
Bangladesh,2010,ep,f,15-24,3546,Extrapulmonary
Bangladesh,2010,ep,f,25-34,3183,Extrapulmonary
Bangladesh,2010,ep,f,35-44,1795,Extrapulmonary
Bangladesh,2010,ep,f,45-54,1313,Extrapulmonary
Bangladesh,2010,ep,f,55-64,702,Extrapulmonary
Bangladesh,2010,ep,f,65+,421,Extrapulmonary
Bangladesh,2011,sp,m,0-14,309,Smear Positive
Bangladesh,2011,sp,m,15-24,9606,Smear Positive
Bangladesh,2011,sp,m,25-34,11616,Smear Positive
Bangladesh,2011,sp,m,35-44,10152,Smear Positive
Bangladesh,2011,sp,m,45-54,11728,Smear Positive
Bangladesh,2011,sp,m,55-64,10746,Smear Positive
Bangladesh,2011,sp,m,65+,11301,Smear Positive
Bangladesh,2011,sp,f,0-14,623,Smear Positive
Bangladesh,2011,sp,f,15-24,8849,Smear Positive
Bangladesh,2011,sp,f,25-34,7679,Smear Positive
Bangladesh,2011,sp,f,35-44,5683,Smear Positive
Bangladesh,2011,sp,f,45-54,4946,Smear Positive
Bangladesh,2011,sp,f,55-64,3457,Smear Positive
Bangladesh,2011,sp,f,65+,2253,Smear Positive
Bangladesh,2011,sn,m,0-14,604,Smear Negative
Bangladesh,2011,sn,m,15-24,1997,Smear Negative
Bangladesh,2011,sn,m,25-34,2395,Smear Negative
Bangladesh,2011,sn,m,35-44,1935,Smear Negative
Bangladesh,2011,sn,m,45-54,2312,Smear Negative
Bangladesh,2011,sn,m,55-64,2335,Smear Negative
Bangladesh,2011,sn,m,65+,2706,Smear Negative
Bangladesh,2011,sn,f,0-14,548,Smear Negative
Bangladesh,2011,sn,f,15-24,2036,Smear Negative
Bangladesh,2011,sn,f,25-34,1549,Smear Negative
Bangladesh,2011,sn,f,35-44,1159,Smear Negative
Bangladesh,2011,sn,f,45-54,995,Smear Negative
Bangladesh,2011,sn,f,55-64,776,Smear Negative
Bangladesh,2011,sn,f,65+,574,Smear Negative
Bangladesh,2011,ep,m,0-14,1300,Extrapulmonary
Bangladesh,2011,ep,m,15-24,2882,Extrapulmonary
Bangladesh,2011,ep,m,25-34,3198,Extrapulmonary
Bangladesh,2011,ep,m,35-44,2027,Extrapulmonary
Bangladesh,2011,ep,m,45-54,1632,Extrapulmonary
Bangladesh,2011,ep,m,55-64,1249,Extrapulmonary
Bangladesh,2011,ep,m,65+,1125,Extrapulmonary
Bangladesh,2011,ep,f,0-14,1283,Extrapulmonary
Bangladesh,2011,ep,f,15-24,3963,Extrapulmonary
Bangladesh,2011,ep,f,25-34,3674,Extrapulmonary
Bangladesh,2011,ep,f,35-44,2139,Extrapulmonary
Bangladesh,2011,ep,f,45-54,1513,Extrapulmonary
Bangladesh,2011,ep,f,55-64,849,Extrapulmonary
Bangladesh,2011,ep,f,65+,495,Extrapulmonary
Bangladesh,2012,sp,m,0-14,316,Smear Positive
Bangladesh,2012,sp,m,15-24,9479,Smear Positive
Bangladesh,2012,sp,m,25-34,12021,Smear Positive
Bangladesh,2012,sp,m,35-44,10837,Smear Positive
Bangladesh,2012,sp,m,45-54,12744,Smear Positive
Bangladesh,2012,sp,m,55-64,11843,Smear Positive
Bangladesh,2012,sp,m,65+,12236,Smear Positive
Bangladesh,2012,sp,f,0-14,650,Smear Positive
Bangladesh,2012,sp,f,15-24,9355,Smear Positive
Bangladesh,2012,sp,f,25-34,8175,Smear Positive
Bangladesh,2012,sp,f,35-44,6342,Smear Positive
Bangladesh,2012,sp,f,45-54,6044,Smear Positive
Bangladesh,2012,sp,f,55-64,4043,Smear Positive
Bangladesh,2012,sp,f,65+,2705,Smear Positive
Bangladesh,2012,sn,m,0-14,534,Smear Negative
Bangladesh,2012,sn,m,15-24,2109,Smear Negative
Bangladesh,2012,sn,m,25-34,2527,Smear Negative
Bangladesh,2012,sn,m,35-44,2154,Smear Negative
Bangladesh,2012,sn,m,45-54,2637,Smear Negative
Bangladesh,2012,sn,m,55-64,2755,Smear Negative
Bangladesh,2012,sn,m,65+,3158,Smear Negative
Bangladesh,2012,sn,f,0-14,575,Smear Negative
Bangladesh,2012,sn,f,15-24,2160,Smear Negative
Bangladesh,2012,sn,f,25-34,1695,Smear Negative
Bangladesh,2012,sn,f,35-44,1266,Smear Negative
Bangladesh,2012,sn,f,45-54,1212,Smear Negative
Bangladesh,2012,sn,f,55-64,948,Smear Negative
Bangladesh,2012,sn,f,65+,721,Smear Negative
Bangladesh,2012,ep,m,0-14,1400,Extrapulmonary
Bangladesh,2012,ep,m,15-24,3108,Extrapulmonary
Bangladesh,2012,ep,m,25-34,3494,Extrapulmonary
Bangladesh,2012,ep,m,35-44,2169,Extrapulmonary
Bangladesh,2012,ep,m,45-54,1831,Extrapulmonary
Bangladesh,2012,ep,m,55-64,1378,Extrapulmonary
Bangladesh,2012,ep,m,65+,1194,Extrapulmonary
Bangladesh,2012,ep,f,0-14,1367,Extrapulmonary
Bangladesh,2012,ep,f,15-24,4545,Extrapulmonary
Bangladesh,2012,ep,f,25-34,4251,Extrapulmonary
Bangladesh,2012,ep,f,35-44,2469,Extrapulmonary
Bangladesh,2012,ep,f,45-54,1786,Extrapulmonary
Bangladesh,2012,ep,f,55-64,969,Extrapulmonary
Bangladesh,2012,ep,f,65+,588,Extrapulmonary
Bangladesh,2013,rel,m,0-14,2323,Relapse
Bangladesh,2013,rel,m,15-24,14705,Relapse
Bangladesh,2013,rel,m,25-34,18311,Relapse
Bangladesh,2013,rel,m,35-44,16143,Relapse
Bangladesh,2013,rel,m,45-54,19529,Relapse
Bangladesh,2013,rel,m,55-64,19058,Relapse
Bangladesh,2013,rel,m,65+,20194,Relapse
Bangladesh,2013,rel,f,0-14,2728,Relapse
Bangladesh,2013,rel,f,15-24,16356,Relapse
Bangladesh,2013,rel,f,25-34,15912,Relapse
Bangladesh,2013,rel,f,35-44,12386,Relapse
Bangladesh,2013,rel,f,45-54,11145,Relapse
Bangladesh,2013,rel,f,55-64,7675,Relapse
Bangladesh,2013,rel,f,65+,5172,Relapse
Barbados,1996,sp,m,0-14,0,Smear Positive
Barbados,1996,sp,m,15-24,0,Smear Positive
Barbados,1996,sp,m,25-34,1,Smear Positive
Barbados,1996,sp,m,35-44,0,Smear Positive
Barbados,1996,sp,m,45-54,1,Smear Positive
Barbados,1996,sp,m,55-64,1,Smear Positive
Barbados,1996,sp,m,65+,0,Smear Positive
Barbados,2000,sp,m,0-14,0,Smear Positive
Barbados,2000,sp,m,15-24,0,Smear Positive
Barbados,2000,sp,m,25-34,0,Smear Positive
Barbados,2000,sp,m,35-44,2,Smear Positive
Barbados,2000,sp,m,45-54,0,Smear Positive
Barbados,2000,sp,m,55-64,0,Smear Positive
Barbados,2000,sp,m,65+,0,Smear Positive
Barbados,2000,sp,f,0-14,0,Smear Positive
Barbados,2000,sp,f,15-24,0,Smear Positive
Barbados,2000,sp,f,25-34,1,Smear Positive
Barbados,2000,sp,f,35-44,0,Smear Positive
Barbados,2000,sp,f,45-54,0,Smear Positive
Barbados,2000,sp,f,55-64,0,Smear Positive
Barbados,2000,sp,f,65+,0,Smear Positive
Barbados,2001,sp,m,0-14,0,Smear Positive
Barbados,2001,sp,m,15-24,1,Smear Positive
Barbados,2001,sp,m,25-34,1,Smear Positive
Barbados,2001,sp,m,35-44,1,Smear Positive
Barbados,2001,sp,m,45-54,0,Smear Positive
Barbados,2001,sp,m,55-64,0,Smear Positive
Barbados,2001,sp,m,65+,1,Smear Positive
Barbados,2001,sp,f,0-14,0,Smear Positive
Barbados,2001,sp,f,15-24,0,Smear Positive
Barbados,2001,sp,f,25-34,0,Smear Positive
Barbados,2001,sp,f,35-44,1,Smear Positive
Barbados,2001,sp,f,45-54,1,Smear Positive
Barbados,2001,sp,f,55-64,0,Smear Positive
Barbados,2001,sp,f,65+,0,Smear Positive
Barbados,2002,sp,m,15-24,2,Smear Positive
Barbados,2002,sp,m,45-54,1,Smear Positive
Barbados,2002,sp,m,65+,1,Smear Positive
Barbados,2002,sp,f,45-54,1,Smear Positive
Barbados,2004,sp,m,25-34,2,Smear Positive
Barbados,2004,sp,m,35-44,2,Smear Positive
Barbados,2004,sp,m,45-54,6,Smear Positive
Barbados,2004,sp,m,65+,4,Smear Positive
Barbados,2004,sp,f,0-14,1,Smear Positive
Barbados,2004,sp,f,25-34,2,Smear Positive
Barbados,2004,sp,f,35-44,1,Smear Positive
Barbados,2004,sp,f,45-54,1,Smear Positive
Barbados,2004,sp,f,65+,1,Smear Positive
Barbados,2006,sp,m,25-34,2,Smear Positive
Barbados,2006,sp,f,15-24,1,Smear Positive
Barbados,2006,sp,f,65+,1,Smear Positive
Barbados,2006,ep,f,15-24,1,Extrapulmonary
Barbados,2007,sp,m,0-14,0,Smear Positive
Barbados,2007,sp,m,15-24,0,Smear Positive
Barbados,2007,sp,m,25-34,0,Smear Positive
Barbados,2007,sp,m,35-44,0,Smear Positive
Barbados,2007,sp,m,45-54,5,Smear Positive
Barbados,2007,sp,m,55-64,0,Smear Positive
Barbados,2007,sp,m,65+,0,Smear Positive
Barbados,2007,sp,f,0-14,0,Smear Positive
Barbados,2007,sp,f,15-24,0,Smear Positive
Barbados,2007,sp,f,25-34,0,Smear Positive
Barbados,2007,sp,f,35-44,0,Smear Positive
Barbados,2007,sp,f,45-54,3,Smear Positive
Barbados,2007,sp,f,55-64,0,Smear Positive
Barbados,2007,sp,f,65+,0,Smear Positive
Barbados,2007,sn,m,0-14,0,Smear Negative
Barbados,2007,sn,m,15-24,0,Smear Negative
Barbados,2007,sn,m,25-34,0,Smear Negative
Barbados,2007,sn,m,35-44,0,Smear Negative
Barbados,2007,sn,m,45-54,0,Smear Negative
Barbados,2007,sn,m,55-64,0,Smear Negative
Barbados,2007,sn,m,65+,0,Smear Negative
Barbados,2007,sn,f,0-14,0,Smear Negative
Barbados,2007,sn,f,15-24,0,Smear Negative
Barbados,2007,sn,f,25-34,0,Smear Negative
Barbados,2007,sn,f,35-44,0,Smear Negative
Barbados,2007,sn,f,45-54,0,Smear Negative
Barbados,2007,sn,f,55-64,0,Smear Negative
Barbados,2007,sn,f,65+,0,Smear Negative
Barbados,2007,ep,m,0-14,0,Extrapulmonary
Barbados,2007,ep,m,15-24,0,Extrapulmonary
Barbados,2007,ep,m,25-34,0,Extrapulmonary
Barbados,2007,ep,m,35-44,0,Extrapulmonary
Barbados,2007,ep,m,45-54,5,Extrapulmonary
Barbados,2007,ep,m,55-64,0,Extrapulmonary
Barbados,2007,ep,m,65+,0,Extrapulmonary
Barbados,2007,ep,f,0-14,0,Extrapulmonary
Barbados,2007,ep,f,15-24,0,Extrapulmonary
Barbados,2007,ep,f,25-34,0,Extrapulmonary
Barbados,2007,ep,f,35-44,3,Extrapulmonary
Barbados,2007,ep,f,45-54,0,Extrapulmonary
Barbados,2007,ep,f,55-64,0,Extrapulmonary
Barbados,2007,ep,f,65+,0,Extrapulmonary
Barbados,2008,sp,m,0-14,0,Smear Positive
Barbados,2008,sp,m,15-24,0,Smear Positive
Barbados,2008,sp,m,25-34,1,Smear Positive
Barbados,2008,sp,m,35-44,0,Smear Positive
Barbados,2008,sp,m,45-54,0,Smear Positive
Barbados,2008,sp,m,55-64,0,Smear Positive
Barbados,2008,sp,m,65+,0,Smear Positive
Barbados,2008,sp,f,0-14,0,Smear Positive
Barbados,2008,sp,f,15-24,0,Smear Positive
Barbados,2008,sp,f,25-34,0,Smear Positive
Barbados,2008,sp,f,35-44,0,Smear Positive
Barbados,2008,sp,f,45-54,0,Smear Positive
Barbados,2008,sp,f,55-64,0,Smear Positive
Barbados,2008,sp,f,65+,0,Smear Positive
Barbados,2008,sn,m,0-14,0,Smear Negative
Barbados,2008,sn,m,15-24,0,Smear Negative
Barbados,2008,sn,m,25-34,0,Smear Negative
Barbados,2008,sn,m,35-44,0,Smear Negative
Barbados,2008,sn,m,45-54,0,Smear Negative
Barbados,2008,sn,m,55-64,0,Smear Negative
Barbados,2008,sn,m,65+,0,Smear Negative
Barbados,2008,sn,f,0-14,0,Smear Negative
Barbados,2008,sn,f,15-24,0,Smear Negative
Barbados,2008,sn,f,25-34,0,Smear Negative
Barbados,2008,sn,f,35-44,2,Smear Negative
Barbados,2008,sn,f,45-54,0,Smear Negative
Barbados,2008,sn,f,55-64,0,Smear Negative
Barbados,2008,sn,f,65+,0,Smear Negative
Barbados,2008,ep,m,0-14,0,Extrapulmonary
Barbados,2008,ep,m,15-24,0,Extrapulmonary
Barbados,2008,ep,m,25-34,0,Extrapulmonary
Barbados,2008,ep,m,35-44,0,Extrapulmonary
Barbados,2008,ep,m,45-54,0,Extrapulmonary
Barbados,2008,ep,m,55-64,0,Extrapulmonary
Barbados,2008,ep,m,65+,0,Extrapulmonary
Barbados,2008,ep,f,0-14,0,Extrapulmonary
Barbados,2008,ep,f,15-24,0,Extrapulmonary
Barbados,2008,ep,f,25-34,0,Extrapulmonary
Barbados,2008,ep,f,35-44,0,Extrapulmonary
Barbados,2008,ep,f,45-54,0,Extrapulmonary
Barbados,2008,ep,f,55-64,0,Extrapulmonary
Barbados,2008,ep,f,65+,0,Extrapulmonary
Barbados,2009,sp,m,0-14,0,Smear Positive
Barbados,2009,sp,m,15-24,0,Smear Positive
Barbados,2009,sp,m,25-34,0,Smear Positive
Barbados,2009,sp,m,35-44,1,Smear Positive
Barbados,2009,sp,m,45-54,1,Smear Positive
Barbados,2009,sp,m,55-64,0,Smear Positive
Barbados,2009,sp,m,65+,0,Smear Positive
Barbados,2009,sp,f,0-14,0,Smear Positive
Barbados,2009,sp,f,15-24,0,Smear Positive
Barbados,2009,sp,f,25-34,0,Smear Positive
Barbados,2009,sp,f,35-44,0,Smear Positive
Barbados,2009,sp,f,45-54,0,Smear Positive
Barbados,2009,sp,f,55-64,0,Smear Positive
Barbados,2009,sp,f,65+,0,Smear Positive
Barbados,2009,sn,m,0-14,0,Smear Negative
Barbados,2009,sn,m,15-24,0,Smear Negative
Barbados,2009,sn,m,25-34,0,Smear Negative
Barbados,2009,sn,m,35-44,0,Smear Negative
Barbados,2009,sn,m,45-54,0,Smear Negative
Barbados,2009,sn,m,55-64,0,Smear Negative
Barbados,2009,sn,m,65+,0,Smear Negative
Barbados,2009,sn,f,0-14,0,Smear Negative
Barbados,2009,sn,f,15-24,0,Smear Negative
Barbados,2009,sn,f,25-34,0,Smear Negative
Barbados,2009,sn,f,35-44,0,Smear Negative
Barbados,2009,sn,f,45-54,0,Smear Negative
Barbados,2009,sn,f,55-64,0,Smear Negative
Barbados,2009,sn,f,65+,0,Smear Negative
Barbados,2009,ep,m,0-14,0,Extrapulmonary
Barbados,2009,ep,m,15-24,0,Extrapulmonary
Barbados,2009,ep,m,25-34,0,Extrapulmonary
Barbados,2009,ep,m,35-44,0,Extrapulmonary
Barbados,2009,ep,m,45-54,0,Extrapulmonary
Barbados,2009,ep,m,55-64,0,Extrapulmonary
Barbados,2009,ep,m,65+,0,Extrapulmonary
Barbados,2009,ep,f,0-14,0,Extrapulmonary
Barbados,2009,ep,f,15-24,0,Extrapulmonary
Barbados,2009,ep,f,25-34,0,Extrapulmonary
Barbados,2009,ep,f,35-44,0,Extrapulmonary
Barbados,2009,ep,f,45-54,0,Extrapulmonary
Barbados,2009,ep,f,55-64,0,Extrapulmonary
Barbados,2009,ep,f,65+,0,Extrapulmonary
Barbados,2010,sp,m,0-14,0,Smear Positive
Barbados,2010,sp,m,15-24,0,Smear Positive
Barbados,2010,sp,m,25-34,0,Smear Positive
Barbados,2010,sp,m,35-44,1,Smear Positive
Barbados,2010,sp,m,45-54,2,Smear Positive
Barbados,2010,sp,m,55-64,0,Smear Positive
Barbados,2010,sp,m,65+,0,Smear Positive
Barbados,2010,sp,f,0-14,0,Smear Positive
Barbados,2010,sp,f,15-24,1,Smear Positive
Barbados,2010,sp,f,25-34,0,Smear Positive
Barbados,2010,sp,f,35-44,0,Smear Positive
Barbados,2010,sp,f,45-54,2,Smear Positive
Barbados,2010,sp,f,55-64,0,Smear Positive
Barbados,2010,sp,f,65+,0,Smear Positive
Barbados,2010,sn,m,0-14,0,Smear Negative
Barbados,2010,sn,m,15-24,0,Smear Negative
Barbados,2010,sn,m,25-34,0,Smear Negative
Barbados,2010,sn,m,35-44,0,Smear Negative
Barbados,2010,sn,m,45-54,0,Smear Negative
Barbados,2010,sn,m,55-64,0,Smear Negative
Barbados,2010,sn,m,65+,0,Smear Negative
Barbados,2010,sn,f,0-14,0,Smear Negative
Barbados,2010,sn,f,15-24,0,Smear Negative
Barbados,2010,sn,f,25-34,0,Smear Negative
Barbados,2010,sn,f,35-44,0,Smear Negative
Barbados,2010,sn,f,45-54,0,Smear Negative
Barbados,2010,sn,f,55-64,0,Smear Negative
Barbados,2010,sn,f,65+,0,Smear Negative
Barbados,2010,ep,m,0-14,0,Extrapulmonary
Barbados,2010,ep,m,15-24,0,Extrapulmonary
Barbados,2010,ep,m,25-34,0,Extrapulmonary
Barbados,2010,ep,m,35-44,0,Extrapulmonary
Barbados,2010,ep,m,45-54,0,Extrapulmonary
Barbados,2010,ep,m,55-64,0,Extrapulmonary
Barbados,2010,ep,m,65+,0,Extrapulmonary
Barbados,2010,ep,f,0-14,0,Extrapulmonary
Barbados,2010,ep,f,15-24,0,Extrapulmonary
Barbados,2010,ep,f,25-34,0,Extrapulmonary
Barbados,2010,ep,f,35-44,0,Extrapulmonary
Barbados,2010,ep,f,45-54,0,Extrapulmonary
Barbados,2010,ep,f,55-64,0,Extrapulmonary
Barbados,2010,ep,f,65+,0,Extrapulmonary
Barbados,2011,sp,m,0-14,0,Smear Positive
Barbados,2011,sp,m,15-24,0,Smear Positive
Barbados,2011,sp,m,25-34,0,Smear Positive
Barbados,2011,sp,m,35-44,0,Smear Positive
Barbados,2011,sp,m,45-54,0,Smear Positive
Barbados,2011,sp,m,55-64,0,Smear Positive
Barbados,2011,sp,m,65+,0,Smear Positive
Barbados,2011,sp,f,0-14,0,Smear Positive
Barbados,2011,sp,f,15-24,0,Smear Positive
Barbados,2011,sp,f,25-34,0,Smear Positive
Barbados,2011,sp,f,35-44,0,Smear Positive
Barbados,2011,sp,f,45-54,0,Smear Positive
Barbados,2011,sp,f,55-64,0,Smear Positive
Barbados,2011,sp,f,65+,0,Smear Positive
Barbados,2011,sn,m,0-14,0,Smear Negative
Barbados,2011,sn,m,15-24,0,Smear Negative
Barbados,2011,sn,m,25-34,0,Smear Negative
Barbados,2011,sn,m,35-44,0,Smear Negative
Barbados,2011,sn,m,45-54,0,Smear Negative
Barbados,2011,sn,m,55-64,0,Smear Negative
Barbados,2011,sn,m,65+,0,Smear Negative
Barbados,2011,sn,f,0-14,0,Smear Negative
Barbados,2011,sn,f,15-24,0,Smear Negative
Barbados,2011,sn,f,25-34,0,Smear Negative
Barbados,2011,sn,f,35-44,0,Smear Negative
Barbados,2011,sn,f,45-54,0,Smear Negative
Barbados,2011,sn,f,55-64,0,Smear Negative
Barbados,2011,sn,f,65+,0,Smear Negative
Barbados,2011,ep,m,0-14,0,Extrapulmonary
Barbados,2011,ep,m,15-24,0,Extrapulmonary
Barbados,2011,ep,m,25-34,0,Extrapulmonary
Barbados,2011,ep,m,35-44,0,Extrapulmonary
Barbados,2011,ep,m,45-54,0,Extrapulmonary
Barbados,2011,ep,m,55-64,0,Extrapulmonary
Barbados,2011,ep,m,65+,0,Extrapulmonary
Barbados,2011,ep,f,0-14,0,Extrapulmonary
Barbados,2011,ep,f,15-24,0,Extrapulmonary
Barbados,2011,ep,f,25-34,0,Extrapulmonary
Barbados,2011,ep,f,35-44,0,Extrapulmonary
Barbados,2011,ep,f,45-54,0,Extrapulmonary
Barbados,2011,ep,f,55-64,0,Extrapulmonary
Barbados,2011,ep,f,65+,0,Extrapulmonary
Barbados,2012,sp,m,0-14,0,Smear Positive
Barbados,2012,sp,m,15-24,0,Smear Positive
Barbados,2012,sp,m,25-34,0,Smear Positive
Barbados,2012,sp,m,35-44,0,Smear Positive
Barbados,2012,sp,m,45-54,0,Smear Positive
Barbados,2012,sp,m,55-64,0,Smear Positive
Barbados,2012,sp,m,65+,0,Smear Positive
Barbados,2012,sp,f,0-14,0,Smear Positive
Barbados,2012,sp,f,15-24,0,Smear Positive
Barbados,2012,sp,f,25-34,0,Smear Positive
Barbados,2012,sp,f,35-44,0,Smear Positive
Barbados,2012,sp,f,45-54,0,Smear Positive
Barbados,2012,sp,f,55-64,0,Smear Positive
Barbados,2012,sp,f,65+,0,Smear Positive
Barbados,2012,sn,m,0-14,0,Smear Negative
Barbados,2012,sn,m,15-24,0,Smear Negative
Barbados,2012,sn,m,25-34,0,Smear Negative
Barbados,2012,sn,m,35-44,0,Smear Negative
Barbados,2012,sn,m,45-54,0,Smear Negative
Barbados,2012,sn,m,55-64,0,Smear Negative
Barbados,2012,sn,m,65+,0,Smear Negative
Barbados,2012,sn,f,0-14,0,Smear Negative
Barbados,2012,sn,f,15-24,0,Smear Negative
Barbados,2012,sn,f,25-34,0,Smear Negative
Barbados,2012,sn,f,35-44,0,Smear Negative
Barbados,2012,sn,f,45-54,0,Smear Negative
Barbados,2012,sn,f,55-64,0,Smear Negative
Barbados,2012,sn,f,65+,0,Smear Negative
Barbados,2012,ep,m,0-14,0,Extrapulmonary
Barbados,2012,ep,m,15-24,0,Extrapulmonary
Barbados,2012,ep,m,25-34,0,Extrapulmonary
Barbados,2012,ep,m,35-44,0,Extrapulmonary
Barbados,2012,ep,m,45-54,0,Extrapulmonary
Barbados,2012,ep,m,55-64,0,Extrapulmonary
Barbados,2012,ep,m,65+,0,Extrapulmonary
Barbados,2012,ep,f,0-14,0,Extrapulmonary
Barbados,2012,ep,f,15-24,0,Extrapulmonary
Barbados,2012,ep,f,25-34,0,Extrapulmonary
Barbados,2012,ep,f,35-44,0,Extrapulmonary
Barbados,2012,ep,f,45-54,0,Extrapulmonary
Barbados,2012,ep,f,55-64,0,Extrapulmonary
Barbados,2012,ep,f,65+,0,Extrapulmonary
Barbados,2013,rel,m,0-14,0,Relapse
Barbados,2013,rel,m,15-24,0,Relapse
Barbados,2013,rel,m,25-34,1,Relapse
Barbados,2013,rel,m,35-44,1,Relapse
Barbados,2013,rel,m,45-54,1,Relapse
Barbados,2013,rel,m,55-64,0,Relapse
Barbados,2013,rel,m,65+,0,Relapse
Barbados,2013,rel,f,0-14,0,Relapse
Barbados,2013,rel,f,15-24,0,Relapse
Barbados,2013,rel,f,25-34,0,Relapse
Barbados,2013,rel,f,35-44,0,Relapse
Barbados,2013,rel,f,45-54,1,Relapse
Barbados,2013,rel,f,55-64,0,Relapse
Barbados,2013,rel,f,65+,0,Relapse
Belarus,2001,sp,m,0-14,2,Smear Positive
Belarus,2001,sp,f,0-14,4,Smear Positive
Belarus,2002,sp,m,0-14,0,Smear Positive
Belarus,2002,sp,m,15-24,66,Smear Positive
Belarus,2002,sp,m,25-34,133,Smear Positive
Belarus,2002,sp,m,35-44,217,Smear Positive
Belarus,2002,sp,m,45-54,159,Smear Positive
Belarus,2002,sp,m,55-64,75,Smear Positive
Belarus,2002,sp,m,65+,51,Smear Positive
Belarus,2002,sp,f,0-14,0,Smear Positive
Belarus,2002,sp,f,15-24,12,Smear Positive
Belarus,2002,sp,f,25-34,22,Smear Positive
Belarus,2002,sp,f,35-44,28,Smear Positive
Belarus,2002,sp,f,45-54,17,Smear Positive
Belarus,2002,sp,f,55-64,17,Smear Positive
Belarus,2002,sp,f,65+,41,Smear Positive
Belarus,2003,sp,m,0-14,0,Smear Positive
Belarus,2003,sp,m,15-24,67,Smear Positive
Belarus,2003,sp,m,25-34,134,Smear Positive
Belarus,2003,sp,m,35-44,243,Smear Positive
Belarus,2003,sp,m,45-54,226,Smear Positive
Belarus,2003,sp,m,55-64,96,Smear Positive
Belarus,2003,sp,m,65+,60,Smear Positive
Belarus,2003,sp,f,0-14,0,Smear Positive
Belarus,2003,sp,f,15-24,18,Smear Positive
Belarus,2003,sp,f,25-34,39,Smear Positive
Belarus,2003,sp,f,35-44,43,Smear Positive
Belarus,2003,sp,f,45-54,26,Smear Positive
Belarus,2003,sp,f,55-64,21,Smear Positive
Belarus,2003,sp,f,65+,45,Smear Positive
Belarus,2004,sp,m,15-24,84,Smear Positive
Belarus,2004,sp,m,25-34,170,Smear Positive
Belarus,2004,sp,m,35-44,260,Smear Positive
Belarus,2004,sp,m,45-54,235,Smear Positive
Belarus,2004,sp,m,55-64,83,Smear Positive
Belarus,2004,sp,m,65+,56,Smear Positive
Belarus,2004,sp,f,0-14,1,Smear Positive
Belarus,2004,sp,f,15-24,31,Smear Positive
Belarus,2004,sp,f,25-34,38,Smear Positive
Belarus,2004,sp,f,35-44,38,Smear Positive
Belarus,2004,sp,f,45-54,35,Smear Positive
Belarus,2004,sp,f,55-64,11,Smear Positive
Belarus,2004,sp,f,65+,67,Smear Positive
Belarus,2005,sp,m,15-24,71,Smear Positive
Belarus,2005,sp,m,25-34,180,Smear Positive
Belarus,2005,sp,m,35-44,273,Smear Positive
Belarus,2005,sp,m,45-54,287,Smear Positive
Belarus,2005,sp,m,55-64,118,Smear Positive
Belarus,2005,sp,m,65+,62,Smear Positive
Belarus,2005,sp,f,15-24,25,Smear Positive
Belarus,2005,sp,f,25-34,53,Smear Positive
Belarus,2005,sp,f,35-44,50,Smear Positive
Belarus,2005,sp,f,45-54,43,Smear Positive
Belarus,2005,sp,f,55-64,11,Smear Positive
Belarus,2005,sp,f,65+,62,Smear Positive
Belarus,2006,sp,m,15-24,61,Smear Positive
Belarus,2006,sp,m,25-34,134,Smear Positive
Belarus,2006,sp,m,35-44,217,Smear Positive
Belarus,2006,sp,m,45-54,260,Smear Positive
Belarus,2006,sp,m,55-64,96,Smear Positive
Belarus,2006,sp,m,65+,71,Smear Positive
Belarus,2006,sp,f,0-14,1,Smear Positive
Belarus,2006,sp,f,15-24,32,Smear Positive
Belarus,2006,sp,f,25-34,38,Smear Positive
Belarus,2006,sp,f,35-44,43,Smear Positive
Belarus,2006,sp,f,45-54,43,Smear Positive
Belarus,2006,sp,f,55-64,18,Smear Positive
Belarus,2006,sp,f,65+,58,Smear Positive
Belarus,2006,sn,m,0-14,15,Smear Negative
Belarus,2006,sn,m,15-24,237,Smear Negative
Belarus,2006,sn,m,25-34,560,Smear Negative
Belarus,2006,sn,m,35-44,642,Smear Negative
Belarus,2006,sn,m,45-54,695,Smear Negative
Belarus,2006,sn,m,55-64,328,Smear Negative
Belarus,2006,sn,m,65+,190,Smear Negative
Belarus,2006,sn,f,0-14,15,Smear Negative
Belarus,2006,sn,f,15-24,213,Smear Negative
Belarus,2006,sn,f,25-34,238,Smear Negative
Belarus,2006,sn,f,35-44,190,Smear Negative
Belarus,2006,sn,f,45-54,176,Smear Negative
Belarus,2006,sn,f,55-64,75,Smear Negative
Belarus,2006,sn,f,65+,135,Smear Negative
Belarus,2006,ep,m,0-14,18,Extrapulmonary
Belarus,2006,ep,m,15-24,15,Extrapulmonary
Belarus,2006,ep,m,25-34,14,Extrapulmonary
Belarus,2006,ep,m,35-44,26,Extrapulmonary
Belarus,2006,ep,m,45-54,33,Extrapulmonary
Belarus,2006,ep,m,55-64,28,Extrapulmonary
Belarus,2006,ep,m,65+,19,Extrapulmonary
Belarus,2006,ep,f,0-14,12,Extrapulmonary
Belarus,2006,ep,f,15-24,18,Extrapulmonary
Belarus,2006,ep,f,25-34,32,Extrapulmonary
Belarus,2006,ep,f,35-44,30,Extrapulmonary
Belarus,2006,ep,f,45-54,34,Extrapulmonary
Belarus,2006,ep,f,55-64,28,Extrapulmonary
Belarus,2006,ep,f,65+,54,Extrapulmonary
Belarus,2007,sp,m,15-24,57,Smear Positive
Belarus,2007,sp,m,25-34,142,Smear Positive
Belarus,2007,sp,m,35-44,205,Smear Positive
Belarus,2007,sp,m,45-54,244,Smear Positive
Belarus,2007,sp,m,55-64,110,Smear Positive
Belarus,2007,sp,m,65+,56,Smear Positive
Belarus,2007,sp,f,15-24,28,Smear Positive
Belarus,2007,sp,f,25-34,58,Smear Positive
Belarus,2007,sp,f,35-44,41,Smear Positive
Belarus,2007,sp,f,45-54,35,Smear Positive
Belarus,2007,sp,f,55-64,17,Smear Positive
Belarus,2007,sp,f,65+,58,Smear Positive
Belarus,2007,sn,m,0-14,11,Smear Negative
Belarus,2007,sn,m,15-24,241,Smear Negative
Belarus,2007,sn,m,25-34,518,Smear Negative
Belarus,2007,sn,m,35-44,544,Smear Negative
Belarus,2007,sn,m,45-54,640,Smear Negative
Belarus,2007,sn,m,55-64,307,Smear Negative
Belarus,2007,sn,m,65+,193,Smear Negative
Belarus,2007,sn,f,0-14,9,Smear Negative
Belarus,2007,sn,f,15-24,180,Smear Negative
Belarus,2007,sn,f,25-34,256,Smear Negative
Belarus,2007,sn,f,35-44,210,Smear Negative
Belarus,2007,sn,f,45-54,140,Smear Negative
Belarus,2007,sn,f,55-64,75,Smear Negative
Belarus,2007,sn,f,65+,162,Smear Negative
Belarus,2007,ep,m,0-14,5,Extrapulmonary
Belarus,2007,ep,m,15-24,17,Extrapulmonary
Belarus,2007,ep,m,25-34,14,Extrapulmonary
Belarus,2007,ep,m,35-44,19,Extrapulmonary
Belarus,2007,ep,m,45-54,31,Extrapulmonary
Belarus,2007,ep,m,55-64,30,Extrapulmonary
Belarus,2007,ep,m,65+,22,Extrapulmonary
Belarus,2007,ep,f,0-14,6,Extrapulmonary
Belarus,2007,ep,f,15-24,11,Extrapulmonary
Belarus,2007,ep,f,25-34,35,Extrapulmonary
Belarus,2007,ep,f,35-44,20,Extrapulmonary
Belarus,2007,ep,f,45-54,35,Extrapulmonary
Belarus,2007,ep,f,55-64,36,Extrapulmonary
Belarus,2007,ep,f,65+,54,Extrapulmonary
Belarus,2008,sp,m,15-24,44,Smear Positive
Belarus,2008,sp,m,25-34,149,Smear Positive
Belarus,2008,sp,m,35-44,207,Smear Positive
Belarus,2008,sp,m,45-54,261,Smear Positive
Belarus,2008,sp,m,55-64,106,Smear Positive
Belarus,2008,sp,m,65+,69,Smear Positive
Belarus,2008,sp,f,15-24,26,Smear Positive
Belarus,2008,sp,f,25-34,43,Smear Positive
Belarus,2008,sp,f,35-44,36,Smear Positive
Belarus,2008,sp,f,45-54,34,Smear Positive
Belarus,2008,sp,f,55-64,20,Smear Positive
Belarus,2008,sp,f,65+,65,Smear Positive
Belarus,2008,sn,m,0-14,3,Smear Negative
Belarus,2008,sn,m,15-24,194,Smear Negative
Belarus,2008,sn,m,25-34,460,Smear Negative
Belarus,2008,sn,m,35-44,474,Smear Negative
Belarus,2008,sn,m,45-54,637,Smear Negative
Belarus,2008,sn,m,55-64,274,Smear Negative
Belarus,2008,sn,m,65+,154,Smear Negative
Belarus,2008,sn,f,0-14,6,Smear Negative
Belarus,2008,sn,f,15-24,148,Smear Negative
Belarus,2008,sn,f,25-34,214,Smear Negative
Belarus,2008,sn,f,35-44,172,Smear Negative
Belarus,2008,sn,f,45-54,148,Smear Negative
Belarus,2008,sn,f,55-64,58,Smear Negative
Belarus,2008,sn,f,65+,132,Smear Negative
Belarus,2008,ep,m,0-14,14,Extrapulmonary
Belarus,2008,ep,m,15-24,26,Extrapulmonary
Belarus,2008,ep,m,25-34,35,Extrapulmonary
Belarus,2008,ep,m,35-44,41,Extrapulmonary
Belarus,2008,ep,m,45-54,39,Extrapulmonary
Belarus,2008,ep,m,55-64,49,Extrapulmonary
Belarus,2008,ep,m,65+,47,Extrapulmonary
Belarus,2008,ep,f,0-14,15,Extrapulmonary
Belarus,2008,ep,f,15-24,27,Extrapulmonary
Belarus,2008,ep,f,25-34,66,Extrapulmonary
Belarus,2008,ep,f,35-44,29,Extrapulmonary
Belarus,2008,ep,f,45-54,40,Extrapulmonary
Belarus,2008,ep,f,55-64,29,Extrapulmonary
Belarus,2008,ep,f,65+,43,Extrapulmonary
Belarus,2009,sp,m,0-14,0,Smear Positive
Belarus,2009,sp,m,15-24,66,Smear Positive
Belarus,2009,sp,m,25-34,173,Smear Positive
Belarus,2009,sp,m,35-44,208,Smear Positive
Belarus,2009,sp,m,45-54,287,Smear Positive
Belarus,2009,sp,m,55-64,134,Smear Positive
Belarus,2009,sp,m,65+,54,Smear Positive
Belarus,2009,sp,f,0-14,0,Smear Positive
Belarus,2009,sp,f,15-24,41,Smear Positive
Belarus,2009,sp,f,25-34,52,Smear Positive
Belarus,2009,sp,f,35-44,52,Smear Positive
Belarus,2009,sp,f,45-54,41,Smear Positive
Belarus,2009,sp,f,55-64,25,Smear Positive
Belarus,2009,sp,f,65+,68,Smear Positive
Belarus,2009,ep,m,0-14,6,Extrapulmonary
Belarus,2009,ep,m,15-24,20,Extrapulmonary
Belarus,2009,ep,m,25-34,33,Extrapulmonary
Belarus,2009,ep,m,35-44,36,Extrapulmonary
Belarus,2009,ep,m,45-54,47,Extrapulmonary
Belarus,2009,ep,m,55-64,39,Extrapulmonary
Belarus,2009,ep,m,65+,29,Extrapulmonary
Belarus,2009,ep,f,0-14,5,Extrapulmonary
Belarus,2009,ep,f,15-24,15,Extrapulmonary
Belarus,2009,ep,f,25-34,46,Extrapulmonary
Belarus,2009,ep,f,35-44,29,Extrapulmonary
Belarus,2009,ep,f,45-54,39,Extrapulmonary
Belarus,2009,ep,f,55-64,31,Extrapulmonary
Belarus,2009,ep,f,65+,55,Extrapulmonary
Belarus,2010,sp,m,0-14,0,Smear Positive
Belarus,2010,sp,m,15-24,65,Smear Positive
Belarus,2010,sp,m,25-34,173,Smear Positive
Belarus,2010,sp,m,35-44,224,Smear Positive
Belarus,2010,sp,m,45-54,293,Smear Positive
Belarus,2010,sp,m,55-64,163,Smear Positive
Belarus,2010,sp,m,65+,58,Smear Positive
Belarus,2010,sp,f,0-14,1,Smear Positive
Belarus,2010,sp,f,15-24,28,Smear Positive
Belarus,2010,sp,f,25-34,52,Smear Positive
Belarus,2010,sp,f,35-44,56,Smear Positive
Belarus,2010,sp,f,45-54,37,Smear Positive
Belarus,2010,sp,f,55-64,28,Smear Positive
Belarus,2010,sp,f,65+,91,Smear Positive
Belarus,2010,sn,m,0-14,5,Smear Negative
Belarus,2010,sn,m,15-24,153,Smear Negative
Belarus,2010,sn,m,25-34,432,Smear Negative
Belarus,2010,sn,m,35-44,410,Smear Negative
Belarus,2010,sn,m,45-54,501,Smear Negative
Belarus,2010,sn,m,55-64,261,Smear Negative
Belarus,2010,sn,m,65+,99,Smear Negative
Belarus,2010,sn,f,0-14,10,Smear Negative
Belarus,2010,sn,f,15-24,128,Smear Negative
Belarus,2010,sn,f,25-34,217,Smear Negative
Belarus,2010,sn,f,35-44,159,Smear Negative
Belarus,2010,sn,f,45-54,112,Smear Negative
Belarus,2010,sn,f,55-64,54,Smear Negative
Belarus,2010,sn,f,65+,106,Smear Negative
Belarus,2010,ep,m,0-14,7,Extrapulmonary
Belarus,2010,ep,m,15-24,15,Extrapulmonary
Belarus,2010,ep,m,25-34,28,Extrapulmonary
Belarus,2010,ep,m,35-44,43,Extrapulmonary
Belarus,2010,ep,m,45-54,49,Extrapulmonary
Belarus,2010,ep,m,55-64,38,Extrapulmonary
Belarus,2010,ep,m,65+,23,Extrapulmonary
Belarus,2010,ep,f,0-14,8,Extrapulmonary
Belarus,2010,ep,f,15-24,11,Extrapulmonary
Belarus,2010,ep,f,25-34,35,Extrapulmonary
Belarus,2010,ep,f,35-44,36,Extrapulmonary
Belarus,2010,ep,f,45-54,34,Extrapulmonary
Belarus,2010,ep,f,55-64,44,Extrapulmonary
Belarus,2010,ep,f,65+,58,Extrapulmonary
Belarus,2011,sp,m,0-14,1,Smear Positive
Belarus,2011,sp,m,15-24,53,Smear Positive
Belarus,2011,sp,m,25-34,156,Smear Positive
Belarus,2011,sp,m,35-44,228,Smear Positive
Belarus,2011,sp,m,45-54,290,Smear Positive
Belarus,2011,sp,m,55-64,138,Smear Positive
Belarus,2011,sp,m,65+,48,Smear Positive
Belarus,2011,sp,f,0-14,3,Smear Positive
Belarus,2011,sp,f,15-24,37,Smear Positive
Belarus,2011,sp,f,25-34,67,Smear Positive
Belarus,2011,sp,f,35-44,47,Smear Positive
Belarus,2011,sp,f,45-54,39,Smear Positive
Belarus,2011,sp,f,55-64,27,Smear Positive
Belarus,2011,sp,f,65+,83,Smear Positive
Belarus,2011,sn,m,0-14,2,Smear Negative
Belarus,2011,sn,m,15-24,164,Smear Negative
Belarus,2011,sn,m,25-34,374,Smear Negative
Belarus,2011,sn,m,35-44,411,Smear Negative
Belarus,2011,sn,m,45-54,458,Smear Negative
Belarus,2011,sn,m,55-64,255,Smear Negative
Belarus,2011,sn,m,65+,95,Smear Negative
Belarus,2011,sn,f,0-14,6,Smear Negative
Belarus,2011,sn,f,15-24,107,Smear Negative
Belarus,2011,sn,f,25-34,182,Smear Negative
Belarus,2011,sn,f,35-44,152,Smear Negative
Belarus,2011,sn,f,45-54,97,Smear Negative
Belarus,2011,sn,f,55-64,51,Smear Negative
Belarus,2011,sn,f,65+,85,Smear Negative
Belarus,2011,ep,m,0-14,8,Extrapulmonary
Belarus,2011,ep,m,15-24,7,Extrapulmonary
Belarus,2011,ep,m,25-34,28,Extrapulmonary
Belarus,2011,ep,m,35-44,45,Extrapulmonary
Belarus,2011,ep,m,45-54,52,Extrapulmonary
Belarus,2011,ep,m,55-64,39,Extrapulmonary
Belarus,2011,ep,m,65+,25,Extrapulmonary
Belarus,2011,ep,f,0-14,6,Extrapulmonary
Belarus,2011,ep,f,15-24,5,Extrapulmonary
Belarus,2011,ep,f,25-34,34,Extrapulmonary
Belarus,2011,ep,f,35-44,31,Extrapulmonary
Belarus,2011,ep,f,45-54,20,Extrapulmonary
Belarus,2011,ep,f,55-64,40,Extrapulmonary
Belarus,2011,ep,f,65+,47,Extrapulmonary
Belarus,2012,sp,m,0-14,0,Smear Positive
Belarus,2012,sp,m,15-24,44,Smear Positive
Belarus,2012,sp,m,25-34,174,Smear Positive
Belarus,2012,sp,m,35-44,250,Smear Positive
Belarus,2012,sp,m,45-54,266,Smear Positive
Belarus,2012,sp,m,55-64,158,Smear Positive
Belarus,2012,sp,m,65+,73,Smear Positive
Belarus,2012,sp,f,0-14,1,Smear Positive
Belarus,2012,sp,f,15-24,34,Smear Positive
Belarus,2012,sp,f,25-34,64,Smear Positive
Belarus,2012,sp,f,35-44,47,Smear Positive
Belarus,2012,sp,f,45-54,45,Smear Positive
Belarus,2012,sp,f,55-64,28,Smear Positive
Belarus,2012,sp,f,65+,93,Smear Positive
Belarus,2012,sn,m,0-14,1,Smear Negative
Belarus,2012,sn,m,15-24,98,Smear Negative
Belarus,2012,sn,m,25-34,350,Smear Negative
Belarus,2012,sn,m,35-44,372,Smear Negative
Belarus,2012,sn,m,45-54,413,Smear Negative
Belarus,2012,sn,m,55-64,216,Smear Negative
Belarus,2012,sn,m,65+,74,Smear Negative
Belarus,2012,sn,f,0-14,7,Smear Negative
Belarus,2012,sn,f,15-24,90,Smear Negative
Belarus,2012,sn,f,25-34,168,Smear Negative
Belarus,2012,sn,f,35-44,131,Smear Negative
Belarus,2012,sn,f,45-54,102,Smear Negative
Belarus,2012,sn,f,55-64,75,Smear Negative
Belarus,2012,sn,f,65+,87,Smear Negative
Belarus,2012,ep,m,0-14,4,Extrapulmonary
Belarus,2012,ep,m,15-24,14,Extrapulmonary
Belarus,2012,ep,m,25-34,23,Extrapulmonary
Belarus,2012,ep,m,35-44,42,Extrapulmonary
Belarus,2012,ep,m,45-54,60,Extrapulmonary
Belarus,2012,ep,m,55-64,32,Extrapulmonary
Belarus,2012,ep,m,65+,26,Extrapulmonary
Belarus,2012,ep,f,0-14,8,Extrapulmonary
Belarus,2012,ep,f,15-24,11,Extrapulmonary
Belarus,2012,ep,f,25-34,33,Extrapulmonary
Belarus,2012,ep,f,35-44,19,Extrapulmonary
Belarus,2012,ep,f,45-54,29,Extrapulmonary
Belarus,2012,ep,f,55-64,34,Extrapulmonary
Belarus,2012,ep,f,65+,46,Extrapulmonary
Belarus,2013,rel,m,0-14,4,Relapse
Belarus,2013,rel,m,15-24,162,Relapse
Belarus,2013,rel,m,25-34,565,Relapse
Belarus,2013,rel,m,35-44,803,Relapse
Belarus,2013,rel,m,45-54,876,Relapse
Belarus,2013,rel,m,55-64,600,Relapse
Belarus,2013,rel,m,65+,226,Relapse
Belarus,2013,rel,f,0-14,10,Relapse
Belarus,2013,rel,f,15-24,131,Relapse
Belarus,2013,rel,f,25-34,280,Relapse
Belarus,2013,rel,f,35-44,248,Relapse
Belarus,2013,rel,f,45-54,168,Relapse
Belarus,2013,rel,f,55-64,141,Relapse
Belarus,2013,rel,f,65+,256,Relapse
Belgium,1995,sp,m,0-14,3,Smear Positive
Belgium,1995,sp,m,15-24,23,Smear Positive
Belgium,1995,sp,m,25-34,49,Smear Positive
Belgium,1995,sp,m,35-44,63,Smear Positive
Belgium,1995,sp,m,45-54,52,Smear Positive
Belgium,1995,sp,m,55-64,54,Smear Positive
Belgium,1995,sp,m,65+,102,Smear Positive
Belgium,1995,sp,f,0-14,3,Smear Positive
Belgium,1995,sp,f,15-24,12,Smear Positive
Belgium,1995,sp,f,25-34,24,Smear Positive
Belgium,1995,sp,f,35-44,32,Smear Positive
Belgium,1995,sp,f,45-54,17,Smear Positive
Belgium,1995,sp,f,55-64,10,Smear Positive
Belgium,1995,sp,f,65+,34,Smear Positive
Belgium,1996,sp,m,0-14,1,Smear Positive
Belgium,1996,sp,m,15-24,20,Smear Positive
Belgium,1996,sp,m,25-34,43,Smear Positive
Belgium,1996,sp,m,35-44,49,Smear Positive
Belgium,1996,sp,m,45-54,45,Smear Positive
Belgium,1996,sp,m,55-64,32,Smear Positive
Belgium,1996,sp,m,65+,59,Smear Positive
Belgium,1996,sp,f,0-14,4,Smear Positive
Belgium,1996,sp,f,15-24,9,Smear Positive
Belgium,1996,sp,f,25-34,30,Smear Positive
Belgium,1996,sp,f,35-44,25,Smear Positive
Belgium,1996,sp,f,45-54,11,Smear Positive
Belgium,1996,sp,f,55-64,10,Smear Positive
Belgium,1996,sp,f,65+,26,Smear Positive
Belgium,1997,sp,m,0-14,3,Smear Positive
Belgium,1997,sp,m,15-24,18,Smear Positive
Belgium,1997,sp,m,25-34,45,Smear Positive
Belgium,1997,sp,m,35-44,56,Smear Positive
Belgium,1997,sp,m,45-54,43,Smear Positive
Belgium,1997,sp,m,55-64,41,Smear Positive
Belgium,1997,sp,m,65+,115,Smear Positive
Belgium,1997,sp,f,0-14,2,Smear Positive
Belgium,1997,sp,f,15-24,11,Smear Positive
Belgium,1997,sp,f,25-34,26,Smear Positive
Belgium,1997,sp,f,35-44,22,Smear Positive
Belgium,1997,sp,f,45-54,13,Smear Positive
Belgium,1997,sp,f,55-64,11,Smear Positive
Belgium,1997,sp,f,65+,28,Smear Positive
Belgium,1998,sp,m,0-14,3,Smear Positive
Belgium,1998,sp,m,15-24,22,Smear Positive
Belgium,1998,sp,m,25-34,50,Smear Positive
Belgium,1998,sp,m,35-44,58,Smear Positive
Belgium,1998,sp,m,45-54,48,Smear Positive
Belgium,1998,sp,m,55-64,36,Smear Positive
Belgium,1998,sp,m,65+,78,Smear Positive
Belgium,1998,sp,f,0-14,2,Smear Positive
Belgium,1998,sp,f,15-24,6,Smear Positive
Belgium,1998,sp,f,25-34,30,Smear Positive
Belgium,1998,sp,f,35-44,20,Smear Positive
Belgium,1998,sp,f,45-54,17,Smear Positive
Belgium,1998,sp,f,55-64,13,Smear Positive
Belgium,1998,sp,f,65+,35,Smear Positive
Belgium,1999,sp,m,0-14,2,Smear Positive
Belgium,1999,sp,m,15-24,18,Smear Positive
Belgium,1999,sp,m,25-34,40,Smear Positive
Belgium,1999,sp,m,35-44,49,Smear Positive
Belgium,1999,sp,m,45-54,46,Smear Positive
Belgium,1999,sp,m,55-64,38,Smear Positive
Belgium,1999,sp,m,65+,83,Smear Positive
Belgium,1999,sp,f,0-14,4,Smear Positive
Belgium,1999,sp,f,15-24,20,Smear Positive
Belgium,1999,sp,f,25-34,38,Smear Positive
Belgium,1999,sp,f,35-44,19,Smear Positive
Belgium,1999,sp,f,45-54,22,Smear Positive
Belgium,1999,sp,f,55-64,8,Smear Positive
Belgium,1999,sp,f,65+,16,Smear Positive
Belgium,2000,sp,m,0-14,3,Smear Positive
Belgium,2000,sp,m,15-24,20,Smear Positive
Belgium,2000,sp,m,25-34,57,Smear Positive
Belgium,2000,sp,m,35-44,39,Smear Positive
Belgium,2000,sp,m,45-54,55,Smear Positive
Belgium,2000,sp,m,55-64,32,Smear Positive
Belgium,2000,sp,m,65+,56,Smear Positive
Belgium,2000,sp,f,0-14,6,Smear Positive
Belgium,2000,sp,f,15-24,15,Smear Positive
Belgium,2000,sp,f,25-34,15,Smear Positive
Belgium,2000,sp,f,35-44,19,Smear Positive
Belgium,2000,sp,f,45-54,4,Smear Positive
Belgium,2000,sp,f,55-64,13,Smear Positive
Belgium,2000,sp,f,65+,27,Smear Positive
Belgium,2001,sp,m,0-14,8,Smear Positive
Belgium,2001,sp,m,15-24,31,Smear Positive
Belgium,2001,sp,m,25-34,40,Smear Positive
Belgium,2001,sp,m,35-44,47,Smear Positive
Belgium,2001,sp,m,45-54,44,Smear Positive
Belgium,2001,sp,m,55-64,23,Smear Positive
Belgium,2001,sp,m,65+,54,Smear Positive
Belgium,2001,sp,f,0-14,6,Smear Positive
Belgium,2001,sp,f,15-24,14,Smear Positive
Belgium,2001,sp,f,25-34,21,Smear Positive
Belgium,2001,sp,f,35-44,24,Smear Positive
Belgium,2001,sp,f,45-54,15,Smear Positive
Belgium,2001,sp,f,55-64,7,Smear Positive
Belgium,2001,sp,f,65+,18,Smear Positive
Belgium,2002,sp,m,0-14,1,Smear Positive
Belgium,2002,sp,m,15-24,19,Smear Positive
Belgium,2002,sp,m,25-34,56,Smear Positive
Belgium,2002,sp,m,35-44,52,Smear Positive
Belgium,2002,sp,m,45-54,33,Smear Positive
Belgium,2002,sp,m,55-64,19,Smear Positive
Belgium,2002,sp,m,65+,58,Smear Positive
Belgium,2002,sp,f,0-14,6,Smear Positive
Belgium,2002,sp,f,15-24,21,Smear Positive
Belgium,2002,sp,f,25-34,19,Smear Positive
Belgium,2002,sp,f,35-44,16,Smear Positive
Belgium,2002,sp,f,45-54,9,Smear Positive
Belgium,2002,sp,f,55-64,16,Smear Positive
Belgium,2002,sp,f,65+,16,Smear Positive
Belgium,2003,sp,m,0-14,6,Smear Positive
Belgium,2003,sp,m,15-24,27,Smear Positive
Belgium,2003,sp,m,25-34,33,Smear Positive
Belgium,2003,sp,m,35-44,30,Smear Positive
Belgium,2003,sp,m,45-54,40,Smear Positive
Belgium,2003,sp,m,55-64,17,Smear Positive
Belgium,2003,sp,m,65+,35,Smear Positive
Belgium,2003,sp,f,0-14,5,Smear Positive
Belgium,2003,sp,f,15-24,20,Smear Positive
Belgium,2003,sp,f,25-34,17,Smear Positive
Belgium,2003,sp,f,35-44,15,Smear Positive
Belgium,2003,sp,f,45-54,11,Smear Positive
Belgium,2003,sp,f,55-64,2,Smear Positive
Belgium,2003,sp,f,65+,7,Smear Positive
Belgium,2004,sp,m,0-14,1,Smear Positive
Belgium,2004,sp,m,15-24,26,Smear Positive
Belgium,2004,sp,m,25-34,55,Smear Positive
Belgium,2004,sp,m,35-44,30,Smear Positive
Belgium,2004,sp,m,45-54,37,Smear Positive
Belgium,2004,sp,m,55-64,24,Smear Positive
Belgium,2004,sp,m,65+,48,Smear Positive
Belgium,2004,sp,f,0-14,6,Smear Positive
Belgium,2004,sp,f,15-24,18,Smear Positive
Belgium,2004,sp,f,25-34,16,Smear Positive
Belgium,2004,sp,f,35-44,20,Smear Positive
Belgium,2004,sp,f,45-54,3,Smear Positive
Belgium,2004,sp,f,55-64,8,Smear Positive
Belgium,2004,sp,f,65+,14,Smear Positive
Belgium,2005,sp,m,0-14,1,Smear Positive
Belgium,2005,sp,m,15-24,26,Smear Positive
Belgium,2005,sp,m,25-34,50,Smear Positive
Belgium,2005,sp,m,35-44,32,Smear Positive
Belgium,2005,sp,m,45-54,27,Smear Positive
Belgium,2005,sp,m,55-64,15,Smear Positive
Belgium,2005,sp,m,65+,47,Smear Positive
Belgium,2005,sp,f,0-14,2,Smear Positive
Belgium,2005,sp,f,15-24,27,Smear Positive
Belgium,2005,sp,f,25-34,31,Smear Positive
Belgium,2005,sp,f,35-44,15,Smear Positive
Belgium,2005,sp,f,45-54,12,Smear Positive
Belgium,2005,sp,f,55-64,4,Smear Positive
Belgium,2005,sp,f,65+,23,Smear Positive
Belgium,2006,sp,m,0-14,4,Smear Positive
Belgium,2006,sp,m,15-24,26,Smear Positive
Belgium,2006,sp,m,25-34,52,Smear Positive
Belgium,2006,sp,m,35-44,38,Smear Positive
Belgium,2006,sp,m,45-54,45,Smear Positive
Belgium,2006,sp,m,55-64,27,Smear Positive
Belgium,2006,sp,m,65+,42,Smear Positive
Belgium,2006,sp,f,0-14,6,Smear Positive
Belgium,2006,sp,f,15-24,25,Smear Positive
Belgium,2006,sp,f,25-34,25,Smear Positive
Belgium,2006,sp,f,35-44,18,Smear Positive
Belgium,2006,sp,f,45-54,6,Smear Positive
Belgium,2006,sp,f,55-64,7,Smear Positive
Belgium,2006,sp,f,65+,22,Smear Positive
Belgium,2006,sn,m,0-14,20,Smear Negative
Belgium,2006,sn,m,15-24,25,Smear Negative
Belgium,2006,sn,m,25-34,43,Smear Negative
Belgium,2006,sn,m,35-44,33,Smear Negative
Belgium,2006,sn,m,45-54,29,Smear Negative
Belgium,2006,sn,m,55-64,31,Smear Negative
Belgium,2006,sn,m,65+,48,Smear Negative
Belgium,2006,sn,f,0-14,16,Smear Negative
Belgium,2006,sn,f,15-24,33,Smear Negative
Belgium,2006,sn,f,25-34,29,Smear Negative
Belgium,2006,sn,f,35-44,18,Smear Negative
Belgium,2006,sn,f,45-54,20,Smear Negative
Belgium,2006,sn,f,55-64,12,Smear Negative
Belgium,2006,sn,f,65+,13,Smear Negative
Belgium,2006,ep,m,0-14,8,Extrapulmonary
Belgium,2006,ep,m,15-24,22,Extrapulmonary
Belgium,2006,ep,m,25-34,43,Extrapulmonary
Belgium,2006,ep,m,35-44,38,Extrapulmonary
Belgium,2006,ep,m,45-54,25,Extrapulmonary
Belgium,2006,ep,m,55-64,23,Extrapulmonary
Belgium,2006,ep,m,65+,31,Extrapulmonary
Belgium,2006,ep,f,0-14,9,Extrapulmonary
Belgium,2006,ep,f,15-24,24,Extrapulmonary
Belgium,2006,ep,f,25-34,37,Extrapulmonary
Belgium,2006,ep,f,35-44,19,Extrapulmonary
Belgium,2006,ep,f,45-54,23,Extrapulmonary
Belgium,2006,ep,f,55-64,7,Extrapulmonary
Belgium,2006,ep,f,65+,21,Extrapulmonary
Belgium,2007,sp,m,0-14,2,Smear Positive
Belgium,2007,sp,m,15-24,23,Smear Positive
Belgium,2007,sp,m,25-34,55,Smear Positive
Belgium,2007,sp,m,35-44,35,Smear Positive
Belgium,2007,sp,m,45-54,38,Smear Positive
Belgium,2007,sp,m,55-64,18,Smear Positive
Belgium,2007,sp,m,65+,43,Smear Positive
Belgium,2007,sp,f,0-14,4,Smear Positive
Belgium,2007,sp,f,15-24,13,Smear Positive
Belgium,2007,sp,f,25-34,31,Smear Positive
Belgium,2007,sp,f,35-44,23,Smear Positive
Belgium,2007,sp,f,45-54,7,Smear Positive
Belgium,2007,sp,f,55-64,8,Smear Positive
Belgium,2007,sp,f,65+,22,Smear Positive
Belgium,2007,sn,m,0-14,25,Smear Negative
Belgium,2007,sn,m,15-24,26,Smear Negative
Belgium,2007,sn,m,25-34,47,Smear Negative
Belgium,2007,sn,m,35-44,45,Smear Negative
Belgium,2007,sn,m,45-54,30,Smear Negative
Belgium,2007,sn,m,55-64,18,Smear Negative
Belgium,2007,sn,m,65+,53,Smear Negative
Belgium,2007,sn,f,0-14,17,Smear Negative
Belgium,2007,sn,f,15-24,17,Smear Negative
Belgium,2007,sn,f,25-34,27,Smear Negative
Belgium,2007,sn,f,35-44,24,Smear Negative
Belgium,2007,sn,f,45-54,11,Smear Negative
Belgium,2007,sn,f,55-64,10,Smear Negative
Belgium,2007,sn,f,65+,17,Smear Negative
Belgium,2007,ep,m,0-14,7,Extrapulmonary
Belgium,2007,ep,m,15-24,17,Extrapulmonary
Belgium,2007,ep,m,25-34,44,Extrapulmonary
Belgium,2007,ep,m,35-44,20,Extrapulmonary
Belgium,2007,ep,m,45-54,11,Extrapulmonary
Belgium,2007,ep,m,55-64,17,Extrapulmonary
Belgium,2007,ep,m,65+,22,Extrapulmonary
Belgium,2007,ep,f,0-14,11,Extrapulmonary
Belgium,2007,ep,f,15-24,19,Extrapulmonary
Belgium,2007,ep,f,25-34,25,Extrapulmonary
Belgium,2007,ep,f,35-44,28,Extrapulmonary
Belgium,2007,ep,f,45-54,19,Extrapulmonary
Belgium,2007,ep,f,55-64,9,Extrapulmonary
Belgium,2007,ep,f,65+,17,Extrapulmonary
Belgium,2008,sp,m,0-14,3,Smear Positive
Belgium,2008,sp,m,15-24,23,Smear Positive
Belgium,2008,sp,m,25-34,40,Smear Positive
Belgium,2008,sp,m,35-44,43,Smear Positive
Belgium,2008,sp,m,45-54,32,Smear Positive
Belgium,2008,sp,m,55-64,24,Smear Positive
Belgium,2008,sp,m,65+,41,Smear Positive
Belgium,2008,sp,f,0-14,3,Smear Positive
Belgium,2008,sp,f,15-24,17,Smear Positive
Belgium,2008,sp,f,25-34,40,Smear Positive
Belgium,2008,sp,f,35-44,22,Smear Positive
Belgium,2008,sp,f,45-54,8,Smear Positive
Belgium,2008,sp,f,55-64,3,Smear Positive
Belgium,2008,sp,f,65+,12,Smear Positive
Belgium,2008,sn,m,0-14,18,Smear Negative
Belgium,2008,sn,m,15-24,15,Smear Negative
Belgium,2008,sn,m,25-34,31,Smear Negative
Belgium,2008,sn,m,35-44,29,Smear Negative
Belgium,2008,sn,m,45-54,20,Smear Negative
Belgium,2008,sn,m,55-64,25,Smear Negative
Belgium,2008,sn,m,65+,43,Smear Negative
Belgium,2008,sn,f,0-14,14,Smear Negative
Belgium,2008,sn,f,15-24,11,Smear Negative
Belgium,2008,sn,f,25-34,24,Smear Negative
Belgium,2008,sn,f,35-44,18,Smear Negative
Belgium,2008,sn,f,45-54,12,Smear Negative
Belgium,2008,sn,f,55-64,10,Smear Negative
Belgium,2008,sn,f,65+,17,Smear Negative
Belgium,2008,ep,m,0-14,6,Extrapulmonary
Belgium,2008,ep,m,15-24,20,Extrapulmonary
Belgium,2008,ep,m,25-34,27,Extrapulmonary
Belgium,2008,ep,m,35-44,37,Extrapulmonary
Belgium,2008,ep,m,45-54,18,Extrapulmonary
Belgium,2008,ep,m,55-64,6,Extrapulmonary
Belgium,2008,ep,m,65+,17,Extrapulmonary
Belgium,2008,ep,f,0-14,7,Extrapulmonary
Belgium,2008,ep,f,15-24,11,Extrapulmonary
Belgium,2008,ep,f,25-34,20,Extrapulmonary
Belgium,2008,ep,f,35-44,15,Extrapulmonary
Belgium,2008,ep,f,45-54,10,Extrapulmonary
Belgium,2008,ep,f,55-64,7,Extrapulmonary
Belgium,2008,ep,f,65+,12,Extrapulmonary
Belgium,2009,sp,m,0-14,1,Smear Positive
Belgium,2009,sp,m,15-24,29,Smear Positive
Belgium,2009,sp,m,25-34,33,Smear Positive
Belgium,2009,sp,m,35-44,27,Smear Positive
Belgium,2009,sp,m,45-54,32,Smear Positive
Belgium,2009,sp,m,55-64,24,Smear Positive
Belgium,2009,sp,m,65+,36,Smear Positive
Belgium,2009,sp,f,0-14,0,Smear Positive
Belgium,2009,sp,f,15-24,21,Smear Positive
Belgium,2009,sp,f,25-34,34,Smear Positive
Belgium,2009,sp,f,35-44,10,Smear Positive
Belgium,2009,sp,f,45-54,7,Smear Positive
Belgium,2009,sp,f,55-64,7,Smear Positive
Belgium,2009,sp,f,65+,19,Smear Positive
Belgium,2009,sn,m,0-14,22,Smear Negative
Belgium,2009,sn,m,15-24,16,Smear Negative
Belgium,2009,sn,m,25-34,32,Smear Negative
Belgium,2009,sn,m,35-44,17,Smear Negative
Belgium,2009,sn,m,45-54,31,Smear Negative
Belgium,2009,sn,m,55-64,15,Smear Negative
Belgium,2009,sn,m,65+,34,Smear Negative
Belgium,2009,sn,f,0-14,20,Smear Negative
Belgium,2009,sn,f,15-24,17,Smear Negative
Belgium,2009,sn,f,25-34,22,Smear Negative
Belgium,2009,sn,f,35-44,15,Smear Negative
Belgium,2009,sn,f,45-54,11,Smear Negative
Belgium,2009,sn,f,55-64,8,Smear Negative
Belgium,2009,sn,f,65+,19,Smear Negative
Belgium,2009,ep,m,0-14,5,Extrapulmonary
Belgium,2009,ep,m,15-24,12,Extrapulmonary
Belgium,2009,ep,m,25-34,29,Extrapulmonary
Belgium,2009,ep,m,35-44,17,Extrapulmonary
Belgium,2009,ep,m,45-54,15,Extrapulmonary
Belgium,2009,ep,m,55-64,12,Extrapulmonary
Belgium,2009,ep,m,65+,21,Extrapulmonary
Belgium,2009,ep,f,0-14,11,Extrapulmonary
Belgium,2009,ep,f,15-24,20,Extrapulmonary
Belgium,2009,ep,f,25-34,29,Extrapulmonary
Belgium,2009,ep,f,35-44,18,Extrapulmonary
Belgium,2009,ep,f,45-54,11,Extrapulmonary
Belgium,2009,ep,f,55-64,9,Extrapulmonary
Belgium,2009,ep,f,65+,19,Extrapulmonary
Belgium,2010,sp,m,0-14,4,Smear Positive
Belgium,2010,sp,m,15-24,20,Smear Positive
Belgium,2010,sp,m,25-34,39,Smear Positive
Belgium,2010,sp,m,35-44,30,Smear Positive
Belgium,2010,sp,m,45-54,28,Smear Positive
Belgium,2010,sp,m,55-64,20,Smear Positive
Belgium,2010,sp,m,65+,19,Smear Positive
Belgium,2010,sp,f,0-14,6,Smear Positive
Belgium,2010,sp,f,15-24,13,Smear Positive
Belgium,2010,sp,f,25-34,17,Smear Positive
Belgium,2010,sp,f,35-44,18,Smear Positive
Belgium,2010,sp,f,45-54,11,Smear Positive
Belgium,2010,sp,f,55-64,5,Smear Positive
Belgium,2010,sp,f,65+,9,Smear Positive
Belgium,2010,sn,m,0-14,23,Smear Negative
Belgium,2010,sn,m,15-24,16,Smear Negative
Belgium,2010,sn,m,25-34,49,Smear Negative
Belgium,2010,sn,m,35-44,37,Smear Negative
Belgium,2010,sn,m,45-54,28,Smear Negative
Belgium,2010,sn,m,55-64,19,Smear Negative
Belgium,2010,sn,m,65+,43,Smear Negative
Belgium,2010,sn,f,0-14,15,Smear Negative
Belgium,2010,sn,f,15-24,14,Smear Negative
Belgium,2010,sn,f,25-34,25,Smear Negative
Belgium,2010,sn,f,35-44,14,Smear Negative
Belgium,2010,sn,f,45-54,16,Smear Negative
Belgium,2010,sn,f,55-64,6,Smear Negative
Belgium,2010,sn,f,65+,20,Smear Negative
Belgium,2010,ep,m,0-14,8,Extrapulmonary
Belgium,2010,ep,m,15-24,16,Extrapulmonary
Belgium,2010,ep,m,25-34,37,Extrapulmonary
Belgium,2010,ep,m,35-44,22,Extrapulmonary
Belgium,2010,ep,m,45-54,19,Extrapulmonary
Belgium,2010,ep,m,55-64,8,Extrapulmonary
Belgium,2010,ep,m,65+,20,Extrapulmonary
Belgium,2010,ep,f,0-14,5,Extrapulmonary
Belgium,2010,ep,f,15-24,14,Extrapulmonary
Belgium,2010,ep,f,25-34,32,Extrapulmonary
Belgium,2010,ep,f,35-44,14,Extrapulmonary
Belgium,2010,ep,f,45-54,11,Extrapulmonary
Belgium,2010,ep,f,55-64,8,Extrapulmonary
Belgium,2010,ep,f,65+,12,Extrapulmonary
Belgium,2011,sp,m,0-14,8,Smear Positive
Belgium,2011,sp,m,15-24,25,Smear Positive
Belgium,2011,sp,m,25-34,50,Smear Positive
Belgium,2011,sp,m,35-44,33,Smear Positive
Belgium,2011,sp,m,45-54,25,Smear Positive
Belgium,2011,sp,m,55-64,16,Smear Positive
Belgium,2011,sp,m,65+,27,Smear Positive
Belgium,2011,sp,f,0-14,3,Smear Positive
Belgium,2011,sp,f,15-24,13,Smear Positive
Belgium,2011,sp,f,25-34,14,Smear Positive
Belgium,2011,sp,f,35-44,9,Smear Positive
Belgium,2011,sp,f,45-54,3,Smear Positive
Belgium,2011,sp,f,55-64,5,Smear Positive
Belgium,2011,sp,f,65+,7,Smear Positive
Belgium,2011,sn,m,0-14,17,Smear Negative
Belgium,2011,sn,m,15-24,21,Smear Negative
Belgium,2011,sn,m,25-34,31,Smear Negative
Belgium,2011,sn,m,35-44,20,Smear Negative
Belgium,2011,sn,m,45-54,19,Smear Negative
Belgium,2011,sn,m,55-64,7,Smear Negative
Belgium,2011,sn,m,65+,40,Smear Negative
Belgium,2011,sn,f,0-14,19,Smear Negative
Belgium,2011,sn,f,15-24,18,Smear Negative
Belgium,2011,sn,f,25-34,25,Smear Negative
Belgium,2011,sn,f,35-44,9,Smear Negative
Belgium,2011,sn,f,45-54,11,Smear Negative
Belgium,2011,sn,f,55-64,12,Smear Negative
Belgium,2011,sn,f,65+,16,Smear Negative
Belgium,2011,ep,m,0-14,11,Extrapulmonary
Belgium,2011,ep,m,15-24,20,Extrapulmonary
Belgium,2011,ep,m,25-34,30,Extrapulmonary
Belgium,2011,ep,m,35-44,16,Extrapulmonary
Belgium,2011,ep,m,45-54,5,Extrapulmonary
Belgium,2011,ep,m,55-64,3,Extrapulmonary
Belgium,2011,ep,m,65+,18,Extrapulmonary
Belgium,2011,ep,f,0-14,6,Extrapulmonary
Belgium,2011,ep,f,15-24,21,Extrapulmonary
Belgium,2011,ep,f,25-34,22,Extrapulmonary
Belgium,2011,ep,f,35-44,6,Extrapulmonary
Belgium,2011,ep,f,45-54,6,Extrapulmonary
Belgium,2011,ep,f,55-64,5,Extrapulmonary
Belgium,2011,ep,f,65+,17,Extrapulmonary
Belgium,2012,sp,m,0-14,3,Smear Positive
Belgium,2012,sp,m,15-24,25,Smear Positive
Belgium,2012,sp,m,25-34,33,Smear Positive
Belgium,2012,sp,m,35-44,18,Smear Positive
Belgium,2012,sp,m,45-54,27,Smear Positive
Belgium,2012,sp,m,55-64,22,Smear Positive
Belgium,2012,sp,m,65+,18,Smear Positive
Belgium,2012,sp,f,0-14,5,Smear Positive
Belgium,2012,sp,f,15-24,23,Smear Positive
Belgium,2012,sp,f,25-34,23,Smear Positive
Belgium,2012,sp,f,35-44,17,Smear Positive
Belgium,2012,sp,f,45-54,9,Smear Positive
Belgium,2012,sp,f,55-64,7,Smear Positive
Belgium,2012,sp,f,65+,5,Smear Positive
Belgium,2012,sn,m,0-14,18,Smear Negative
Belgium,2012,sn,m,15-24,23,Smear Negative
Belgium,2012,sn,m,25-34,23,Smear Negative
Belgium,2012,sn,m,35-44,24,Smear Negative
Belgium,2012,sn,m,45-54,19,Smear Negative
Belgium,2012,sn,m,55-64,18,Smear Negative
Belgium,2012,sn,m,65+,26,Smear Negative
Belgium,2012,sn,f,0-14,15,Smear Negative
Belgium,2012,sn,f,15-24,14,Smear Negative
Belgium,2012,sn,f,25-34,10,Smear Negative
Belgium,2012,sn,f,35-44,13,Smear Negative
Belgium,2012,sn,f,45-54,10,Smear Negative
Belgium,2012,sn,f,55-64,8,Smear Negative
Belgium,2012,sn,f,65+,16,Smear Negative
Belgium,2012,ep,m,0-14,7,Extrapulmonary
Belgium,2012,ep,m,15-24,22,Extrapulmonary
Belgium,2012,ep,m,25-34,26,Extrapulmonary
Belgium,2012,ep,m,35-44,14,Extrapulmonary
Belgium,2012,ep,m,45-54,14,Extrapulmonary
Belgium,2012,ep,m,55-64,9,Extrapulmonary
Belgium,2012,ep,m,65+,14,Extrapulmonary
Belgium,2012,ep,f,0-14,9,Extrapulmonary
Belgium,2012,ep,f,15-24,7,Extrapulmonary
Belgium,2012,ep,f,25-34,18,Extrapulmonary
Belgium,2012,ep,f,35-44,17,Extrapulmonary
Belgium,2012,ep,f,45-54,8,Extrapulmonary
Belgium,2012,ep,f,55-64,4,Extrapulmonary
Belgium,2012,ep,f,65+,10,Extrapulmonary
Belgium,2013,rel,m,0-14,40,Relapse
Belgium,2013,rel,m,15-24,63,Relapse
Belgium,2013,rel,m,25-34,135,Relapse
Belgium,2013,rel,m,35-44,105,Relapse
Belgium,2013,rel,m,45-54,86,Relapse
Belgium,2013,rel,m,55-64,57,Relapse
Belgium,2013,rel,m,65+,93,Relapse
Belgium,2013,rel,f,0-14,19,Relapse
Belgium,2013,rel,f,15-24,58,Relapse
Belgium,2013,rel,f,25-34,96,Relapse
Belgium,2013,rel,f,35-44,50,Relapse
Belgium,2013,rel,f,45-54,31,Relapse
Belgium,2013,rel,f,55-64,23,Relapse
Belgium,2013,rel,f,65+,50,Relapse
Belize,1995,sp,m,0-14,1,Smear Positive
Belize,1995,sp,m,15-24,1,Smear Positive
Belize,1995,sp,m,25-34,2,Smear Positive
Belize,1995,sp,m,35-44,4,Smear Positive
Belize,1995,sp,m,45-54,0,Smear Positive
Belize,1995,sp,m,55-64,1,Smear Positive
Belize,1995,sp,m,65+,1,Smear Positive
Belize,1995,sp,f,0-14,0,Smear Positive
Belize,1995,sp,f,15-24,6,Smear Positive
Belize,1995,sp,f,25-34,2,Smear Positive
Belize,1995,sp,f,35-44,0,Smear Positive
Belize,1995,sp,f,45-54,1,Smear Positive
Belize,1995,sp,f,55-64,1,Smear Positive
Belize,1995,sp,f,65+,2,Smear Positive
Belize,1996,sp,m,0-14,1,Smear Positive
Belize,1996,sp,m,15-24,3,Smear Positive
Belize,1996,sp,m,25-34,2,Smear Positive
Belize,1996,sp,m,35-44,2,Smear Positive
Belize,1996,sp,m,45-54,2,Smear Positive
Belize,1996,sp,m,55-64,3,Smear Positive
Belize,1996,sp,m,65+,2,Smear Positive
Belize,1996,sp,f,0-14,0,Smear Positive
Belize,1996,sp,f,15-24,1,Smear Positive
Belize,1996,sp,f,25-34,4,Smear Positive
Belize,1996,sp,f,35-44,0,Smear Positive
Belize,1996,sp,f,45-54,0,Smear Positive
Belize,1996,sp,f,55-64,0,Smear Positive
Belize,1996,sp,f,65+,0,Smear Positive
Belize,1997,sp,m,0-14,2,Smear Positive
Belize,1997,sp,m,15-24,2,Smear Positive
Belize,1997,sp,m,25-34,6,Smear Positive
Belize,1997,sp,m,35-44,3,Smear Positive
Belize,1997,sp,m,45-54,10,Smear Positive
Belize,1997,sp,m,55-64,3,Smear Positive
Belize,1997,sp,m,65+,6,Smear Positive
Belize,1997,sp,f,0-14,2,Smear Positive
Belize,1997,sp,f,15-24,3,Smear Positive
Belize,1997,sp,f,25-34,2,Smear Positive
Belize,1997,sp,f,35-44,2,Smear Positive
Belize,1997,sp,f,45-54,0,Smear Positive
Belize,1997,sp,f,55-64,4,Smear Positive
Belize,1997,sp,f,65+,3,Smear Positive
Belize,2000,sp,m,0-14,2,Smear Positive
Belize,2000,sp,m,15-24,5,Smear Positive
Belize,2000,sp,m,25-34,7,Smear Positive
Belize,2000,sp,m,35-44,2,Smear Positive
Belize,2000,sp,m,45-54,6,Smear Positive
Belize,2000,sp,m,55-64,3,Smear Positive
Belize,2000,sp,m,65+,5,Smear Positive
Belize,2000,sp,f,0-14,0,Smear Positive
Belize,2000,sp,f,15-24,2,Smear Positive
Belize,2000,sp,f,25-34,1,Smear Positive
Belize,2000,sp,f,35-44,2,Smear Positive
Belize,2000,sp,f,45-54,4,Smear Positive
Belize,2000,sp,f,55-64,1,Smear Positive
Belize,2000,sp,f,65+,4,Smear Positive
Belize,2001,sp,m,0-14,0,Smear Positive
Belize,2001,sp,m,15-24,0,Smear Positive
Belize,2001,sp,m,25-34,5,Smear Positive
Belize,2001,sp,m,35-44,9,Smear Positive
Belize,2001,sp,m,45-54,7,Smear Positive
Belize,2001,sp,m,55-64,9,Smear Positive
Belize,2001,sp,m,65+,11,Smear Positive
Belize,2001,sp,f,0-14,0,Smear Positive
Belize,2001,sp,f,15-24,0,Smear Positive
Belize,2001,sp,f,25-34,3,Smear Positive
Belize,2001,sp,f,35-44,4,Smear Positive
Belize,2001,sp,f,45-54,1,Smear Positive
Belize,2001,sp,f,55-64,2,Smear Positive
Belize,2001,sp,f,65+,2,Smear Positive
Belize,2002,sp,m,0-14,4,Smear Positive
Belize,2002,sp,m,15-24,7,Smear Positive
Belize,2002,sp,m,25-34,5,Smear Positive
Belize,2002,sp,m,35-44,7,Smear Positive
Belize,2002,sp,m,45-54,11,Smear Positive
Belize,2002,sp,m,55-64,4,Smear Positive
Belize,2002,sp,m,65+,4,Smear Positive
Belize,2002,sp,f,0-14,3,Smear Positive
Belize,2002,sp,f,15-24,5,Smear Positive
Belize,2002,sp,f,25-34,6,Smear Positive
Belize,2002,sp,f,35-44,3,Smear Positive
Belize,2002,sp,f,45-54,4,Smear Positive
Belize,2002,sp,f,55-64,4,Smear Positive
Belize,2002,sp,f,65+,4,Smear Positive
Belize,2003,sp,m,0-14,1,Smear Positive
Belize,2003,sp,m,15-24,4,Smear Positive
Belize,2003,sp,m,25-34,8,Smear Positive
Belize,2003,sp,m,35-44,10,Smear Positive
Belize,2003,sp,m,45-54,3,Smear Positive
Belize,2003,sp,m,55-64,2,Smear Positive
Belize,2003,sp,m,65+,8,Smear Positive
Belize,2003,sp,f,0-14,2,Smear Positive
Belize,2003,sp,f,15-24,6,Smear Positive
Belize,2003,sp,f,25-34,3,Smear Positive
Belize,2003,sp,f,35-44,3,Smear Positive
Belize,2003,sp,f,45-54,2,Smear Positive
Belize,2003,sp,f,55-64,5,Smear Positive
Belize,2003,sp,f,65+,5,Smear Positive
Belize,2004,sp,m,0-14,0,Smear Positive
Belize,2004,sp,m,15-24,4,Smear Positive
Belize,2004,sp,m,25-34,6,Smear Positive
Belize,2004,sp,m,35-44,8,Smear Positive
Belize,2004,sp,m,45-54,6,Smear Positive
Belize,2004,sp,m,55-64,3,Smear Positive
Belize,2004,sp,m,65+,2,Smear Positive
Belize,2004,sp,f,0-14,1,Smear Positive
Belize,2004,sp,f,15-24,0,Smear Positive
Belize,2004,sp,f,25-34,1,Smear Positive
Belize,2004,sp,f,35-44,1,Smear Positive
Belize,2004,sp,f,45-54,2,Smear Positive
Belize,2004,sp,f,55-64,0,Smear Positive
Belize,2004,sp,f,65+,0,Smear Positive
Belize,2005,sp,m,0-14,0,Smear Positive
Belize,2005,sp,m,15-24,8,Smear Positive
Belize,2005,sp,m,25-34,8,Smear Positive
Belize,2005,sp,m,35-44,6,Smear Positive
Belize,2005,sp,m,45-54,8,Smear Positive
Belize,2005,sp,m,55-64,5,Smear Positive
Belize,2005,sp,m,65+,3,Smear Positive
Belize,2005,sp,f,0-14,0,Smear Positive
Belize,2005,sp,f,15-24,4,Smear Positive
Belize,2005,sp,f,25-34,4,Smear Positive
Belize,2005,sp,f,35-44,4,Smear Positive
Belize,2005,sp,f,45-54,3,Smear Positive
Belize,2005,sp,f,55-64,2,Smear Positive
Belize,2005,sp,f,65+,4,Smear Positive
Belize,2006,sp,m,0-14,3,Smear Positive
Belize,2006,sp,m,15-24,4,Smear Positive
Belize,2006,sp,m,25-34,4,Smear Positive
Belize,2006,sp,m,35-44,7,Smear Positive
Belize,2006,sp,m,45-54,5,Smear Positive
Belize,2006,sp,m,55-64,1,Smear Positive
Belize,2006,sp,m,65+,3,Smear Positive
Belize,2006,sp,f,0-14,2,Smear Positive
Belize,2006,sp,f,15-24,6,Smear Positive
Belize,2006,sp,f,25-34,5,Smear Positive
Belize,2006,sp,f,35-44,3,Smear Positive
Belize,2006,sp,f,45-54,5,Smear Positive
Belize,2006,sp,f,55-64,6,Smear Positive
Belize,2006,sp,f,65+,6,Smear Positive
Belize,2006,sn,m,0-14,0,Smear Negative
Belize,2006,sn,m,15-24,0,Smear Negative
Belize,2006,sn,m,25-34,0,Smear Negative
Belize,2006,sn,m,35-44,4,Smear Negative
Belize,2006,sn,m,45-54,1,Smear Negative
Belize,2006,sn,m,55-64,0,Smear Negative
Belize,2006,sn,m,65+,2,Smear Negative
Belize,2006,sn,f,0-14,0,Smear Negative
Belize,2006,sn,f,15-24,0,Smear Negative
Belize,2006,sn,f,25-34,2,Smear Negative
Belize,2006,sn,f,35-44,1,Smear Negative
Belize,2006,sn,f,45-54,5,Smear Negative
Belize,2006,sn,f,55-64,2,Smear Negative
Belize,2006,sn,f,65+,1,Smear Negative
Belize,2006,ep,m,0-14,0,Extrapulmonary
Belize,2006,ep,m,15-24,0,Extrapulmonary
Belize,2006,ep,m,25-34,0,Extrapulmonary
Belize,2006,ep,m,35-44,0,Extrapulmonary
Belize,2006,ep,m,45-54,0,Extrapulmonary
Belize,2006,ep,m,55-64,0,Extrapulmonary
Belize,2006,ep,m,65+,0,Extrapulmonary
Belize,2006,ep,f,0-14,0,Extrapulmonary
Belize,2006,ep,f,15-24,0,Extrapulmonary
Belize,2006,ep,f,25-34,0,Extrapulmonary
Belize,2006,ep,f,35-44,0,Extrapulmonary
Belize,2006,ep,f,45-54,0,Extrapulmonary
Belize,2006,ep,f,55-64,0,Extrapulmonary
Belize,2006,ep,f,65+,0,Extrapulmonary
Belize,2007,sp,m,0-14,1,Smear Positive
Belize,2007,sp,m,15-24,6,Smear Positive
Belize,2007,sp,m,25-34,8,Smear Positive
Belize,2007,sp,m,35-44,8,Smear Positive
Belize,2007,sp,m,45-54,7,Smear Positive
Belize,2007,sp,m,55-64,6,Smear Positive
Belize,2007,sp,m,65+,3,Smear Positive
Belize,2007,sp,f,0-14,0,Smear Positive
Belize,2007,sp,f,15-24,8,Smear Positive
Belize,2007,sp,f,25-34,2,Smear Positive
Belize,2007,sp,f,35-44,5,Smear Positive
Belize,2007,sp,f,45-54,2,Smear Positive
Belize,2007,sp,f,55-64,2,Smear Positive
Belize,2007,sp,f,65+,3,Smear Positive
Belize,2007,ep,m,15-24,1,Extrapulmonary
Belize,2007,ep,f,25-34,1,Extrapulmonary
Belize,2008,sp,m,0-14,1,Smear Positive
Belize,2008,sp,m,15-24,8,Smear Positive
Belize,2008,sp,m,25-34,12,Smear Positive
Belize,2008,sp,m,35-44,15,Smear Positive
Belize,2008,sp,m,45-54,9,Smear Positive
Belize,2008,sp,m,55-64,5,Smear Positive
Belize,2008,sp,m,65+,8,Smear Positive
Belize,2008,sp,f,0-14,0,Smear Positive
Belize,2008,sp,f,15-24,5,Smear Positive
Belize,2008,sp,f,25-34,0,Smear Positive
Belize,2008,sp,f,35-44,6,Smear Positive
Belize,2008,sp,f,45-54,4,Smear Positive
Belize,2008,sp,f,55-64,3,Smear Positive
Belize,2008,sp,f,65+,8,Smear Positive
Belize,2008,ep,m,0-14,0,Extrapulmonary
Belize,2008,ep,m,15-24,0,Extrapulmonary
Belize,2008,ep,m,25-34,1,Extrapulmonary
Belize,2008,ep,m,35-44,0,Extrapulmonary
Belize,2008,ep,m,45-54,2,Extrapulmonary
Belize,2008,ep,m,55-64,0,Extrapulmonary
Belize,2008,ep,m,65+,0,Extrapulmonary
Belize,2008,ep,f,0-14,0,Extrapulmonary
Belize,2008,ep,f,15-24,0,Extrapulmonary
Belize,2008,ep,f,25-34,0,Extrapulmonary
Belize,2008,ep,f,35-44,0,Extrapulmonary
Belize,2008,ep,f,45-54,1,Extrapulmonary
Belize,2008,ep,f,55-64,0,Extrapulmonary
Belize,2008,ep,f,65+,0,Extrapulmonary
Belize,2009,sp,m,0-14,2,Smear Positive
Belize,2009,sp,m,15-24,7,Smear Positive
Belize,2009,sp,m,25-34,9,Smear Positive
Belize,2009,sp,m,35-44,12,Smear Positive
Belize,2009,sp,m,45-54,10,Smear Positive
Belize,2009,sp,m,55-64,6,Smear Positive
Belize,2009,sp,m,65+,8,Smear Positive
Belize,2009,sp,f,0-14,3,Smear Positive
Belize,2009,sp,f,15-24,2,Smear Positive
Belize,2009,sp,f,25-34,7,Smear Positive
Belize,2009,sp,f,35-44,6,Smear Positive
Belize,2009,sp,f,45-54,3,Smear Positive
Belize,2009,sp,f,55-64,2,Smear Positive
Belize,2009,sp,f,65+,5,Smear Positive
Belize,2009,sn,m,0-14,0,Smear Negative
Belize,2009,sn,m,15-24,0,Smear Negative
Belize,2009,sn,m,25-34,0,Smear Negative
Belize,2009,sn,m,35-44,0,Smear Negative
Belize,2009,sn,m,45-54,0,Smear Negative
Belize,2009,sn,m,55-64,0,Smear Negative
Belize,2009,sn,m,65+,0,Smear Negative
Belize,2009,sn,f,0-14,0,Smear Negative
Belize,2009,sn,f,15-24,0,Smear Negative
Belize,2009,sn,f,25-34,0,Smear Negative
Belize,2009,sn,f,35-44,0,Smear Negative
Belize,2009,sn,f,45-54,0,Smear Negative
Belize,2009,sn,f,55-64,0,Smear Negative
Belize,2009,sn,f,65+,0,Smear Negative
Belize,2009,ep,m,0-14,0,Extrapulmonary
Belize,2009,ep,m,15-24,0,Extrapulmonary
Belize,2009,ep,m,25-34,0,Extrapulmonary
Belize,2009,ep,m,35-44,0,Extrapulmonary
Belize,2009,ep,m,45-54,0,Extrapulmonary
Belize,2009,ep,m,55-64,0,Extrapulmonary
Belize,2009,ep,m,65+,0,Extrapulmonary
Belize,2009,ep,f,0-14,0,Extrapulmonary
Belize,2009,ep,f,15-24,0,Extrapulmonary
Belize,2009,ep,f,25-34,0,Extrapulmonary
Belize,2009,ep,f,35-44,0,Extrapulmonary
Belize,2009,ep,f,45-54,0,Extrapulmonary
Belize,2009,ep,f,55-64,0,Extrapulmonary
Belize,2009,ep,f,65+,0,Extrapulmonary
Belize,2010,sp,m,0-14,2,Smear Positive
Belize,2010,sp,m,15-24,9,Smear Positive
Belize,2010,sp,m,25-34,16,Smear Positive
Belize,2010,sp,m,35-44,22,Smear Positive
Belize,2010,sp,m,45-54,24,Smear Positive
Belize,2010,sp,m,55-64,11,Smear Positive
Belize,2010,sp,m,65+,18,Smear Positive
Belize,2010,sp,f,0-14,4,Smear Positive
Belize,2010,sp,f,15-24,5,Smear Positive
Belize,2010,sp,f,25-34,7,Smear Positive
Belize,2010,sp,f,35-44,7,Smear Positive
Belize,2010,sp,f,45-54,9,Smear Positive
Belize,2010,sp,f,55-64,4,Smear Positive
Belize,2010,sp,f,65+,5,Smear Positive
Belize,2010,sn,m,0-14,2,Smear Negative
Belize,2010,sn,m,15-24,2,Smear Negative
Belize,2010,sn,m,25-34,3,Smear Negative
Belize,2010,sn,m,35-44,6,Smear Negative
Belize,2010,sn,m,45-54,5,Smear Negative
Belize,2010,sn,m,55-64,3,Smear Negative
Belize,2010,sn,m,65+,6,Smear Negative
Belize,2010,sn,f,0-14,2,Smear Negative
Belize,2010,sn,f,15-24,2,Smear Negative
Belize,2010,sn,f,25-34,3,Smear Negative
Belize,2010,sn,f,35-44,5,Smear Negative
Belize,2010,sn,f,45-54,2,Smear Negative
Belize,2010,sn,f,55-64,4,Smear Negative
Belize,2010,sn,f,65+,2,Smear Negative
Belize,2011,sp,m,0-14,0,Smear Positive
Belize,2011,sp,m,15-24,8,Smear Positive
Belize,2011,sp,m,25-34,14,Smear Positive
Belize,2011,sp,m,35-44,9,Smear Positive
Belize,2011,sp,m,45-54,16,Smear Positive
Belize,2011,sp,m,55-64,2,Smear Positive
Belize,2011,sp,m,65+,0,Smear Positive
Belize,2011,sp,f,0-14,0,Smear Positive
Belize,2011,sp,f,15-24,2,Smear Positive
Belize,2011,sp,f,25-34,0,Smear Positive
Belize,2011,sp,f,35-44,8,Smear Positive
Belize,2011,sp,f,45-54,4,Smear Positive
Belize,2011,sp,f,55-64,1,Smear Positive
Belize,2011,sp,f,65+,0,Smear Positive
Belize,2011,sn,m,0-14,0,Smear Negative
Belize,2011,sn,m,15-24,0,Smear Negative
Belize,2011,sn,m,25-34,0,Smear Negative
Belize,2011,sn,m,35-44,0,Smear Negative
Belize,2011,sn,m,45-54,0,Smear Negative
Belize,2011,sn,m,55-64,0,Smear Negative
Belize,2011,sn,m,65+,0,Smear Negative
Belize,2011,sn,f,0-14,0,Smear Negative
Belize,2011,sn,f,15-24,0,Smear Negative
Belize,2011,sn,f,25-34,0,Smear Negative
Belize,2011,sn,f,45-54,0,Smear Negative
Belize,2011,sn,f,55-64,0,Smear Negative
Belize,2011,sn,f,65+,0,Smear Negative
Belize,2011,ep,m,0-14,0,Extrapulmonary
Belize,2011,ep,m,15-24,0,Extrapulmonary
Belize,2011,ep,m,25-34,0,Extrapulmonary
Belize,2011,ep,m,35-44,0,Extrapulmonary
Belize,2011,ep,m,45-54,0,Extrapulmonary
Belize,2011,ep,m,55-64,0,Extrapulmonary
Belize,2011,ep,m,65+,0,Extrapulmonary
Belize,2011,ep,f,0-14,0,Extrapulmonary
Belize,2011,ep,f,15-24,0,Extrapulmonary
Belize,2011,ep,f,25-34,0,Extrapulmonary
Belize,2011,ep,f,35-44,0,Extrapulmonary
Belize,2011,ep,f,45-54,0,Extrapulmonary
Belize,2011,ep,f,55-64,0,Extrapulmonary
Belize,2011,ep,f,65+,0,Extrapulmonary
Belize,2012,sp,m,0-14,1,Smear Positive
Belize,2012,sp,m,15-24,2,Smear Positive
Belize,2012,sp,m,25-34,7,Smear Positive
Belize,2012,sp,m,35-44,5,Smear Positive
Belize,2012,sp,m,45-54,4,Smear Positive
Belize,2012,sp,m,55-64,3,Smear Positive
Belize,2012,sp,m,65+,2,Smear Positive
Belize,2012,sp,f,0-14,0,Smear Positive
Belize,2012,sp,f,15-24,4,Smear Positive
Belize,2012,sp,f,25-34,3,Smear Positive
Belize,2012,sp,f,35-44,4,Smear Positive
Belize,2012,sp,f,45-54,4,Smear Positive
Belize,2012,sp,f,55-64,1,Smear Positive
Belize,2012,sp,f,65+,0,Smear Positive
Belize,2012,sn,m,0-14,1,Smear Negative
Belize,2012,sn,m,15-24,1,Smear Negative
Belize,2012,sn,m,25-34,4,Smear Negative
Belize,2012,sn,m,35-44,5,Smear Negative
Belize,2012,sn,m,45-54,8,Smear Negative
Belize,2012,sn,m,55-64,3,Smear Negative
Belize,2012,sn,m,65+,9,Smear Negative
Belize,2012,sn,f,0-14,0,Smear Negative
Belize,2012,sn,f,15-24,0,Smear Negative
Belize,2012,sn,f,25-34,4,Smear Negative
Belize,2012,sn,f,35-44,4,Smear Negative
Belize,2012,sn,f,45-54,2,Smear Negative
Belize,2012,sn,f,55-64,1,Smear Negative
Belize,2012,sn,f,65+,2,Smear Negative
Belize,2012,ep,m,0-14,0,Extrapulmonary
Belize,2012,ep,m,15-24,0,Extrapulmonary
Belize,2012,ep,m,25-34,0,Extrapulmonary
Belize,2012,ep,m,35-44,3,Extrapulmonary
Belize,2012,ep,m,45-54,0,Extrapulmonary
Belize,2012,ep,m,55-64,0,Extrapulmonary
Belize,2012,ep,m,65+,0,Extrapulmonary
Belize,2012,ep,f,0-14,0,Extrapulmonary
Belize,2012,ep,f,15-24,0,Extrapulmonary
Belize,2012,ep,f,25-34,1,Extrapulmonary
Belize,2012,ep,f,35-44,0,Extrapulmonary
Belize,2012,ep,f,45-54,1,Extrapulmonary
Belize,2012,ep,f,55-64,0,Extrapulmonary
Belize,2012,ep,f,65+,0,Extrapulmonary
Belize,2013,rel,m,0-14,1,Relapse
Belize,2013,rel,m,15-24,8,Relapse
Belize,2013,rel,m,25-34,14,Relapse
Belize,2013,rel,m,35-44,13,Relapse
Belize,2013,rel,m,45-54,18,Relapse
Belize,2013,rel,m,55-64,9,Relapse
Belize,2013,rel,m,65+,12,Relapse
Belize,2013,rel,f,0-14,3,Relapse
Belize,2013,rel,f,15-24,9,Relapse
Belize,2013,rel,f,25-34,7,Relapse
Belize,2013,rel,f,35-44,6,Relapse
Belize,2013,rel,f,45-54,7,Relapse
Belize,2013,rel,f,55-64,6,Relapse
Belize,2013,rel,f,65+,8,Relapse
Benin,1995,sp,m,0-14,14,Smear Positive
Benin,1995,sp,m,15-24,186,Smear Positive
Benin,1995,sp,m,25-34,352,Smear Positive
Benin,1995,sp,m,35-44,306,Smear Positive
Benin,1995,sp,m,45-54,176,Smear Positive
Benin,1995,sp,m,55-64,101,Smear Positive
Benin,1995,sp,m,65+,92,Smear Positive
Benin,1995,sp,f,0-14,26,Smear Positive
Benin,1995,sp,f,15-24,148,Smear Positive
Benin,1995,sp,f,25-34,197,Smear Positive
Benin,1995,sp,f,35-44,118,Smear Positive
Benin,1995,sp,f,45-54,69,Smear Positive
Benin,1995,sp,f,55-64,32,Smear Positive
Benin,1995,sp,f,65+,22,Smear Positive
Benin,1996,sp,m,0-14,17,Smear Positive
Benin,1996,sp,m,15-24,215,Smear Positive
Benin,1996,sp,m,25-34,348,Smear Positive
Benin,1996,sp,m,35-44,277,Smear Positive
Benin,1996,sp,m,45-54,166,Smear Positive
Benin,1996,sp,m,55-64,102,Smear Positive
Benin,1996,sp,m,65+,77,Smear Positive
Benin,1996,sp,f,0-14,34,Smear Positive
Benin,1996,sp,f,15-24,169,Smear Positive
Benin,1996,sp,f,25-34,218,Smear Positive
Benin,1996,sp,f,35-44,136,Smear Positive
Benin,1996,sp,f,45-54,46,Smear Positive
Benin,1996,sp,f,55-64,42,Smear Positive
Benin,1996,sp,f,65+,21,Smear Positive
Benin,1997,sp,m,0-14,20,Smear Positive
Benin,1997,sp,m,15-24,215,Smear Positive
Benin,1997,sp,m,25-34,376,Smear Positive
Benin,1997,sp,m,35-44,306,Smear Positive
Benin,1997,sp,m,45-54,180,Smear Positive
Benin,1997,sp,m,55-64,76,Smear Positive
Benin,1997,sp,m,65+,107,Smear Positive
Benin,1997,sp,f,0-14,26,Smear Positive
Benin,1997,sp,f,15-24,169,Smear Positive
Benin,1997,sp,f,25-34,226,Smear Positive
Benin,1997,sp,f,35-44,124,Smear Positive
Benin,1997,sp,f,45-54,64,Smear Positive
Benin,1997,sp,f,55-64,21,Smear Positive
Benin,1997,sp,f,65+,26,Smear Positive
Benin,1998,sp,m,0-14,20,Smear Positive
Benin,1998,sp,m,15-24,233,Smear Positive
Benin,1998,sp,m,25-34,367,Smear Positive
Benin,1998,sp,m,35-44,251,Smear Positive
Benin,1998,sp,m,45-54,205,Smear Positive
Benin,1998,sp,m,55-64,113,Smear Positive
Benin,1998,sp,m,65+,71,Smear Positive
Benin,1998,sp,f,0-14,15,Smear Positive
Benin,1998,sp,f,15-24,189,Smear Positive
Benin,1998,sp,f,25-34,242,Smear Positive
Benin,1998,sp,f,35-44,159,Smear Positive
Benin,1998,sp,f,45-54,65,Smear Positive
Benin,1998,sp,f,55-64,39,Smear Positive
Benin,1998,sp,f,65+,19,Smear Positive
Benin,1999,sp,m,0-14,14,Smear Positive
Benin,1999,sp,m,15-24,250,Smear Positive
Benin,1999,sp,m,25-34,444,Smear Positive
Benin,1999,sp,m,35-44,293,Smear Positive
Benin,1999,sp,m,45-54,207,Smear Positive
Benin,1999,sp,m,55-64,124,Smear Positive
Benin,1999,sp,m,65+,85,Smear Positive
Benin,1999,sp,f,0-14,28,Smear Positive
Benin,1999,sp,f,15-24,207,Smear Positive
Benin,1999,sp,f,25-34,254,Smear Positive
Benin,1999,sp,f,35-44,153,Smear Positive
Benin,1999,sp,f,45-54,74,Smear Positive
Benin,1999,sp,f,55-64,39,Smear Positive
Benin,1999,sp,f,65+,30,Smear Positive
Benin,2000,sp,m,0-14,19,Smear Positive
Benin,2000,sp,m,15-24,277,Smear Positive
Benin,2000,sp,m,25-34,428,Smear Positive
Benin,2000,sp,m,35-44,327,Smear Positive
Benin,2000,sp,m,45-54,213,Smear Positive
Benin,2000,sp,m,55-64,103,Smear Positive
Benin,2000,sp,m,65+,74,Smear Positive
Benin,2000,sp,f,0-14,36,Smear Positive
Benin,2000,sp,f,15-24,239,Smear Positive
Benin,2000,sp,f,25-34,275,Smear Positive
Benin,2000,sp,f,35-44,149,Smear Positive
Benin,2000,sp,f,45-54,76,Smear Positive
Benin,2000,sp,f,55-64,45,Smear Positive
Benin,2000,sp,f,65+,25,Smear Positive
Benin,2001,sp,m,0-14,18,Smear Positive
Benin,2001,sp,m,15-24,262,Smear Positive
Benin,2001,sp,m,25-34,429,Smear Positive
Benin,2001,sp,m,35-44,323,Smear Positive
Benin,2001,sp,m,45-54,229,Smear Positive
Benin,2001,sp,m,55-64,107,Smear Positive
Benin,2001,sp,m,65+,85,Smear Positive
Benin,2001,sp,f,0-14,22,Smear Positive
Benin,2001,sp,f,15-24,230,Smear Positive
Benin,2001,sp,f,25-34,279,Smear Positive
Benin,2001,sp,f,35-44,158,Smear Positive
Benin,2001,sp,f,45-54,94,Smear Positive
Benin,2001,sp,f,55-64,42,Smear Positive
Benin,2001,sp,f,65+,15,Smear Positive
Benin,2002,sp,m,0-14,16,Smear Positive
Benin,2002,sp,m,15-24,248,Smear Positive
Benin,2002,sp,m,25-34,489,Smear Positive
Benin,2002,sp,m,35-44,304,Smear Positive
Benin,2002,sp,m,45-54,231,Smear Positive
Benin,2002,sp,m,55-64,125,Smear Positive
Benin,2002,sp,m,65+,94,Smear Positive
Benin,2002,sp,f,0-14,35,Smear Positive
Benin,2002,sp,f,15-24,255,Smear Positive
Benin,2002,sp,f,25-34,298,Smear Positive
Benin,2002,sp,f,35-44,159,Smear Positive
Benin,2002,sp,f,45-54,86,Smear Positive
Benin,2002,sp,f,55-64,47,Smear Positive
Benin,2002,sp,f,65+,24,Smear Positive
Benin,2003,sp,m,0-14,20,Smear Positive
Benin,2003,sp,m,15-24,266,Smear Positive
Benin,2003,sp,m,25-34,504,Smear Positive
Benin,2003,sp,m,35-44,370,Smear Positive
Benin,2003,sp,m,45-54,188,Smear Positive
Benin,2003,sp,m,55-64,117,Smear Positive
Benin,2003,sp,m,65+,92,Smear Positive
Benin,2003,sp,f,0-14,32,Smear Positive
Benin,2003,sp,f,15-24,226,Smear Positive
Benin,2003,sp,f,25-34,304,Smear Positive
Benin,2003,sp,f,35-44,150,Smear Positive
Benin,2003,sp,f,45-54,93,Smear Positive
Benin,2003,sp,f,55-64,47,Smear Positive
Benin,2003,sp,f,65+,25,Smear Positive
Benin,2004,sp,m,0-14,16,Smear Positive
Benin,2004,sp,m,15-24,308,Smear Positive
Benin,2004,sp,m,25-34,529,Smear Positive
Benin,2004,sp,m,35-44,344,Smear Positive
Benin,2004,sp,m,45-54,229,Smear Positive
Benin,2004,sp,m,55-64,125,Smear Positive
Benin,2004,sp,m,65+,82,Smear Positive
Benin,2004,sp,f,0-14,43,Smear Positive
Benin,2004,sp,f,15-24,263,Smear Positive
Benin,2004,sp,f,25-34,354,Smear Positive
Benin,2004,sp,f,35-44,147,Smear Positive
Benin,2004,sp,f,45-54,73,Smear Positive
Benin,2004,sp,f,55-64,45,Smear Positive
Benin,2004,sp,f,65+,24,Smear Positive
Benin,2005,sp,m,0-14,21,Smear Positive
Benin,2005,sp,m,15-24,306,Smear Positive
Benin,2005,sp,m,25-34,595,Smear Positive
Benin,2005,sp,m,35-44,396,Smear Positive
Benin,2005,sp,m,45-54,270,Smear Positive
Benin,2005,sp,m,55-64,135,Smear Positive
Benin,2005,sp,m,65+,87,Smear Positive
Benin,2005,sp,f,0-14,25,Smear Positive
Benin,2005,sp,f,15-24,249,Smear Positive
Benin,2005,sp,f,25-34,331,Smear Positive
Benin,2005,sp,f,35-44,145,Smear Positive
Benin,2005,sp,f,45-54,89,Smear Positive
Benin,2005,sp,f,55-64,51,Smear Positive
Benin,2005,sp,f,65+,39,Smear Positive
Benin,2006,sp,m,0-14,18,Smear Positive
Benin,2006,sp,m,15-24,298,Smear Positive
Benin,2006,sp,m,25-34,624,Smear Positive
Benin,2006,sp,m,35-44,465,Smear Positive
Benin,2006,sp,m,45-54,247,Smear Positive
Benin,2006,sp,m,55-64,124,Smear Positive
Benin,2006,sp,m,65+,106,Smear Positive
Benin,2006,sp,f,0-14,32,Smear Positive
Benin,2006,sp,f,15-24,310,Smear Positive
Benin,2006,sp,f,25-34,371,Smear Positive
Benin,2006,sp,f,35-44,158,Smear Positive
Benin,2006,sp,f,45-54,111,Smear Positive
Benin,2006,sp,f,55-64,38,Smear Positive
Benin,2006,sp,f,65+,41,Smear Positive
Benin,2007,sp,m,0-14,22,Smear Positive
Benin,2007,sp,m,15-24,302,Smear Positive
Benin,2007,sp,m,25-34,580,Smear Positive
Benin,2007,sp,m,35-44,422,Smear Positive
Benin,2007,sp,m,45-54,254,Smear Positive
Benin,2007,sp,m,55-64,156,Smear Positive
Benin,2007,sp,m,65+,89,Smear Positive
Benin,2007,sp,f,0-14,25,Smear Positive
Benin,2007,sp,f,15-24,253,Smear Positive
Benin,2007,sp,f,25-34,331,Smear Positive
Benin,2007,sp,f,35-44,172,Smear Positive
Benin,2007,sp,f,45-54,81,Smear Positive
Benin,2007,sp,f,55-64,43,Smear Positive
Benin,2007,sp,f,65+,40,Smear Positive
Benin,2008,sp,m,0-14,20,Smear Positive
Benin,2008,sp,m,15-24,333,Smear Positive
Benin,2008,sp,m,25-34,604,Smear Positive
Benin,2008,sp,m,35-44,439,Smear Positive
Benin,2008,sp,m,45-54,284,Smear Positive
Benin,2008,sp,m,55-64,163,Smear Positive
Benin,2008,sp,m,65+,100,Smear Positive
Benin,2008,sp,f,0-14,38,Smear Positive
Benin,2008,sp,f,15-24,245,Smear Positive
Benin,2008,sp,f,25-34,386,Smear Positive
Benin,2008,sp,f,35-44,173,Smear Positive
Benin,2008,sp,f,45-54,99,Smear Positive
Benin,2008,sp,f,55-64,52,Smear Positive
Benin,2008,sp,f,65+,30,Smear Positive
Benin,2009,sp,m,0-14,32,Smear Positive
Benin,2009,sp,m,15-24,284,Smear Positive
Benin,2009,sp,m,25-34,575,Smear Positive
Benin,2009,sp,m,35-44,452,Smear Positive
Benin,2009,sp,m,45-54,323,Smear Positive
Benin,2009,sp,m,55-64,157,Smear Positive
Benin,2009,sp,m,65+,99,Smear Positive
Benin,2009,sp,f,0-14,39,Smear Positive
Benin,2009,sp,f,15-24,265,Smear Positive
Benin,2009,sp,f,25-34,392,Smear Positive
Benin,2009,sp,f,35-44,178,Smear Positive
Benin,2009,sp,f,45-54,85,Smear Positive
Benin,2009,sp,f,55-64,42,Smear Positive
Benin,2009,sp,f,65+,37,Smear Positive
Benin,2010,sp,m,0-14,18,Smear Positive
Benin,2010,sp,m,15-24,314,Smear Positive
Benin,2010,sp,m,25-34,631,Smear Positive
Benin,2010,sp,m,35-44,443,Smear Positive
Benin,2010,sp,m,45-54,267,Smear Positive
Benin,2010,sp,m,55-64,164,Smear Positive
Benin,2010,sp,m,65+,85,Smear Positive
Benin,2010,sp,f,0-14,29,Smear Positive
Benin,2010,sp,f,15-24,265,Smear Positive
Benin,2010,sp,f,25-34,382,Smear Positive
Benin,2010,sp,f,35-44,200,Smear Positive
Benin,2010,sp,f,45-54,98,Smear Positive
Benin,2010,sp,f,55-64,42,Smear Positive
Benin,2010,sp,f,65+,35,Smear Positive
Benin,2011,sp,m,0-14,21,Smear Positive
Benin,2011,sp,m,15-24,320,Smear Positive
Benin,2011,sp,m,25-34,650,Smear Positive
Benin,2011,sp,m,35-44,497,Smear Positive
Benin,2011,sp,m,45-54,353,Smear Positive
Benin,2011,sp,m,55-64,210,Smear Positive
Benin,2011,sp,m,65+,107,Smear Positive
Benin,2011,sp,f,0-14,41,Smear Positive
Benin,2011,sp,f,15-24,288,Smear Positive
Benin,2011,sp,f,25-34,385,Smear Positive
Benin,2011,sp,f,35-44,246,Smear Positive
Benin,2011,sp,f,45-54,119,Smear Positive
Benin,2011,sp,f,55-64,42,Smear Positive
Benin,2011,sp,f,65+,52,Smear Positive
Benin,2012,sp,m,0-14,23,Smear Positive
Benin,2012,sp,m,15-24,314,Smear Positive
Benin,2012,sp,m,25-34,595,Smear Positive
Benin,2012,sp,m,35-44,524,Smear Positive
Benin,2012,sp,m,45-54,329,Smear Positive
Benin,2012,sp,m,55-64,179,Smear Positive
Benin,2012,sp,m,65+,121,Smear Positive
Benin,2012,sp,f,0-14,39,Smear Positive
Benin,2012,sp,f,15-24,264,Smear Positive
Benin,2012,sp,f,25-34,346,Smear Positive
Benin,2012,sp,f,35-44,221,Smear Positive
Benin,2012,sp,f,45-54,105,Smear Positive
Benin,2012,sp,f,55-64,65,Smear Positive
Benin,2012,sp,f,65+,46,Smear Positive
Benin,2013,rel,m,0-14,25,Relapse
Benin,2013,rel,m,15-24,301,Relapse
Benin,2013,rel,m,25-34,591,Relapse
Benin,2013,rel,m,35-44,539,Relapse
Benin,2013,rel,m,45-54,331,Relapse
Benin,2013,rel,m,55-64,156,Relapse
Benin,2013,rel,m,65+,120,Relapse
Benin,2013,rel,f,0-14,23,Relapse
Benin,2013,rel,f,15-24,251,Relapse
Benin,2013,rel,f,25-34,360,Relapse
Benin,2013,rel,f,35-44,215,Relapse
Benin,2013,rel,f,45-54,120,Relapse
Benin,2013,rel,f,55-64,69,Relapse
Benin,2013,rel,f,65+,28,Relapse
Bermuda,2004,sp,m,0-14,0,Smear Positive
Bermuda,2004,sp,m,15-24,0,Smear Positive
Bermuda,2004,sp,m,25-34,0,Smear Positive
Bermuda,2004,sp,m,35-44,0,Smear Positive
Bermuda,2004,sp,m,45-54,0,Smear Positive
Bermuda,2004,sp,m,55-64,0,Smear Positive
Bermuda,2004,sp,m,65+,0,Smear Positive
Bermuda,2004,sp,f,0-14,0,Smear Positive
Bermuda,2004,sp,f,15-24,0,Smear Positive
Bermuda,2004,sp,f,25-34,0,Smear Positive
Bermuda,2004,sp,f,35-44,0,Smear Positive
Bermuda,2004,sp,f,45-54,0,Smear Positive
Bermuda,2004,sp,f,55-64,0,Smear Positive
Bermuda,2004,sp,f,65+,0,Smear Positive
Bermuda,2006,sp,m,35-44,1,Smear Positive
Bermuda,2006,sp,f,45-54,1,Smear Positive
Bermuda,2006,ep,f,35-44,1,Extrapulmonary
Bermuda,2010,sp,m,0-14,0,Smear Positive
Bermuda,2010,sp,m,15-24,0,Smear Positive
Bermuda,2010,sp,m,25-34,0,Smear Positive
Bermuda,2010,sp,m,35-44,1,Smear Positive
Bermuda,2010,sp,m,45-54,0,Smear Positive
Bermuda,2010,sp,m,55-64,0,Smear Positive
Bermuda,2010,sp,m,65+,0,Smear Positive
Bermuda,2010,sp,f,0-14,0,Smear Positive
Bermuda,2010,sp,f,15-24,0,Smear Positive
Bermuda,2010,sp,f,25-34,0,Smear Positive
Bermuda,2010,sp,f,35-44,0,Smear Positive
Bermuda,2010,sp,f,45-54,0,Smear Positive
Bermuda,2010,sp,f,55-64,0,Smear Positive
Bermuda,2010,sp,f,65+,0,Smear Positive
Bermuda,2010,sn,m,0-14,0,Smear Negative
Bermuda,2010,sn,m,15-24,0,Smear Negative
Bermuda,2010,sn,m,25-34,0,Smear Negative
Bermuda,2010,sn,m,35-44,0,Smear Negative
Bermuda,2010,sn,m,45-54,0,Smear Negative
Bermuda,2010,sn,m,55-64,0,Smear Negative
Bermuda,2010,sn,m,65+,0,Smear Negative
Bermuda,2010,sn,f,0-14,0,Smear Negative
Bermuda,2010,sn,f,15-24,0,Smear Negative
Bermuda,2010,sn,f,25-34,0,Smear Negative
Bermuda,2010,sn,f,35-44,0,Smear Negative
Bermuda,2010,sn,f,45-54,0,Smear Negative
Bermuda,2010,sn,f,55-64,0,Smear Negative
Bermuda,2010,sn,f,65+,0,Smear Negative
Bermuda,2010,ep,m,0-14,0,Extrapulmonary
Bermuda,2010,ep,m,15-24,0,Extrapulmonary
Bermuda,2010,ep,m,25-34,0,Extrapulmonary
Bermuda,2010,ep,m,35-44,0,Extrapulmonary
Bermuda,2010,ep,m,45-54,0,Extrapulmonary
Bermuda,2010,ep,m,55-64,0,Extrapulmonary
Bermuda,2010,ep,m,65+,0,Extrapulmonary
Bermuda,2010,ep,f,0-14,0,Extrapulmonary
Bermuda,2010,ep,f,15-24,0,Extrapulmonary
Bermuda,2010,ep,f,25-34,0,Extrapulmonary
Bermuda,2010,ep,f,35-44,0,Extrapulmonary
Bermuda,2010,ep,f,45-54,0,Extrapulmonary
Bermuda,2010,ep,f,55-64,0,Extrapulmonary
Bermuda,2010,ep,f,65+,0,Extrapulmonary
Bermuda,2011,sp,m,0-14,0,Smear Positive
Bermuda,2011,sp,m,15-24,0,Smear Positive
Bermuda,2011,sp,m,25-34,0,Smear Positive
Bermuda,2011,sp,m,35-44,0,Smear Positive
Bermuda,2011,sp,m,45-54,0,Smear Positive
Bermuda,2011,sp,m,55-64,0,Smear Positive
Bermuda,2011,sp,m,65+,0,Smear Positive
Bermuda,2011,sp,f,0-14,0,Smear Positive
Bermuda,2011,sp,f,15-24,0,Smear Positive
Bermuda,2011,sp,f,25-34,0,Smear Positive
Bermuda,2011,sp,f,35-44,0,Smear Positive
Bermuda,2011,sp,f,45-54,0,Smear Positive
Bermuda,2011,sp,f,55-64,0,Smear Positive
Bermuda,2011,sp,f,65+,0,Smear Positive
Bermuda,2011,sn,m,0-14,0,Smear Negative
Bermuda,2011,sn,m,15-24,0,Smear Negative
Bermuda,2011,sn,m,25-34,0,Smear Negative
Bermuda,2011,sn,m,35-44,0,Smear Negative
Bermuda,2011,sn,m,45-54,0,Smear Negative
Bermuda,2011,sn,m,55-64,0,Smear Negative
Bermuda,2011,sn,m,65+,1,Smear Negative
Bermuda,2011,sn,f,0-14,0,Smear Negative
Bermuda,2011,sn,f,15-24,0,Smear Negative
Bermuda,2011,sn,f,25-34,0,Smear Negative
Bermuda,2011,sn,f,35-44,0,Smear Negative
Bermuda,2011,sn,f,45-54,0,Smear Negative
Bermuda,2011,sn,f,55-64,0,Smear Negative
Bermuda,2011,sn,f,65+,0,Smear Negative
Bermuda,2011,ep,m,0-14,0,Extrapulmonary
Bermuda,2011,ep,m,15-24,0,Extrapulmonary
Bermuda,2011,ep,m,25-34,0,Extrapulmonary
Bermuda,2011,ep,m,35-44,0,Extrapulmonary
Bermuda,2011,ep,m,45-54,0,Extrapulmonary
Bermuda,2011,ep,m,55-64,0,Extrapulmonary
Bermuda,2011,ep,m,65+,0,Extrapulmonary
Bermuda,2011,ep,f,0-14,0,Extrapulmonary
Bermuda,2011,ep,f,15-24,0,Extrapulmonary
Bermuda,2011,ep,f,25-34,0,Extrapulmonary
Bermuda,2011,ep,f,35-44,0,Extrapulmonary
Bermuda,2011,ep,f,45-54,0,Extrapulmonary
Bermuda,2011,ep,f,55-64,0,Extrapulmonary
Bermuda,2011,ep,f,65+,0,Extrapulmonary
Bermuda,2012,sp,m,0-14,0,Smear Positive
Bermuda,2012,sp,m,15-24,0,Smear Positive
Bermuda,2012,sp,m,25-34,0,Smear Positive
Bermuda,2012,sp,m,35-44,0,Smear Positive
Bermuda,2012,sp,m,45-54,0,Smear Positive
Bermuda,2012,sp,m,55-64,0,Smear Positive
Bermuda,2012,sp,m,65+,0,Smear Positive
Bermuda,2012,sp,f,0-14,0,Smear Positive
Bermuda,2012,sp,f,15-24,0,Smear Positive
Bermuda,2012,sp,f,25-34,1,Smear Positive
Bermuda,2012,sp,f,35-44,0,Smear Positive
Bermuda,2012,sp,f,45-54,0,Smear Positive
Bermuda,2012,sp,f,55-64,0,Smear Positive
Bermuda,2012,sp,f,65+,0,Smear Positive
Bermuda,2012,sn,m,0-14,1,Smear Negative
Bermuda,2012,sn,m,15-24,0,Smear Negative
Bermuda,2012,sn,m,25-34,0,Smear Negative
Bermuda,2012,sn,m,35-44,0,Smear Negative
Bermuda,2012,sn,m,45-54,0,Smear Negative
Bermuda,2012,sn,m,55-64,0,Smear Negative
Bermuda,2012,sn,m,65+,0,Smear Negative
Bermuda,2012,sn,f,0-14,0,Smear Negative
Bermuda,2012,sn,f,15-24,0,Smear Negative
Bermuda,2012,sn,f,25-34,0,Smear Negative
Bermuda,2012,sn,f,35-44,0,Smear Negative
Bermuda,2012,sn,f,45-54,0,Smear Negative
Bermuda,2012,sn,f,55-64,0,Smear Negative
Bermuda,2012,sn,f,65+,0,Smear Negative
Bermuda,2012,ep,m,0-14,0,Extrapulmonary
Bermuda,2012,ep,m,15-24,0,Extrapulmonary
Bermuda,2012,ep,m,25-34,1,Extrapulmonary
Bermuda,2012,ep,m,35-44,0,Extrapulmonary
Bermuda,2012,ep,m,45-54,0,Extrapulmonary
Bermuda,2012,ep,m,55-64,0,Extrapulmonary
Bermuda,2012,ep,m,65+,0,Extrapulmonary
Bermuda,2012,ep,f,0-14,0,Extrapulmonary
Bermuda,2012,ep,f,15-24,0,Extrapulmonary
Bermuda,2012,ep,f,25-34,0,Extrapulmonary
Bermuda,2012,ep,f,35-44,0,Extrapulmonary
Bermuda,2012,ep,f,45-54,0,Extrapulmonary
Bermuda,2012,ep,f,55-64,0,Extrapulmonary
Bermuda,2012,ep,f,65+,0,Extrapulmonary
Bermuda,2013,rel,m,0-14,0,Relapse
Bermuda,2013,rel,m,15-24,0,Relapse
Bermuda,2013,rel,m,25-34,0,Relapse
Bermuda,2013,rel,m,35-44,0,Relapse
Bermuda,2013,rel,m,45-54,0,Relapse
Bermuda,2013,rel,m,55-64,0,Relapse
Bermuda,2013,rel,m,65+,0,Relapse
Bermuda,2013,rel,f,0-14,0,Relapse
Bermuda,2013,rel,f,15-24,0,Relapse
Bermuda,2013,rel,f,25-34,0,Relapse
Bermuda,2013,rel,f,35-44,0,Relapse
Bermuda,2013,rel,f,45-54,0,Relapse
Bermuda,2013,rel,f,55-64,0,Relapse
Bermuda,2013,rel,f,65+,0,Relapse
Bhutan,1995,sp,m,0-14,2,Smear Positive
Bhutan,1995,sp,m,15-24,42,Smear Positive
Bhutan,1995,sp,m,25-34,65,Smear Positive
Bhutan,1995,sp,m,35-44,36,Smear Positive
Bhutan,1995,sp,m,45-54,35,Smear Positive
Bhutan,1995,sp,m,55-64,24,Smear Positive
Bhutan,1995,sp,m,65+,11,Smear Positive
Bhutan,1995,sp,f,0-14,12,Smear Positive
Bhutan,1995,sp,f,15-24,43,Smear Positive
Bhutan,1995,sp,f,25-34,44,Smear Positive
Bhutan,1995,sp,f,35-44,25,Smear Positive
Bhutan,1995,sp,f,45-54,12,Smear Positive
Bhutan,1995,sp,f,55-64,9,Smear Positive
Bhutan,1995,sp,f,65+,8,Smear Positive
Bhutan,1996,sp,m,0-14,4,Smear Positive
Bhutan,1996,sp,m,15-24,51,Smear Positive
Bhutan,1996,sp,m,25-34,45,Smear Positive
Bhutan,1996,sp,m,35-44,43,Smear Positive
Bhutan,1996,sp,m,45-54,22,Smear Positive
Bhutan,1996,sp,m,55-64,12,Smear Positive
Bhutan,1996,sp,m,65+,8,Smear Positive
Bhutan,1996,sp,f,0-14,8,Smear Positive
Bhutan,1996,sp,f,15-24,42,Smear Positive
Bhutan,1996,sp,f,25-34,41,Smear Positive
Bhutan,1996,sp,f,35-44,22,Smear Positive
Bhutan,1996,sp,f,45-54,14,Smear Positive
Bhutan,1996,sp,f,55-64,6,Smear Positive
Bhutan,1996,sp,f,65+,6,Smear Positive
Bhutan,1997,sp,m,0-14,4,Smear Positive
Bhutan,1997,sp,m,15-24,39,Smear Positive
Bhutan,1997,sp,m,25-34,42,Smear Positive
Bhutan,1997,sp,m,35-44,36,Smear Positive
Bhutan,1997,sp,m,45-54,21,Smear Positive
Bhutan,1997,sp,m,55-64,24,Smear Positive
Bhutan,1997,sp,m,65+,8,Smear Positive
Bhutan,1997,sp,f,0-14,4,Smear Positive
Bhutan,1997,sp,f,15-24,43,Smear Positive
Bhutan,1997,sp,f,25-34,34,Smear Positive
Bhutan,1997,sp,f,35-44,16,Smear Positive
Bhutan,1997,sp,f,45-54,7,Smear Positive
Bhutan,1997,sp,f,55-64,6,Smear Positive
Bhutan,1997,sp,f,65+,3,Smear Positive
Bhutan,1998,sp,m,0-14,3,Smear Positive
Bhutan,1998,sp,m,15-24,45,Smear Positive
Bhutan,1998,sp,m,25-34,39,Smear Positive
Bhutan,1998,sp,m,35-44,24,Smear Positive
Bhutan,1998,sp,m,45-54,24,Smear Positive
Bhutan,1998,sp,m,55-64,22,Smear Positive
Bhutan,1998,sp,m,65+,9,Smear Positive
Bhutan,1998,sp,f,0-14,7,Smear Positive
Bhutan,1998,sp,f,15-24,45,Smear Positive
Bhutan,1998,sp,f,25-34,26,Smear Positive
Bhutan,1998,sp,f,35-44,25,Smear Positive
Bhutan,1998,sp,f,45-54,8,Smear Positive
Bhutan,1998,sp,f,55-64,11,Smear Positive
Bhutan,1998,sp,f,65+,6,Smear Positive
Bhutan,1999,sp,m,0-14,10,Smear Positive
Bhutan,1999,sp,m,15-24,27,Smear Positive
Bhutan,1999,sp,m,25-34,42,Smear Positive
Bhutan,1999,sp,m,35-44,31,Smear Positive
Bhutan,1999,sp,m,45-54,29,Smear Positive
Bhutan,1999,sp,m,55-64,22,Smear Positive
Bhutan,1999,sp,m,65+,14,Smear Positive
Bhutan,1999,sp,f,0-14,9,Smear Positive
Bhutan,1999,sp,f,15-24,33,Smear Positive
Bhutan,1999,sp,f,25-34,34,Smear Positive
Bhutan,1999,sp,f,35-44,23,Smear Positive
Bhutan,1999,sp,f,45-54,18,Smear Positive
Bhutan,1999,sp,f,55-64,14,Smear Positive
Bhutan,1999,sp,f,65+,9,Smear Positive
Bhutan,2000,sp,m,0-14,6,Smear Positive
Bhutan,2000,sp,m,15-24,65,Smear Positive
Bhutan,2000,sp,m,25-34,41,Smear Positive
Bhutan,2000,sp,m,35-44,30,Smear Positive
Bhutan,2000,sp,m,45-54,24,Smear Positive
Bhutan,2000,sp,m,55-64,12,Smear Positive
Bhutan,2000,sp,m,65+,2,Smear Positive
Bhutan,2000,sp,f,0-14,7,Smear Positive
Bhutan,2000,sp,f,15-24,57,Smear Positive
Bhutan,2000,sp,f,25-34,34,Smear Positive
Bhutan,2000,sp,f,35-44,31,Smear Positive
Bhutan,2000,sp,f,45-54,23,Smear Positive
Bhutan,2000,sp,f,55-64,3,Smear Positive
Bhutan,2000,sp,f,65+,2,Smear Positive
Bhutan,2001,sp,m,0-14,3,Smear Positive
Bhutan,2001,sp,m,15-24,51,Smear Positive
Bhutan,2001,sp,m,25-34,50,Smear Positive
Bhutan,2001,sp,m,35-44,37,Smear Positive
Bhutan,2001,sp,m,45-54,32,Smear Positive
Bhutan,2001,sp,m,55-64,10,Smear Positive
Bhutan,2001,sp,m,65+,16,Smear Positive
Bhutan,2001,sp,f,0-14,6,Smear Positive
Bhutan,2001,sp,f,15-24,58,Smear Positive
Bhutan,2001,sp,f,25-34,45,Smear Positive
Bhutan,2001,sp,f,35-44,20,Smear Positive
Bhutan,2001,sp,f,45-54,12,Smear Positive
Bhutan,2001,sp,f,55-64,11,Smear Positive
Bhutan,2001,sp,f,65+,8,Smear Positive
Bhutan,2002,sp,m,0-14,5,Smear Positive
Bhutan,2002,sp,m,15-24,54,Smear Positive
Bhutan,2002,sp,m,25-34,51,Smear Positive
Bhutan,2002,sp,m,35-44,32,Smear Positive
Bhutan,2002,sp,m,45-54,26,Smear Positive
Bhutan,2002,sp,m,55-64,22,Smear Positive
Bhutan,2002,sp,m,65+,19,Smear Positive
Bhutan,2002,sp,f,0-14,6,Smear Positive
Bhutan,2002,sp,f,15-24,54,Smear Positive
Bhutan,2002,sp,f,25-34,38,Smear Positive
Bhutan,2002,sp,f,35-44,22,Smear Positive
Bhutan,2002,sp,f,45-54,20,Smear Positive
Bhutan,2002,sp,f,55-64,5,Smear Positive
Bhutan,2002,sp,f,65+,10,Smear Positive
Bhutan,2003,sp,m,0-14,9,Smear Positive
Bhutan,2003,sp,m,15-24,62,Smear Positive
Bhutan,2003,sp,m,25-34,50,Smear Positive
Bhutan,2003,sp,m,35-44,20,Smear Positive
Bhutan,2003,sp,m,45-54,25,Smear Positive
Bhutan,2003,sp,m,55-64,20,Smear Positive
Bhutan,2003,sp,m,65+,13,Smear Positive
Bhutan,2003,sp,f,0-14,14,Smear Positive
Bhutan,2003,sp,f,15-24,57,Smear Positive
Bhutan,2003,sp,f,25-34,39,Smear Positive
Bhutan,2003,sp,f,35-44,17,Smear Positive
Bhutan,2003,sp,f,45-54,13,Smear Positive
Bhutan,2003,sp,f,55-64,15,Smear Positive
Bhutan,2003,sp,f,65+,6,Smear Positive
Bhutan,2004,sp,m,0-14,1,Smear Positive
Bhutan,2004,sp,m,15-24,54,Smear Positive
Bhutan,2004,sp,m,25-34,52,Smear Positive
Bhutan,2004,sp,m,35-44,28,Smear Positive
Bhutan,2004,sp,m,45-54,27,Smear Positive
Bhutan,2004,sp,m,55-64,18,Smear Positive
Bhutan,2004,sp,m,65+,23,Smear Positive
Bhutan,2004,sp,f,0-14,8,Smear Positive
Bhutan,2004,sp,f,15-24,54,Smear Positive
Bhutan,2004,sp,f,25-34,35,Smear Positive
Bhutan,2004,sp,f,35-44,33,Smear Positive
Bhutan,2004,sp,f,45-54,10,Smear Positive
Bhutan,2004,sp,f,55-64,8,Smear Positive
Bhutan,2004,sp,f,65+,5,Smear Positive
Bhutan,2005,sp,m,0-14,1,Smear Positive
Bhutan,2005,sp,m,15-24,47,Smear Positive
Bhutan,2005,sp,m,25-34,58,Smear Positive
Bhutan,2005,sp,m,35-44,26,Smear Positive
Bhutan,2005,sp,m,45-54,23,Smear Positive
Bhutan,2005,sp,m,55-64,14,Smear Positive
Bhutan,2005,sp,m,65+,12,Smear Positive
Bhutan,2005,sp,f,0-14,9,Smear Positive
Bhutan,2005,sp,f,15-24,45,Smear Positive
Bhutan,2005,sp,f,25-34,38,Smear Positive
Bhutan,2005,sp,f,35-44,13,Smear Positive
Bhutan,2005,sp,f,45-54,11,Smear Positive
Bhutan,2005,sp,f,55-64,9,Smear Positive
Bhutan,2005,sp,f,65+,2,Smear Positive
Bhutan,2006,sp,m,0-14,0,Smear Positive
Bhutan,2006,sp,m,15-24,65,Smear Positive
Bhutan,2006,sp,m,25-34,55,Smear Positive
Bhutan,2006,sp,m,35-44,22,Smear Positive
Bhutan,2006,sp,m,45-54,20,Smear Positive
Bhutan,2006,sp,m,55-64,12,Smear Positive
Bhutan,2006,sp,m,65+,11,Smear Positive
Bhutan,2006,sp,f,0-14,5,Smear Positive
Bhutan,2006,sp,f,15-24,61,Smear Positive
Bhutan,2006,sp,f,25-34,27,Smear Positive
Bhutan,2006,sp,f,35-44,10,Smear Positive
Bhutan,2006,sp,f,45-54,9,Smear Positive
Bhutan,2006,sp,f,55-64,6,Smear Positive
Bhutan,2006,sp,f,65+,9,Smear Positive
Bhutan,2007,sp,m,0-14,2,Smear Positive
Bhutan,2007,sp,m,15-24,60,Smear Positive
Bhutan,2007,sp,m,25-34,44,Smear Positive
Bhutan,2007,sp,m,35-44,29,Smear Positive
Bhutan,2007,sp,m,45-54,26,Smear Positive
Bhutan,2007,sp,m,55-64,17,Smear Positive
Bhutan,2007,sp,m,65+,13,Smear Positive
Bhutan,2007,sp,f,0-14,3,Smear Positive
Bhutan,2007,sp,f,15-24,59,Smear Positive
Bhutan,2007,sp,f,25-34,28,Smear Positive
Bhutan,2007,sp,f,35-44,21,Smear Positive
Bhutan,2007,sp,f,45-54,10,Smear Positive
Bhutan,2007,sp,f,55-64,10,Smear Positive
Bhutan,2007,sp,f,65+,6,Smear Positive
Bhutan,2008,sp,m,0-14,3,Smear Positive
Bhutan,2008,sp,m,15-24,85,Smear Positive
Bhutan,2008,sp,m,25-34,46,Smear Positive
Bhutan,2008,sp,m,35-44,12,Smear Positive
Bhutan,2008,sp,m,45-54,18,Smear Positive
Bhutan,2008,sp,m,55-64,13,Smear Positive
Bhutan,2008,sp,m,65+,14,Smear Positive
Bhutan,2008,sp,f,0-14,9,Smear Positive
Bhutan,2008,sp,f,15-24,151,Smear Positive
Bhutan,2008,sp,f,25-34,77,Smear Positive
Bhutan,2008,sp,f,35-44,32,Smear Positive
Bhutan,2008,sp,f,45-54,33,Smear Positive
Bhutan,2008,sp,f,55-64,23,Smear Positive
Bhutan,2008,sp,f,65+,23,Smear Positive
Bhutan,2009,sp,m,0-14,10,Smear Positive
Bhutan,2009,sp,m,15-24,74,Smear Positive
Bhutan,2009,sp,m,25-34,53,Smear Positive
Bhutan,2009,sp,m,35-44,19,Smear Positive
Bhutan,2009,sp,m,45-54,19,Smear Positive
Bhutan,2009,sp,m,55-64,21,Smear Positive
Bhutan,2009,sp,m,65+,24,Smear Positive
Bhutan,2009,sp,f,0-14,22,Smear Positive
Bhutan,2009,sp,f,15-24,92,Smear Positive
Bhutan,2009,sp,f,25-34,44,Smear Positive
Bhutan,2009,sp,f,35-44,27,Smear Positive
Bhutan,2009,sp,f,45-54,12,Smear Positive
Bhutan,2009,sp,f,55-64,9,Smear Positive
Bhutan,2009,sp,f,65+,8,Smear Positive
Bhutan,2010,sp,m,15-24,108,Smear Positive
Bhutan,2010,sp,m,25-34,50,Smear Positive
Bhutan,2010,sp,m,35-44,25,Smear Positive
Bhutan,2010,sp,m,45-54,12,Smear Positive
Bhutan,2010,sp,m,55-64,26,Smear Positive
Bhutan,2010,sp,m,65+,13,Smear Positive
Bhutan,2010,sp,f,0-14,17,Smear Positive
Bhutan,2010,sp,f,15-24,104,Smear Positive
Bhutan,2010,sp,f,25-34,45,Smear Positive
Bhutan,2010,sp,f,35-44,18,Smear Positive
Bhutan,2010,sp,f,45-54,18,Smear Positive
Bhutan,2010,sp,f,55-64,10,Smear Positive
Bhutan,2010,sp,f,65+,9,Smear Positive
Bhutan,2011,sp,m,0-14,2,Smear Positive
Bhutan,2011,sp,m,15-24,88,Smear Positive
Bhutan,2011,sp,m,25-34,39,Smear Positive
Bhutan,2011,sp,m,35-44,26,Smear Positive
Bhutan,2011,sp,m,45-54,14,Smear Positive
Bhutan,2011,sp,m,55-64,20,Smear Positive
Bhutan,2011,sp,m,65+,19,Smear Positive
Bhutan,2011,sp,f,0-14,2,Smear Positive
Bhutan,2011,sp,f,15-24,92,Smear Positive
Bhutan,2011,sp,f,25-34,40,Smear Positive
Bhutan,2011,sp,f,35-44,19,Smear Positive
Bhutan,2011,sp,f,45-54,12,Smear Positive
Bhutan,2011,sp,f,55-64,4,Smear Positive
Bhutan,2011,sp,f,65+,5,Smear Positive
Bhutan,2011,sn,m,0-14,15,Smear Negative
Bhutan,2011,sn,m,15-24,16,Smear Negative
Bhutan,2011,sn,m,25-34,42,Smear Negative
Bhutan,2011,sn,m,35-44,39,Smear Negative
Bhutan,2011,sn,m,45-54,12,Smear Negative
Bhutan,2011,sn,m,55-64,2,Smear Negative
Bhutan,2011,sn,m,65+,1,Smear Negative
Bhutan,2011,sn,f,0-14,10,Smear Negative
Bhutan,2011,sn,f,15-24,12,Smear Negative
Bhutan,2011,sn,f,25-34,36,Smear Negative
Bhutan,2011,sn,f,35-44,37,Smear Negative
Bhutan,2011,sn,f,55-64,1,Smear Negative
Bhutan,2011,sn,f,65+,2,Smear Negative
Bhutan,2011,ep,m,0-14,24,Extrapulmonary
Bhutan,2011,ep,m,15-24,32,Extrapulmonary
Bhutan,2011,ep,m,25-34,67,Extrapulmonary
Bhutan,2011,ep,m,35-44,95,Extrapulmonary
Bhutan,2011,ep,m,45-54,43,Extrapulmonary
Bhutan,2011,ep,m,55-64,28,Extrapulmonary
Bhutan,2011,ep,m,65+,12,Extrapulmonary
Bhutan,2011,ep,f,0-14,18,Extrapulmonary
Bhutan,2011,ep,f,15-24,27,Extrapulmonary
Bhutan,2011,ep,f,25-34,59,Extrapulmonary
Bhutan,2011,ep,f,35-44,87,Extrapulmonary
Bhutan,2011,ep,f,45-54,39,Extrapulmonary
Bhutan,2011,ep,f,55-64,26,Extrapulmonary
Bhutan,2011,ep,f,65+,16,Extrapulmonary
Bhutan,2012,sp,m,0-14,6,Smear Positive
Bhutan,2012,sp,m,15-24,82,Smear Positive
Bhutan,2012,sp,m,25-34,56,Smear Positive
Bhutan,2012,sp,m,35-44,30,Smear Positive
Bhutan,2012,sp,m,45-54,11,Smear Positive
Bhutan,2012,sp,m,55-64,17,Smear Positive
Bhutan,2012,sp,m,65+,11,Smear Positive
Bhutan,2012,sp,f,0-14,6,Smear Positive
Bhutan,2012,sp,f,15-24,92,Smear Positive
Bhutan,2012,sp,f,25-34,58,Smear Positive
Bhutan,2012,sp,f,35-44,14,Smear Positive
Bhutan,2012,sp,f,45-54,18,Smear Positive
Bhutan,2012,sp,f,55-64,9,Smear Positive
Bhutan,2012,sp,f,65+,10,Smear Positive
Bhutan,2012,sn,m,0-14,6,Smear Negative
Bhutan,2012,sn,m,15-24,12,Smear Negative
Bhutan,2012,sn,m,25-34,18,Smear Negative
Bhutan,2012,sn,m,35-44,12,Smear Negative
Bhutan,2012,sn,m,45-54,8,Smear Negative
Bhutan,2012,sn,m,55-64,6,Smear Negative
Bhutan,2012,sn,m,65+,3,Smear Negative
Bhutan,2012,sn,f,0-14,4,Smear Negative
Bhutan,2012,sn,f,15-24,10,Smear Negative
Bhutan,2012,sn,f,25-34,16,Smear Negative
Bhutan,2012,sn,f,35-44,12,Smear Negative
Bhutan,2012,sn,f,45-54,10,Smear Negative
Bhutan,2012,sn,f,55-64,8,Smear Negative
Bhutan,2012,sn,f,65+,2,Smear Negative
Bhutan,2012,ep,m,0-14,8,Extrapulmonary
Bhutan,2012,ep,m,15-24,12,Extrapulmonary
Bhutan,2012,ep,m,25-34,56,Extrapulmonary
Bhutan,2012,ep,m,35-44,53,Extrapulmonary
Bhutan,2012,ep,m,45-54,54,Extrapulmonary
Bhutan,2012,ep,m,55-64,40,Extrapulmonary
Bhutan,2012,ep,m,65+,12,Extrapulmonary
Bhutan,2012,ep,f,0-14,12,Extrapulmonary
Bhutan,2012,ep,f,15-24,18,Extrapulmonary
Bhutan,2012,ep,f,25-34,62,Extrapulmonary
Bhutan,2012,ep,f,35-44,59,Extrapulmonary
Bhutan,2012,ep,f,45-54,58,Extrapulmonary
Bhutan,2012,ep,f,55-64,46,Extrapulmonary
Bhutan,2012,ep,f,65+,29,Extrapulmonary
Bhutan,2013,rel,m,0-14,19,Relapse
Bhutan,2013,rel,m,15-24,180,Relapse
Bhutan,2013,rel,m,25-34,129,Relapse
Bhutan,2013,rel,m,35-44,70,Relapse
Bhutan,2013,rel,m,45-54,48,Relapse
Bhutan,2013,rel,m,55-64,44,Relapse
Bhutan,2013,rel,m,65+,48,Relapse
Bhutan,2013,rel,f,0-14,38,Relapse
Bhutan,2013,rel,f,15-24,199,Relapse
Bhutan,2013,rel,f,25-34,134,Relapse
Bhutan,2013,rel,f,35-44,53,Relapse
Bhutan,2013,rel,f,45-54,45,Relapse
Bhutan,2013,rel,f,55-64,41,Relapse
Bhutan,2013,rel,f,65+,23,Relapse
Bolivia (Plurinational State of),1996,sp,m,0-14,178,Smear Positive
Bolivia (Plurinational State of),1996,sp,m,15-24,1359,Smear Positive
Bolivia (Plurinational State of),1996,sp,m,25-34,887,Smear Positive
Bolivia (Plurinational State of),1996,sp,m,35-44,636,Smear Positive
Bolivia (Plurinational State of),1996,sp,m,45-54,525,Smear Positive
Bolivia (Plurinational State of),1996,sp,m,55-64,321,Smear Positive
Bolivia (Plurinational State of),1996,sp,m,65+,324,Smear Positive
Bolivia (Plurinational State of),1996,sp,f,0-14,172,Smear Positive
Bolivia (Plurinational State of),1996,sp,f,15-24,841,Smear Positive
Bolivia (Plurinational State of),1996,sp,f,25-34,676,Smear Positive
Bolivia (Plurinational State of),1996,sp,f,35-44,422,Smear Positive
Bolivia (Plurinational State of),1996,sp,f,45-54,244,Smear Positive
Bolivia (Plurinational State of),1996,sp,f,55-64,189,Smear Positive
Bolivia (Plurinational State of),1996,sp,f,65+,175,Smear Positive
Bolivia (Plurinational State of),1997,sp,m,0-14,150,Smear Positive
Bolivia (Plurinational State of),1997,sp,m,15-24,1214,Smear Positive
Bolivia (Plurinational State of),1997,sp,m,25-34,792,Smear Positive
Bolivia (Plurinational State of),1997,sp,m,35-44,579,Smear Positive
Bolivia (Plurinational State of),1997,sp,m,45-54,485,Smear Positive
Bolivia (Plurinational State of),1997,sp,m,55-64,334,Smear Positive
Bolivia (Plurinational State of),1997,sp,m,65+,318,Smear Positive
Bolivia (Plurinational State of),1997,sp,f,0-14,202,Smear Positive
Bolivia (Plurinational State of),1997,sp,f,15-24,792,Smear Positive
Bolivia (Plurinational State of),1997,sp,f,25-34,548,Smear Positive
Bolivia (Plurinational State of),1997,sp,f,35-44,380,Smear Positive
Bolivia (Plurinational State of),1997,sp,f,45-54,285,Smear Positive
Bolivia (Plurinational State of),1997,sp,f,55-64,192,Smear Positive
Bolivia (Plurinational State of),1997,sp,f,65+,187,Smear Positive
Bolivia (Plurinational State of),1998,sp,m,0-14,167,Smear Positive
Bolivia (Plurinational State of),1998,sp,m,15-24,1254,Smear Positive
Bolivia (Plurinational State of),1998,sp,m,25-34,885,Smear Positive
Bolivia (Plurinational State of),1998,sp,m,35-44,579,Smear Positive
Bolivia (Plurinational State of),1998,sp,m,45-54,488,Smear Positive
Bolivia (Plurinational State of),1998,sp,m,55-64,364,Smear Positive
Bolivia (Plurinational State of),1998,sp,m,65+,353,Smear Positive
Bolivia (Plurinational State of),1998,sp,f,0-14,202,Smear Positive
Bolivia (Plurinational State of),1998,sp,f,15-24,777,Smear Positive
Bolivia (Plurinational State of),1998,sp,f,25-34,587,Smear Positive
Bolivia (Plurinational State of),1998,sp,f,35-44,274,Smear Positive
Bolivia (Plurinational State of),1998,sp,f,45-54,264,Smear Positive
Bolivia (Plurinational State of),1998,sp,f,55-64,157,Smear Positive
Bolivia (Plurinational State of),1998,sp,f,65+,230,Smear Positive
Bolivia (Plurinational State of),1999,sp,m,0-14,222,Smear Positive
Bolivia (Plurinational State of),1999,sp,m,15-24,1182,Smear Positive
Bolivia (Plurinational State of),1999,sp,m,25-34,862,Smear Positive
Bolivia (Plurinational State of),1999,sp,m,35-44,527,Smear Positive
Bolivia (Plurinational State of),1999,sp,m,45-54,482,Smear Positive
Bolivia (Plurinational State of),1999,sp,m,55-64,379,Smear Positive
Bolivia (Plurinational State of),1999,sp,m,65+,400,Smear Positive
Bolivia (Plurinational State of),1999,sp,f,0-14,225,Smear Positive
Bolivia (Plurinational State of),1999,sp,f,15-24,798,Smear Positive
Bolivia (Plurinational State of),1999,sp,f,25-34,554,Smear Positive
Bolivia (Plurinational State of),1999,sp,f,35-44,352,Smear Positive
Bolivia (Plurinational State of),1999,sp,f,45-54,263,Smear Positive
Bolivia (Plurinational State of),1999,sp,f,55-64,205,Smear Positive
Bolivia (Plurinational State of),1999,sp,f,65+,222,Smear Positive
Bolivia (Plurinational State of),2000,sp,m,0-14,166,Smear Positive
Bolivia (Plurinational State of),2000,sp,m,15-24,1182,Smear Positive
Bolivia (Plurinational State of),2000,sp,m,25-34,797,Smear Positive
Bolivia (Plurinational State of),2000,sp,m,35-44,518,Smear Positive
Bolivia (Plurinational State of),2000,sp,m,45-54,466,Smear Positive
Bolivia (Plurinational State of),2000,sp,m,55-64,340,Smear Positive
Bolivia (Plurinational State of),2000,sp,m,65+,366,Smear Positive
Bolivia (Plurinational State of),2000,sp,f,0-14,191,Smear Positive
Bolivia (Plurinational State of),2000,sp,f,15-24,831,Smear Positive
Bolivia (Plurinational State of),2000,sp,f,25-34,588,Smear Positive
Bolivia (Plurinational State of),2000,sp,f,35-44,334,Smear Positive
Bolivia (Plurinational State of),2000,sp,f,45-54,254,Smear Positive
Bolivia (Plurinational State of),2000,sp,f,55-64,192,Smear Positive
Bolivia (Plurinational State of),2000,sp,f,65+,233,Smear Positive
Bolivia (Plurinational State of),2001,sp,m,0-14,165,Smear Positive
Bolivia (Plurinational State of),2001,sp,m,15-24,1235,Smear Positive
Bolivia (Plurinational State of),2001,sp,m,25-34,761,Smear Positive
Bolivia (Plurinational State of),2001,sp,m,35-44,483,Smear Positive
Bolivia (Plurinational State of),2001,sp,m,45-54,489,Smear Positive
Bolivia (Plurinational State of),2001,sp,m,55-64,359,Smear Positive
Bolivia (Plurinational State of),2001,sp,m,65+,355,Smear Positive
Bolivia (Plurinational State of),2001,sp,f,0-14,241,Smear Positive
Bolivia (Plurinational State of),2001,sp,f,15-24,915,Smear Positive
Bolivia (Plurinational State of),2001,sp,f,25-34,664,Smear Positive
Bolivia (Plurinational State of),2001,sp,f,35-44,302,Smear Positive
Bolivia (Plurinational State of),2001,sp,f,45-54,226,Smear Positive
Bolivia (Plurinational State of),2001,sp,f,55-64,194,Smear Positive
Bolivia (Plurinational State of),2001,sp,f,65+,283,Smear Positive
Bolivia (Plurinational State of),2002,sp,m,0-14,231,Smear Positive
Bolivia (Plurinational State of),2002,sp,m,15-24,1235,Smear Positive
Bolivia (Plurinational State of),2002,sp,m,25-34,787,Smear Positive
Bolivia (Plurinational State of),2002,sp,m,35-44,492,Smear Positive
Bolivia (Plurinational State of),2002,sp,m,45-54,417,Smear Positive
Bolivia (Plurinational State of),2002,sp,m,55-64,356,Smear Positive
Bolivia (Plurinational State of),2002,sp,m,65+,386,Smear Positive
Bolivia (Plurinational State of),2002,sp,f,0-14,281,Smear Positive
Bolivia (Plurinational State of),2002,sp,f,15-24,938,Smear Positive
Bolivia (Plurinational State of),2002,sp,f,25-34,630,Smear Positive
Bolivia (Plurinational State of),2002,sp,f,35-44,358,Smear Positive
Bolivia (Plurinational State of),2002,sp,f,45-54,238,Smear Positive
Bolivia (Plurinational State of),2002,sp,f,55-64,185,Smear Positive
Bolivia (Plurinational State of),2002,sp,f,65+,295,Smear Positive
Bolivia (Plurinational State of),2003,sp,m,0-14,156,Smear Positive
Bolivia (Plurinational State of),2003,sp,m,15-24,1164,Smear Positive
Bolivia (Plurinational State of),2003,sp,m,25-34,742,Smear Positive
Bolivia (Plurinational State of),2003,sp,m,35-44,501,Smear Positive
Bolivia (Plurinational State of),2003,sp,m,45-54,438,Smear Positive
Bolivia (Plurinational State of),2003,sp,m,55-64,336,Smear Positive
Bolivia (Plurinational State of),2003,sp,m,65+,442,Smear Positive
Bolivia (Plurinational State of),2003,sp,f,0-14,167,Smear Positive
Bolivia (Plurinational State of),2003,sp,f,15-24,811,Smear Positive
Bolivia (Plurinational State of),2003,sp,f,25-34,549,Smear Positive
Bolivia (Plurinational State of),2003,sp,f,35-44,313,Smear Positive
Bolivia (Plurinational State of),2003,sp,f,45-54,224,Smear Positive
Bolivia (Plurinational State of),2003,sp,f,55-64,196,Smear Positive
Bolivia (Plurinational State of),2003,sp,f,65+,305,Smear Positive
Bolivia (Plurinational State of),2004,sp,m,0-14,161,Smear Positive
Bolivia (Plurinational State of),2004,sp,m,15-24,1205,Smear Positive
Bolivia (Plurinational State of),2004,sp,m,25-34,750,Smear Positive
Bolivia (Plurinational State of),2004,sp,m,35-44,505,Smear Positive
Bolivia (Plurinational State of),2004,sp,m,45-54,431,Smear Positive
Bolivia (Plurinational State of),2004,sp,m,55-64,319,Smear Positive
Bolivia (Plurinational State of),2004,sp,m,65+,399,Smear Positive
Bolivia (Plurinational State of),2004,sp,f,0-14,151,Smear Positive
Bolivia (Plurinational State of),2004,sp,f,15-24,793,Smear Positive
Bolivia (Plurinational State of),2004,sp,f,25-34,555,Smear Positive
Bolivia (Plurinational State of),2004,sp,f,35-44,272,Smear Positive
Bolivia (Plurinational State of),2004,sp,f,45-54,205,Smear Positive
Bolivia (Plurinational State of),2004,sp,f,55-64,186,Smear Positive
Bolivia (Plurinational State of),2004,sp,f,65+,281,Smear Positive
Bolivia (Plurinational State of),2005,sp,m,0-14,157,Smear Positive
Bolivia (Plurinational State of),2005,sp,m,15-24,1320,Smear Positive
Bolivia (Plurinational State of),2005,sp,m,25-34,725,Smear Positive
Bolivia (Plurinational State of),2005,sp,m,35-44,439,Smear Positive
Bolivia (Plurinational State of),2005,sp,m,45-54,391,Smear Positive
Bolivia (Plurinational State of),2005,sp,m,55-64,346,Smear Positive
Bolivia (Plurinational State of),2005,sp,m,65+,415,Smear Positive
Bolivia (Plurinational State of),2005,sp,f,0-14,160,Smear Positive
Bolivia (Plurinational State of),2005,sp,f,15-24,846,Smear Positive
Bolivia (Plurinational State of),2005,sp,f,25-34,533,Smear Positive
Bolivia (Plurinational State of),2005,sp,f,35-44,276,Smear Positive
Bolivia (Plurinational State of),2005,sp,f,45-54,226,Smear Positive
Bolivia (Plurinational State of),2005,sp,f,55-64,182,Smear Positive
Bolivia (Plurinational State of),2005,sp,f,65+,262,Smear Positive
Bolivia (Plurinational State of),2006,sp,m,0-14,127,Smear Positive
Bolivia (Plurinational State of),2006,sp,m,15-24,1147,Smear Positive
Bolivia (Plurinational State of),2006,sp,m,25-34,699,Smear Positive
Bolivia (Plurinational State of),2006,sp,m,35-44,471,Smear Positive
Bolivia (Plurinational State of),2006,sp,m,45-54,390,Smear Positive
Bolivia (Plurinational State of),2006,sp,m,55-64,333,Smear Positive
Bolivia (Plurinational State of),2006,sp,m,65+,398,Smear Positive
Bolivia (Plurinational State of),2006,sp,f,0-14,179,Smear Positive
Bolivia (Plurinational State of),2006,sp,f,15-24,764,Smear Positive
Bolivia (Plurinational State of),2006,sp,f,25-34,461,Smear Positive
Bolivia (Plurinational State of),2006,sp,f,35-44,253,Smear Positive
Bolivia (Plurinational State of),2006,sp,f,45-54,177,Smear Positive
Bolivia (Plurinational State of),2006,sp,f,55-64,148,Smear Positive
Bolivia (Plurinational State of),2006,sp,f,65+,241,Smear Positive
Bolivia (Plurinational State of),2007,sp,m,0-14,116,Smear Positive
Bolivia (Plurinational State of),2007,sp,m,15-24,1100,Smear Positive
Bolivia (Plurinational State of),2007,sp,m,25-34,604,Smear Positive
Bolivia (Plurinational State of),2007,sp,m,35-44,379,Smear Positive
Bolivia (Plurinational State of),2007,sp,m,45-54,348,Smear Positive
Bolivia (Plurinational State of),2007,sp,m,55-64,328,Smear Positive
Bolivia (Plurinational State of),2007,sp,m,65+,354,Smear Positive
Bolivia (Plurinational State of),2007,sp,f,0-14,125,Smear Positive
Bolivia (Plurinational State of),2007,sp,f,15-24,736,Smear Positive
Bolivia (Plurinational State of),2007,sp,f,25-34,453,Smear Positive
Bolivia (Plurinational State of),2007,sp,f,35-44,243,Smear Positive
Bolivia (Plurinational State of),2007,sp,f,45-54,193,Smear Positive
Bolivia (Plurinational State of),2007,sp,f,55-64,162,Smear Positive
Bolivia (Plurinational State of),2007,sp,f,65+,259,Smear Positive
Bolivia (Plurinational State of),2008,sp,m,0-14,128,Smear Positive
Bolivia (Plurinational State of),2008,sp,m,15-24,1253,Smear Positive
Bolivia (Plurinational State of),2008,sp,m,25-34,734,Smear Positive
Bolivia (Plurinational State of),2008,sp,m,35-44,412,Smear Positive
Bolivia (Plurinational State of),2008,sp,m,45-54,391,Smear Positive
Bolivia (Plurinational State of),2008,sp,m,55-64,363,Smear Positive
Bolivia (Plurinational State of),2008,sp,m,65+,429,Smear Positive
Bolivia (Plurinational State of),2008,sp,f,0-14,147,Smear Positive
Bolivia (Plurinational State of),2008,sp,f,15-24,850,Smear Positive
Bolivia (Plurinational State of),2008,sp,f,25-34,482,Smear Positive
Bolivia (Plurinational State of),2008,sp,f,35-44,237,Smear Positive
Bolivia (Plurinational State of),2008,sp,f,45-54,193,Smear Positive
Bolivia (Plurinational State of),2008,sp,f,55-64,178,Smear Positive
Bolivia (Plurinational State of),2008,sp,f,65+,251,Smear Positive
Bolivia (Plurinational State of),2009,sp,m,0-14,106,Smear Positive
Bolivia (Plurinational State of),2009,sp,m,15-24,1225,Smear Positive
Bolivia (Plurinational State of),2009,sp,m,25-34,703,Smear Positive
Bolivia (Plurinational State of),2009,sp,m,35-44,393,Smear Positive
Bolivia (Plurinational State of),2009,sp,m,45-54,385,Smear Positive
Bolivia (Plurinational State of),2009,sp,m,55-64,343,Smear Positive
Bolivia (Plurinational State of),2009,sp,m,65+,429,Smear Positive
Bolivia (Plurinational State of),2009,sp,f,0-14,158,Smear Positive
Bolivia (Plurinational State of),2009,sp,f,15-24,795,Smear Positive
Bolivia (Plurinational State of),2009,sp,f,25-34,502,Smear Positive
Bolivia (Plurinational State of),2009,sp,f,35-44,217,Smear Positive
Bolivia (Plurinational State of),2009,sp,f,45-54,225,Smear Positive
Bolivia (Plurinational State of),2009,sp,f,55-64,161,Smear Positive
Bolivia (Plurinational State of),2009,sp,f,65+,295,Smear Positive
Bolivia (Plurinational State of),2009,ep,m,0-14,72,Extrapulmonary
Bolivia (Plurinational State of),2009,ep,m,15-24,276,Extrapulmonary
Bolivia (Plurinational State of),2009,ep,m,25-34,212,Extrapulmonary
Bolivia (Plurinational State of),2009,ep,m,35-44,109,Extrapulmonary
Bolivia (Plurinational State of),2009,ep,m,45-54,118,Extrapulmonary
Bolivia (Plurinational State of),2009,ep,m,55-64,131,Extrapulmonary
Bolivia (Plurinational State of),2009,ep,m,65+,165,Extrapulmonary
Bolivia (Plurinational State of),2009,ep,f,0-14,52,Extrapulmonary
Bolivia (Plurinational State of),2009,ep,f,15-24,178,Extrapulmonary
Bolivia (Plurinational State of),2009,ep,f,25-34,126,Extrapulmonary
Bolivia (Plurinational State of),2009,ep,f,35-44,82,Extrapulmonary
Bolivia (Plurinational State of),2009,ep,f,45-54,62,Extrapulmonary
Bolivia (Plurinational State of),2009,ep,f,55-64,56,Extrapulmonary
Bolivia (Plurinational State of),2009,ep,f,65+,103,Extrapulmonary
Bolivia (Plurinational State of),2010,sp,m,0-14,95,Smear Positive
Bolivia (Plurinational State of),2010,sp,m,15-24,1150,Smear Positive
Bolivia (Plurinational State of),2010,sp,m,25-34,622,Smear Positive
Bolivia (Plurinational State of),2010,sp,m,35-44,415,Smear Positive
Bolivia (Plurinational State of),2010,sp,m,45-54,395,Smear Positive
Bolivia (Plurinational State of),2010,sp,m,55-64,338,Smear Positive
Bolivia (Plurinational State of),2010,sp,m,65+,409,Smear Positive
Bolivia (Plurinational State of),2010,sp,f,0-14,119,Smear Positive
Bolivia (Plurinational State of),2010,sp,f,15-24,744,Smear Positive
Bolivia (Plurinational State of),2010,sp,f,25-34,471,Smear Positive
Bolivia (Plurinational State of),2010,sp,f,35-44,238,Smear Positive
Bolivia (Plurinational State of),2010,sp,f,45-54,191,Smear Positive
Bolivia (Plurinational State of),2010,sp,f,55-64,162,Smear Positive
Bolivia (Plurinational State of),2010,sp,f,65+,264,Smear Positive
Bolivia (Plurinational State of),2010,sn,m,0-14,92,Smear Negative
Bolivia (Plurinational State of),2010,sn,m,15-24,102,Smear Negative
Bolivia (Plurinational State of),2010,sn,m,25-34,66,Smear Negative
Bolivia (Plurinational State of),2010,sn,m,35-44,43,Smear Negative
Bolivia (Plurinational State of),2010,sn,m,45-54,26,Smear Negative
Bolivia (Plurinational State of),2010,sn,m,55-64,29,Smear Negative
Bolivia (Plurinational State of),2010,sn,m,65+,42,Smear Negative
Bolivia (Plurinational State of),2010,sn,f,0-14,65,Smear Negative
Bolivia (Plurinational State of),2010,sn,f,15-24,38,Smear Negative
Bolivia (Plurinational State of),2010,sn,f,25-34,42,Smear Negative
Bolivia (Plurinational State of),2010,sn,f,35-44,18,Smear Negative
Bolivia (Plurinational State of),2010,sn,f,45-54,9,Smear Negative
Bolivia (Plurinational State of),2010,sn,f,55-64,29,Smear Negative
Bolivia (Plurinational State of),2010,sn,f,65+,29,Smear Negative
Bolivia (Plurinational State of),2010,ep,m,0-14,63,Extrapulmonary
Bolivia (Plurinational State of),2010,ep,m,15-24,234,Extrapulmonary
Bolivia (Plurinational State of),2010,ep,m,25-34,192,Extrapulmonary
Bolivia (Plurinational State of),2010,ep,m,35-44,121,Extrapulmonary
Bolivia (Plurinational State of),2010,ep,m,45-54,122,Extrapulmonary
Bolivia (Plurinational State of),2010,ep,m,55-64,125,Extrapulmonary
Bolivia (Plurinational State of),2010,ep,m,65+,171,Extrapulmonary
Bolivia (Plurinational State of),2010,ep,f,0-14,47,Extrapulmonary
Bolivia (Plurinational State of),2010,ep,f,15-24,175,Extrapulmonary
Bolivia (Plurinational State of),2010,ep,f,25-34,161,Extrapulmonary
Bolivia (Plurinational State of),2010,ep,f,35-44,62,Extrapulmonary
Bolivia (Plurinational State of),2010,ep,f,45-54,68,Extrapulmonary
Bolivia (Plurinational State of),2010,ep,f,55-64,60,Extrapulmonary
Bolivia (Plurinational State of),2010,ep,f,65+,93,Extrapulmonary
Bolivia (Plurinational State of),2011,sp,m,0-14,100,Smear Positive
Bolivia (Plurinational State of),2011,sp,m,15-24,1231,Smear Positive
Bolivia (Plurinational State of),2011,sp,m,25-34,685,Smear Positive
Bolivia (Plurinational State of),2011,sp,m,35-44,372,Smear Positive
Bolivia (Plurinational State of),2011,sp,m,45-54,371,Smear Positive
Bolivia (Plurinational State of),2011,sp,m,55-64,302,Smear Positive
Bolivia (Plurinational State of),2011,sp,m,65+,457,Smear Positive
Bolivia (Plurinational State of),2011,sp,f,0-14,146,Smear Positive
Bolivia (Plurinational State of),2011,sp,f,15-24,778,Smear Positive
Bolivia (Plurinational State of),2011,sp,f,25-34,459,Smear Positive
Bolivia (Plurinational State of),2011,sp,f,35-44,235,Smear Positive
Bolivia (Plurinational State of),2011,sp,f,45-54,183,Smear Positive
Bolivia (Plurinational State of),2011,sp,f,55-64,155,Smear Positive
Bolivia (Plurinational State of),2011,sp,f,65+,272,Smear Positive
Bolivia (Plurinational State of),2011,sn,m,0-14,75,Smear Negative
Bolivia (Plurinational State of),2011,sn,m,15-24,115,Smear Negative
Bolivia (Plurinational State of),2011,sn,m,25-34,50,Smear Negative
Bolivia (Plurinational State of),2011,sn,m,35-44,46,Smear Negative
Bolivia (Plurinational State of),2011,sn,m,45-54,35,Smear Negative
Bolivia (Plurinational State of),2011,sn,m,55-64,32,Smear Negative
Bolivia (Plurinational State of),2011,sn,m,65+,56,Smear Negative
Bolivia (Plurinational State of),2011,sn,f,0-14,76,Smear Negative
Bolivia (Plurinational State of),2011,sn,f,15-24,47,Smear Negative
Bolivia (Plurinational State of),2011,sn,f,25-34,34,Smear Negative
Bolivia (Plurinational State of),2011,sn,f,35-44,18,Smear Negative
Bolivia (Plurinational State of),2011,sn,f,45-54,15,Smear Negative
Bolivia (Plurinational State of),2011,sn,f,55-64,20,Smear Negative
Bolivia (Plurinational State of),2011,sn,f,65+,24,Smear Negative
Bolivia (Plurinational State of),2011,ep,m,0-14,60,Extrapulmonary
Bolivia (Plurinational State of),2011,ep,m,15-24,289,Extrapulmonary
Bolivia (Plurinational State of),2011,ep,m,25-34,204,Extrapulmonary
Bolivia (Plurinational State of),2011,ep,m,35-44,132,Extrapulmonary
Bolivia (Plurinational State of),2011,ep,m,45-54,125,Extrapulmonary
Bolivia (Plurinational State of),2011,ep,m,55-64,94,Extrapulmonary
Bolivia (Plurinational State of),2011,ep,m,65+,160,Extrapulmonary
Bolivia (Plurinational State of),2011,ep,f,0-14,55,Extrapulmonary
Bolivia (Plurinational State of),2011,ep,f,15-24,164,Extrapulmonary
Bolivia (Plurinational State of),2011,ep,f,25-34,147,Extrapulmonary
Bolivia (Plurinational State of),2011,ep,f,35-44,66,Extrapulmonary
Bolivia (Plurinational State of),2011,ep,f,45-54,66,Extrapulmonary
Bolivia (Plurinational State of),2011,ep,f,55-64,61,Extrapulmonary
Bolivia (Plurinational State of),2011,ep,f,65+,98,Extrapulmonary
Bolivia (Plurinational State of),2012,sp,m,0-14,99,Smear Positive
Bolivia (Plurinational State of),2012,sp,m,15-24,1096,Smear Positive
Bolivia (Plurinational State of),2012,sp,m,25-34,672,Smear Positive
Bolivia (Plurinational State of),2012,sp,m,35-44,368,Smear Positive
Bolivia (Plurinational State of),2012,sp,m,45-54,358,Smear Positive
Bolivia (Plurinational State of),2012,sp,m,55-64,353,Smear Positive
Bolivia (Plurinational State of),2012,sp,m,65+,380,Smear Positive
Bolivia (Plurinational State of),2012,sp,f,0-14,101,Smear Positive
Bolivia (Plurinational State of),2012,sp,f,15-24,792,Smear Positive
Bolivia (Plurinational State of),2012,sp,f,25-34,480,Smear Positive
Bolivia (Plurinational State of),2012,sp,f,35-44,223,Smear Positive
Bolivia (Plurinational State of),2012,sp,f,45-54,204,Smear Positive
Bolivia (Plurinational State of),2012,sp,f,55-64,193,Smear Positive
Bolivia (Plurinational State of),2012,sp,f,65+,249,Smear Positive
Bolivia (Plurinational State of),2012,sn,m,0-14,68,Smear Negative
Bolivia (Plurinational State of),2012,sn,m,15-24,100,Smear Negative
Bolivia (Plurinational State of),2012,sn,m,25-34,62,Smear Negative
Bolivia (Plurinational State of),2012,sn,m,35-44,43,Smear Negative
Bolivia (Plurinational State of),2012,sn,m,45-54,29,Smear Negative
Bolivia (Plurinational State of),2012,sn,m,55-64,32,Smear Negative
Bolivia (Plurinational State of),2012,sn,m,65+,47,Smear Negative
Bolivia (Plurinational State of),2012,sn,f,0-14,57,Smear Negative
Bolivia (Plurinational State of),2012,sn,f,15-24,37,Smear Negative
Bolivia (Plurinational State of),2012,sn,f,25-34,31,Smear Negative
Bolivia (Plurinational State of),2012,sn,f,35-44,16,Smear Negative
Bolivia (Plurinational State of),2012,sn,f,45-54,23,Smear Negative
Bolivia (Plurinational State of),2012,sn,f,55-64,9,Smear Negative
Bolivia (Plurinational State of),2012,sn,f,65+,17,Smear Negative
Bolivia (Plurinational State of),2012,ep,m,0-14,41,Extrapulmonary
Bolivia (Plurinational State of),2012,ep,m,15-24,266,Extrapulmonary
Bolivia (Plurinational State of),2012,ep,m,25-34,198,Extrapulmonary
Bolivia (Plurinational State of),2012,ep,m,35-44,105,Extrapulmonary
Bolivia (Plurinational State of),2012,ep,m,45-54,101,Extrapulmonary
Bolivia (Plurinational State of),2012,ep,m,55-64,141,Extrapulmonary
Bolivia (Plurinational State of),2012,ep,m,65+,181,Extrapulmonary
Bolivia (Plurinational State of),2012,ep,f,0-14,43,Extrapulmonary
Bolivia (Plurinational State of),2012,ep,f,15-24,173,Extrapulmonary
Bolivia (Plurinational State of),2012,ep,f,25-34,149,Extrapulmonary
Bolivia (Plurinational State of),2012,ep,f,35-44,65,Extrapulmonary
Bolivia (Plurinational State of),2012,ep,f,45-54,60,Extrapulmonary
Bolivia (Plurinational State of),2012,ep,f,55-64,65,Extrapulmonary
Bolivia (Plurinational State of),2012,ep,f,65+,84,Extrapulmonary
Bolivia (Plurinational State of),2013,rel,m,0-14,223,Relapse
Bolivia (Plurinational State of),2013,rel,m,15-24,1470,Relapse
Bolivia (Plurinational State of),2013,rel,m,25-34,978,Relapse
Bolivia (Plurinational State of),2013,rel,m,35-44,625,Relapse
Bolivia (Plurinational State of),2013,rel,m,45-54,610,Relapse
Bolivia (Plurinational State of),2013,rel,m,55-64,556,Relapse
Bolivia (Plurinational State of),2013,rel,m,65+,728,Relapse
Bolivia (Plurinational State of),2013,rel,f,0-14,212,Relapse
Bolivia (Plurinational State of),2013,rel,f,15-24,945,Relapse
Bolivia (Plurinational State of),2013,rel,f,25-34,664,Relapse
Bolivia (Plurinational State of),2013,rel,f,35-44,355,Relapse
Bolivia (Plurinational State of),2013,rel,f,45-54,277,Relapse
Bolivia (Plurinational State of),2013,rel,f,55-64,281,Relapse
Bolivia (Plurinational State of),2013,rel,f,65+,403,Relapse
"Bonaire, Saint Eustatius and Saba",2010,sp,m,0-14,0,Smear Positive
"Bonaire, Saint Eustatius and Saba",2010,sp,m,15-24,0,Smear Positive
"Bonaire, Saint Eustatius and Saba",2010,sp,m,25-34,0,Smear Positive
"Bonaire, Saint Eustatius and Saba",2010,sp,m,35-44,0,Smear Positive
"Bonaire, Saint Eustatius and Saba",2010,sp,m,45-54,0,Smear Positive
"Bonaire, Saint Eustatius and Saba",2010,sp,m,55-64,0,Smear Positive
"Bonaire, Saint Eustatius and Saba",2010,sp,m,65+,0,Smear Positive
"Bonaire, Saint Eustatius and Saba",2010,sp,f,0-14,0,Smear Positive
"Bonaire, Saint Eustatius and Saba",2010,sp,f,15-24,0,Smear Positive
"Bonaire, Saint Eustatius and Saba",2010,sp,f,25-34,0,Smear Positive
"Bonaire, Saint Eustatius and Saba",2010,sp,f,35-44,0,Smear Positive
"Bonaire, Saint Eustatius and Saba",2010,sp,f,45-54,0,Smear Positive
"Bonaire, Saint Eustatius and Saba",2010,sp,f,55-64,0,Smear Positive
"Bonaire, Saint Eustatius and Saba",2010,sp,f,65+,0,Smear Positive
"Bonaire, Saint Eustatius and Saba",2010,sn,m,0-14,0,Smear Negative
"Bonaire, Saint Eustatius and Saba",2010,sn,m,15-24,0,Smear Negative
"Bonaire, Saint Eustatius and Saba",2010,sn,m,25-34,0,Smear Negative
"Bonaire, Saint Eustatius and Saba",2010,sn,m,35-44,0,Smear Negative
"Bonaire, Saint Eustatius and Saba",2010,sn,m,45-54,0,Smear Negative
"Bonaire, Saint Eustatius and Saba",2010,sn,m,55-64,0,Smear Negative
"Bonaire, Saint Eustatius and Saba",2010,sn,m,65+,0,Smear Negative
"Bonaire, Saint Eustatius and Saba",2010,sn,f,0-14,0,Smear Negative
"Bonaire, Saint Eustatius and Saba",2010,sn,f,15-24,0,Smear Negative
"Bonaire, Saint Eustatius and Saba",2010,sn,f,25-34,0,Smear Negative
"Bonaire, Saint Eustatius and Saba",2010,sn,f,35-44,0,Smear Negative
"Bonaire, Saint Eustatius and Saba",2010,sn,f,45-54,0,Smear Negative
"Bonaire, Saint Eustatius and Saba",2010,sn,f,55-64,0,Smear Negative
"Bonaire, Saint Eustatius and Saba",2010,sn,f,65+,0,Smear Negative
"Bonaire, Saint Eustatius and Saba",2010,ep,m,0-14,0,Extrapulmonary
"Bonaire, Saint Eustatius and Saba",2010,ep,m,15-24,0,Extrapulmonary
"Bonaire, Saint Eustatius and Saba",2010,ep,m,25-34,0,Extrapulmonary
"Bonaire, Saint Eustatius and Saba",2010,ep,m,35-44,0,Extrapulmonary
"Bonaire, Saint Eustatius and Saba",2010,ep,m,45-54,0,Extrapulmonary
"Bonaire, Saint Eustatius and Saba",2010,ep,m,55-64,0,Extrapulmonary
"Bonaire, Saint Eustatius and Saba",2010,ep,m,65+,0,Extrapulmonary
"Bonaire, Saint Eustatius and Saba",2010,ep,f,0-14,0,Extrapulmonary
"Bonaire, Saint Eustatius and Saba",2010,ep,f,15-24,0,Extrapulmonary
"Bonaire, Saint Eustatius and Saba",2010,ep,f,25-34,0,Extrapulmonary
"Bonaire, Saint Eustatius and Saba",2010,ep,f,35-44,0,Extrapulmonary
"Bonaire, Saint Eustatius and Saba",2010,ep,f,45-54,0,Extrapulmonary
"Bonaire, Saint Eustatius and Saba",2010,ep,f,55-64,0,Extrapulmonary
"Bonaire, Saint Eustatius and Saba",2010,ep,f,65+,0,Extrapulmonary
"Bonaire, Saint Eustatius and Saba",2011,sp,m,0-14,0,Smear Positive
"Bonaire, Saint Eustatius and Saba",2011,sp,m,15-24,0,Smear Positive
"Bonaire, Saint Eustatius and Saba",2011,sp,m,25-34,0,Smear Positive
"Bonaire, Saint Eustatius and Saba",2011,sp,m,35-44,0,Smear Positive
"Bonaire, Saint Eustatius and Saba",2011,sp,m,45-54,0,Smear Positive
"Bonaire, Saint Eustatius and Saba",2011,sp,m,55-64,0,Smear Positive
"Bonaire, Saint Eustatius and Saba",2011,sp,m,65+,0,Smear Positive
"Bonaire, Saint Eustatius and Saba",2011,sp,f,0-14,0,Smear Positive
"Bonaire, Saint Eustatius and Saba",2011,sp,f,15-24,0,Smear Positive
"Bonaire, Saint Eustatius and Saba",2011,sp,f,25-34,0,Smear Positive
"Bonaire, Saint Eustatius and Saba",2011,sp,f,35-44,0,Smear Positive
"Bonaire, Saint Eustatius and Saba",2011,sp,f,45-54,0,Smear Positive
"Bonaire, Saint Eustatius and Saba",2011,sp,f,55-64,0,Smear Positive
"Bonaire, Saint Eustatius and Saba",2011,sp,f,65+,0,Smear Positive
"Bonaire, Saint Eustatius and Saba",2011,sn,m,0-14,0,Smear Negative
"Bonaire, Saint Eustatius and Saba",2011,sn,m,15-24,0,Smear Negative
"Bonaire, Saint Eustatius and Saba",2011,sn,m,25-34,0,Smear Negative
"Bonaire, Saint Eustatius and Saba",2011,sn,m,35-44,0,Smear Negative
"Bonaire, Saint Eustatius and Saba",2011,sn,m,45-54,0,Smear Negative
"Bonaire, Saint Eustatius and Saba",2011,sn,m,55-64,0,Smear Negative
"Bonaire, Saint Eustatius and Saba",2011,sn,m,65+,0,Smear Negative
"Bonaire, Saint Eustatius and Saba",2011,sn,f,0-14,0,Smear Negative
"Bonaire, Saint Eustatius and Saba",2011,sn,f,15-24,0,Smear Negative
"Bonaire, Saint Eustatius and Saba",2011,sn,f,25-34,0,Smear Negative
"Bonaire, Saint Eustatius and Saba",2011,sn,f,35-44,0,Smear Negative
"Bonaire, Saint Eustatius and Saba",2011,sn,f,45-54,0,Smear Negative
"Bonaire, Saint Eustatius and Saba",2011,sn,f,55-64,0,Smear Negative
"Bonaire, Saint Eustatius and Saba",2011,sn,f,65+,0,Smear Negative
"Bonaire, Saint Eustatius and Saba",2011,ep,m,0-14,0,Extrapulmonary
"Bonaire, Saint Eustatius and Saba",2011,ep,m,15-24,0,Extrapulmonary
"Bonaire, Saint Eustatius and Saba",2011,ep,m,25-34,0,Extrapulmonary
"Bonaire, Saint Eustatius and Saba",2011,ep,m,35-44,0,Extrapulmonary
"Bonaire, Saint Eustatius and Saba",2011,ep,m,45-54,0,Extrapulmonary
"Bonaire, Saint Eustatius and Saba",2011,ep,m,55-64,0,Extrapulmonary
"Bonaire, Saint Eustatius and Saba",2011,ep,m,65+,0,Extrapulmonary
"Bonaire, Saint Eustatius and Saba",2011,ep,f,0-14,0,Extrapulmonary
"Bonaire, Saint Eustatius and Saba",2011,ep,f,15-24,0,Extrapulmonary
"Bonaire, Saint Eustatius and Saba",2011,ep,f,25-34,0,Extrapulmonary
"Bonaire, Saint Eustatius and Saba",2011,ep,f,35-44,0,Extrapulmonary
"Bonaire, Saint Eustatius and Saba",2011,ep,f,45-54,0,Extrapulmonary
"Bonaire, Saint Eustatius and Saba",2011,ep,f,55-64,0,Extrapulmonary
"Bonaire, Saint Eustatius and Saba",2011,ep,f,65+,0,Extrapulmonary
"Bonaire, Saint Eustatius and Saba",2012,sp,m,0-14,0,Smear Positive
"Bonaire, Saint Eustatius and Saba",2012,sp,m,15-24,0,Smear Positive
"Bonaire, Saint Eustatius and Saba",2012,sp,m,25-34,0,Smear Positive
"Bonaire, Saint Eustatius and Saba",2012,sp,m,35-44,0,Smear Positive
"Bonaire, Saint Eustatius and Saba",2012,sp,m,45-54,0,Smear Positive
"Bonaire, Saint Eustatius and Saba",2012,sp,m,55-64,0,Smear Positive
"Bonaire, Saint Eustatius and Saba",2012,sp,m,65+,0,Smear Positive
"Bonaire, Saint Eustatius and Saba",2012,sp,f,0-14,0,Smear Positive
"Bonaire, Saint Eustatius and Saba",2012,sp,f,15-24,0,Smear Positive
"Bonaire, Saint Eustatius and Saba",2012,sp,f,25-34,0,Smear Positive
"Bonaire, Saint Eustatius and Saba",2012,sp,f,35-44,0,Smear Positive
"Bonaire, Saint Eustatius and Saba",2012,sp,f,45-54,0,Smear Positive
"Bonaire, Saint Eustatius and Saba",2012,sp,f,55-64,0,Smear Positive
"Bonaire, Saint Eustatius and Saba",2012,sp,f,65+,0,Smear Positive
"Bonaire, Saint Eustatius and Saba",2012,sn,m,0-14,0,Smear Negative
"Bonaire, Saint Eustatius and Saba",2012,sn,m,15-24,0,Smear Negative
"Bonaire, Saint Eustatius and Saba",2012,sn,m,25-34,0,Smear Negative
"Bonaire, Saint Eustatius and Saba",2012,sn,m,35-44,0,Smear Negative
"Bonaire, Saint Eustatius and Saba",2012,sn,m,45-54,0,Smear Negative
"Bonaire, Saint Eustatius and Saba",2012,sn,m,55-64,0,Smear Negative
"Bonaire, Saint Eustatius and Saba",2012,sn,m,65+,0,Smear Negative
"Bonaire, Saint Eustatius and Saba",2012,sn,f,0-14,0,Smear Negative
"Bonaire, Saint Eustatius and Saba",2012,sn,f,15-24,0,Smear Negative
"Bonaire, Saint Eustatius and Saba",2012,sn,f,25-34,0,Smear Negative
"Bonaire, Saint Eustatius and Saba",2012,sn,f,35-44,0,Smear Negative
"Bonaire, Saint Eustatius and Saba",2012,sn,f,45-54,0,Smear Negative
"Bonaire, Saint Eustatius and Saba",2012,sn,f,55-64,0,Smear Negative
"Bonaire, Saint Eustatius and Saba",2012,sn,f,65+,0,Smear Negative
"Bonaire, Saint Eustatius and Saba",2012,ep,m,0-14,0,Extrapulmonary
"Bonaire, Saint Eustatius and Saba",2012,ep,m,15-24,0,Extrapulmonary
"Bonaire, Saint Eustatius and Saba",2012,ep,m,25-34,0,Extrapulmonary
"Bonaire, Saint Eustatius and Saba",2012,ep,m,35-44,0,Extrapulmonary
"Bonaire, Saint Eustatius and Saba",2012,ep,m,45-54,0,Extrapulmonary
"Bonaire, Saint Eustatius and Saba",2012,ep,m,55-64,0,Extrapulmonary
"Bonaire, Saint Eustatius and Saba",2012,ep,m,65+,0,Extrapulmonary
"Bonaire, Saint Eustatius and Saba",2012,ep,f,0-14,0,Extrapulmonary
"Bonaire, Saint Eustatius and Saba",2012,ep,f,15-24,0,Extrapulmonary
"Bonaire, Saint Eustatius and Saba",2012,ep,f,25-34,0,Extrapulmonary
"Bonaire, Saint Eustatius and Saba",2012,ep,f,35-44,0,Extrapulmonary
"Bonaire, Saint Eustatius and Saba",2012,ep,f,45-54,0,Extrapulmonary
"Bonaire, Saint Eustatius and Saba",2012,ep,f,55-64,0,Extrapulmonary
"Bonaire, Saint Eustatius and Saba",2012,ep,f,65+,0,Extrapulmonary
"Bonaire, Saint Eustatius and Saba",2013,rel,m,0-14,0,Relapse
"Bonaire, Saint Eustatius and Saba",2013,rel,m,15-24,0,Relapse
"Bonaire, Saint Eustatius and Saba",2013,rel,m,25-34,0,Relapse
"Bonaire, Saint Eustatius and Saba",2013,rel,m,35-44,0,Relapse
"Bonaire, Saint Eustatius and Saba",2013,rel,m,45-54,0,Relapse
"Bonaire, Saint Eustatius and Saba",2013,rel,m,55-64,0,Relapse
"Bonaire, Saint Eustatius and Saba",2013,rel,m,65+,0,Relapse
"Bonaire, Saint Eustatius and Saba",2013,rel,f,0-14,0,Relapse
"Bonaire, Saint Eustatius and Saba",2013,rel,f,15-24,0,Relapse
"Bonaire, Saint Eustatius and Saba",2013,rel,f,25-34,0,Relapse
"Bonaire, Saint Eustatius and Saba",2013,rel,f,35-44,0,Relapse
"Bonaire, Saint Eustatius and Saba",2013,rel,f,45-54,0,Relapse
"Bonaire, Saint Eustatius and Saba",2013,rel,f,55-64,0,Relapse
"Bonaire, Saint Eustatius and Saba",2013,rel,f,65+,0,Relapse
Bosnia and Herzegovina,1995,sp,m,0-14,0,Smear Positive
Bosnia and Herzegovina,1995,sp,m,15-24,15,Smear Positive
Bosnia and Herzegovina,1995,sp,m,25-34,61,Smear Positive
Bosnia and Herzegovina,1995,sp,m,35-44,90,Smear Positive
Bosnia and Herzegovina,1995,sp,m,45-54,140,Smear Positive
Bosnia and Herzegovina,1995,sp,m,55-64,139,Smear Positive
Bosnia and Herzegovina,1995,sp,m,65+,100,Smear Positive
Bosnia and Herzegovina,1995,sp,f,0-14,0,Smear Positive
Bosnia and Herzegovina,1995,sp,f,15-24,40,Smear Positive
Bosnia and Herzegovina,1995,sp,f,25-34,67,Smear Positive
Bosnia and Herzegovina,1995,sp,f,35-44,64,Smear Positive
Bosnia and Herzegovina,1995,sp,f,45-54,49,Smear Positive
Bosnia and Herzegovina,1995,sp,f,55-64,77,Smear Positive
Bosnia and Herzegovina,1995,sp,f,65+,23,Smear Positive
Bosnia and Herzegovina,1996,sp,m,0-14,5,Smear Positive
Bosnia and Herzegovina,1996,sp,m,15-24,30,Smear Positive
Bosnia and Herzegovina,1996,sp,m,25-34,48,Smear Positive
Bosnia and Herzegovina,1996,sp,m,35-44,62,Smear Positive
Bosnia and Herzegovina,1996,sp,m,45-54,51,Smear Positive
Bosnia and Herzegovina,1996,sp,m,55-64,60,Smear Positive
Bosnia and Herzegovina,1996,sp,m,65+,39,Smear Positive
Bosnia and Herzegovina,1996,sp,f,0-14,0,Smear Positive
Bosnia and Herzegovina,1996,sp,f,15-24,23,Smear Positive
Bosnia and Herzegovina,1996,sp,f,25-34,28,Smear Positive
Bosnia and Herzegovina,1996,sp,f,35-44,39,Smear Positive
Bosnia and Herzegovina,1996,sp,f,45-54,16,Smear Positive
Bosnia and Herzegovina,1996,sp,f,55-64,27,Smear Positive
Bosnia and Herzegovina,1996,sp,f,65+,39,Smear Positive
Bosnia and Herzegovina,1997,sp,m,0-14,5,Smear Positive
Bosnia and Herzegovina,1997,sp,m,15-24,48,Smear Positive
Bosnia and Herzegovina,1997,sp,m,25-34,84,Smear Positive
Bosnia and Herzegovina,1997,sp,m,35-44,99,Smear Positive
Bosnia and Herzegovina,1997,sp,m,45-54,66,Smear Positive
Bosnia and Herzegovina,1997,sp,m,55-64,36,Smear Positive
Bosnia and Herzegovina,1997,sp,m,65+,74,Smear Positive
Bosnia and Herzegovina,1997,sp,f,0-14,11,Smear Positive
Bosnia and Herzegovina,1997,sp,f,15-24,53,Smear Positive
Bosnia and Herzegovina,1997,sp,f,25-34,42,Smear Positive
Bosnia and Herzegovina,1997,sp,f,35-44,50,Smear Positive
Bosnia and Herzegovina,1997,sp,f,45-54,35,Smear Positive
Bosnia and Herzegovina,1997,sp,f,55-64,65,Smear Positive
Bosnia and Herzegovina,1997,sp,f,65+,83,Smear Positive
Bosnia and Herzegovina,1998,sp,m,0-14,1,Smear Positive
Bosnia and Herzegovina,1998,sp,m,15-24,28,Smear Positive
Bosnia and Herzegovina,1998,sp,m,25-34,75,Smear Positive
Bosnia and Herzegovina,1998,sp,m,35-44,85,Smear Positive
Bosnia and Herzegovina,1998,sp,m,45-54,75,Smear Positive
Bosnia and Herzegovina,1998,sp,m,55-64,55,Smear Positive
Bosnia and Herzegovina,1998,sp,m,65+,75,Smear Positive
Bosnia and Herzegovina,1998,sp,f,0-14,3,Smear Positive
Bosnia and Herzegovina,1998,sp,f,15-24,37,Smear Positive
Bosnia and Herzegovina,1998,sp,f,25-34,42,Smear Positive
Bosnia and Herzegovina,1998,sp,f,35-44,27,Smear Positive
Bosnia and Herzegovina,1998,sp,f,45-54,22,Smear Positive
Bosnia and Herzegovina,1998,sp,f,55-64,30,Smear Positive
Bosnia and Herzegovina,1998,sp,f,65+,85,Smear Positive
Bosnia and Herzegovina,1999,sp,m,0-14,2,Smear Positive
Bosnia and Herzegovina,1999,sp,m,15-24,44,Smear Positive
Bosnia and Herzegovina,1999,sp,m,25-34,76,Smear Positive
Bosnia and Herzegovina,1999,sp,m,35-44,113,Smear Positive
Bosnia and Herzegovina,1999,sp,m,45-54,89,Smear Positive
Bosnia and Herzegovina,1999,sp,m,55-64,60,Smear Positive
Bosnia and Herzegovina,1999,sp,m,65+,68,Smear Positive
Bosnia and Herzegovina,1999,sp,f,0-14,6,Smear Positive
Bosnia and Herzegovina,1999,sp,f,15-24,49,Smear Positive
Bosnia and Herzegovina,1999,sp,f,25-34,59,Smear Positive
Bosnia and Herzegovina,1999,sp,f,35-44,34,Smear Positive
Bosnia and Herzegovina,1999,sp,f,45-54,24,Smear Positive
Bosnia and Herzegovina,1999,sp,f,55-64,38,Smear Positive
Bosnia and Herzegovina,1999,sp,f,65+,87,Smear Positive
Bosnia and Herzegovina,2000,sp,m,0-14,4,Smear Positive
Bosnia and Herzegovina,2000,sp,m,15-24,56,Smear Positive
Bosnia and Herzegovina,2000,sp,m,25-34,82,Smear Positive
Bosnia and Herzegovina,2000,sp,m,35-44,99,Smear Positive
Bosnia and Herzegovina,2000,sp,m,45-54,66,Smear Positive
Bosnia and Herzegovina,2000,sp,m,55-64,58,Smear Positive
Bosnia and Herzegovina,2000,sp,m,65+,77,Smear Positive
Bosnia and Herzegovina,2000,sp,f,0-14,4,Smear Positive
Bosnia and Herzegovina,2000,sp,f,15-24,30,Smear Positive
Bosnia and Herzegovina,2000,sp,f,25-34,46,Smear Positive
Bosnia and Herzegovina,2000,sp,f,35-44,29,Smear Positive
Bosnia and Herzegovina,2000,sp,f,45-54,29,Smear Positive
Bosnia and Herzegovina,2000,sp,f,55-64,48,Smear Positive
Bosnia and Herzegovina,2000,sp,f,65+,124,Smear Positive
Bosnia and Herzegovina,2001,sp,m,0-14,6,Smear Positive
Bosnia and Herzegovina,2001,sp,m,15-24,39,Smear Positive
Bosnia and Herzegovina,2001,sp,m,25-34,70,Smear Positive
Bosnia and Herzegovina,2001,sp,m,35-44,110,Smear Positive
Bosnia and Herzegovina,2001,sp,m,45-54,89,Smear Positive
Bosnia and Herzegovina,2001,sp,m,55-64,53,Smear Positive
Bosnia and Herzegovina,2001,sp,m,65+,99,Smear Positive
Bosnia and Herzegovina,2001,sp,f,0-14,7,Smear Positive
Bosnia and Herzegovina,2001,sp,f,15-24,45,Smear Positive
Bosnia and Herzegovina,2001,sp,f,25-34,50,Smear Positive
Bosnia and Herzegovina,2001,sp,f,35-44,34,Smear Positive
Bosnia and Herzegovina,2001,sp,f,45-54,17,Smear Positive
Bosnia and Herzegovina,2001,sp,f,55-64,50,Smear Positive
Bosnia and Herzegovina,2001,sp,f,65+,127,Smear Positive
Bosnia and Herzegovina,2002,sp,m,0-14,1,Smear Positive
Bosnia and Herzegovina,2002,sp,m,15-24,36,Smear Positive
Bosnia and Herzegovina,2002,sp,m,25-34,48,Smear Positive
Bosnia and Herzegovina,2002,sp,m,35-44,70,Smear Positive
Bosnia and Herzegovina,2002,sp,m,45-54,69,Smear Positive
Bosnia and Herzegovina,2002,sp,m,55-64,33,Smear Positive
Bosnia and Herzegovina,2002,sp,m,65+,63,Smear Positive
Bosnia and Herzegovina,2002,sp,f,0-14,2,Smear Positive
Bosnia and Herzegovina,2002,sp,f,15-24,22,Smear Positive
Bosnia and Herzegovina,2002,sp,f,25-34,33,Smear Positive
Bosnia and Herzegovina,2002,sp,f,35-44,18,Smear Positive
Bosnia and Herzegovina,2002,sp,f,45-54,19,Smear Positive
Bosnia and Herzegovina,2002,sp,f,55-64,31,Smear Positive
Bosnia and Herzegovina,2002,sp,f,65+,81,Smear Positive
Bosnia and Herzegovina,2003,sp,m,0-14,4,Smear Positive
Bosnia and Herzegovina,2003,sp,m,15-24,32,Smear Positive
Bosnia and Herzegovina,2003,sp,m,25-34,42,Smear Positive
Bosnia and Herzegovina,2003,sp,m,35-44,49,Smear Positive
Bosnia and Herzegovina,2003,sp,m,45-54,52,Smear Positive
Bosnia and Herzegovina,2003,sp,m,55-64,45,Smear Positive
Bosnia and Herzegovina,2003,sp,m,65+,50,Smear Positive
Bosnia and Herzegovina,2003,sp,f,0-14,4,Smear Positive
Bosnia and Herzegovina,2003,sp,f,15-24,27,Smear Positive
Bosnia and Herzegovina,2003,sp,f,25-34,37,Smear Positive
Bosnia and Herzegovina,2003,sp,f,35-44,34,Smear Positive
Bosnia and Herzegovina,2003,sp,f,45-54,14,Smear Positive
Bosnia and Herzegovina,2003,sp,f,55-64,30,Smear Positive
Bosnia and Herzegovina,2003,sp,f,65+,73,Smear Positive
Bosnia and Herzegovina,2004,sp,m,0-14,3,Smear Positive
Bosnia and Herzegovina,2004,sp,m,15-24,66,Smear Positive
Bosnia and Herzegovina,2004,sp,m,25-34,79,Smear Positive
Bosnia and Herzegovina,2004,sp,m,35-44,95,Smear Positive
Bosnia and Herzegovina,2004,sp,m,45-54,82,Smear Positive
Bosnia and Herzegovina,2004,sp,m,55-64,77,Smear Positive
Bosnia and Herzegovina,2004,sp,m,65+,115,Smear Positive
Bosnia and Herzegovina,2004,sp,f,0-14,3,Smear Positive
Bosnia and Herzegovina,2004,sp,f,15-24,45,Smear Positive
Bosnia and Herzegovina,2004,sp,f,25-34,67,Smear Positive
Bosnia and Herzegovina,2004,sp,f,35-44,43,Smear Positive
Bosnia and Herzegovina,2004,sp,f,45-54,51,Smear Positive
Bosnia and Herzegovina,2004,sp,f,55-64,59,Smear Positive
Bosnia and Herzegovina,2004,sp,f,65+,102,Smear Positive
Bosnia and Herzegovina,2005,sp,m,0-14,1,Smear Positive
Bosnia and Herzegovina,2005,sp,m,15-24,22,Smear Positive
Bosnia and Herzegovina,2005,sp,m,25-34,58,Smear Positive
Bosnia and Herzegovina,2005,sp,m,35-44,61,Smear Positive
Bosnia and Herzegovina,2005,sp,m,45-54,78,Smear Positive
Bosnia and Herzegovina,2005,sp,m,55-64,44,Smear Positive
Bosnia and Herzegovina,2005,sp,m,65+,80,Smear Positive
Bosnia and Herzegovina,2005,sp,f,0-14,2,Smear Positive
Bosnia and Herzegovina,2005,sp,f,15-24,35,Smear Positive
Bosnia and Herzegovina,2005,sp,f,25-34,39,Smear Positive
Bosnia and Herzegovina,2005,sp,f,35-44,33,Smear Positive
Bosnia and Herzegovina,2005,sp,f,45-54,28,Smear Positive
Bosnia and Herzegovina,2005,sp,f,55-64,28,Smear Positive
Bosnia and Herzegovina,2005,sp,f,65+,130,Smear Positive
Bosnia and Herzegovina,2006,sp,m,0-14,0,Smear Positive
Bosnia and Herzegovina,2006,sp,m,15-24,40,Smear Positive
Bosnia and Herzegovina,2006,sp,m,25-34,58,Smear Positive
Bosnia and Herzegovina,2006,sp,m,35-44,47,Smear Positive
Bosnia and Herzegovina,2006,sp,m,45-54,53,Smear Positive
Bosnia and Herzegovina,2006,sp,m,55-64,42,Smear Positive
Bosnia and Herzegovina,2006,sp,m,65+,66,Smear Positive
Bosnia and Herzegovina,2006,sp,f,0-14,0,Smear Positive
Bosnia and Herzegovina,2006,sp,f,15-24,41,Smear Positive
Bosnia and Herzegovina,2006,sp,f,25-34,50,Smear Positive
Bosnia and Herzegovina,2006,sp,f,35-44,24,Smear Positive
Bosnia and Herzegovina,2006,sp,f,45-54,29,Smear Positive
Bosnia and Herzegovina,2006,sp,f,55-64,20,Smear Positive
Bosnia and Herzegovina,2006,sp,f,65+,88,Smear Positive
Bosnia and Herzegovina,2006,sn,m,0-14,7,Smear Negative
Bosnia and Herzegovina,2006,sn,m,15-24,22,Smear Negative
Bosnia and Herzegovina,2006,sn,m,25-34,30,Smear Negative
Bosnia and Herzegovina,2006,sn,m,35-44,55,Smear Negative
Bosnia and Herzegovina,2006,sn,m,45-54,73,Smear Negative
Bosnia and Herzegovina,2006,sn,m,55-64,82,Smear Negative
Bosnia and Herzegovina,2006,sn,m,65+,196,Smear Negative
Bosnia and Herzegovina,2006,sn,f,0-14,10,Smear Negative
Bosnia and Herzegovina,2006,sn,f,15-24,22,Smear Negative
Bosnia and Herzegovina,2006,sn,f,25-34,18,Smear Negative
Bosnia and Herzegovina,2006,sn,f,35-44,34,Smear Negative
Bosnia and Herzegovina,2006,sn,f,45-54,48,Smear Negative
Bosnia and Herzegovina,2006,sn,f,55-64,68,Smear Negative
Bosnia and Herzegovina,2006,sn,f,65+,243,Smear Negative
Bosnia and Herzegovina,2006,ep,m,0-14,5,Extrapulmonary
Bosnia and Herzegovina,2006,ep,m,15-24,23,Extrapulmonary
Bosnia and Herzegovina,2006,ep,m,25-34,11,Extrapulmonary
Bosnia and Herzegovina,2006,ep,m,35-44,13,Extrapulmonary
Bosnia and Herzegovina,2006,ep,m,45-54,13,Extrapulmonary
Bosnia and Herzegovina,2006,ep,m,55-64,10,Extrapulmonary
Bosnia and Herzegovina,2006,ep,m,65+,29,Extrapulmonary
Bosnia and Herzegovina,2006,ep,f,0-14,2,Extrapulmonary
Bosnia and Herzegovina,2006,ep,f,15-24,14,Extrapulmonary
Bosnia and Herzegovina,2006,ep,f,25-34,20,Extrapulmonary
Bosnia and Herzegovina,2006,ep,f,35-44,12,Extrapulmonary
Bosnia and Herzegovina,2006,ep,f,45-54,15,Extrapulmonary
Bosnia and Herzegovina,2006,ep,f,55-64,12,Extrapulmonary
Bosnia and Herzegovina,2006,ep,f,65+,36,Extrapulmonary
Bosnia and Herzegovina,2007,sp,m,0-14,0,Smear Positive
Bosnia and Herzegovina,2007,sp,m,15-24,0,Smear Positive
Bosnia and Herzegovina,2007,sp,m,25-34,0,Smear Positive
Bosnia and Herzegovina,2007,sp,m,35-44,0,Smear Positive
Bosnia and Herzegovina,2007,sp,m,45-54,0,Smear Positive
Bosnia and Herzegovina,2007,sp,m,55-64,0,Smear Positive
Bosnia and Herzegovina,2007,sp,m,65+,0,Smear Positive
Bosnia and Herzegovina,2007,sp,f,0-14,0,Smear Positive
Bosnia and Herzegovina,2007,sp,f,15-24,0,Smear Positive
Bosnia and Herzegovina,2007,sp,f,25-34,0,Smear Positive
Bosnia and Herzegovina,2007,sp,f,35-44,0,Smear Positive
Bosnia and Herzegovina,2007,sp,f,45-54,0,Smear Positive
Bosnia and Herzegovina,2007,sp,f,55-64,0,Smear Positive
Bosnia and Herzegovina,2007,sp,f,65+,0,Smear Positive
Bosnia and Herzegovina,2007,sn,m,0-14,0,Smear Negative
Bosnia and Herzegovina,2007,sn,m,15-24,0,Smear Negative
Bosnia and Herzegovina,2007,sn,m,25-34,0,Smear Negative
Bosnia and Herzegovina,2007,sn,m,35-44,0,Smear Negative
Bosnia and Herzegovina,2007,sn,m,45-54,0,Smear Negative
Bosnia and Herzegovina,2007,sn,m,55-64,0,Smear Negative
Bosnia and Herzegovina,2007,sn,m,65+,0,Smear Negative
Bosnia and Herzegovina,2007,sn,f,0-14,0,Smear Negative
Bosnia and Herzegovina,2007,sn,f,15-24,0,Smear Negative
Bosnia and Herzegovina,2007,sn,f,25-34,0,Smear Negative
Bosnia and Herzegovina,2007,sn,f,35-44,0,Smear Negative
Bosnia and Herzegovina,2007,sn,f,45-54,0,Smear Negative
Bosnia and Herzegovina,2007,sn,f,55-64,0,Smear Negative
Bosnia and Herzegovina,2007,sn,f,65+,0,Smear Negative
Bosnia and Herzegovina,2007,ep,m,0-14,0,Extrapulmonary
Bosnia and Herzegovina,2007,ep,m,15-24,0,Extrapulmonary
Bosnia and Herzegovina,2007,ep,m,25-34,0,Extrapulmonary
Bosnia and Herzegovina,2007,ep,m,35-44,0,Extrapulmonary
Bosnia and Herzegovina,2007,ep,m,45-54,0,Extrapulmonary
Bosnia and Herzegovina,2007,ep,m,55-64,0,Extrapulmonary
Bosnia and Herzegovina,2007,ep,m,65+,0,Extrapulmonary
Bosnia and Herzegovina,2007,ep,f,0-14,0,Extrapulmonary
Bosnia and Herzegovina,2007,ep,f,15-24,0,Extrapulmonary
Bosnia and Herzegovina,2007,ep,f,25-34,0,Extrapulmonary
Bosnia and Herzegovina,2007,ep,f,35-44,0,Extrapulmonary
Bosnia and Herzegovina,2007,ep,f,45-54,0,Extrapulmonary
Bosnia and Herzegovina,2007,ep,f,55-64,0,Extrapulmonary
Bosnia and Herzegovina,2007,ep,f,65+,0,Extrapulmonary
Bosnia and Herzegovina,2008,sp,m,0-14,0,Smear Positive
Bosnia and Herzegovina,2008,sp,m,15-24,20,Smear Positive
Bosnia and Herzegovina,2008,sp,m,25-34,35,Smear Positive
Bosnia and Herzegovina,2008,sp,m,35-44,38,Smear Positive
Bosnia and Herzegovina,2008,sp,m,45-54,84,Smear Positive
Bosnia and Herzegovina,2008,sp,m,55-64,49,Smear Positive
Bosnia and Herzegovina,2008,sp,m,65+,79,Smear Positive
Bosnia and Herzegovina,2008,sp,f,0-14,3,Smear Positive
Bosnia and Herzegovina,2008,sp,f,15-24,26,Smear Positive
Bosnia and Herzegovina,2008,sp,f,25-34,26,Smear Positive
Bosnia and Herzegovina,2008,sp,f,35-44,20,Smear Positive
Bosnia and Herzegovina,2008,sp,f,45-54,11,Smear Positive
Bosnia and Herzegovina,2008,sp,f,55-64,6,Smear Positive
Bosnia and Herzegovina,2008,sp,f,65+,112,Smear Positive
Bosnia and Herzegovina,2008,sn,m,0-14,5,Smear Negative
Bosnia and Herzegovina,2008,sn,m,15-24,39,Smear Negative
Bosnia and Herzegovina,2008,sn,m,25-34,47,Smear Negative
Bosnia and Herzegovina,2008,sn,m,35-44,45,Smear Negative
Bosnia and Herzegovina,2008,sn,m,45-54,99,Smear Negative
Bosnia and Herzegovina,2008,sn,m,55-64,80,Smear Negative
Bosnia and Herzegovina,2008,sn,m,65+,196,Smear Negative
Bosnia and Herzegovina,2008,sn,f,0-14,1,Smear Negative
Bosnia and Herzegovina,2008,sn,f,15-24,19,Smear Negative
Bosnia and Herzegovina,2008,sn,f,25-34,31,Smear Negative
Bosnia and Herzegovina,2008,sn,f,35-44,39,Smear Negative
Bosnia and Herzegovina,2008,sn,f,45-54,40,Smear Negative
Bosnia and Herzegovina,2008,sn,f,55-64,66,Smear Negative
Bosnia and Herzegovina,2008,sn,f,65+,212,Smear Negative
Bosnia and Herzegovina,2008,ep,m,0-14,4,Extrapulmonary
Bosnia and Herzegovina,2008,ep,m,15-24,13,Extrapulmonary
Bosnia and Herzegovina,2008,ep,m,25-34,18,Extrapulmonary
Bosnia and Herzegovina,2008,ep,m,35-44,23,Extrapulmonary
Bosnia and Herzegovina,2008,ep,m,45-54,24,Extrapulmonary
Bosnia and Herzegovina,2008,ep,m,55-64,13,Extrapulmonary
Bosnia and Herzegovina,2008,ep,m,65+,33,Extrapulmonary
Bosnia and Herzegovina,2008,ep,f,0-14,4,Extrapulmonary
Bosnia and Herzegovina,2008,ep,f,15-24,12,Extrapulmonary
Bosnia and Herzegovina,2008,ep,f,25-34,12,Extrapulmonary
Bosnia and Herzegovina,2008,ep,f,35-44,18,Extrapulmonary
Bosnia and Herzegovina,2008,ep,f,45-54,12,Extrapulmonary
Bosnia and Herzegovina,2008,ep,f,55-64,18,Extrapulmonary
Bosnia and Herzegovina,2008,ep,f,65+,37,Extrapulmonary
Bosnia and Herzegovina,2009,sp,m,0-14,2,Smear Positive
Bosnia and Herzegovina,2009,sp,m,15-24,27,Smear Positive
Bosnia and Herzegovina,2009,sp,m,25-34,35,Smear Positive
Bosnia and Herzegovina,2009,sp,m,35-44,75,Smear Positive
Bosnia and Herzegovina,2009,sp,m,45-54,77,Smear Positive
Bosnia and Herzegovina,2009,sp,m,55-64,67,Smear Positive
Bosnia and Herzegovina,2009,sp,m,65+,99,Smear Positive
Bosnia and Herzegovina,2009,sp,f,0-14,4,Smear Positive
Bosnia and Herzegovina,2009,sp,f,15-24,31,Smear Positive
Bosnia and Herzegovina,2009,sp,f,25-34,30,Smear Positive
Bosnia and Herzegovina,2009,sp,f,35-44,17,Smear Positive
Bosnia and Herzegovina,2009,sp,f,45-54,19,Smear Positive
Bosnia and Herzegovina,2009,sp,f,55-64,13,Smear Positive
Bosnia and Herzegovina,2009,sp,f,65+,113,Smear Positive
Bosnia and Herzegovina,2009,sn,m,0-14,3,Smear Negative
Bosnia and Herzegovina,2009,sn,m,15-24,28,Smear Negative
Bosnia and Herzegovina,2009,sn,m,25-34,44,Smear Negative
Bosnia and Herzegovina,2009,sn,m,35-44,48,Smear Negative
Bosnia and Herzegovina,2009,sn,m,45-54,103,Smear Negative
Bosnia and Herzegovina,2009,sn,m,55-64,76,Smear Negative
Bosnia and Herzegovina,2009,sn,m,65+,198,Smear Negative
Bosnia and Herzegovina,2009,sn,f,0-14,2,Smear Negative
Bosnia and Herzegovina,2009,sn,f,15-24,19,Smear Negative
Bosnia and Herzegovina,2009,sn,f,25-34,27,Smear Negative
Bosnia and Herzegovina,2009,sn,f,35-44,27,Smear Negative
Bosnia and Herzegovina,2009,sn,f,45-54,31,Smear Negative
Bosnia and Herzegovina,2009,sn,f,55-64,59,Smear Negative
Bosnia and Herzegovina,2009,sn,f,65+,197,Smear Negative
Bosnia and Herzegovina,2009,ep,m,0-14,3,Extrapulmonary
Bosnia and Herzegovina,2009,ep,m,15-24,12,Extrapulmonary
Bosnia and Herzegovina,2009,ep,m,25-34,12,Extrapulmonary
Bosnia and Herzegovina,2009,ep,m,35-44,15,Extrapulmonary
Bosnia and Herzegovina,2009,ep,m,45-54,17,Extrapulmonary
Bosnia and Herzegovina,2009,ep,m,55-64,17,Extrapulmonary
Bosnia and Herzegovina,2009,ep,m,65+,28,Extrapulmonary
Bosnia and Herzegovina,2009,ep,f,0-14,0,Extrapulmonary
Bosnia and Herzegovina,2009,ep,f,15-24,12,Extrapulmonary
Bosnia and Herzegovina,2009,ep,f,25-34,14,Extrapulmonary
Bosnia and Herzegovina,2009,ep,f,35-44,8,Extrapulmonary
Bosnia and Herzegovina,2009,ep,f,45-54,14,Extrapulmonary
Bosnia and Herzegovina,2009,ep,f,55-64,10,Extrapulmonary
Bosnia and Herzegovina,2009,ep,f,65+,20,Extrapulmonary
Bosnia and Herzegovina,2010,sp,m,0-14,1,Smear Positive
Bosnia and Herzegovina,2010,sp,m,15-24,27,Smear Positive
Bosnia and Herzegovina,2010,sp,m,25-34,37,Smear Positive
Bosnia and Herzegovina,2010,sp,m,35-44,34,Smear Positive
Bosnia and Herzegovina,2010,sp,m,45-54,61,Smear Positive
Bosnia and Herzegovina,2010,sp,m,55-64,46,Smear Positive
Bosnia and Herzegovina,2010,sp,m,65+,51,Smear Positive
Bosnia and Herzegovina,2010,sp,f,0-14,0,Smear Positive
Bosnia and Herzegovina,2010,sp,f,15-24,27,Smear Positive
Bosnia and Herzegovina,2010,sp,f,25-34,19,Smear Positive
Bosnia and Herzegovina,2010,sp,f,35-44,16,Smear Positive
Bosnia and Herzegovina,2010,sp,f,45-54,10,Smear Positive
Bosnia and Herzegovina,2010,sp,f,55-64,18,Smear Positive
Bosnia and Herzegovina,2010,sp,f,65+,94,Smear Positive
Bosnia and Herzegovina,2010,sn,m,0-14,6,Smear Negative
Bosnia and Herzegovina,2010,sn,m,15-24,27,Smear Negative
Bosnia and Herzegovina,2010,sn,m,25-34,26,Smear Negative
Bosnia and Herzegovina,2010,sn,m,35-44,41,Smear Negative
Bosnia and Herzegovina,2010,sn,m,45-54,64,Smear Negative
Bosnia and Herzegovina,2010,sn,m,55-64,71,Smear Negative
Bosnia and Herzegovina,2010,sn,m,65+,154,Smear Negative
Bosnia and Herzegovina,2010,sn,f,0-14,4,Smear Negative
Bosnia and Herzegovina,2010,sn,f,15-24,27,Smear Negative
Bosnia and Herzegovina,2010,sn,f,25-34,19,Smear Negative
Bosnia and Herzegovina,2010,sn,f,35-44,26,Smear Negative
Bosnia and Herzegovina,2010,sn,f,45-54,31,Smear Negative
Bosnia and Herzegovina,2010,sn,f,55-64,41,Smear Negative
Bosnia and Herzegovina,2010,sn,f,65+,150,Smear Negative
Bosnia and Herzegovina,2010,ep,m,0-14,1,Extrapulmonary
Bosnia and Herzegovina,2010,ep,m,15-24,12,Extrapulmonary
Bosnia and Herzegovina,2010,ep,m,25-34,12,Extrapulmonary
Bosnia and Herzegovina,2010,ep,m,35-44,7,Extrapulmonary
Bosnia and Herzegovina,2010,ep,m,45-54,15,Extrapulmonary
Bosnia and Herzegovina,2010,ep,m,55-64,14,Extrapulmonary
Bosnia and Herzegovina,2010,ep,m,65+,29,Extrapulmonary
Bosnia and Herzegovina,2010,ep,f,0-14,1,Extrapulmonary
Bosnia and Herzegovina,2010,ep,f,15-24,15,Extrapulmonary
Bosnia and Herzegovina,2010,ep,f,25-34,8,Extrapulmonary
Bosnia and Herzegovina,2010,ep,f,35-44,8,Extrapulmonary
Bosnia and Herzegovina,2010,ep,f,45-54,10,Extrapulmonary
Bosnia and Herzegovina,2010,ep,f,55-64,8,Extrapulmonary
Bosnia and Herzegovina,2010,ep,f,65+,21,Extrapulmonary
Bosnia and Herzegovina,2011,sp,m,0-14,2,Smear Positive
Bosnia and Herzegovina,2011,sp,m,15-24,33,Smear Positive
Bosnia and Herzegovina,2011,sp,m,25-34,32,Smear Positive
Bosnia and Herzegovina,2011,sp,m,35-44,52,Smear Positive
Bosnia and Herzegovina,2011,sp,m,45-54,75,Smear Positive
Bosnia and Herzegovina,2011,sp,m,55-64,61,Smear Positive
Bosnia and Herzegovina,2011,sp,m,65+,62,Smear Positive
Bosnia and Herzegovina,2011,sp,f,0-14,3,Smear Positive
Bosnia and Herzegovina,2011,sp,f,15-24,17,Smear Positive
Bosnia and Herzegovina,2011,sp,f,25-34,27,Smear Positive
Bosnia and Herzegovina,2011,sp,f,35-44,17,Smear Positive
Bosnia and Herzegovina,2011,sp,f,45-54,13,Smear Positive
Bosnia and Herzegovina,2011,sp,f,55-64,25,Smear Positive
Bosnia and Herzegovina,2011,sp,f,65+,128,Smear Positive
Bosnia and Herzegovina,2011,sn,m,0-14,6,Smear Negative
Bosnia and Herzegovina,2011,sn,m,15-24,24,Smear Negative
Bosnia and Herzegovina,2011,sn,m,25-34,34,Smear Negative
Bosnia and Herzegovina,2011,sn,m,35-44,39,Smear Negative
Bosnia and Herzegovina,2011,sn,m,45-54,61,Smear Negative
Bosnia and Herzegovina,2011,sn,m,55-64,91,Smear Negative
Bosnia and Herzegovina,2011,sn,m,65+,80,Smear Negative
Bosnia and Herzegovina,2011,sn,f,0-14,6,Smear Negative
Bosnia and Herzegovina,2011,sn,f,15-24,19,Smear Negative
Bosnia and Herzegovina,2011,sn,f,25-34,31,Smear Negative
Bosnia and Herzegovina,2011,sn,f,35-44,25,Smear Negative
Bosnia and Herzegovina,2011,sn,f,45-54,31,Smear Negative
Bosnia and Herzegovina,2011,sn,f,55-64,35,Smear Negative
Bosnia and Herzegovina,2011,sn,f,65+,127,Smear Negative
Bosnia and Herzegovina,2011,ep,m,0-14,1,Extrapulmonary
Bosnia and Herzegovina,2011,ep,m,15-24,15,Extrapulmonary
Bosnia and Herzegovina,2011,ep,m,25-34,7,Extrapulmonary
Bosnia and Herzegovina,2011,ep,m,35-44,9,Extrapulmonary
Bosnia and Herzegovina,2011,ep,m,45-54,14,Extrapulmonary
Bosnia and Herzegovina,2011,ep,m,55-64,16,Extrapulmonary
Bosnia and Herzegovina,2011,ep,m,65+,25,Extrapulmonary
Bosnia and Herzegovina,2011,ep,f,0-14,2,Extrapulmonary
Bosnia and Herzegovina,2011,ep,f,15-24,5,Extrapulmonary
Bosnia and Herzegovina,2011,ep,f,25-34,9,Extrapulmonary
Bosnia and Herzegovina,2011,ep,f,35-44,8,Extrapulmonary
Bosnia and Herzegovina,2011,ep,f,45-54,11,Extrapulmonary
Bosnia and Herzegovina,2011,ep,f,55-64,20,Extrapulmonary
Bosnia and Herzegovina,2011,ep,f,65+,20,Extrapulmonary
Bosnia and Herzegovina,2012,sp,m,0-14,1,Smear Positive
Bosnia and Herzegovina,2012,sp,m,15-24,23,Smear Positive
Bosnia and Herzegovina,2012,sp,m,25-34,32,Smear Positive
Bosnia and Herzegovina,2012,sp,m,35-44,58,Smear Positive
Bosnia and Herzegovina,2012,sp,m,45-54,74,Smear Positive
Bosnia and Herzegovina,2012,sp,m,55-64,62,Smear Positive
Bosnia and Herzegovina,2012,sp,m,65+,92,Smear Positive
Bosnia and Herzegovina,2012,sp,f,0-14,0,Smear Positive
Bosnia and Herzegovina,2012,sp,f,15-24,33,Smear Positive
Bosnia and Herzegovina,2012,sp,f,25-34,26,Smear Positive
Bosnia and Herzegovina,2012,sp,f,35-44,21,Smear Positive
Bosnia and Herzegovina,2012,sp,f,45-54,10,Smear Positive
Bosnia and Herzegovina,2012,sp,f,55-64,25,Smear Positive
Bosnia and Herzegovina,2012,sp,f,65+,116,Smear Positive
Bosnia and Herzegovina,2012,sn,m,0-14,7,Smear Negative
Bosnia and Herzegovina,2012,sn,m,15-24,19,Smear Negative
Bosnia and Herzegovina,2012,sn,m,25-34,32,Smear Negative
Bosnia and Herzegovina,2012,sn,m,35-44,29,Smear Negative
Bosnia and Herzegovina,2012,sn,m,45-54,59,Smear Negative
Bosnia and Herzegovina,2012,sn,m,55-64,80,Smear Negative
Bosnia and Herzegovina,2012,sn,m,65+,102,Smear Negative
Bosnia and Herzegovina,2012,sn,f,0-14,2,Smear Negative
Bosnia and Herzegovina,2012,sn,f,15-24,19,Smear Negative
Bosnia and Herzegovina,2012,sn,f,25-34,20,Smear Negative
Bosnia and Herzegovina,2012,sn,f,35-44,9,Smear Negative
Bosnia and Herzegovina,2012,sn,f,45-54,19,Smear Negative
Bosnia and Herzegovina,2012,sn,f,55-64,27,Smear Negative
Bosnia and Herzegovina,2012,sn,f,65+,105,Smear Negative
Bosnia and Herzegovina,2012,ep,m,0-14,4,Extrapulmonary
Bosnia and Herzegovina,2012,ep,m,15-24,17,Extrapulmonary
Bosnia and Herzegovina,2012,ep,m,25-34,14,Extrapulmonary
Bosnia and Herzegovina,2012,ep,m,35-44,10,Extrapulmonary
Bosnia and Herzegovina,2012,ep,m,45-54,13,Extrapulmonary
Bosnia and Herzegovina,2012,ep,m,55-64,14,Extrapulmonary
Bosnia and Herzegovina,2012,ep,m,65+,27,Extrapulmonary
Bosnia and Herzegovina,2012,ep,f,0-14,4,Extrapulmonary
Bosnia and Herzegovina,2012,ep,f,15-24,9,Extrapulmonary
Bosnia and Herzegovina,2012,ep,f,25-34,6,Extrapulmonary
Bosnia and Herzegovina,2012,ep,f,35-44,12,Extrapulmonary
Bosnia and Herzegovina,2012,ep,f,45-54,13,Extrapulmonary
Bosnia and Herzegovina,2012,ep,f,55-64,10,Extrapulmonary
Bosnia and Herzegovina,2012,ep,f,65+,23,Extrapulmonary
Bosnia and Herzegovina,2013,rel,m,0-14,7,Relapse
Bosnia and Herzegovina,2013,rel,m,15-24,57,Relapse
Bosnia and Herzegovina,2013,rel,m,25-34,73,Relapse
Bosnia and Herzegovina,2013,rel,m,35-44,89,Relapse
Bosnia and Herzegovina,2013,rel,m,45-54,125,Relapse
Bosnia and Herzegovina,2013,rel,m,55-64,136,Relapse
Bosnia and Herzegovina,2013,rel,m,65+,208,Relapse
Bosnia and Herzegovina,2013,rel,f,0-14,5,Relapse
Bosnia and Herzegovina,2013,rel,f,15-24,53,Relapse
Bosnia and Herzegovina,2013,rel,f,25-34,46,Relapse
Bosnia and Herzegovina,2013,rel,f,35-44,47,Relapse
Bosnia and Herzegovina,2013,rel,f,45-54,50,Relapse
Bosnia and Herzegovina,2013,rel,f,55-64,71,Relapse
Bosnia and Herzegovina,2013,rel,f,65+,294,Relapse
Botswana,1997,sp,m,0-14,29,Smear Positive
Botswana,1997,sp,m,15-24,193,Smear Positive
Botswana,1997,sp,m,25-34,509,Smear Positive
Botswana,1997,sp,m,35-44,422,Smear Positive
Botswana,1997,sp,m,45-54,244,Smear Positive
Botswana,1997,sp,m,55-64,143,Smear Positive
Botswana,1997,sp,m,65+,95,Smear Positive
Botswana,1997,sp,f,0-14,28,Smear Positive
Botswana,1997,sp,f,15-24,291,Smear Positive
Botswana,1997,sp,f,25-34,359,Smear Positive
Botswana,1997,sp,f,35-44,181,Smear Positive
Botswana,1997,sp,f,45-54,97,Smear Positive
Botswana,1997,sp,f,55-64,60,Smear Positive
Botswana,1997,sp,f,65+,35,Smear Positive
Botswana,1999,sp,m,0-14,18,Smear Positive
Botswana,1999,sp,m,15-24,177,Smear Positive
Botswana,1999,sp,m,25-34,526,Smear Positive
Botswana,1999,sp,m,35-44,492,Smear Positive
Botswana,1999,sp,m,45-54,274,Smear Positive
Botswana,1999,sp,m,55-64,139,Smear Positive
Botswana,1999,sp,m,65+,93,Smear Positive
Botswana,1999,sp,f,0-14,46,Smear Positive
Botswana,1999,sp,f,15-24,274,Smear Positive
Botswana,1999,sp,f,25-34,434,Smear Positive
Botswana,1999,sp,f,35-44,225,Smear Positive
Botswana,1999,sp,f,45-54,90,Smear Positive
Botswana,1999,sp,f,55-64,30,Smear Positive
Botswana,1999,sp,f,65+,37,Smear Positive
Botswana,2000,sp,m,0-14,25,Smear Positive
Botswana,2000,sp,m,15-24,185,Smear Positive
Botswana,2000,sp,m,25-34,605,Smear Positive
Botswana,2000,sp,m,35-44,488,Smear Positive
Botswana,2000,sp,m,45-54,267,Smear Positive
Botswana,2000,sp,m,55-64,135,Smear Positive
Botswana,2000,sp,m,65+,96,Smear Positive
Botswana,2000,sp,f,0-14,37,Smear Positive
Botswana,2000,sp,f,15-24,335,Smear Positive
Botswana,2000,sp,f,25-34,469,Smear Positive
Botswana,2000,sp,f,35-44,262,Smear Positive
Botswana,2000,sp,f,45-54,98,Smear Positive
Botswana,2000,sp,f,55-64,57,Smear Positive
Botswana,2000,sp,f,65+,36,Smear Positive
Botswana,2001,sp,m,0-14,15,Smear Positive
Botswana,2001,sp,m,15-24,190,Smear Positive
Botswana,2001,sp,m,25-34,539,Smear Positive
Botswana,2001,sp,m,35-44,490,Smear Positive
Botswana,2001,sp,m,45-54,288,Smear Positive
Botswana,2001,sp,m,55-64,116,Smear Positive
Botswana,2001,sp,m,65+,73,Smear Positive
Botswana,2001,sp,f,0-14,33,Smear Positive
Botswana,2001,sp,f,15-24,328,Smear Positive
Botswana,2001,sp,f,25-34,493,Smear Positive
Botswana,2001,sp,f,35-44,309,Smear Positive
Botswana,2001,sp,f,45-54,116,Smear Positive
Botswana,2001,sp,f,55-64,46,Smear Positive
Botswana,2001,sp,f,65+,23,Smear Positive
Botswana,2002,sp,m,0-14,17,Smear Positive
Botswana,2002,sp,m,15-24,226,Smear Positive
Botswana,2002,sp,m,25-34,595,Smear Positive
Botswana,2002,sp,m,35-44,517,Smear Positive
Botswana,2002,sp,m,45-54,244,Smear Positive
Botswana,2002,sp,m,55-64,136,Smear Positive
Botswana,2002,sp,m,65+,84,Smear Positive
Botswana,2002,sp,f,0-14,45,Smear Positive
Botswana,2002,sp,f,15-24,393,Smear Positive
Botswana,2002,sp,f,25-34,566,Smear Positive
Botswana,2002,sp,f,35-44,290,Smear Positive
Botswana,2002,sp,f,45-54,144,Smear Positive
Botswana,2002,sp,f,55-64,54,Smear Positive
Botswana,2002,sp,f,65+,26,Smear Positive
Botswana,2003,sp,m,0-14,22,Smear Positive
Botswana,2003,sp,m,15-24,203,Smear Positive
Botswana,2003,sp,m,25-34,552,Smear Positive
Botswana,2003,sp,m,35-44,446,Smear Positive
Botswana,2003,sp,m,45-54,244,Smear Positive
Botswana,2003,sp,m,55-64,136,Smear Positive
Botswana,2003,sp,m,65+,78,Smear Positive
Botswana,2003,sp,f,0-14,32,Smear Positive
Botswana,2003,sp,f,15-24,338,Smear Positive
Botswana,2003,sp,f,25-34,524,Smear Positive
Botswana,2003,sp,f,35-44,276,Smear Positive
Botswana,2003,sp,f,45-54,104,Smear Positive
Botswana,2003,sp,f,55-64,52,Smear Positive
Botswana,2003,sp,f,65+,43,Smear Positive
Botswana,2004,sp,m,0-14,29,Smear Positive
Botswana,2004,sp,m,15-24,245,Smear Positive
Botswana,2004,sp,m,25-34,490,Smear Positive
Botswana,2004,sp,m,35-44,436,Smear Positive
Botswana,2004,sp,m,45-54,271,Smear Positive
Botswana,2004,sp,m,55-64,122,Smear Positive
Botswana,2004,sp,m,65+,96,Smear Positive
Botswana,2004,sp,f,0-14,49,Smear Positive
Botswana,2004,sp,f,15-24,358,Smear Positive
Botswana,2004,sp,f,25-34,544,Smear Positive
Botswana,2004,sp,f,35-44,290,Smear Positive
Botswana,2004,sp,f,45-54,110,Smear Positive
Botswana,2004,sp,f,55-64,52,Smear Positive
Botswana,2004,sp,f,65+,36,Smear Positive
Botswana,2005,sp,m,0-14,27,Smear Positive
Botswana,2005,sp,m,15-24,260,Smear Positive
Botswana,2005,sp,m,25-34,563,Smear Positive
Botswana,2005,sp,m,35-44,506,Smear Positive
Botswana,2005,sp,m,45-54,272,Smear Positive
Botswana,2005,sp,m,55-64,135,Smear Positive
Botswana,2005,sp,m,65+,97,Smear Positive
Botswana,2005,sp,f,0-14,45,Smear Positive
Botswana,2005,sp,f,15-24,321,Smear Positive
Botswana,2005,sp,f,25-34,491,Smear Positive
Botswana,2005,sp,f,35-44,253,Smear Positive
Botswana,2005,sp,f,45-54,97,Smear Positive
Botswana,2005,sp,f,55-64,55,Smear Positive
Botswana,2005,sp,f,65+,48,Smear Positive
Botswana,2006,sp,m,0-14,36,Smear Positive
Botswana,2006,sp,m,15-24,262,Smear Positive
Botswana,2006,sp,m,25-34,577,Smear Positive
Botswana,2006,sp,m,35-44,490,Smear Positive
Botswana,2006,sp,m,45-54,289,Smear Positive
Botswana,2006,sp,m,55-64,122,Smear Positive
Botswana,2006,sp,m,65+,104,Smear Positive
Botswana,2006,sp,f,0-14,54,Smear Positive
Botswana,2006,sp,f,15-24,326,Smear Positive
Botswana,2006,sp,f,25-34,507,Smear Positive
Botswana,2006,sp,f,35-44,259,Smear Positive
Botswana,2006,sp,f,45-54,133,Smear Positive
Botswana,2006,sp,f,55-64,55,Smear Positive
Botswana,2006,sp,f,65+,38,Smear Positive
Botswana,2007,sp,m,0-14,25,Smear Positive
Botswana,2007,sp,m,15-24,251,Smear Positive
Botswana,2007,sp,m,25-34,535,Smear Positive
Botswana,2007,sp,m,35-44,442,Smear Positive
Botswana,2007,sp,m,45-54,263,Smear Positive
Botswana,2007,sp,m,55-64,120,Smear Positive
Botswana,2007,sp,m,65+,82,Smear Positive
Botswana,2007,sp,f,0-14,46,Smear Positive
Botswana,2007,sp,f,15-24,347,Smear Positive
Botswana,2007,sp,f,25-34,430,Smear Positive
Botswana,2007,sp,f,35-44,254,Smear Positive
Botswana,2007,sp,f,45-54,123,Smear Positive
Botswana,2007,sp,f,55-64,47,Smear Positive
Botswana,2007,sp,f,65+,37,Smear Positive
Botswana,2008,sp,m,0-14,27,Smear Positive
Botswana,2008,sp,m,15-24,254,Smear Positive
Botswana,2008,sp,m,25-34,528,Smear Positive
Botswana,2008,sp,m,35-44,384,Smear Positive
Botswana,2008,sp,m,45-54,220,Smear Positive
Botswana,2008,sp,m,55-64,113,Smear Positive
Botswana,2008,sp,m,65+,85,Smear Positive
Botswana,2008,sp,f,0-14,42,Smear Positive
Botswana,2008,sp,f,15-24,347,Smear Positive
Botswana,2008,sp,f,25-34,474,Smear Positive
Botswana,2008,sp,f,35-44,226,Smear Positive
Botswana,2008,sp,f,45-54,135,Smear Positive
Botswana,2008,sp,f,55-64,51,Smear Positive
Botswana,2008,sp,f,65+,30,Smear Positive
Botswana,2008,sn,m,0-14,225,Smear Negative
Botswana,2008,sn,m,15-24,144,Smear Negative
Botswana,2008,sn,m,25-34,492,Smear Negative
Botswana,2008,sn,m,35-44,473,Smear Negative
Botswana,2008,sn,m,45-54,282,Smear Negative
Botswana,2008,sn,m,55-64,152,Smear Negative
Botswana,2008,sn,m,65+,132,Smear Negative
Botswana,2008,sn,f,0-14,215,Smear Negative
Botswana,2008,sn,f,15-24,227,Smear Negative
Botswana,2008,sn,f,25-34,461,Smear Negative
Botswana,2008,sn,f,35-44,298,Smear Negative
Botswana,2008,sn,f,45-54,131,Smear Negative
Botswana,2008,sn,f,55-64,67,Smear Negative
Botswana,2008,sn,f,65+,67,Smear Negative
Botswana,2008,ep,m,0-14,90,Extrapulmonary
Botswana,2008,ep,m,15-24,63,Extrapulmonary
Botswana,2008,ep,m,25-34,226,Extrapulmonary
Botswana,2008,ep,m,35-44,204,Extrapulmonary
Botswana,2008,ep,m,45-54,103,Extrapulmonary
Botswana,2008,ep,m,55-64,53,Extrapulmonary
Botswana,2008,ep,m,65+,52,Extrapulmonary
Botswana,2008,ep,f,0-14,87,Extrapulmonary
Botswana,2008,ep,f,15-24,110,Extrapulmonary
Botswana,2008,ep,f,25-34,274,Extrapulmonary
Botswana,2008,ep,f,35-44,154,Extrapulmonary
Botswana,2008,ep,f,45-54,79,Extrapulmonary
Botswana,2008,ep,f,55-64,21,Extrapulmonary
Botswana,2008,ep,f,65+,28,Extrapulmonary
Botswana,2009,sp,m,0-14,40,Smear Positive
Botswana,2009,sp,m,15-24,262,Smear Positive
Botswana,2009,sp,m,25-34,539,Smear Positive
Botswana,2009,sp,m,35-44,461,Smear Positive
Botswana,2009,sp,m,45-54,271,Smear Positive
Botswana,2009,sp,m,55-64,136,Smear Positive
Botswana,2009,sp,m,65+,101,Smear Positive
Botswana,2009,sp,f,0-14,63,Smear Positive
Botswana,2009,sp,f,15-24,331,Smear Positive
Botswana,2009,sp,f,25-34,455,Smear Positive
Botswana,2009,sp,f,35-44,256,Smear Positive
Botswana,2009,sp,f,45-54,128,Smear Positive
Botswana,2009,sp,f,55-64,56,Smear Positive
Botswana,2009,sp,f,65+,45,Smear Positive
Botswana,2009,sn,m,0-14,311,Smear Negative
Botswana,2009,sn,m,15-24,138,Smear Negative
Botswana,2009,sn,m,25-34,442,Smear Negative
Botswana,2009,sn,m,35-44,439,Smear Negative
Botswana,2009,sn,m,45-54,259,Smear Negative
Botswana,2009,sn,m,55-64,149,Smear Negative
Botswana,2009,sn,m,65+,123,Smear Negative
Botswana,2009,sn,f,0-14,274,Smear Negative
Botswana,2009,sn,f,15-24,217,Smear Negative
Botswana,2009,sn,f,25-34,488,Smear Negative
Botswana,2009,sn,f,35-44,284,Smear Negative
Botswana,2009,sn,f,45-54,142,Smear Negative
Botswana,2009,sn,f,55-64,67,Smear Negative
Botswana,2009,sn,f,65+,60,Smear Negative
Botswana,2009,ep,m,0-14,81,Extrapulmonary
Botswana,2009,ep,m,15-24,69,Extrapulmonary
Botswana,2009,ep,m,25-34,217,Extrapulmonary
Botswana,2009,ep,m,35-44,188,Extrapulmonary
Botswana,2009,ep,m,45-54,96,Extrapulmonary
Botswana,2009,ep,m,55-64,55,Extrapulmonary
Botswana,2009,ep,m,65+,43,Extrapulmonary
Botswana,2009,ep,f,0-14,84,Extrapulmonary
Botswana,2009,ep,f,15-24,99,Extrapulmonary
Botswana,2009,ep,f,25-34,226,Extrapulmonary
Botswana,2009,ep,f,35-44,149,Extrapulmonary
Botswana,2009,ep,f,45-54,73,Extrapulmonary
Botswana,2009,ep,f,55-64,24,Extrapulmonary
Botswana,2009,ep,f,65+,25,Extrapulmonary
Botswana,2010,sp,m,0-14,45,Smear Positive
Botswana,2010,sp,m,15-24,256,Smear Positive
Botswana,2010,sp,m,25-34,590,Smear Positive
Botswana,2010,sp,m,35-44,477,Smear Positive
Botswana,2010,sp,m,45-54,239,Smear Positive
Botswana,2010,sp,m,55-64,137,Smear Positive
Botswana,2010,sp,m,65+,107,Smear Positive
Botswana,2010,sp,f,0-14,68,Smear Positive
Botswana,2010,sp,f,15-24,338,Smear Positive
Botswana,2010,sp,f,25-34,509,Smear Positive
Botswana,2010,sp,f,35-44,301,Smear Positive
Botswana,2010,sp,f,45-54,119,Smear Positive
Botswana,2010,sp,f,55-64,56,Smear Positive
Botswana,2010,sp,f,65+,53,Smear Positive
Botswana,2010,sn,m,0-14,142,Smear Negative
Botswana,2010,sn,m,15-24,108,Smear Negative
Botswana,2010,sn,m,25-34,266,Smear Negative
Botswana,2010,sn,m,35-44,327,Smear Negative
Botswana,2010,sn,m,45-54,147,Smear Negative
Botswana,2010,sn,m,55-64,90,Smear Negative
Botswana,2010,sn,m,65+,86,Smear Negative
Botswana,2010,sn,f,0-14,153,Smear Negative
Botswana,2010,sn,f,15-24,120,Smear Negative
Botswana,2010,sn,f,25-34,271,Smear Negative
Botswana,2010,sn,f,35-44,169,Smear Negative
Botswana,2010,sn,f,45-54,80,Smear Negative
Botswana,2010,sn,f,55-64,41,Smear Negative
Botswana,2010,sn,f,65+,55,Smear Negative
Botswana,2010,ep,m,0-14,57,Extrapulmonary
Botswana,2010,ep,m,15-24,53,Extrapulmonary
Botswana,2010,ep,m,25-34,177,Extrapulmonary
Botswana,2010,ep,m,35-44,144,Extrapulmonary
Botswana,2010,ep,m,45-54,87,Extrapulmonary
Botswana,2010,ep,m,55-64,50,Extrapulmonary
Botswana,2010,ep,m,65+,34,Extrapulmonary
Botswana,2010,ep,f,0-14,58,Extrapulmonary
Botswana,2010,ep,f,15-24,83,Extrapulmonary
Botswana,2010,ep,f,25-34,196,Extrapulmonary
Botswana,2010,ep,f,35-44,166,Extrapulmonary
Botswana,2010,ep,f,45-54,58,Extrapulmonary
Botswana,2010,ep,f,55-64,19,Extrapulmonary
Botswana,2010,ep,f,65+,28,Extrapulmonary
Botswana,2011,sp,m,0-14,36,Smear Positive
Botswana,2011,sp,m,15-24,220,Smear Positive
Botswana,2011,sp,m,25-34,464,Smear Positive
Botswana,2011,sp,m,35-44,354,Smear Positive
Botswana,2011,sp,m,45-54,206,Smear Positive
Botswana,2011,sp,m,55-64,110,Smear Positive
Botswana,2011,sp,m,65+,94,Smear Positive
Botswana,2011,sp,f,0-14,65,Smear Positive
Botswana,2011,sp,f,15-24,286,Smear Positive
Botswana,2011,sp,f,25-34,421,Smear Positive
Botswana,2011,sp,f,35-44,211,Smear Positive
Botswana,2011,sp,f,45-54,105,Smear Positive
Botswana,2011,sp,f,55-64,48,Smear Positive
Botswana,2011,sp,f,65+,49,Smear Positive
Botswana,2011,sn,m,0-14,141,Smear Negative
Botswana,2011,sn,m,15-24,70,Smear Negative
Botswana,2011,sn,m,25-34,259,Smear Negative
Botswana,2011,sn,m,35-44,259,Smear Negative
Botswana,2011,sn,m,45-54,150,Smear Negative
Botswana,2011,sn,m,55-64,105,Smear Negative
Botswana,2011,sn,m,65+,100,Smear Negative
Botswana,2011,sn,f,0-14,129,Smear Negative
Botswana,2011,sn,f,15-24,163,Smear Negative
Botswana,2011,sn,f,25-34,254,Smear Negative
Botswana,2011,sn,f,35-44,192,Smear Negative
Botswana,2011,sn,f,45-54,83,Smear Negative
Botswana,2011,sn,f,55-64,38,Smear Negative
Botswana,2011,sn,f,65+,40,Smear Negative
Botswana,2011,ep,m,0-14,63,Extrapulmonary
Botswana,2011,ep,m,15-24,46,Extrapulmonary
Botswana,2011,ep,m,25-34,169,Extrapulmonary
Botswana,2011,ep,m,35-44,149,Extrapulmonary
Botswana,2011,ep,m,45-54,99,Extrapulmonary
Botswana,2011,ep,m,55-64,48,Extrapulmonary
Botswana,2011,ep,m,65+,52,Extrapulmonary
Botswana,2011,ep,f,0-14,40,Extrapulmonary
Botswana,2011,ep,f,15-24,84,Extrapulmonary
Botswana,2011,ep,f,25-34,227,Extrapulmonary
Botswana,2011,ep,f,35-44,138,Extrapulmonary
Botswana,2011,ep,f,45-54,53,Extrapulmonary
Botswana,2011,ep,f,55-64,21,Extrapulmonary
Botswana,2011,ep,f,65+,24,Extrapulmonary
Botswana,2012,sp,m,0-14,40,Smear Positive
Botswana,2012,sp,m,15-24,207,Smear Positive
Botswana,2012,sp,m,25-34,394,Smear Positive
Botswana,2012,sp,m,35-44,333,Smear Positive
Botswana,2012,sp,m,45-54,190,Smear Positive
Botswana,2012,sp,m,55-64,79,Smear Positive
Botswana,2012,sp,m,65+,75,Smear Positive
Botswana,2012,sp,f,0-14,63,Smear Positive
Botswana,2012,sp,f,15-24,267,Smear Positive
Botswana,2012,sp,f,25-34,402,Smear Positive
Botswana,2012,sp,f,35-44,193,Smear Positive
Botswana,2012,sp,f,45-54,109,Smear Positive
Botswana,2012,sp,f,55-64,43,Smear Positive
Botswana,2012,sp,f,65+,31,Smear Positive
Botswana,2012,sn,m,0-14,170,Smear Negative
Botswana,2012,sn,m,15-24,99,Smear Negative
Botswana,2012,sn,m,25-34,283,Smear Negative
Botswana,2012,sn,m,35-44,325,Smear Negative
Botswana,2012,sn,m,45-54,151,Smear Negative
Botswana,2012,sn,m,55-64,91,Smear Negative
Botswana,2012,sn,m,65+,99,Smear Negative
Botswana,2012,sn,f,0-14,162,Smear Negative
Botswana,2012,sn,f,15-24,125,Smear Negative
Botswana,2012,sn,f,25-34,314,Smear Negative
Botswana,2012,sn,f,35-44,196,Smear Negative
Botswana,2012,sn,f,45-54,102,Smear Negative
Botswana,2012,sn,f,55-64,44,Smear Negative
Botswana,2012,sn,f,65+,47,Smear Negative
Botswana,2012,ep,m,0-14,54,Extrapulmonary
Botswana,2012,ep,m,15-24,47,Extrapulmonary
Botswana,2012,ep,m,25-34,169,Extrapulmonary
Botswana,2012,ep,m,35-44,174,Extrapulmonary
Botswana,2012,ep,m,45-54,79,Extrapulmonary
Botswana,2012,ep,m,55-64,46,Extrapulmonary
Botswana,2012,ep,m,65+,47,Extrapulmonary
Botswana,2012,ep,f,0-14,46,Extrapulmonary
Botswana,2012,ep,f,15-24,76,Extrapulmonary
Botswana,2012,ep,f,25-34,189,Extrapulmonary
Botswana,2012,ep,f,35-44,127,Extrapulmonary
Botswana,2012,ep,f,45-54,45,Extrapulmonary
Botswana,2012,ep,f,55-64,30,Extrapulmonary
Botswana,2012,ep,f,65+,22,Extrapulmonary
Botswana,2013,rel,m,0-14,298,Relapse
Botswana,2013,rel,m,15-24,423,Relapse
Botswana,2013,rel,m,25-34,908,Relapse
Botswana,2013,rel,m,35-44,1024,Relapse
Botswana,2013,rel,m,45-54,584,Relapse
Botswana,2013,rel,m,55-64,346,Relapse
Botswana,2013,rel,m,65+,328,Relapse
Botswana,2013,rel,f,0-14,258,Relapse
Botswana,2013,rel,f,15-24,501,Relapse
Botswana,2013,rel,f,25-34,898,Relapse
Botswana,2013,rel,f,35-44,636,Relapse
Botswana,2013,rel,f,45-54,317,Relapse
Botswana,2013,rel,f,55-64,146,Relapse
Botswana,2013,rel,f,65+,167,Relapse
Brazil,1999,sp,m,0-14,301,Smear Positive
Brazil,1999,sp,m,15-24,3662,Smear Positive
Brazil,1999,sp,m,25-34,5401,Smear Positive
Brazil,1999,sp,m,35-44,5827,Smear Positive
Brazil,1999,sp,m,45-54,4630,Smear Positive
Brazil,1999,sp,m,55-64,2634,Smear Positive
Brazil,1999,sp,m,65+,2121,Smear Positive
Brazil,1999,sp,f,0-14,372,Smear Positive
Brazil,1999,sp,f,15-24,2909,Smear Positive
Brazil,1999,sp,f,25-34,3450,Smear Positive
Brazil,1999,sp,f,35-44,2621,Smear Positive
Brazil,1999,sp,f,45-54,1661,Smear Positive
Brazil,1999,sp,f,55-64,1042,Smear Positive
Brazil,1999,sp,f,65+,1106,Smear Positive
Brazil,2000,sp,m,0-14,1894,Smear Positive
Brazil,2000,sp,m,15-24,7268,Smear Positive
Brazil,2000,sp,m,25-34,11568,Smear Positive
Brazil,2000,sp,m,35-44,11906,Smear Positive
Brazil,2000,sp,m,45-54,8623,Smear Positive
Brazil,2000,sp,m,55-64,5085,Smear Positive
Brazil,2000,sp,m,65+,4494,Smear Positive
Brazil,2000,sp,f,0-14,1859,Smear Positive
Brazil,2000,sp,f,15-24,6719,Smear Positive
Brazil,2000,sp,f,25-34,7215,Smear Positive
Brazil,2000,sp,f,35-44,5395,Smear Positive
Brazil,2000,sp,f,45-54,3582,Smear Positive
Brazil,2000,sp,f,55-64,2384,Smear Positive
Brazil,2000,sp,f,65+,2496,Smear Positive
Brazil,2001,sp,m,0-14,468,Smear Positive
Brazil,2001,sp,m,15-24,4455,Smear Positive
Brazil,2001,sp,m,25-34,5536,Smear Positive
Brazil,2001,sp,m,35-44,5184,Smear Positive
Brazil,2001,sp,m,45-54,4285,Smear Positive
Brazil,2001,sp,m,55-64,2353,Smear Positive
Brazil,2001,sp,m,65+,1694,Smear Positive
Brazil,2001,sp,f,0-14,516,Smear Positive
Brazil,2001,sp,f,15-24,3632,Smear Positive
Brazil,2001,sp,f,25-34,3303,Smear Positive
Brazil,2001,sp,f,35-44,2296,Smear Positive
Brazil,2001,sp,f,45-54,1701,Smear Positive
Brazil,2001,sp,f,55-64,1050,Smear Positive
Brazil,2001,sp,f,65+,1018,Smear Positive
Brazil,2002,sp,m,0-14,344,Smear Positive
Brazil,2002,sp,m,15-24,4695,Smear Positive
Brazil,2002,sp,m,25-34,5890,Smear Positive
Brazil,2002,sp,m,35-44,6325,Smear Positive
Brazil,2002,sp,m,45-54,4834,Smear Positive
Brazil,2002,sp,m,55-64,2738,Smear Positive
Brazil,2002,sp,m,65+,2080,Smear Positive
Brazil,2002,sp,f,0-14,380,Smear Positive
Brazil,2002,sp,f,15-24,3715,Smear Positive
Brazil,2002,sp,f,25-34,3584,Smear Positive
Brazil,2002,sp,f,35-44,2817,Smear Positive
Brazil,2002,sp,f,45-54,1755,Smear Positive
Brazil,2002,sp,f,55-64,1031,Smear Positive
Brazil,2002,sp,f,65+,535,Smear Positive
Brazil,2003,sp,m,0-14,382,Smear Positive
Brazil,2003,sp,m,15-24,4485,Smear Positive
Brazil,2003,sp,m,25-34,5709,Smear Positive
Brazil,2003,sp,m,35-44,6034,Smear Positive
Brazil,2003,sp,m,45-54,4863,Smear Positive
Brazil,2003,sp,m,55-64,2589,Smear Positive
Brazil,2003,sp,m,65+,2057,Smear Positive
Brazil,2003,sp,f,0-14,401,Smear Positive
Brazil,2003,sp,f,15-24,3582,Smear Positive
Brazil,2003,sp,f,25-34,3542,Smear Positive
Brazil,2003,sp,f,35-44,2540,Smear Positive
Brazil,2003,sp,f,45-54,1676,Smear Positive
Brazil,2003,sp,f,55-64,1001,Smear Positive
Brazil,2003,sp,f,65+,1022,Smear Positive
Brazil,2004,sp,m,0-14,337,Smear Positive
Brazil,2004,sp,m,15-24,5041,Smear Positive
Brazil,2004,sp,m,25-34,6321,Smear Positive
Brazil,2004,sp,m,35-44,6481,Smear Positive
Brazil,2004,sp,m,45-54,5157,Smear Positive
Brazil,2004,sp,m,55-64,2716,Smear Positive
Brazil,2004,sp,m,65+,2169,Smear Positive
Brazil,2004,sp,f,0-14,375,Smear Positive
Brazil,2004,sp,f,15-24,3684,Smear Positive
Brazil,2004,sp,f,25-34,3763,Smear Positive
Brazil,2004,sp,f,35-44,2742,Smear Positive
Brazil,2004,sp,f,45-54,1865,Smear Positive
Brazil,2004,sp,f,55-64,1041,Smear Positive
Brazil,2004,sp,f,65+,1189,Smear Positive
Brazil,2005,sp,m,0-14,317,Smear Positive
Brazil,2005,sp,m,15-24,5074,Smear Positive
Brazil,2005,sp,m,25-34,6119,Smear Positive
Brazil,2005,sp,m,35-44,6128,Smear Positive
Brazil,2005,sp,m,45-54,5259,Smear Positive
Brazil,2005,sp,m,55-64,2803,Smear Positive
Brazil,2005,sp,m,65+,2140,Smear Positive
Brazil,2005,sp,f,0-14,355,Smear Positive
Brazil,2005,sp,f,15-24,3496,Smear Positive
Brazil,2005,sp,f,25-34,3663,Smear Positive
Brazil,2005,sp,f,35-44,2626,Smear Positive
Brazil,2005,sp,f,45-54,1897,Smear Positive
Brazil,2005,sp,f,55-64,1112,Smear Positive
Brazil,2005,sp,f,65+,1104,Smear Positive
Brazil,2006,sp,m,0-14,343,Smear Positive
Brazil,2006,sp,m,15-24,4783,Smear Positive
Brazil,2006,sp,m,25-34,6098,Smear Positive
Brazil,2006,sp,m,35-44,6050,Smear Positive
Brazil,2006,sp,m,45-54,5042,Smear Positive
Brazil,2006,sp,m,55-64,2885,Smear Positive
Brazil,2006,sp,m,65+,2221,Smear Positive
Brazil,2006,sp,f,0-14,343,Smear Positive
Brazil,2006,sp,f,15-24,3132,Smear Positive
Brazil,2006,sp,f,25-34,3506,Smear Positive
Brazil,2006,sp,f,35-44,2569,Smear Positive
Brazil,2006,sp,f,45-54,1885,Smear Positive
Brazil,2006,sp,f,55-64,1121,Smear Positive
Brazil,2006,sp,f,65+,1139,Smear Positive
Brazil,2006,sn,m,0-14,781,Smear Negative
Brazil,2006,sn,m,15-24,2046,Smear Negative
Brazil,2006,sn,m,25-34,2804,Smear Negative
Brazil,2006,sn,m,35-44,2990,Smear Negative
Brazil,2006,sn,m,45-54,2643,Smear Negative
Brazil,2006,sn,m,55-64,1606,Smear Negative
Brazil,2006,sn,m,65+,1645,Smear Negative
Brazil,2006,sn,f,0-14,787,Smear Negative
Brazil,2006,sn,f,15-24,1412,Smear Negative
Brazil,2006,sn,f,25-34,1733,Smear Negative
Brazil,2006,sn,f,35-44,1420,Smear Negative
Brazil,2006,sn,f,45-54,1096,Smear Negative
Brazil,2006,sn,f,55-64,726,Smear Negative
Brazil,2006,sn,f,65+,896,Smear Negative
Brazil,2006,ep,m,0-14,365,Extrapulmonary
Brazil,2006,ep,m,15-24,825,Extrapulmonary
Brazil,2006,ep,m,25-34,1504,Extrapulmonary
Brazil,2006,ep,m,35-44,1458,Extrapulmonary
Brazil,2006,ep,m,45-54,1066,Extrapulmonary
Brazil,2006,ep,m,55-64,567,Extrapulmonary
Brazil,2006,ep,m,65+,531,Extrapulmonary
Brazil,2006,ep,f,0-14,311,Extrapulmonary
Brazil,2006,ep,f,15-24,672,Extrapulmonary
Brazil,2006,ep,f,25-34,1026,Extrapulmonary
Brazil,2006,ep,f,35-44,941,Extrapulmonary
Brazil,2006,ep,f,45-54,612,Extrapulmonary
Brazil,2006,ep,f,55-64,399,Extrapulmonary
Brazil,2006,ep,f,65+,379,Extrapulmonary
Brazil,2007,sp,m,0-14,371,Smear Positive
Brazil,2007,sp,m,15-24,4399,Smear Positive
Brazil,2007,sp,m,25-34,5990,Smear Positive
Brazil,2007,sp,m,35-44,5456,Smear Positive
Brazil,2007,sp,m,45-54,4878,Smear Positive
Brazil,2007,sp,m,55-64,2726,Smear Positive
Brazil,2007,sp,m,65+,2075,Smear Positive
Brazil,2007,sp,f,0-14,344,Smear Positive
Brazil,2007,sp,f,15-24,2952,Smear Positive
Brazil,2007,sp,f,25-34,3250,Smear Positive
Brazil,2007,sp,f,35-44,2327,Smear Positive
Brazil,2007,sp,f,45-54,1727,Smear Positive
Brazil,2007,sp,f,55-64,977,Smear Positive
Brazil,2007,sp,f,65+,972,Smear Positive
Brazil,2007,sn,m,0-14,789,Smear Negative
Brazil,2007,sn,m,15-24,2092,Smear Negative
Brazil,2007,sn,m,25-34,2879,Smear Negative
Brazil,2007,sn,m,35-44,3097,Smear Negative
Brazil,2007,sn,m,45-54,2687,Smear Negative
Brazil,2007,sn,m,55-64,1725,Smear Negative
Brazil,2007,sn,m,65+,1630,Smear Negative
Brazil,2007,sn,f,0-14,733,Smear Negative
Brazil,2007,sn,f,15-24,1334,Smear Negative
Brazil,2007,sn,f,25-34,1817,Smear Negative
Brazil,2007,sn,f,35-44,1428,Smear Negative
Brazil,2007,sn,f,45-54,1189,Smear Negative
Brazil,2007,sn,f,55-64,842,Smear Negative
Brazil,2007,sn,f,65+,823,Smear Negative
Brazil,2007,ep,m,0-14,385,Extrapulmonary
Brazil,2007,ep,m,15-24,821,Extrapulmonary
Brazil,2007,ep,m,25-34,1489,Extrapulmonary
Brazil,2007,ep,m,35-44,1414,Extrapulmonary
Brazil,2007,ep,m,45-54,1022,Extrapulmonary
Brazil,2007,ep,m,55-64,570,Extrapulmonary
Brazil,2007,ep,m,65+,479,Extrapulmonary
Brazil,2007,ep,f,0-14,314,Extrapulmonary
Brazil,2007,ep,f,15-24,587,Extrapulmonary
Brazil,2007,ep,f,25-34,976,Extrapulmonary
Brazil,2007,ep,f,35-44,873,Extrapulmonary
Brazil,2007,ep,f,45-54,618,Extrapulmonary
Brazil,2007,ep,f,55-64,397,Extrapulmonary
Brazil,2007,ep,f,65+,373,Extrapulmonary
Brazil,2008,sp,m,0-14,298,Smear Positive
Brazil,2008,sp,m,15-24,4436,Smear Positive
Brazil,2008,sp,m,25-34,6173,Smear Positive
Brazil,2008,sp,m,35-44,5305,Smear Positive
Brazil,2008,sp,m,45-54,4854,Smear Positive
Brazil,2008,sp,m,55-64,2650,Smear Positive
Brazil,2008,sp,m,65+,1905,Smear Positive
Brazil,2008,sp,f,0-14,356,Smear Positive
Brazil,2008,sp,f,15-24,2709,Smear Positive
Brazil,2008,sp,f,25-34,3233,Smear Positive
Brazil,2008,sp,f,35-44,2266,Smear Positive
Brazil,2008,sp,f,45-54,1669,Smear Positive
Brazil,2008,sp,f,55-64,964,Smear Positive
Brazil,2008,sp,f,65+,879,Smear Positive
Brazil,2008,sn,m,0-14,715,Smear Negative
Brazil,2008,sn,m,15-24,2108,Smear Negative
Brazil,2008,sn,m,25-34,2977,Smear Negative
Brazil,2008,sn,m,35-44,2894,Smear Negative
Brazil,2008,sn,m,45-54,2612,Smear Negative
Brazil,2008,sn,m,55-64,1638,Smear Negative
Brazil,2008,sn,m,65+,1537,Smear Negative
Brazil,2008,sn,f,0-14,711,Smear Negative
Brazil,2008,sn,f,15-24,1315,Smear Negative
Brazil,2008,sn,f,25-34,1857,Smear Negative
Brazil,2008,sn,f,35-44,1434,Smear Negative
Brazil,2008,sn,f,45-54,1171,Smear Negative
Brazil,2008,sn,f,55-64,767,Smear Negative
Brazil,2008,sn,f,65+,929,Smear Negative
Brazil,2008,ep,m,0-14,356,Extrapulmonary
Brazil,2008,ep,m,15-24,790,Extrapulmonary
Brazil,2008,ep,m,25-34,1477,Extrapulmonary
Brazil,2008,ep,m,35-44,1388,Extrapulmonary
Brazil,2008,ep,m,45-54,1043,Extrapulmonary
Brazil,2008,ep,m,55-64,586,Extrapulmonary
Brazil,2008,ep,m,65+,494,Extrapulmonary
Brazil,2008,ep,f,0-14,296,Extrapulmonary
Brazil,2008,ep,f,15-24,592,Extrapulmonary
Brazil,2008,ep,f,25-34,951,Extrapulmonary
Brazil,2008,ep,f,35-44,814,Extrapulmonary
Brazil,2008,ep,f,45-54,584,Extrapulmonary
Brazil,2008,ep,f,55-64,384,Extrapulmonary
Brazil,2008,ep,f,65+,367,Extrapulmonary
Brazil,2009,sp,m,0-14,328,Smear Positive
Brazil,2009,sp,m,15-24,4621,Smear Positive
Brazil,2009,sp,m,25-34,6399,Smear Positive
Brazil,2009,sp,m,35-44,5291,Smear Positive
Brazil,2009,sp,m,45-54,5058,Smear Positive
Brazil,2009,sp,m,55-64,2846,Smear Positive
Brazil,2009,sp,m,65+,1994,Smear Positive
Brazil,2009,sp,f,0-14,352,Smear Positive
Brazil,2009,sp,f,15-24,2880,Smear Positive
Brazil,2009,sp,f,25-34,3326,Smear Positive
Brazil,2009,sp,f,35-44,2271,Smear Positive
Brazil,2009,sp,f,45-54,1758,Smear Positive
Brazil,2009,sp,f,55-64,1077,Smear Positive
Brazil,2009,sp,f,65+,1011,Smear Positive
Brazil,2009,sn,m,0-14,750,Smear Negative
Brazil,2009,sn,m,15-24,2037,Smear Negative
Brazil,2009,sn,m,25-34,2908,Smear Negative
Brazil,2009,sn,m,35-44,2728,Smear Negative
Brazil,2009,sn,m,45-54,2547,Smear Negative
Brazil,2009,sn,m,55-64,1696,Smear Negative
Brazil,2009,sn,m,65+,1512,Smear Negative
Brazil,2009,sn,f,0-14,663,Smear Negative
Brazil,2009,sn,f,15-24,1336,Smear Negative
Brazil,2009,sn,f,25-34,1734,Smear Negative
Brazil,2009,sn,f,35-44,1362,Smear Negative
Brazil,2009,sn,f,45-54,1171,Smear Negative
Brazil,2009,sn,f,55-64,750,Smear Negative
Brazil,2009,sn,f,65+,915,Smear Negative
Brazil,2009,ep,m,0-14,363,Extrapulmonary
Brazil,2009,ep,m,15-24,901,Extrapulmonary
Brazil,2009,ep,m,25-34,1441,Extrapulmonary
Brazil,2009,ep,m,35-44,1315,Extrapulmonary
Brazil,2009,ep,m,45-54,1044,Extrapulmonary
Brazil,2009,ep,m,55-64,576,Extrapulmonary
Brazil,2009,ep,m,65+,542,Extrapulmonary
Brazil,2009,ep,f,0-14,293,Extrapulmonary
Brazil,2009,ep,f,15-24,577,Extrapulmonary
Brazil,2009,ep,f,25-34,980,Extrapulmonary
Brazil,2009,ep,f,35-44,798,Extrapulmonary
Brazil,2009,ep,f,45-54,657,Extrapulmonary
Brazil,2009,ep,f,55-64,385,Extrapulmonary
Brazil,2009,ep,f,65+,379,Extrapulmonary
Brazil,2010,sp,m,0-14,298,Smear Positive
Brazil,2010,sp,m,15-24,4405,Smear Positive
Brazil,2010,sp,m,25-34,6381,Smear Positive
Brazil,2010,sp,m,35-44,5293,Smear Positive
Brazil,2010,sp,m,45-54,4762,Smear Positive
Brazil,2010,sp,m,55-64,2875,Smear Positive
Brazil,2010,sp,m,65+,1947,Smear Positive
Brazil,2010,sp,f,0-14,280,Smear Positive
Brazil,2010,sp,f,15-24,2677,Smear Positive
Brazil,2010,sp,f,25-34,3008,Smear Positive
Brazil,2010,sp,f,35-44,2211,Smear Positive
Brazil,2010,sp,f,45-54,1720,Smear Positive
Brazil,2010,sp,f,55-64,1038,Smear Positive
Brazil,2010,sp,f,65+,979,Smear Positive
Brazil,2010,sn,m,0-14,675,Smear Negative
Brazil,2010,sn,m,15-24,2081,Smear Negative
Brazil,2010,sn,m,25-34,3206,Smear Negative
Brazil,2010,sn,m,35-44,2795,Smear Negative
Brazil,2010,sn,m,45-54,2609,Smear Negative
Brazil,2010,sn,m,55-64,1783,Smear Negative
Brazil,2010,sn,m,65+,1663,Smear Negative
Brazil,2010,sn,f,0-14,596,Smear Negative
Brazil,2010,sn,f,15-24,1350,Smear Negative
Brazil,2010,sn,f,25-34,1812,Smear Negative
Brazil,2010,sn,f,35-44,1381,Smear Negative
Brazil,2010,sn,f,45-54,1198,Smear Negative
Brazil,2010,sn,f,55-64,835,Smear Negative
Brazil,2010,sn,f,65+,993,Smear Negative
Brazil,2010,ep,m,0-14,362,Extrapulmonary
Brazil,2010,ep,m,15-24,819,Extrapulmonary
Brazil,2010,ep,m,25-34,1464,Extrapulmonary
Brazil,2010,ep,m,35-44,1277,Extrapulmonary
Brazil,2010,ep,m,45-54,1006,Extrapulmonary
Brazil,2010,ep,m,55-64,597,Extrapulmonary
Brazil,2010,ep,m,65+,495,Extrapulmonary
Brazil,2010,ep,f,0-14,239,Extrapulmonary
Brazil,2010,ep,f,15-24,579,Extrapulmonary
Brazil,2010,ep,f,25-34,1004,Extrapulmonary
Brazil,2010,ep,f,35-44,830,Extrapulmonary
Brazil,2010,ep,f,45-54,602,Extrapulmonary
Brazil,2010,ep,f,55-64,374,Extrapulmonary
Brazil,2010,ep,f,65+,349,Extrapulmonary
Brazil,2011,sp,m,0-14,336,Smear Positive
Brazil,2011,sp,m,15-24,4877,Smear Positive
Brazil,2011,sp,m,25-34,6755,Smear Positive
Brazil,2011,sp,m,35-44,5462,Smear Positive
Brazil,2011,sp,m,45-54,5054,Smear Positive
Brazil,2011,sp,m,55-64,3083,Smear Positive
Brazil,2011,sp,m,65+,2142,Smear Positive
Brazil,2011,sp,f,0-14,356,Smear Positive
Brazil,2011,sp,f,15-24,2815,Smear Positive
Brazil,2011,sp,f,25-34,3131,Smear Positive
Brazil,2011,sp,f,35-44,2230,Smear Positive
Brazil,2011,sp,f,45-54,1779,Smear Positive
Brazil,2011,sp,f,55-64,1164,Smear Positive
Brazil,2011,sp,f,65+,1069,Smear Positive
Brazil,2011,sn,m,0-14,641,Smear Negative
Brazil,2011,sn,m,15-24,1786,Smear Negative
Brazil,2011,sn,m,25-34,2793,Smear Negative
Brazil,2011,sn,m,35-44,2621,Smear Negative
Brazil,2011,sn,m,45-54,2522,Smear Negative
Brazil,2011,sn,m,55-64,1707,Smear Negative
Brazil,2011,sn,m,65+,1556,Smear Negative
Brazil,2011,sn,f,0-14,602,Smear Negative
Brazil,2011,sn,f,15-24,1125,Smear Negative
Brazil,2011,sn,f,25-34,1517,Smear Negative
Brazil,2011,sn,f,35-44,1247,Smear Negative
Brazil,2011,sn,f,45-54,1068,Smear Negative
Brazil,2011,sn,f,55-64,821,Smear Negative
Brazil,2011,sn,f,65+,896,Smear Negative
Brazil,2011,ep,m,0-14,296,Extrapulmonary
Brazil,2011,ep,m,15-24,801,Extrapulmonary
Brazil,2011,ep,m,25-34,1485,Extrapulmonary
Brazil,2011,ep,m,35-44,1288,Extrapulmonary
Brazil,2011,ep,m,45-54,1011,Extrapulmonary
Brazil,2011,ep,m,55-64,644,Extrapulmonary
Brazil,2011,ep,m,65+,502,Extrapulmonary
Brazil,2011,ep,f,0-14,284,Extrapulmonary
Brazil,2011,ep,f,15-24,564,Extrapulmonary
Brazil,2011,ep,f,25-34,975,Extrapulmonary
Brazil,2011,ep,f,35-44,757,Extrapulmonary
Brazil,2011,ep,f,45-54,668,Extrapulmonary
Brazil,2011,ep,f,55-64,393,Extrapulmonary
Brazil,2011,ep,f,65+,379,Extrapulmonary
Brazil,2012,sp,m,0-14,277,Smear Positive
Brazil,2012,sp,m,15-24,5027,Smear Positive
Brazil,2012,sp,m,25-34,6811,Smear Positive
Brazil,2012,sp,m,35-44,5387,Smear Positive
Brazil,2012,sp,m,45-54,5128,Smear Positive
Brazil,2012,sp,m,55-64,3103,Smear Positive
Brazil,2012,sp,m,65+,2160,Smear Positive
Brazil,2012,sp,f,0-14,303,Smear Positive
Brazil,2012,sp,f,15-24,2798,Smear Positive
Brazil,2012,sp,f,25-34,3013,Smear Positive
Brazil,2012,sp,f,35-44,2173,Smear Positive
Brazil,2012,sp,f,45-54,1785,Smear Positive
Brazil,2012,sp,f,55-64,1113,Smear Positive
Brazil,2012,sp,f,65+,1030,Smear Positive
Brazil,2012,sn,m,0-14,643,Smear Negative
Brazil,2012,sn,m,15-24,1937,Smear Negative
Brazil,2012,sn,m,25-34,2916,Smear Negative
Brazil,2012,sn,m,35-44,2449,Smear Negative
Brazil,2012,sn,m,45-54,2350,Smear Negative
Brazil,2012,sn,m,55-64,1730,Smear Negative
Brazil,2012,sn,m,65+,1380,Smear Negative
Brazil,2012,sn,f,0-14,623,Smear Negative
Brazil,2012,sn,f,15-24,1097,Smear Negative
Brazil,2012,sn,f,25-34,1446,Smear Negative
Brazil,2012,sn,f,35-44,1235,Smear Negative
Brazil,2012,sn,f,45-54,1176,Smear Negative
Brazil,2012,sn,f,55-64,853,Smear Negative
Brazil,2012,sn,f,65+,853,Smear Negative
Brazil,2012,ep,m,0-14,298,Extrapulmonary
Brazil,2012,ep,m,15-24,879,Extrapulmonary
Brazil,2012,ep,m,25-34,1521,Extrapulmonary
Brazil,2012,ep,m,35-44,1250,Extrapulmonary
Brazil,2012,ep,m,45-54,1075,Extrapulmonary
Brazil,2012,ep,m,55-64,659,Extrapulmonary
Brazil,2012,ep,m,65+,532,Extrapulmonary
Brazil,2012,ep,f,0-14,244,Extrapulmonary
Brazil,2012,ep,f,15-24,590,Extrapulmonary
Brazil,2012,ep,f,25-34,975,Extrapulmonary
Brazil,2012,ep,f,35-44,802,Extrapulmonary
Brazil,2012,ep,f,45-54,664,Extrapulmonary
Brazil,2012,ep,f,55-64,420,Extrapulmonary
Brazil,2012,ep,f,65+,367,Extrapulmonary
Brazil,2013,rel,m,0-14,1398,Relapse
Brazil,2013,rel,m,15-24,7903,Relapse
Brazil,2013,rel,m,25-34,11759,Relapse
Brazil,2013,rel,m,35-44,10043,Relapse
Brazil,2013,rel,m,45-54,8991,Relapse
Brazil,2013,rel,m,55-64,6041,Relapse
Brazil,2013,rel,m,65+,4602,Relapse
Brazil,2013,rel,f,0-14,1249,Relapse
Brazil,2013,rel,f,15-24,4670,Relapse
Brazil,2013,rel,f,25-34,5673,Relapse
Brazil,2013,rel,f,35-44,4547,Relapse
Brazil,2013,rel,f,45-54,3868,Relapse
Brazil,2013,rel,f,55-64,2672,Relapse
Brazil,2013,rel,f,65+,2580,Relapse
British Virgin Islands,2000,sp,m,55-64,1,Smear Positive
British Virgin Islands,2002,sp,f,65+,1,Smear Positive
British Virgin Islands,2004,sp,m,45-54,1,Smear Positive
British Virgin Islands,2004,sp,f,25-34,1,Smear Positive
British Virgin Islands,2010,sp,m,0-14,0,Smear Positive
British Virgin Islands,2010,sp,m,15-24,0,Smear Positive
British Virgin Islands,2010,sp,m,25-34,0,Smear Positive
British Virgin Islands,2010,sp,m,35-44,0,Smear Positive
British Virgin Islands,2010,sp,m,45-54,0,Smear Positive
British Virgin Islands,2010,sp,m,55-64,1,Smear Positive
British Virgin Islands,2010,sp,m,65+,0,Smear Positive
British Virgin Islands,2010,sp,f,0-14,0,Smear Positive
British Virgin Islands,2010,sp,f,15-24,0,Smear Positive
British Virgin Islands,2010,sp,f,25-34,0,Smear Positive
British Virgin Islands,2010,sp,f,35-44,0,Smear Positive
British Virgin Islands,2010,sp,f,45-54,0,Smear Positive
British Virgin Islands,2010,sp,f,55-64,0,Smear Positive
British Virgin Islands,2010,sp,f,65+,0,Smear Positive
British Virgin Islands,2010,sn,m,0-14,0,Smear Negative
British Virgin Islands,2010,sn,m,15-24,0,Smear Negative
British Virgin Islands,2010,sn,m,25-34,0,Smear Negative
British Virgin Islands,2010,sn,m,35-44,0,Smear Negative
British Virgin Islands,2010,sn,m,45-54,0,Smear Negative
British Virgin Islands,2010,sn,m,55-64,0,Smear Negative
British Virgin Islands,2010,sn,m,65+,0,Smear Negative
British Virgin Islands,2010,sn,f,0-14,0,Smear Negative
British Virgin Islands,2010,sn,f,15-24,0,Smear Negative
British Virgin Islands,2010,sn,f,25-34,0,Smear Negative
British Virgin Islands,2010,sn,f,35-44,0,Smear Negative
British Virgin Islands,2010,sn,f,45-54,0,Smear Negative
British Virgin Islands,2010,sn,f,55-64,0,Smear Negative
British Virgin Islands,2010,sn,f,65+,0,Smear Negative
British Virgin Islands,2010,ep,m,0-14,0,Extrapulmonary
British Virgin Islands,2010,ep,m,15-24,0,Extrapulmonary
British Virgin Islands,2010,ep,m,25-34,0,Extrapulmonary
British Virgin Islands,2010,ep,m,35-44,0,Extrapulmonary
British Virgin Islands,2010,ep,m,45-54,0,Extrapulmonary
British Virgin Islands,2010,ep,m,55-64,0,Extrapulmonary
British Virgin Islands,2010,ep,m,65+,0,Extrapulmonary
British Virgin Islands,2010,ep,f,0-14,0,Extrapulmonary
British Virgin Islands,2010,ep,f,15-24,0,Extrapulmonary
British Virgin Islands,2010,ep,f,25-34,0,Extrapulmonary
British Virgin Islands,2010,ep,f,35-44,0,Extrapulmonary
British Virgin Islands,2010,ep,f,45-54,0,Extrapulmonary
British Virgin Islands,2010,ep,f,55-64,0,Extrapulmonary
British Virgin Islands,2010,ep,f,65+,0,Extrapulmonary
British Virgin Islands,2011,sp,m,0-14,0,Smear Positive
British Virgin Islands,2011,sp,m,15-24,0,Smear Positive
British Virgin Islands,2011,sp,m,25-34,0,Smear Positive
British Virgin Islands,2011,sp,m,35-44,0,Smear Positive
British Virgin Islands,2011,sp,m,45-54,0,Smear Positive
British Virgin Islands,2011,sp,m,55-64,0,Smear Positive
British Virgin Islands,2011,sp,m,65+,0,Smear Positive
British Virgin Islands,2011,sp,f,0-14,0,Smear Positive
British Virgin Islands,2011,sp,f,15-24,0,Smear Positive
British Virgin Islands,2011,sp,f,25-34,0,Smear Positive
British Virgin Islands,2011,sp,f,35-44,0,Smear Positive
British Virgin Islands,2011,sp,f,45-54,0,Smear Positive
British Virgin Islands,2011,sp,f,55-64,0,Smear Positive
British Virgin Islands,2011,sp,f,65+,0,Smear Positive
British Virgin Islands,2011,sn,m,0-14,0,Smear Negative
British Virgin Islands,2011,sn,m,15-24,0,Smear Negative
British Virgin Islands,2011,sn,m,25-34,0,Smear Negative
British Virgin Islands,2011,sn,m,35-44,0,Smear Negative
British Virgin Islands,2011,sn,m,45-54,0,Smear Negative
British Virgin Islands,2011,sn,m,55-64,0,Smear Negative
British Virgin Islands,2011,sn,m,65+,0,Smear Negative
British Virgin Islands,2011,sn,f,0-14,0,Smear Negative
British Virgin Islands,2011,sn,f,15-24,0,Smear Negative
British Virgin Islands,2011,sn,f,25-34,0,Smear Negative
British Virgin Islands,2011,sn,f,35-44,0,Smear Negative
British Virgin Islands,2011,sn,f,45-54,0,Smear Negative
British Virgin Islands,2011,sn,f,55-64,0,Smear Negative
British Virgin Islands,2011,sn,f,65+,0,Smear Negative
British Virgin Islands,2011,ep,m,0-14,0,Extrapulmonary
British Virgin Islands,2011,ep,m,15-24,0,Extrapulmonary
British Virgin Islands,2011,ep,m,25-34,0,Extrapulmonary
British Virgin Islands,2011,ep,m,35-44,0,Extrapulmonary
British Virgin Islands,2011,ep,m,45-54,0,Extrapulmonary
British Virgin Islands,2011,ep,m,55-64,0,Extrapulmonary
British Virgin Islands,2011,ep,m,65+,0,Extrapulmonary
British Virgin Islands,2011,ep,f,0-14,0,Extrapulmonary
British Virgin Islands,2011,ep,f,15-24,0,Extrapulmonary
British Virgin Islands,2011,ep,f,25-34,0,Extrapulmonary
British Virgin Islands,2011,ep,f,35-44,0,Extrapulmonary
British Virgin Islands,2011,ep,f,45-54,0,Extrapulmonary
British Virgin Islands,2011,ep,f,55-64,0,Extrapulmonary
British Virgin Islands,2011,ep,f,65+,0,Extrapulmonary
British Virgin Islands,2012,sp,m,0-14,0,Smear Positive
British Virgin Islands,2012,sp,m,15-24,0,Smear Positive
British Virgin Islands,2012,sp,m,25-34,0,Smear Positive
British Virgin Islands,2012,sp,m,35-44,0,Smear Positive
British Virgin Islands,2012,sp,m,45-54,0,Smear Positive
British Virgin Islands,2012,sp,m,55-64,0,Smear Positive
British Virgin Islands,2012,sp,m,65+,0,Smear Positive
British Virgin Islands,2012,sp,f,0-14,0,Smear Positive
British Virgin Islands,2012,sp,f,15-24,0,Smear Positive
British Virgin Islands,2012,sp,f,25-34,0,Smear Positive
British Virgin Islands,2012,sp,f,35-44,0,Smear Positive
British Virgin Islands,2012,sp,f,45-54,0,Smear Positive
British Virgin Islands,2012,sp,f,55-64,0,Smear Positive
British Virgin Islands,2012,sp,f,65+,0,Smear Positive
British Virgin Islands,2012,sn,m,0-14,0,Smear Negative
British Virgin Islands,2012,sn,m,15-24,0,Smear Negative
British Virgin Islands,2012,sn,m,25-34,0,Smear Negative
British Virgin Islands,2012,sn,m,35-44,0,Smear Negative
British Virgin Islands,2012,sn,m,45-54,0,Smear Negative
British Virgin Islands,2012,sn,m,55-64,0,Smear Negative
British Virgin Islands,2012,sn,m,65+,0,Smear Negative
British Virgin Islands,2012,sn,f,0-14,0,Smear Negative
British Virgin Islands,2012,sn,f,15-24,0,Smear Negative
British Virgin Islands,2012,sn,f,25-34,0,Smear Negative
British Virgin Islands,2012,sn,f,35-44,0,Smear Negative
British Virgin Islands,2012,sn,f,45-54,0,Smear Negative
British Virgin Islands,2012,sn,f,55-64,0,Smear Negative
British Virgin Islands,2012,sn,f,65+,0,Smear Negative
British Virgin Islands,2012,ep,m,0-14,0,Extrapulmonary
British Virgin Islands,2012,ep,m,15-24,0,Extrapulmonary
British Virgin Islands,2012,ep,m,25-34,0,Extrapulmonary
British Virgin Islands,2012,ep,m,35-44,0,Extrapulmonary
British Virgin Islands,2012,ep,m,45-54,0,Extrapulmonary
British Virgin Islands,2012,ep,m,55-64,0,Extrapulmonary
British Virgin Islands,2012,ep,m,65+,0,Extrapulmonary
British Virgin Islands,2012,ep,f,0-14,0,Extrapulmonary
British Virgin Islands,2012,ep,f,15-24,0,Extrapulmonary
British Virgin Islands,2012,ep,f,25-34,0,Extrapulmonary
British Virgin Islands,2012,ep,f,35-44,0,Extrapulmonary
British Virgin Islands,2012,ep,f,45-54,0,Extrapulmonary
British Virgin Islands,2012,ep,f,55-64,0,Extrapulmonary
British Virgin Islands,2012,ep,f,65+,0,Extrapulmonary
British Virgin Islands,2013,rel,m,0-14,0,Relapse
British Virgin Islands,2013,rel,m,15-24,0,Relapse
British Virgin Islands,2013,rel,m,25-34,0,Relapse
British Virgin Islands,2013,rel,m,35-44,0,Relapse
British Virgin Islands,2013,rel,m,45-54,0,Relapse
British Virgin Islands,2013,rel,m,55-64,0,Relapse
British Virgin Islands,2013,rel,m,65+,0,Relapse
British Virgin Islands,2013,rel,f,0-14,0,Relapse
British Virgin Islands,2013,rel,f,15-24,0,Relapse
British Virgin Islands,2013,rel,f,25-34,0,Relapse
British Virgin Islands,2013,rel,f,35-44,0,Relapse
British Virgin Islands,2013,rel,f,45-54,0,Relapse
British Virgin Islands,2013,rel,f,55-64,0,Relapse
British Virgin Islands,2013,rel,f,65+,0,Relapse
Brunei Darussalam,1999,sp,m,0-14,0,Smear Positive
Brunei Darussalam,1999,sp,m,15-24,16,Smear Positive
Brunei Darussalam,1999,sp,m,25-34,42,Smear Positive
Brunei Darussalam,1999,sp,m,35-44,30,Smear Positive
Brunei Darussalam,1999,sp,m,45-54,11,Smear Positive
Brunei Darussalam,1999,sp,m,55-64,25,Smear Positive
Brunei Darussalam,1999,sp,m,65+,31,Smear Positive
Brunei Darussalam,1999,sp,f,0-14,1,Smear Positive
Brunei Darussalam,1999,sp,f,15-24,16,Smear Positive
Brunei Darussalam,1999,sp,f,25-34,36,Smear Positive
Brunei Darussalam,1999,sp,f,35-44,16,Smear Positive
Brunei Darussalam,1999,sp,f,45-54,16,Smear Positive
Brunei Darussalam,1999,sp,f,55-64,13,Smear Positive
Brunei Darussalam,1999,sp,f,65+,14,Smear Positive
Brunei Darussalam,2000,sp,m,0-14,0,Smear Positive
Brunei Darussalam,2000,sp,m,15-24,6,Smear Positive
Brunei Darussalam,2000,sp,m,25-34,4,Smear Positive
Brunei Darussalam,2000,sp,m,35-44,15,Smear Positive
Brunei Darussalam,2000,sp,m,45-54,5,Smear Positive
Brunei Darussalam,2000,sp,m,55-64,7,Smear Positive
Brunei Darussalam,2000,sp,m,65+,15,Smear Positive
Brunei Darussalam,2000,sp,f,0-14,0,Smear Positive
Brunei Darussalam,2000,sp,f,15-24,4,Smear Positive
Brunei Darussalam,2000,sp,f,25-34,6,Smear Positive
Brunei Darussalam,2000,sp,f,35-44,9,Smear Positive
Brunei Darussalam,2000,sp,f,45-54,6,Smear Positive
Brunei Darussalam,2000,sp,f,55-64,3,Smear Positive
Brunei Darussalam,2000,sp,f,65+,4,Smear Positive
Brunei Darussalam,2002,sp,m,0-14,2,Smear Positive
Brunei Darussalam,2002,sp,m,15-24,15,Smear Positive
Brunei Darussalam,2002,sp,m,25-34,15,Smear Positive
Brunei Darussalam,2002,sp,m,35-44,7,Smear Positive
Brunei Darussalam,2002,sp,m,45-54,6,Smear Positive
Brunei Darussalam,2002,sp,m,55-64,8,Smear Positive
Brunei Darussalam,2002,sp,m,65+,14,Smear Positive
Brunei Darussalam,2002,sp,f,0-14,0,Smear Positive
Brunei Darussalam,2002,sp,f,15-24,11,Smear Positive
Brunei Darussalam,2002,sp,f,25-34,9,Smear Positive
Brunei Darussalam,2002,sp,f,35-44,8,Smear Positive
Brunei Darussalam,2002,sp,f,45-54,5,Smear Positive
Brunei Darussalam,2002,sp,f,55-64,5,Smear Positive
Brunei Darussalam,2002,sp,f,65+,7,Smear Positive
Brunei Darussalam,2003,sp,m,0-14,0,Smear Positive
Brunei Darussalam,2003,sp,m,15-24,5,Smear Positive
Brunei Darussalam,2003,sp,m,25-34,25,Smear Positive
Brunei Darussalam,2003,sp,m,35-44,17,Smear Positive
Brunei Darussalam,2003,sp,m,45-54,8,Smear Positive
Brunei Darussalam,2003,sp,m,55-64,8,Smear Positive
Brunei Darussalam,2003,sp,m,65+,9,Smear Positive
Brunei Darussalam,2003,sp,f,0-14,0,Smear Positive
Brunei Darussalam,2003,sp,f,15-24,9,Smear Positive
Brunei Darussalam,2003,sp,f,25-34,14,Smear Positive
Brunei Darussalam,2003,sp,f,35-44,11,Smear Positive
Brunei Darussalam,2003,sp,f,45-54,4,Smear Positive
Brunei Darussalam,2003,sp,f,55-64,5,Smear Positive
Brunei Darussalam,2003,sp,f,65+,6,Smear Positive
Brunei Darussalam,2004,sp,m,0-14,0,Smear Positive
Brunei Darussalam,2004,sp,m,15-24,10,Smear Positive
Brunei Darussalam,2004,sp,m,25-34,13,Smear Positive
Brunei Darussalam,2004,sp,m,35-44,12,Smear Positive
Brunei Darussalam,2004,sp,m,45-54,16,Smear Positive
Brunei Darussalam,2004,sp,m,55-64,11,Smear Positive
Brunei Darussalam,2004,sp,m,65+,10,Smear Positive
Brunei Darussalam,2004,sp,f,0-14,0,Smear Positive
Brunei Darussalam,2004,sp,f,15-24,6,Smear Positive
Brunei Darussalam,2004,sp,f,25-34,11,Smear Positive
Brunei Darussalam,2004,sp,f,35-44,12,Smear Positive
Brunei Darussalam,2004,sp,f,45-54,8,Smear Positive
Brunei Darussalam,2004,sp,f,55-64,2,Smear Positive
Brunei Darussalam,2004,sp,f,65+,4,Smear Positive
Brunei Darussalam,2005,sp,m,0-14,0,Smear Positive
Brunei Darussalam,2005,sp,m,15-24,9,Smear Positive
Brunei Darussalam,2005,sp,m,25-34,19,Smear Positive
Brunei Darussalam,2005,sp,m,35-44,19,Smear Positive
Brunei Darussalam,2005,sp,m,45-54,12,Smear Positive
Brunei Darussalam,2005,sp,m,55-64,9,Smear Positive
Brunei Darussalam,2005,sp,m,65+,0,Smear Positive
Brunei Darussalam,2005,sp,f,0-14,0,Smear Positive
Brunei Darussalam,2005,sp,f,15-24,9,Smear Positive
Brunei Darussalam,2005,sp,f,25-34,11,Smear Positive
Brunei Darussalam,2005,sp,f,35-44,8,Smear Positive
Brunei Darussalam,2005,sp,f,45-54,3,Smear Positive
Brunei Darussalam,2005,sp,f,55-64,2,Smear Positive
Brunei Darussalam,2005,sp,f,65+,0,Smear Positive
Brunei Darussalam,2006,sp,m,0-14,2,Smear Positive
Brunei Darussalam,2006,sp,m,15-24,10,Smear Positive
Brunei Darussalam,2006,sp,m,25-34,11,Smear Positive
Brunei Darussalam,2006,sp,m,35-44,12,Smear Positive
Brunei Darussalam,2006,sp,m,45-54,13,Smear Positive
Brunei Darussalam,2006,sp,m,55-64,10,Smear Positive
Brunei Darussalam,2006,sp,m,65+,11,Smear Positive
Brunei Darussalam,2006,sp,f,0-14,1,Smear Positive
Brunei Darussalam,2006,sp,f,15-24,5,Smear Positive
Brunei Darussalam,2006,sp,f,25-34,11,Smear Positive
Brunei Darussalam,2006,sp,f,35-44,8,Smear Positive
Brunei Darussalam,2006,sp,f,45-54,11,Smear Positive
Brunei Darussalam,2006,sp,f,55-64,4,Smear Positive
Brunei Darussalam,2006,sp,f,65+,9,Smear Positive
Brunei Darussalam,2006,sn,m,15-24,0,Smear Negative
Brunei Darussalam,2006,sn,m,25-34,3,Smear Negative
Brunei Darussalam,2006,sn,m,35-44,1,Smear Negative
Brunei Darussalam,2006,sn,m,45-54,3,Smear Negative
Brunei Darussalam,2006,sn,m,55-64,3,Smear Negative
Brunei Darussalam,2006,sn,m,65+,3,Smear Negative
Brunei Darussalam,2006,sn,f,0-14,0,Smear Negative
Brunei Darussalam,2006,sn,f,15-24,2,Smear Negative
Brunei Darussalam,2006,sn,f,25-34,0,Smear Negative
Brunei Darussalam,2006,sn,f,35-44,1,Smear Negative
Brunei Darussalam,2006,sn,f,45-54,3,Smear Negative
Brunei Darussalam,2006,sn,f,55-64,0,Smear Negative
Brunei Darussalam,2006,sn,f,65+,6,Smear Negative
Brunei Darussalam,2006,ep,m,15-24,2,Extrapulmonary
Brunei Darussalam,2006,ep,m,25-34,2,Extrapulmonary
Brunei Darussalam,2006,ep,m,35-44,1,Extrapulmonary
Brunei Darussalam,2006,ep,m,45-54,2,Extrapulmonary
Brunei Darussalam,2006,ep,m,55-64,4,Extrapulmonary
Brunei Darussalam,2006,ep,m,65+,2,Extrapulmonary
Brunei Darussalam,2006,ep,f,0-14,1,Extrapulmonary
Brunei Darussalam,2006,ep,f,15-24,1,Extrapulmonary
Brunei Darussalam,2006,ep,f,25-34,10,Extrapulmonary
Brunei Darussalam,2006,ep,f,35-44,4,Extrapulmonary
Brunei Darussalam,2006,ep,f,45-54,3,Extrapulmonary
Brunei Darussalam,2006,ep,f,55-64,3,Extrapulmonary
Brunei Darussalam,2006,ep,f,65+,1,Extrapulmonary
Brunei Darussalam,2007,sp,m,0-14,0,Smear Positive
Brunei Darussalam,2007,sp,m,15-24,5,Smear Positive
Brunei Darussalam,2007,sp,m,25-34,10,Smear Positive
Brunei Darussalam,2007,sp,m,35-44,15,Smear Positive
Brunei Darussalam,2007,sp,m,45-54,21,Smear Positive
Brunei Darussalam,2007,sp,m,55-64,10,Smear Positive
Brunei Darussalam,2007,sp,m,65+,17,Smear Positive
Brunei Darussalam,2007,sp,f,0-14,0,Smear Positive
Brunei Darussalam,2007,sp,f,15-24,6,Smear Positive
Brunei Darussalam,2007,sp,f,25-34,6,Smear Positive
Brunei Darussalam,2007,sp,f,35-44,12,Smear Positive
Brunei Darussalam,2007,sp,f,45-54,15,Smear Positive
Brunei Darussalam,2007,sp,f,55-64,9,Smear Positive
Brunei Darussalam,2007,sp,f,65+,2,Smear Positive
Brunei Darussalam,2007,sn,m,0-14,0,Smear Negative
Brunei Darussalam,2007,sn,m,15-24,1,Smear Negative
Brunei Darussalam,2007,sn,m,25-34,0,Smear Negative
Brunei Darussalam,2007,sn,m,35-44,2,Smear Negative
Brunei Darussalam,2007,sn,m,45-54,1,Smear Negative
Brunei Darussalam,2007,sn,m,55-64,1,Smear Negative
Brunei Darussalam,2007,sn,m,65+,1,Smear Negative
Brunei Darussalam,2007,sn,f,0-14,0,Smear Negative
Brunei Darussalam,2007,sn,f,15-24,0,Smear Negative
Brunei Darussalam,2007,sn,f,25-34,0,Smear Negative
Brunei Darussalam,2007,sn,f,35-44,1,Smear Negative
Brunei Darussalam,2007,sn,f,45-54,0,Smear Negative
Brunei Darussalam,2007,sn,f,55-64,1,Smear Negative
Brunei Darussalam,2007,sn,f,65+,1,Smear Negative
Brunei Darussalam,2007,ep,m,0-14,0,Extrapulmonary
Brunei Darussalam,2007,ep,m,15-24,3,Extrapulmonary
Brunei Darussalam,2007,ep,m,25-34,7,Extrapulmonary
Brunei Darussalam,2007,ep,m,35-44,2,Extrapulmonary
Brunei Darussalam,2007,ep,m,45-54,4,Extrapulmonary
Brunei Darussalam,2007,ep,m,55-64,2,Extrapulmonary
Brunei Darussalam,2007,ep,m,65+,6,Extrapulmonary
Brunei Darussalam,2007,ep,f,0-14,0,Extrapulmonary
Brunei Darussalam,2007,ep,f,15-24,3,Extrapulmonary
Brunei Darussalam,2007,ep,f,25-34,5,Extrapulmonary
Brunei Darussalam,2007,ep,f,35-44,8,Extrapulmonary
Brunei Darussalam,2007,ep,f,45-54,7,Extrapulmonary
Brunei Darussalam,2007,ep,f,55-64,1,Extrapulmonary
Brunei Darussalam,2007,ep,f,65+,1,Extrapulmonary
Brunei Darussalam,2008,sp,m,0-14,0,Smear Positive
Brunei Darussalam,2008,sp,m,15-24,10,Smear Positive
Brunei Darussalam,2008,sp,m,25-34,10,Smear Positive
Brunei Darussalam,2008,sp,m,35-44,12,Smear Positive
Brunei Darussalam,2008,sp,m,45-54,21,Smear Positive
Brunei Darussalam,2008,sp,m,55-64,6,Smear Positive
Brunei Darussalam,2008,sp,m,65+,23,Smear Positive
Brunei Darussalam,2008,sp,f,0-14,1,Smear Positive
Brunei Darussalam,2008,sp,f,15-24,6,Smear Positive
Brunei Darussalam,2008,sp,f,25-34,11,Smear Positive
Brunei Darussalam,2008,sp,f,35-44,8,Smear Positive
Brunei Darussalam,2008,sp,f,45-54,7,Smear Positive
Brunei Darussalam,2008,sp,f,55-64,7,Smear Positive
Brunei Darussalam,2008,sp,f,65+,10,Smear Positive
Brunei Darussalam,2008,sn,m,0-14,0,Smear Negative
Brunei Darussalam,2008,sn,m,15-24,2,Smear Negative
Brunei Darussalam,2008,sn,m,25-34,2,Smear Negative
Brunei Darussalam,2008,sn,m,35-44,6,Smear Negative
Brunei Darussalam,2008,sn,m,45-54,2,Smear Negative
Brunei Darussalam,2008,sn,m,55-64,1,Smear Negative
Brunei Darussalam,2008,sn,m,65+,5,Smear Negative
Brunei Darussalam,2008,sn,f,0-14,0,Smear Negative
Brunei Darussalam,2008,sn,f,15-24,2,Smear Negative
Brunei Darussalam,2008,sn,f,25-34,4,Smear Negative
Brunei Darussalam,2008,sn,f,35-44,1,Smear Negative
Brunei Darussalam,2008,sn,f,45-54,1,Smear Negative
Brunei Darussalam,2008,sn,f,55-64,1,Smear Negative
Brunei Darussalam,2008,sn,f,65+,1,Smear Negative
Brunei Darussalam,2008,ep,m,0-14,0,Extrapulmonary
Brunei Darussalam,2008,ep,m,15-24,1,Extrapulmonary
Brunei Darussalam,2008,ep,m,25-34,3,Extrapulmonary
Brunei Darussalam,2008,ep,m,35-44,2,Extrapulmonary
Brunei Darussalam,2008,ep,m,45-54,6,Extrapulmonary
Brunei Darussalam,2008,ep,m,55-64,4,Extrapulmonary
Brunei Darussalam,2008,ep,m,65+,4,Extrapulmonary
Brunei Darussalam,2008,ep,f,0-14,0,Extrapulmonary
Brunei Darussalam,2008,ep,f,15-24,5,Extrapulmonary
Brunei Darussalam,2008,ep,f,25-34,8,Extrapulmonary
Brunei Darussalam,2008,ep,f,35-44,5,Extrapulmonary
Brunei Darussalam,2008,ep,f,45-54,2,Extrapulmonary
Brunei Darussalam,2008,ep,f,55-64,1,Extrapulmonary
Brunei Darussalam,2008,ep,f,65+,2,Extrapulmonary
Brunei Darussalam,2009,sp,m,0-14,1,Smear Positive
Brunei Darussalam,2009,sp,m,15-24,5,Smear Positive
Brunei Darussalam,2009,sp,m,25-34,5,Smear Positive
Brunei Darussalam,2009,sp,m,35-44,16,Smear Positive
Brunei Darussalam,2009,sp,m,45-54,13,Smear Positive
Brunei Darussalam,2009,sp,m,55-64,18,Smear Positive
Brunei Darussalam,2009,sp,m,65+,29,Smear Positive
Brunei Darussalam,2009,sp,f,0-14,0,Smear Positive
Brunei Darussalam,2009,sp,f,15-24,10,Smear Positive
Brunei Darussalam,2009,sp,f,25-34,12,Smear Positive
Brunei Darussalam,2009,sp,f,35-44,11,Smear Positive
Brunei Darussalam,2009,sp,f,45-54,7,Smear Positive
Brunei Darussalam,2009,sp,f,55-64,3,Smear Positive
Brunei Darussalam,2009,sp,f,65+,10,Smear Positive
Brunei Darussalam,2009,sn,m,0-14,0,Smear Negative
Brunei Darussalam,2009,sn,m,15-24,0,Smear Negative
Brunei Darussalam,2009,sn,m,25-34,0,Smear Negative
Brunei Darussalam,2009,sn,m,35-44,3,Smear Negative
Brunei Darussalam,2009,sn,m,45-54,2,Smear Negative
Brunei Darussalam,2009,sn,m,55-64,0,Smear Negative
Brunei Darussalam,2009,sn,m,65+,2,Smear Negative
Brunei Darussalam,2009,sn,f,0-14,0,Smear Negative
Brunei Darussalam,2009,sn,f,15-24,1,Smear Negative
Brunei Darussalam,2009,sn,f,25-34,4,Smear Negative
Brunei Darussalam,2009,sn,f,35-44,3,Smear Negative
Brunei Darussalam,2009,sn,f,45-54,0,Smear Negative
Brunei Darussalam,2009,sn,f,55-64,2,Smear Negative
Brunei Darussalam,2009,sn,f,65+,1,Smear Negative
Brunei Darussalam,2009,ep,m,0-14,1,Extrapulmonary
Brunei Darussalam,2009,ep,m,15-24,2,Extrapulmonary
Brunei Darussalam,2009,ep,m,25-34,3,Extrapulmonary
Brunei Darussalam,2009,ep,m,35-44,4,Extrapulmonary
Brunei Darussalam,2009,ep,m,45-54,2,Extrapulmonary
Brunei Darussalam,2009,ep,m,55-64,2,Extrapulmonary
Brunei Darussalam,2009,ep,m,65+,2,Extrapulmonary
Brunei Darussalam,2009,ep,f,0-14,2,Extrapulmonary
Brunei Darussalam,2009,ep,f,15-24,4,Extrapulmonary
Brunei Darussalam,2009,ep,f,25-34,8,Extrapulmonary
Brunei Darussalam,2009,ep,f,35-44,6,Extrapulmonary
Brunei Darussalam,2009,ep,f,45-54,7,Extrapulmonary
Brunei Darussalam,2009,ep,f,55-64,3,Extrapulmonary
Brunei Darussalam,2009,ep,f,65+,3,Extrapulmonary
Brunei Darussalam,2010,sp,m,0-14,0,Smear Positive
Brunei Darussalam,2010,sp,m,15-24,17,Smear Positive
Brunei Darussalam,2010,sp,m,25-34,15,Smear Positive
Brunei Darussalam,2010,sp,m,35-44,13,Smear Positive
Brunei Darussalam,2010,sp,m,45-54,18,Smear Positive
Brunei Darussalam,2010,sp,m,55-64,7,Smear Positive
Brunei Darussalam,2010,sp,m,65+,18,Smear Positive
Brunei Darussalam,2010,sp,f,0-14,2,Smear Positive
Brunei Darussalam,2010,sp,f,15-24,7,Smear Positive
Brunei Darussalam,2010,sp,f,25-34,15,Smear Positive
Brunei Darussalam,2010,sp,f,35-44,12,Smear Positive
Brunei Darussalam,2010,sp,f,45-54,8,Smear Positive
Brunei Darussalam,2010,sp,f,55-64,4,Smear Positive
Brunei Darussalam,2010,sp,f,65+,10,Smear Positive
Brunei Darussalam,2010,sn,m,0-14,0,Smear Negative
Brunei Darussalam,2010,sn,m,15-24,2,Smear Negative
Brunei Darussalam,2010,sn,m,25-34,4,Smear Negative
Brunei Darussalam,2010,sn,m,35-44,6,Smear Negative
Brunei Darussalam,2010,sn,m,45-54,4,Smear Negative
Brunei Darussalam,2010,sn,m,55-64,1,Smear Negative
Brunei Darussalam,2010,sn,m,65+,4,Smear Negative
Brunei Darussalam,2010,sn,f,0-14,0,Smear Negative
Brunei Darussalam,2010,sn,f,15-24,0,Smear Negative
Brunei Darussalam,2010,sn,f,25-34,4,Smear Negative
Brunei Darussalam,2010,sn,f,35-44,1,Smear Negative
Brunei Darussalam,2010,sn,f,45-54,0,Smear Negative
Brunei Darussalam,2010,sn,f,55-64,1,Smear Negative
Brunei Darussalam,2010,sn,f,65+,3,Smear Negative
Brunei Darussalam,2010,ep,m,0-14,1,Extrapulmonary
Brunei Darussalam,2010,ep,m,15-24,3,Extrapulmonary
Brunei Darussalam,2010,ep,m,25-34,3,Extrapulmonary
Brunei Darussalam,2010,ep,m,35-44,4,Extrapulmonary
Brunei Darussalam,2010,ep,m,45-54,5,Extrapulmonary
Brunei Darussalam,2010,ep,m,55-64,4,Extrapulmonary
Brunei Darussalam,2010,ep,m,65+,4,Extrapulmonary
Brunei Darussalam,2010,ep,f,0-14,0,Extrapulmonary
Brunei Darussalam,2010,ep,f,15-24,2,Extrapulmonary
Brunei Darussalam,2010,ep,f,25-34,7,Extrapulmonary
Brunei Darussalam,2010,ep,f,35-44,5,Extrapulmonary
Brunei Darussalam,2010,ep,f,45-54,2,Extrapulmonary
Brunei Darussalam,2010,ep,f,55-64,2,Extrapulmonary
Brunei Darussalam,2010,ep,f,65+,1,Extrapulmonary
Brunei Darussalam,2011,sp,m,0-14,0,Smear Positive
Brunei Darussalam,2011,sp,m,15-24,11,Smear Positive
Brunei Darussalam,2011,sp,m,25-34,11,Smear Positive
Brunei Darussalam,2011,sp,m,35-44,11,Smear Positive
Brunei Darussalam,2011,sp,m,45-54,10,Smear Positive
Brunei Darussalam,2011,sp,m,55-64,11,Smear Positive
Brunei Darussalam,2011,sp,m,65+,13,Smear Positive
Brunei Darussalam,2011,sp,f,0-14,2,Smear Positive
Brunei Darussalam,2011,sp,f,15-24,5,Smear Positive
Brunei Darussalam,2011,sp,f,25-34,9,Smear Positive
Brunei Darussalam,2011,sp,f,35-44,6,Smear Positive
Brunei Darussalam,2011,sp,f,45-54,7,Smear Positive
Brunei Darussalam,2011,sp,f,55-64,3,Smear Positive
Brunei Darussalam,2011,sp,f,65+,10,Smear Positive
Brunei Darussalam,2011,sn,m,0-14,0,Smear Negative
Brunei Darussalam,2011,sn,m,15-24,6,Smear Negative
Brunei Darussalam,2011,sn,m,25-34,6,Smear Negative
Brunei Darussalam,2011,sn,m,35-44,5,Smear Negative
Brunei Darussalam,2011,sn,m,45-54,12,Smear Negative
Brunei Darussalam,2011,sn,m,55-64,2,Smear Negative
Brunei Darussalam,2011,sn,m,65+,7,Smear Negative
Brunei Darussalam,2011,sn,f,0-14,0,Smear Negative
Brunei Darussalam,2011,sn,f,15-24,1,Smear Negative
Brunei Darussalam,2011,sn,f,25-34,3,Smear Negative
Brunei Darussalam,2011,sn,f,35-44,5,Smear Negative
Brunei Darussalam,2011,sn,f,45-54,1,Smear Negative
Brunei Darussalam,2011,sn,f,55-64,1,Smear Negative
Brunei Darussalam,2011,sn,f,65+,3,Smear Negative
Brunei Darussalam,2011,ep,m,0-14,0,Extrapulmonary
Brunei Darussalam,2011,ep,m,15-24,5,Extrapulmonary
Brunei Darussalam,2011,ep,m,25-34,10,Extrapulmonary
Brunei Darussalam,2011,ep,m,35-44,5,Extrapulmonary
Brunei Darussalam,2011,ep,m,45-54,4,Extrapulmonary
Brunei Darussalam,2011,ep,m,55-64,2,Extrapulmonary
Brunei Darussalam,2011,ep,m,65+,4,Extrapulmonary
Brunei Darussalam,2011,ep,f,0-14,0,Extrapulmonary
Brunei Darussalam,2011,ep,f,15-24,5,Extrapulmonary
Brunei Darussalam,2011,ep,f,25-34,3,Extrapulmonary
Brunei Darussalam,2011,ep,f,35-44,4,Extrapulmonary
Brunei Darussalam,2011,ep,f,45-54,2,Extrapulmonary
Brunei Darussalam,2011,ep,f,55-64,1,Extrapulmonary
Brunei Darussalam,2011,ep,f,65+,3,Extrapulmonary
Brunei Darussalam,2012,sp,m,0-14,0,Smear Positive
Brunei Darussalam,2012,sp,m,15-24,10,Smear Positive
Brunei Darussalam,2012,sp,m,25-34,13,Smear Positive
Brunei Darussalam,2012,sp,m,35-44,15,Smear Positive
Brunei Darussalam,2012,sp,m,45-54,13,Smear Positive
Brunei Darussalam,2012,sp,m,55-64,8,Smear Positive
Brunei Darussalam,2012,sp,m,65+,19,Smear Positive
Brunei Darussalam,2012,sp,f,0-14,0,Smear Positive
Brunei Darussalam,2012,sp,f,15-24,5,Smear Positive
Brunei Darussalam,2012,sp,f,25-34,6,Smear Positive
Brunei Darussalam,2012,sp,f,35-44,9,Smear Positive
Brunei Darussalam,2012,sp,f,45-54,10,Smear Positive
Brunei Darussalam,2012,sp,f,55-64,6,Smear Positive
Brunei Darussalam,2012,sp,f,65+,5,Smear Positive
Brunei Darussalam,2012,sn,m,0-14,0,Smear Negative
Brunei Darussalam,2012,sn,m,15-24,4,Smear Negative
Brunei Darussalam,2012,sn,m,25-34,8,Smear Negative
Brunei Darussalam,2012,sn,m,35-44,11,Smear Negative
Brunei Darussalam,2012,sn,m,45-54,8,Smear Negative
Brunei Darussalam,2012,sn,m,55-64,6,Smear Negative
Brunei Darussalam,2012,sn,m,65+,11,Smear Negative
Brunei Darussalam,2012,sn,f,0-14,0,Smear Negative
Brunei Darussalam,2012,sn,f,15-24,4,Smear Negative
Brunei Darussalam,2012,sn,f,25-34,3,Smear Negative
Brunei Darussalam,2012,sn,f,35-44,6,Smear Negative
Brunei Darussalam,2012,sn,f,45-54,3,Smear Negative
Brunei Darussalam,2012,sn,f,55-64,4,Smear Negative
Brunei Darussalam,2012,sn,f,65+,11,Smear Negative
Brunei Darussalam,2012,ep,m,0-14,1,Extrapulmonary
Brunei Darussalam,2012,ep,m,15-24,2,Extrapulmonary
Brunei Darussalam,2012,ep,m,25-34,1,Extrapulmonary
Brunei Darussalam,2012,ep,m,35-44,1,Extrapulmonary
Brunei Darussalam,2012,ep,m,45-54,4,Extrapulmonary
Brunei Darussalam,2012,ep,m,55-64,3,Extrapulmonary
Brunei Darussalam,2012,ep,m,65+,6,Extrapulmonary
Brunei Darussalam,2012,ep,f,0-14,0,Extrapulmonary
Brunei Darussalam,2012,ep,f,15-24,3,Extrapulmonary
Brunei Darussalam,2012,ep,f,25-34,1,Extrapulmonary
Brunei Darussalam,2012,ep,f,35-44,4,Extrapulmonary
Brunei Darussalam,2012,ep,f,45-54,3,Extrapulmonary
Brunei Darussalam,2012,ep,f,55-64,0,Extrapulmonary
Brunei Darussalam,2012,ep,f,65+,2,Extrapulmonary
Brunei Darussalam,2013,rel,m,0-14,1,Relapse
Brunei Darussalam,2013,rel,m,15-24,14,Relapse
Brunei Darussalam,2013,rel,m,25-34,20,Relapse
Brunei Darussalam,2013,rel,m,35-44,20,Relapse
Brunei Darussalam,2013,rel,m,45-54,27,Relapse
Brunei Darussalam,2013,rel,m,55-64,16,Relapse
Brunei Darussalam,2013,rel,m,65+,27,Relapse
Brunei Darussalam,2013,rel,f,0-14,3,Relapse
Brunei Darussalam,2013,rel,f,15-24,9,Relapse
Brunei Darussalam,2013,rel,f,25-34,24,Relapse
Brunei Darussalam,2013,rel,f,35-44,17,Relapse
Brunei Darussalam,2013,rel,f,45-54,12,Relapse
Brunei Darussalam,2013,rel,f,55-64,10,Relapse
Brunei Darussalam,2013,rel,f,65+,12,Relapse
Bulgaria,2000,sp,m,0-14,0,Smear Positive
Bulgaria,2000,sp,m,15-24,13,Smear Positive
Bulgaria,2000,sp,m,25-34,16,Smear Positive
Bulgaria,2000,sp,m,35-44,20,Smear Positive
Bulgaria,2000,sp,m,45-54,3,Smear Positive
Bulgaria,2000,sp,m,55-64,9,Smear Positive
Bulgaria,2000,sp,m,65+,10,Smear Positive
Bulgaria,2000,sp,f,0-14,0,Smear Positive
Bulgaria,2000,sp,f,15-24,11,Smear Positive
Bulgaria,2000,sp,f,25-34,14,Smear Positive
Bulgaria,2000,sp,f,35-44,7,Smear Positive
Bulgaria,2000,sp,f,45-54,3,Smear Positive
Bulgaria,2000,sp,f,55-64,4,Smear Positive
Bulgaria,2000,sp,f,65+,6,Smear Positive
Bulgaria,2001,sp,m,0-14,1,Smear Positive
Bulgaria,2001,sp,m,15-24,15,Smear Positive
Bulgaria,2001,sp,m,25-34,20,Smear Positive
Bulgaria,2001,sp,m,35-44,23,Smear Positive
Bulgaria,2001,sp,m,45-54,23,Smear Positive
Bulgaria,2001,sp,m,55-64,18,Smear Positive
Bulgaria,2001,sp,m,65+,13,Smear Positive
Bulgaria,2001,sp,f,0-14,1,Smear Positive
Bulgaria,2001,sp,f,15-24,11,Smear Positive
Bulgaria,2001,sp,f,25-34,16,Smear Positive
Bulgaria,2001,sp,f,35-44,13,Smear Positive
Bulgaria,2001,sp,f,45-54,5,Smear Positive
Bulgaria,2001,sp,f,55-64,2,Smear Positive
Bulgaria,2001,sp,f,65+,9,Smear Positive
Bulgaria,2002,sp,m,0-14,2,Smear Positive
Bulgaria,2002,sp,m,15-24,62,Smear Positive
Bulgaria,2002,sp,m,25-34,86,Smear Positive
Bulgaria,2002,sp,m,35-44,116,Smear Positive
Bulgaria,2002,sp,m,45-54,132,Smear Positive
Bulgaria,2002,sp,m,55-64,58,Smear Positive
Bulgaria,2002,sp,m,65+,56,Smear Positive
Bulgaria,2002,sp,f,0-14,6,Smear Positive
Bulgaria,2002,sp,f,15-24,48,Smear Positive
Bulgaria,2002,sp,f,25-34,73,Smear Positive
Bulgaria,2002,sp,f,35-44,45,Smear Positive
Bulgaria,2002,sp,f,45-54,19,Smear Positive
Bulgaria,2002,sp,f,55-64,9,Smear Positive
Bulgaria,2002,sp,f,65+,30,Smear Positive
Bulgaria,2003,sp,m,0-14,3,Smear Positive
Bulgaria,2003,sp,m,15-24,99,Smear Positive
Bulgaria,2003,sp,m,25-34,169,Smear Positive
Bulgaria,2003,sp,m,35-44,178,Smear Positive
Bulgaria,2003,sp,m,45-54,200,Smear Positive
Bulgaria,2003,sp,m,55-64,121,Smear Positive
Bulgaria,2003,sp,m,65+,89,Smear Positive
Bulgaria,2003,sp,f,0-14,7,Smear Positive
Bulgaria,2003,sp,f,15-24,85,Smear Positive
Bulgaria,2003,sp,f,25-34,106,Smear Positive
Bulgaria,2003,sp,f,35-44,63,Smear Positive
Bulgaria,2003,sp,f,45-54,44,Smear Positive
Bulgaria,2003,sp,f,55-64,32,Smear Positive
Bulgaria,2003,sp,f,65+,58,Smear Positive
Bulgaria,2004,sp,m,0-14,10,Smear Positive
Bulgaria,2004,sp,m,15-24,97,Smear Positive
Bulgaria,2004,sp,m,25-34,156,Smear Positive
Bulgaria,2004,sp,m,35-44,166,Smear Positive
Bulgaria,2004,sp,m,45-54,204,Smear Positive
Bulgaria,2004,sp,m,55-64,153,Smear Positive
Bulgaria,2004,sp,m,65+,111,Smear Positive
Bulgaria,2004,sp,f,0-14,4,Smear Positive
Bulgaria,2004,sp,f,15-24,84,Smear Positive
Bulgaria,2004,sp,f,25-34,111,Smear Positive
Bulgaria,2004,sp,f,35-44,64,Smear Positive
Bulgaria,2004,sp,f,45-54,49,Smear Positive
Bulgaria,2004,sp,f,55-64,35,Smear Positive
Bulgaria,2004,sp,f,65+,71,Smear Positive
Bulgaria,2005,sp,m,0-14,9,Smear Positive
Bulgaria,2005,sp,m,15-24,98,Smear Positive
Bulgaria,2005,sp,m,25-34,150,Smear Positive
Bulgaria,2005,sp,m,35-44,195,Smear Positive
Bulgaria,2005,sp,m,45-54,195,Smear Positive
Bulgaria,2005,sp,m,55-64,150,Smear Positive
Bulgaria,2005,sp,m,65+,136,Smear Positive
Bulgaria,2005,sp,f,0-14,9,Smear Positive
Bulgaria,2005,sp,f,15-24,90,Smear Positive
Bulgaria,2005,sp,f,25-34,111,Smear Positive
Bulgaria,2005,sp,f,35-44,59,Smear Positive
Bulgaria,2005,sp,f,45-54,29,Smear Positive
Bulgaria,2005,sp,f,55-64,37,Smear Positive
Bulgaria,2005,sp,f,65+,70,Smear Positive
Bulgaria,2006,sp,m,0-14,6,Smear Positive
Bulgaria,2006,sp,m,15-24,86,Smear Positive
Bulgaria,2006,sp,m,25-34,146,Smear Positive
Bulgaria,2006,sp,m,35-44,170,Smear Positive
Bulgaria,2006,sp,m,45-54,184,Smear Positive
Bulgaria,2006,sp,m,55-64,133,Smear Positive
Bulgaria,2006,sp,m,65+,123,Smear Positive
Bulgaria,2006,sp,f,0-14,12,Smear Positive
Bulgaria,2006,sp,f,15-24,76,Smear Positive
Bulgaria,2006,sp,f,25-34,96,Smear Positive
Bulgaria,2006,sp,f,35-44,86,Smear Positive
Bulgaria,2006,sp,f,45-54,34,Smear Positive
Bulgaria,2006,sp,f,55-64,24,Smear Positive
Bulgaria,2006,sp,f,65+,59,Smear Positive
Bulgaria,2007,sp,m,0-14,7,Smear Positive
Bulgaria,2007,sp,m,15-24,63,Smear Positive
Bulgaria,2007,sp,m,25-34,122,Smear Positive
Bulgaria,2007,sp,m,35-44,181,Smear Positive
Bulgaria,2007,sp,m,45-54,176,Smear Positive
Bulgaria,2007,sp,m,55-64,131,Smear Positive
Bulgaria,2007,sp,m,65+,90,Smear Positive
Bulgaria,2007,sp,f,0-14,4,Smear Positive
Bulgaria,2007,sp,f,15-24,63,Smear Positive
Bulgaria,2007,sp,f,25-34,77,Smear Positive
Bulgaria,2007,sp,f,35-44,53,Smear Positive
Bulgaria,2007,sp,f,45-54,38,Smear Positive
Bulgaria,2007,sp,f,55-64,29,Smear Positive
Bulgaria,2007,sp,f,65+,46,Smear Positive
Bulgaria,2007,sn,m,0-14,17,Smear Negative
Bulgaria,2007,sn,m,15-24,53,Smear Negative
Bulgaria,2007,sn,m,25-34,104,Smear Negative
Bulgaria,2007,sn,m,35-44,83,Smear Negative
Bulgaria,2007,sn,m,45-54,128,Smear Negative
Bulgaria,2007,sn,m,55-64,132,Smear Negative
Bulgaria,2007,sn,m,65+,164,Smear Negative
Bulgaria,2007,sn,f,0-14,24,Smear Negative
Bulgaria,2007,sn,f,15-24,43,Smear Negative
Bulgaria,2007,sn,f,25-34,71,Smear Negative
Bulgaria,2007,sn,f,35-44,35,Smear Negative
Bulgaria,2007,sn,f,45-54,41,Smear Negative
Bulgaria,2007,sn,f,55-64,45,Smear Negative
Bulgaria,2007,sn,f,65+,70,Smear Negative
Bulgaria,2007,ep,m,0-14,75,Extrapulmonary
Bulgaria,2007,ep,m,15-24,46,Extrapulmonary
Bulgaria,2007,ep,m,25-34,35,Extrapulmonary
Bulgaria,2007,ep,m,35-44,39,Extrapulmonary
Bulgaria,2007,ep,m,45-54,41,Extrapulmonary
Bulgaria,2007,ep,m,55-64,54,Extrapulmonary
Bulgaria,2007,ep,m,65+,73,Extrapulmonary
Bulgaria,2007,ep,f,0-14,67,Extrapulmonary
Bulgaria,2007,ep,f,15-24,37,Extrapulmonary
Bulgaria,2007,ep,f,25-34,25,Extrapulmonary
Bulgaria,2007,ep,f,35-44,31,Extrapulmonary
Bulgaria,2007,ep,f,45-54,31,Extrapulmonary
Bulgaria,2007,ep,f,55-64,36,Extrapulmonary
Bulgaria,2007,ep,f,65+,63,Extrapulmonary
Bulgaria,2008,sp,m,0-14,2,Smear Positive
Bulgaria,2008,sp,m,15-24,80,Smear Positive
Bulgaria,2008,sp,m,25-34,145,Smear Positive
Bulgaria,2008,sp,m,35-44,151,Smear Positive
Bulgaria,2008,sp,m,45-54,159,Smear Positive
Bulgaria,2008,sp,m,55-64,127,Smear Positive
Bulgaria,2008,sp,m,65+,68,Smear Positive
Bulgaria,2008,sp,f,0-14,1,Smear Positive
Bulgaria,2008,sp,f,15-24,57,Smear Positive
Bulgaria,2008,sp,f,25-34,78,Smear Positive
Bulgaria,2008,sp,f,35-44,54,Smear Positive
Bulgaria,2008,sp,f,45-54,31,Smear Positive
Bulgaria,2008,sp,f,55-64,23,Smear Positive
Bulgaria,2008,sp,f,65+,44,Smear Positive
Bulgaria,2008,sn,m,0-14,11,Smear Negative
Bulgaria,2008,sn,m,15-24,67,Smear Negative
Bulgaria,2008,sn,m,25-34,98,Smear Negative
Bulgaria,2008,sn,m,35-44,103,Smear Negative
Bulgaria,2008,sn,m,45-54,150,Smear Negative
Bulgaria,2008,sn,m,55-64,157,Smear Negative
Bulgaria,2008,sn,m,65+,172,Smear Negative
Bulgaria,2008,sn,f,0-14,10,Smear Negative
Bulgaria,2008,sn,f,15-24,48,Smear Negative
Bulgaria,2008,sn,f,25-34,56,Smear Negative
Bulgaria,2008,sn,f,35-44,51,Smear Negative
Bulgaria,2008,sn,f,45-54,54,Smear Negative
Bulgaria,2008,sn,f,55-64,44,Smear Negative
Bulgaria,2008,sn,f,65+,100,Smear Negative
Bulgaria,2008,ep,m,0-14,118,Extrapulmonary
Bulgaria,2008,ep,m,15-24,36,Extrapulmonary
Bulgaria,2008,ep,m,25-34,33,Extrapulmonary
Bulgaria,2008,ep,m,35-44,43,Extrapulmonary
Bulgaria,2008,ep,m,45-54,31,Extrapulmonary
Bulgaria,2008,ep,m,55-64,43,Extrapulmonary
Bulgaria,2008,ep,m,65+,68,Extrapulmonary
Bulgaria,2008,ep,f,0-14,83,Extrapulmonary
Bulgaria,2008,ep,f,15-24,20,Extrapulmonary
Bulgaria,2008,ep,f,25-34,35,Extrapulmonary
Bulgaria,2008,ep,f,35-44,27,Extrapulmonary
Bulgaria,2008,ep,f,45-54,34,Extrapulmonary
Bulgaria,2008,ep,f,55-64,57,Extrapulmonary
Bulgaria,2008,ep,f,65+,59,Extrapulmonary
Bulgaria,2009,sp,m,0-14,7,Smear Positive
Bulgaria,2009,sp,m,15-24,51,Smear Positive
Bulgaria,2009,sp,m,25-34,93,Smear Positive
Bulgaria,2009,sp,m,35-44,120,Smear Positive
Bulgaria,2009,sp,m,45-54,158,Smear Positive
Bulgaria,2009,sp,m,55-64,96,Smear Positive
Bulgaria,2009,sp,m,65+,84,Smear Positive
Bulgaria,2009,sp,f,0-14,2,Smear Positive
Bulgaria,2009,sp,f,15-24,65,Smear Positive
Bulgaria,2009,sp,f,25-34,72,Smear Positive
Bulgaria,2009,sp,f,35-44,44,Smear Positive
Bulgaria,2009,sp,f,45-54,44,Smear Positive
Bulgaria,2009,sp,f,55-64,21,Smear Positive
Bulgaria,2009,sp,f,65+,39,Smear Positive
Bulgaria,2009,sn,m,0-14,10,Smear Negative
Bulgaria,2009,sn,m,15-24,46,Smear Negative
Bulgaria,2009,sn,m,25-34,73,Smear Negative
Bulgaria,2009,sn,m,35-44,72,Smear Negative
Bulgaria,2009,sn,m,45-54,126,Smear Negative
Bulgaria,2009,sn,m,55-64,107,Smear Negative
Bulgaria,2009,sn,m,65+,144,Smear Negative
Bulgaria,2009,sn,f,0-14,10,Smear Negative
Bulgaria,2009,sn,f,15-24,34,Smear Negative
Bulgaria,2009,sn,f,25-34,46,Smear Negative
Bulgaria,2009,sn,f,35-44,49,Smear Negative
Bulgaria,2009,sn,f,45-54,41,Smear Negative
Bulgaria,2009,sn,f,55-64,58,Smear Negative
Bulgaria,2009,sn,f,65+,74,Smear Negative
Bulgaria,2009,ep,m,0-14,94,Extrapulmonary
Bulgaria,2009,ep,m,15-24,52,Extrapulmonary
Bulgaria,2009,ep,m,25-34,33,Extrapulmonary
Bulgaria,2009,ep,m,35-44,50,Extrapulmonary
Bulgaria,2009,ep,m,45-54,39,Extrapulmonary
Bulgaria,2009,ep,m,55-64,52,Extrapulmonary
Bulgaria,2009,ep,m,65+,90,Extrapulmonary
Bulgaria,2009,ep,f,0-14,79,Extrapulmonary
Bulgaria,2009,ep,f,15-24,31,Extrapulmonary
Bulgaria,2009,ep,f,25-34,23,Extrapulmonary
Bulgaria,2009,ep,f,35-44,26,Extrapulmonary
Bulgaria,2009,ep,f,45-54,42,Extrapulmonary
Bulgaria,2009,ep,f,55-64,37,Extrapulmonary
Bulgaria,2009,ep,f,65+,92,Extrapulmonary
Bulgaria,2010,sp,m,0-14,1,Smear Positive
Bulgaria,2010,sp,m,15-24,40,Smear Positive
Bulgaria,2010,sp,m,25-34,115,Smear Positive
Bulgaria,2010,sp,m,35-44,143,Smear Positive
Bulgaria,2010,sp,m,45-54,133,Smear Positive
Bulgaria,2010,sp,m,55-64,90,Smear Positive
Bulgaria,2010,sp,m,65+,65,Smear Positive
Bulgaria,2010,sp,f,0-14,3,Smear Positive
Bulgaria,2010,sp,f,15-24,42,Smear Positive
Bulgaria,2010,sp,f,25-34,59,Smear Positive
Bulgaria,2010,sp,f,35-44,43,Smear Positive
Bulgaria,2010,sp,f,45-54,23,Smear Positive
Bulgaria,2010,sp,f,55-64,15,Smear Positive
Bulgaria,2010,sp,f,65+,34,Smear Positive
Bulgaria,2010,sn,m,0-14,6,Smear Negative
Bulgaria,2010,sn,m,15-24,45,Smear Negative
Bulgaria,2010,sn,m,25-34,73,Smear Negative
Bulgaria,2010,sn,m,35-44,69,Smear Negative
Bulgaria,2010,sn,m,45-54,78,Smear Negative
Bulgaria,2010,sn,m,55-64,97,Smear Negative
Bulgaria,2010,sn,m,65+,117,Smear Negative
Bulgaria,2010,sn,f,0-14,8,Smear Negative
Bulgaria,2010,sn,f,15-24,37,Smear Negative
Bulgaria,2010,sn,f,25-34,44,Smear Negative
Bulgaria,2010,sn,f,35-44,40,Smear Negative
Bulgaria,2010,sn,f,45-54,32,Smear Negative
Bulgaria,2010,sn,f,55-64,35,Smear Negative
Bulgaria,2010,sn,f,65+,67,Smear Negative
Bulgaria,2010,ep,m,0-14,93,Extrapulmonary
Bulgaria,2010,ep,m,15-24,34,Extrapulmonary
Bulgaria,2010,ep,m,25-34,40,Extrapulmonary
Bulgaria,2010,ep,m,35-44,41,Extrapulmonary
Bulgaria,2010,ep,m,45-54,42,Extrapulmonary
Bulgaria,2010,ep,m,55-64,58,Extrapulmonary
Bulgaria,2010,ep,m,65+,81,Extrapulmonary
Bulgaria,2010,ep,f,0-14,102,Extrapulmonary
Bulgaria,2010,ep,f,15-24,41,Extrapulmonary
Bulgaria,2010,ep,f,25-34,32,Extrapulmonary
Bulgaria,2010,ep,f,35-44,31,Extrapulmonary
Bulgaria,2010,ep,f,45-54,34,Extrapulmonary
Bulgaria,2010,ep,f,55-64,37,Extrapulmonary
Bulgaria,2010,ep,f,65+,81,Extrapulmonary
Bulgaria,2011,sp,m,0-14,2,Smear Positive
Bulgaria,2011,sp,m,15-24,38,Smear Positive
Bulgaria,2011,sp,m,25-34,100,Smear Positive
Bulgaria,2011,sp,m,35-44,110,Smear Positive
Bulgaria,2011,sp,m,45-54,122,Smear Positive
Bulgaria,2011,sp,m,55-64,92,Smear Positive
Bulgaria,2011,sp,m,65+,61,Smear Positive
Bulgaria,2011,sp,f,0-14,2,Smear Positive
Bulgaria,2011,sp,f,15-24,41,Smear Positive
Bulgaria,2011,sp,f,25-34,40,Smear Positive
Bulgaria,2011,sp,f,35-44,36,Smear Positive
Bulgaria,2011,sp,f,45-54,28,Smear Positive
Bulgaria,2011,sp,f,55-64,14,Smear Positive
Bulgaria,2011,sp,f,65+,30,Smear Positive
Bulgaria,2011,sn,m,0-14,6,Smear Negative
Bulgaria,2011,sn,m,15-24,35,Smear Negative
Bulgaria,2011,sn,m,25-34,68,Smear Negative
Bulgaria,2011,sn,m,35-44,78,Smear Negative
Bulgaria,2011,sn,m,45-54,81,Smear Negative
Bulgaria,2011,sn,m,55-64,94,Smear Negative
Bulgaria,2011,sn,m,65+,97,Smear Negative
Bulgaria,2011,sn,f,0-14,6,Smear Negative
Bulgaria,2011,sn,f,15-24,20,Smear Negative
Bulgaria,2011,sn,f,25-34,44,Smear Negative
Bulgaria,2011,sn,f,35-44,49,Smear Negative
Bulgaria,2011,sn,f,45-54,37,Smear Negative
Bulgaria,2011,sn,f,55-64,36,Smear Negative
Bulgaria,2011,sn,f,65+,56,Smear Negative
Bulgaria,2011,ep,m,0-14,88,Extrapulmonary
Bulgaria,2011,ep,m,15-24,33,Extrapulmonary
Bulgaria,2011,ep,m,25-34,39,Extrapulmonary
Bulgaria,2011,ep,m,35-44,32,Extrapulmonary
Bulgaria,2011,ep,m,45-54,32,Extrapulmonary
Bulgaria,2011,ep,m,55-64,43,Extrapulmonary
Bulgaria,2011,ep,m,65+,82,Extrapulmonary
Bulgaria,2011,ep,f,0-14,69,Extrapulmonary
Bulgaria,2011,ep,f,15-24,27,Extrapulmonary
Bulgaria,2011,ep,f,25-34,21,Extrapulmonary
Bulgaria,2011,ep,f,35-44,20,Extrapulmonary
Bulgaria,2011,ep,f,45-54,26,Extrapulmonary
Bulgaria,2011,ep,f,55-64,50,Extrapulmonary
Bulgaria,2011,ep,f,65+,66,Extrapulmonary
Bulgaria,2012,sp,m,0-14,0,Smear Positive
Bulgaria,2012,sp,m,15-24,46,Smear Positive
Bulgaria,2012,sp,m,25-34,89,Smear Positive
Bulgaria,2012,sp,m,35-44,130,Smear Positive
Bulgaria,2012,sp,m,45-54,131,Smear Positive
Bulgaria,2012,sp,m,55-64,82,Smear Positive
Bulgaria,2012,sp,m,65+,57,Smear Positive
Bulgaria,2012,sp,f,0-14,0,Smear Positive
Bulgaria,2012,sp,f,15-24,37,Smear Positive
Bulgaria,2012,sp,f,25-34,50,Smear Positive
Bulgaria,2012,sp,f,35-44,44,Smear Positive
Bulgaria,2012,sp,f,45-54,24,Smear Positive
Bulgaria,2012,sp,f,55-64,16,Smear Positive
Bulgaria,2012,sp,f,65+,35,Smear Positive
Bulgaria,2012,sn,m,0-14,6,Smear Negative
Bulgaria,2012,sn,m,15-24,30,Smear Negative
Bulgaria,2012,sn,m,25-34,58,Smear Negative
Bulgaria,2012,sn,m,35-44,62,Smear Negative
Bulgaria,2012,sn,m,45-54,73,Smear Negative
Bulgaria,2012,sn,m,55-64,90,Smear Negative
Bulgaria,2012,sn,m,65+,93,Smear Negative
Bulgaria,2012,sn,f,0-14,3,Smear Negative
Bulgaria,2012,sn,f,15-24,16,Smear Negative
Bulgaria,2012,sn,f,25-34,40,Smear Negative
Bulgaria,2012,sn,f,35-44,40,Smear Negative
Bulgaria,2012,sn,f,45-54,28,Smear Negative
Bulgaria,2012,sn,f,55-64,32,Smear Negative
Bulgaria,2012,sn,f,65+,47,Smear Negative
Bulgaria,2012,ep,m,0-14,87,Extrapulmonary
Bulgaria,2012,ep,m,15-24,31,Extrapulmonary
Bulgaria,2012,ep,m,25-34,36,Extrapulmonary
Bulgaria,2012,ep,m,35-44,26,Extrapulmonary
Bulgaria,2012,ep,m,45-54,37,Extrapulmonary
Bulgaria,2012,ep,m,55-64,46,Extrapulmonary
Bulgaria,2012,ep,m,65+,86,Extrapulmonary
Bulgaria,2012,ep,f,0-14,80,Extrapulmonary
Bulgaria,2012,ep,f,15-24,23,Extrapulmonary
Bulgaria,2012,ep,f,25-34,11,Extrapulmonary
Bulgaria,2012,ep,f,35-44,21,Extrapulmonary
Bulgaria,2012,ep,f,45-54,28,Extrapulmonary
Bulgaria,2012,ep,f,55-64,30,Extrapulmonary
Bulgaria,2012,ep,f,65+,64,Extrapulmonary
Bulgaria,2013,rel,m,0-14,64,Relapse
Bulgaria,2013,rel,m,15-24,89,Relapse
Bulgaria,2013,rel,m,25-34,196,Relapse
Bulgaria,2013,rel,m,35-44,218,Relapse
Bulgaria,2013,rel,m,45-54,247,Relapse
Bulgaria,2013,rel,m,55-64,240,Relapse
Bulgaria,2013,rel,m,65+,228,Relapse
Bulgaria,2013,rel,f,0-14,82,Relapse
Bulgaria,2013,rel,f,15-24,73,Relapse
Bulgaria,2013,rel,f,25-34,102,Relapse
Bulgaria,2013,rel,f,35-44,111,Relapse
Bulgaria,2013,rel,f,45-54,81,Relapse
Bulgaria,2013,rel,f,55-64,62,Relapse
Bulgaria,2013,rel,f,65+,137,Relapse
Burkina Faso,1995,sp,m,0-14,4,Smear Positive
Burkina Faso,1995,sp,m,15-24,67,Smear Positive
Burkina Faso,1995,sp,m,25-34,133,Smear Positive
Burkina Faso,1995,sp,m,35-44,124,Smear Positive
Burkina Faso,1995,sp,m,45-54,62,Smear Positive
Burkina Faso,1995,sp,m,55-64,48,Smear Positive
Burkina Faso,1995,sp,m,65+,29,Smear Positive
Burkina Faso,1995,sp,f,0-14,7,Smear Positive
Burkina Faso,1995,sp,f,15-24,76,Smear Positive
Burkina Faso,1995,sp,f,25-34,53,Smear Positive
Burkina Faso,1995,sp,f,35-44,39,Smear Positive
Burkina Faso,1995,sp,f,45-54,26,Smear Positive
Burkina Faso,1995,sp,f,55-64,11,Smear Positive
Burkina Faso,1995,sp,f,65+,10,Smear Positive
Burkina Faso,1996,sp,m,0-14,3,Smear Positive
Burkina Faso,1996,sp,m,15-24,47,Smear Positive
Burkina Faso,1996,sp,m,25-34,161,Smear Positive
Burkina Faso,1996,sp,m,35-44,148,Smear Positive
Burkina Faso,1996,sp,m,45-54,115,Smear Positive
Burkina Faso,1996,sp,m,55-64,65,Smear Positive
Burkina Faso,1996,sp,m,65+,36,Smear Positive
Burkina Faso,1996,sp,f,0-14,10,Smear Positive
Burkina Faso,1996,sp,f,15-24,51,Smear Positive
Burkina Faso,1996,sp,f,25-34,97,Smear Positive
Burkina Faso,1996,sp,f,35-44,67,Smear Positive
Burkina Faso,1996,sp,f,45-54,58,Smear Positive
Burkina Faso,1996,sp,f,55-64,31,Smear Positive
Burkina Faso,1996,sp,f,65+,10,Smear Positive
Burkina Faso,1997,sp,m,0-14,3,Smear Positive
Burkina Faso,1997,sp,m,15-24,47,Smear Positive
Burkina Faso,1997,sp,m,25-34,161,Smear Positive
Burkina Faso,1997,sp,m,35-44,148,Smear Positive
Burkina Faso,1997,sp,m,45-54,115,Smear Positive
Burkina Faso,1997,sp,m,55-64,65,Smear Positive
Burkina Faso,1997,sp,m,65+,36,Smear Positive
Burkina Faso,1997,sp,f,0-14,10,Smear Positive
Burkina Faso,1997,sp,f,15-24,51,Smear Positive
Burkina Faso,1997,sp,f,25-34,97,Smear Positive
Burkina Faso,1997,sp,f,35-44,67,Smear Positive
Burkina Faso,1997,sp,f,45-54,58,Smear Positive
Burkina Faso,1997,sp,f,55-64,31,Smear Positive
Burkina Faso,1997,sp,f,65+,10,Smear Positive
Burkina Faso,1998,sp,m,0-14,4,Smear Positive
Burkina Faso,1998,sp,m,15-24,104,Smear Positive
Burkina Faso,1998,sp,m,25-34,270,Smear Positive
Burkina Faso,1998,sp,m,35-44,236,Smear Positive
Burkina Faso,1998,sp,m,45-54,159,Smear Positive
Burkina Faso,1998,sp,m,55-64,89,Smear Positive
Burkina Faso,1998,sp,m,65+,65,Smear Positive
Burkina Faso,1998,sp,f,0-14,9,Smear Positive
Burkina Faso,1998,sp,f,15-24,83,Smear Positive
Burkina Faso,1998,sp,f,25-34,98,Smear Positive
Burkina Faso,1998,sp,f,35-44,86,Smear Positive
Burkina Faso,1998,sp,f,45-54,82,Smear Positive
Burkina Faso,1998,sp,f,55-64,32,Smear Positive
Burkina Faso,1998,sp,f,65+,14,Smear Positive
Burkina Faso,1999,sp,m,0-14,13,Smear Positive
Burkina Faso,1999,sp,m,15-24,85,Smear Positive
Burkina Faso,1999,sp,m,25-34,247,Smear Positive
Burkina Faso,1999,sp,m,35-44,216,Smear Positive
Burkina Faso,1999,sp,m,45-54,118,Smear Positive
Burkina Faso,1999,sp,m,55-64,83,Smear Positive
Burkina Faso,1999,sp,m,65+,56,Smear Positive
Burkina Faso,1999,sp,f,0-14,8,Smear Positive
Burkina Faso,1999,sp,f,15-24,67,Smear Positive
Burkina Faso,1999,sp,f,25-34,141,Smear Positive
Burkina Faso,1999,sp,f,35-44,92,Smear Positive
Burkina Faso,1999,sp,f,45-54,63,Smear Positive
Burkina Faso,1999,sp,f,55-64,39,Smear Positive
Burkina Faso,1999,sp,f,65+,20,Smear Positive
Burkina Faso,2000,sp,m,0-14,12,Smear Positive
Burkina Faso,2000,sp,m,15-24,91,Smear Positive
Burkina Faso,2000,sp,m,25-34,274,Smear Positive
Burkina Faso,2000,sp,m,35-44,252,Smear Positive
Burkina Faso,2000,sp,m,45-54,133,Smear Positive
Burkina Faso,2000,sp,m,55-64,68,Smear Positive
Burkina Faso,2000,sp,m,65+,65,Smear Positive
Burkina Faso,2000,sp,f,0-14,7,Smear Positive
Burkina Faso,2000,sp,f,15-24,59,Smear Positive
Burkina Faso,2000,sp,f,25-34,128,Smear Positive
Burkina Faso,2000,sp,f,35-44,101,Smear Positive
Burkina Faso,2000,sp,f,45-54,45,Smear Positive
Burkina Faso,2000,sp,f,55-64,38,Smear Positive
Burkina Faso,2000,sp,f,65+,14,Smear Positive
Burkina Faso,2001,sp,m,0-14,7,Smear Positive
Burkina Faso,2001,sp,m,15-24,124,Smear Positive
Burkina Faso,2001,sp,m,25-34,283,Smear Positive
Burkina Faso,2001,sp,m,35-44,279,Smear Positive
Burkina Faso,2001,sp,m,45-54,168,Smear Positive
Burkina Faso,2001,sp,m,55-64,122,Smear Positive
Burkina Faso,2001,sp,m,65+,70,Smear Positive
Burkina Faso,2001,sp,f,0-14,17,Smear Positive
Burkina Faso,2001,sp,f,15-24,80,Smear Positive
Burkina Faso,2001,sp,f,25-34,155,Smear Positive
Burkina Faso,2001,sp,f,35-44,100,Smear Positive
Burkina Faso,2001,sp,f,45-54,49,Smear Positive
Burkina Faso,2001,sp,f,55-64,32,Smear Positive
Burkina Faso,2001,sp,f,65+,32,Smear Positive
Burkina Faso,2002,sp,m,0-14,6,Smear Positive
Burkina Faso,2002,sp,m,15-24,123,Smear Positive
Burkina Faso,2002,sp,m,25-34,273,Smear Positive
Burkina Faso,2002,sp,m,35-44,266,Smear Positive
Burkina Faso,2002,sp,m,45-54,156,Smear Positive
Burkina Faso,2002,sp,m,55-64,124,Smear Positive
Burkina Faso,2002,sp,m,65+,83,Smear Positive
Burkina Faso,2002,sp,f,0-14,12,Smear Positive
Burkina Faso,2002,sp,f,15-24,85,Smear Positive
Burkina Faso,2002,sp,f,25-34,159,Smear Positive
Burkina Faso,2002,sp,f,35-44,104,Smear Positive
Burkina Faso,2002,sp,f,45-54,80,Smear Positive
Burkina Faso,2002,sp,f,55-64,30,Smear Positive
Burkina Faso,2002,sp,f,65+,25,Smear Positive
Burkina Faso,2003,sp,m,0-14,14,Smear Positive
Burkina Faso,2003,sp,m,15-24,148,Smear Positive
Burkina Faso,2003,sp,m,25-34,313,Smear Positive
Burkina Faso,2003,sp,m,35-44,321,Smear Positive
Burkina Faso,2003,sp,m,45-54,162,Smear Positive
Burkina Faso,2003,sp,m,55-64,129,Smear Positive
Burkina Faso,2003,sp,m,65+,80,Smear Positive
Burkina Faso,2003,sp,f,0-14,19,Smear Positive
Burkina Faso,2003,sp,f,15-24,102,Smear Positive
Burkina Faso,2003,sp,f,25-34,131,Smear Positive
Burkina Faso,2003,sp,f,35-44,132,Smear Positive
Burkina Faso,2003,sp,f,45-54,70,Smear Positive
Burkina Faso,2003,sp,f,55-64,46,Smear Positive
Burkina Faso,2003,sp,f,65+,36,Smear Positive
Burkina Faso,2004,sp,m,0-14,10,Smear Positive
Burkina Faso,2004,sp,m,15-24,155,Smear Positive
Burkina Faso,2004,sp,m,25-34,375,Smear Positive
Burkina Faso,2004,sp,m,35-44,308,Smear Positive
Burkina Faso,2004,sp,m,45-54,204,Smear Positive
Burkina Faso,2004,sp,m,55-64,138,Smear Positive
Burkina Faso,2004,sp,m,65+,102,Smear Positive
Burkina Faso,2004,sp,f,0-14,22,Smear Positive
Burkina Faso,2004,sp,f,15-24,109,Smear Positive
Burkina Faso,2004,sp,f,25-34,196,Smear Positive
Burkina Faso,2004,sp,f,35-44,148,Smear Positive
Burkina Faso,2004,sp,f,45-54,72,Smear Positive
Burkina Faso,2004,sp,f,55-64,54,Smear Positive
Burkina Faso,2004,sp,f,65+,33,Smear Positive
Burkina Faso,2005,sp,m,0-14,18,Smear Positive
Burkina Faso,2005,sp,m,15-24,181,Smear Positive
Burkina Faso,2005,sp,m,25-34,430,Smear Positive
Burkina Faso,2005,sp,m,35-44,370,Smear Positive
Burkina Faso,2005,sp,m,45-54,273,Smear Positive
Burkina Faso,2005,sp,m,55-64,144,Smear Positive
Burkina Faso,2005,sp,m,65+,113,Smear Positive
Burkina Faso,2005,sp,f,0-14,15,Smear Positive
Burkina Faso,2005,sp,f,15-24,125,Smear Positive
Burkina Faso,2005,sp,f,25-34,248,Smear Positive
Burkina Faso,2005,sp,f,35-44,174,Smear Positive
Burkina Faso,2005,sp,f,45-54,109,Smear Positive
Burkina Faso,2005,sp,f,55-64,54,Smear Positive
Burkina Faso,2005,sp,f,65+,40,Smear Positive
Burkina Faso,2006,sp,m,0-14,13,Smear Positive
Burkina Faso,2006,sp,m,15-24,227,Smear Positive
Burkina Faso,2006,sp,m,25-34,473,Smear Positive
Burkina Faso,2006,sp,m,35-44,433,Smear Positive
Burkina Faso,2006,sp,m,45-54,307,Smear Positive
Burkina Faso,2006,sp,m,55-64,183,Smear Positive
Burkina Faso,2006,sp,m,65+,140,Smear Positive
Burkina Faso,2006,sp,f,0-14,33,Smear Positive
Burkina Faso,2006,sp,f,15-24,155,Smear Positive
Burkina Faso,2006,sp,f,25-34,252,Smear Positive
Burkina Faso,2006,sp,f,35-44,198,Smear Positive
Burkina Faso,2006,sp,f,45-54,99,Smear Positive
Burkina Faso,2006,sp,f,55-64,99,Smear Positive
Burkina Faso,2006,sp,f,65+,47,Smear Positive
Burkina Faso,2007,sp,m,0-14,8,Smear Positive
Burkina Faso,2007,sp,m,15-24,233,Smear Positive
Burkina Faso,2007,sp,m,25-34,442,Smear Positive
Burkina Faso,2007,sp,m,35-44,429,Smear Positive
Burkina Faso,2007,sp,m,45-54,303,Smear Positive
Burkina Faso,2007,sp,m,55-64,176,Smear Positive
Burkina Faso,2007,sp,m,65+,145,Smear Positive
Burkina Faso,2007,sp,f,0-14,29,Smear Positive
Burkina Faso,2007,sp,f,15-24,157,Smear Positive
Burkina Faso,2007,sp,f,25-34,243,Smear Positive
Burkina Faso,2007,sp,f,35-44,187,Smear Positive
Burkina Faso,2007,sp,f,45-54,129,Smear Positive
Burkina Faso,2007,sp,f,55-64,88,Smear Positive
Burkina Faso,2007,sp,f,65+,45,Smear Positive
Burkina Faso,2007,sn,m,0-14,42,Smear Negative
Burkina Faso,2007,sn,m,15-24,22,Smear Negative
Burkina Faso,2007,sn,m,25-34,62,Smear Negative
Burkina Faso,2007,sn,m,35-44,68,Smear Negative
Burkina Faso,2007,sn,m,45-54,66,Smear Negative
Burkina Faso,2007,sn,m,55-64,35,Smear Negative
Burkina Faso,2007,sn,m,65+,50,Smear Negative
Burkina Faso,2007,sn,f,0-14,29,Smear Negative
Burkina Faso,2007,sn,f,15-24,22,Smear Negative
Burkina Faso,2007,sn,f,25-34,52,Smear Negative
Burkina Faso,2007,sn,f,35-44,54,Smear Negative
Burkina Faso,2007,sn,f,45-54,34,Smear Negative
Burkina Faso,2007,sn,f,55-64,24,Smear Negative
Burkina Faso,2007,sn,f,65+,17,Smear Negative
Burkina Faso,2007,ep,m,0-14,27,Extrapulmonary
Burkina Faso,2007,ep,m,15-24,49,Extrapulmonary
Burkina Faso,2007,ep,m,25-34,59,Extrapulmonary
Burkina Faso,2007,ep,m,35-44,51,Extrapulmonary
Burkina Faso,2007,ep,m,45-54,53,Extrapulmonary
Burkina Faso,2007,ep,m,55-64,30,Extrapulmonary
Burkina Faso,2007,ep,m,65+,27,Extrapulmonary
Burkina Faso,2007,ep,f,0-14,20,Extrapulmonary
Burkina Faso,2007,ep,f,15-24,30,Extrapulmonary
Burkina Faso,2007,ep,f,25-34,68,Extrapulmonary
Burkina Faso,2007,ep,f,35-44,44,Extrapulmonary
Burkina Faso,2007,ep,f,45-54,26,Extrapulmonary
Burkina Faso,2007,ep,f,55-64,14,Extrapulmonary
Burkina Faso,2007,ep,f,65+,15,Extrapulmonary
Burkina Faso,2008,sp,m,0-14,8,Smear Positive
Burkina Faso,2008,sp,m,15-24,225,Smear Positive
Burkina Faso,2008,sp,m,25-34,555,Smear Positive
Burkina Faso,2008,sp,m,35-44,448,Smear Positive
Burkina Faso,2008,sp,m,45-54,314,Smear Positive
Burkina Faso,2008,sp,m,55-64,174,Smear Positive
Burkina Faso,2008,sp,m,65+,146,Smear Positive
Burkina Faso,2008,sp,f,0-14,33,Smear Positive
Burkina Faso,2008,sp,f,15-24,143,Smear Positive
Burkina Faso,2008,sp,f,25-34,250,Smear Positive
Burkina Faso,2008,sp,f,35-44,180,Smear Positive
Burkina Faso,2008,sp,f,45-54,116,Smear Positive
Burkina Faso,2008,sp,f,55-64,107,Smear Positive
Burkina Faso,2008,sp,f,65+,57,Smear Positive
Burkina Faso,2009,sp,m,0-14,27,Smear Positive
Burkina Faso,2009,sp,m,15-24,221,Smear Positive
Burkina Faso,2009,sp,m,25-34,592,Smear Positive
Burkina Faso,2009,sp,m,35-44,467,Smear Positive
Burkina Faso,2009,sp,m,45-54,336,Smear Positive
Burkina Faso,2009,sp,m,55-64,230,Smear Positive
Burkina Faso,2009,sp,m,65+,189,Smear Positive
Burkina Faso,2009,sp,f,0-14,38,Smear Positive
Burkina Faso,2009,sp,f,15-24,156,Smear Positive
Burkina Faso,2009,sp,f,25-34,269,Smear Positive
Burkina Faso,2009,sp,f,35-44,209,Smear Positive
Burkina Faso,2009,sp,f,45-54,154,Smear Positive
Burkina Faso,2009,sp,f,55-64,96,Smear Positive
Burkina Faso,2009,sp,f,65+,77,Smear Positive
Burkina Faso,2010,sp,m,0-14,20,Smear Positive
Burkina Faso,2010,sp,m,15-24,231,Smear Positive
Burkina Faso,2010,sp,m,25-34,620,Smear Positive
Burkina Faso,2010,sp,m,35-44,493,Smear Positive
Burkina Faso,2010,sp,m,45-54,328,Smear Positive
Burkina Faso,2010,sp,m,55-64,224,Smear Positive
Burkina Faso,2010,sp,m,65+,173,Smear Positive
Burkina Faso,2010,sp,f,0-14,33,Smear Positive
Burkina Faso,2010,sp,f,15-24,158,Smear Positive
Burkina Faso,2010,sp,f,25-34,259,Smear Positive
Burkina Faso,2010,sp,f,35-44,198,Smear Positive
Burkina Faso,2010,sp,f,45-54,124,Smear Positive
Burkina Faso,2010,sp,f,55-64,97,Smear Positive
Burkina Faso,2010,sp,f,65+,83,Smear Positive
Burkina Faso,2011,sp,m,0-14,22,Smear Positive
Burkina Faso,2011,sp,m,15-24,265,Smear Positive
Burkina Faso,2011,sp,m,25-34,708,Smear Positive
Burkina Faso,2011,sp,m,35-44,582,Smear Positive
Burkina Faso,2011,sp,m,45-54,375,Smear Positive
Burkina Faso,2011,sp,m,55-64,262,Smear Positive
Burkina Faso,2011,sp,m,65+,196,Smear Positive
Burkina Faso,2011,sp,f,0-14,31,Smear Positive
Burkina Faso,2011,sp,f,15-24,163,Smear Positive
Burkina Faso,2011,sp,f,25-34,277,Smear Positive
Burkina Faso,2011,sp,f,35-44,221,Smear Positive
Burkina Faso,2011,sp,f,45-54,146,Smear Positive
Burkina Faso,2011,sp,f,55-64,110,Smear Positive
Burkina Faso,2011,sp,f,65+,92,Smear Positive
Burkina Faso,2012,sp,m,0-14,25,Smear Positive
Burkina Faso,2012,sp,m,15-24,277,Smear Positive
Burkina Faso,2012,sp,m,25-34,769,Smear Positive
Burkina Faso,2012,sp,m,35-44,631,Smear Positive
Burkina Faso,2012,sp,m,45-54,423,Smear Positive
Burkina Faso,2012,sp,m,55-64,250,Smear Positive
Burkina Faso,2012,sp,m,65+,198,Smear Positive
Burkina Faso,2012,sp,f,0-14,27,Smear Positive
Burkina Faso,2012,sp,f,15-24,160,Smear Positive
Burkina Faso,2012,sp,f,25-34,288,Smear Positive
Burkina Faso,2012,sp,f,35-44,191,Smear Positive
Burkina Faso,2012,sp,f,45-54,156,Smear Positive
Burkina Faso,2012,sp,f,55-64,106,Smear Positive
Burkina Faso,2012,sp,f,65+,82,Smear Positive
Burkina Faso,2013,rel,m,0-14,22,Relapse
Burkina Faso,2013,rel,m,15-24,274,Relapse
Burkina Faso,2013,rel,m,25-34,828,Relapse
Burkina Faso,2013,rel,m,35-44,671,Relapse
Burkina Faso,2013,rel,m,45-54,416,Relapse
Burkina Faso,2013,rel,m,55-64,252,Relapse
Burkina Faso,2013,rel,m,65+,212,Relapse
Burkina Faso,2013,rel,f,0-14,32,Relapse
Burkina Faso,2013,rel,f,15-24,163,Relapse
Burkina Faso,2013,rel,f,25-34,251,Relapse
Burkina Faso,2013,rel,f,35-44,190,Relapse
Burkina Faso,2013,rel,f,45-54,134,Relapse
Burkina Faso,2013,rel,f,55-64,95,Relapse
Burkina Faso,2013,rel,f,65+,76,Relapse
Burundi,1995,sp,m,0-14,5,Smear Positive
Burundi,1995,sp,m,15-24,128,Smear Positive
Burundi,1995,sp,m,25-34,238,Smear Positive
Burundi,1995,sp,m,35-44,224,Smear Positive
Burundi,1995,sp,m,45-54,73,Smear Positive
Burundi,1995,sp,m,55-64,32,Smear Positive
Burundi,1995,sp,m,65+,19,Smear Positive
Burundi,1995,sp,f,0-14,19,Smear Positive
Burundi,1995,sp,f,15-24,109,Smear Positive
Burundi,1995,sp,f,25-34,124,Smear Positive
Burundi,1995,sp,f,35-44,89,Smear Positive
Burundi,1995,sp,f,45-54,33,Smear Positive
Burundi,1995,sp,f,55-64,12,Smear Positive
Burundi,1995,sp,f,65+,4,Smear Positive
Burundi,1996,sp,m,0-14,16,Smear Positive
Burundi,1996,sp,m,15-24,217,Smear Positive
Burundi,1996,sp,m,25-34,283,Smear Positive
Burundi,1996,sp,m,35-44,274,Smear Positive
Burundi,1996,sp,m,45-54,116,Smear Positive
Burundi,1996,sp,m,55-64,41,Smear Positive
Burundi,1996,sp,m,65+,17,Smear Positive
Burundi,1996,sp,f,0-14,18,Smear Positive
Burundi,1996,sp,f,15-24,132,Smear Positive
Burundi,1996,sp,f,25-34,203,Smear Positive
Burundi,1996,sp,f,35-44,112,Smear Positive
Burundi,1996,sp,f,45-54,53,Smear Positive
Burundi,1996,sp,f,55-64,16,Smear Positive
Burundi,1996,sp,f,65+,7,Smear Positive
Burundi,1997,sp,m,0-14,21,Smear Positive
Burundi,1997,sp,m,15-24,208,Smear Positive
Burundi,1997,sp,m,25-34,446,Smear Positive
Burundi,1997,sp,m,35-44,431,Smear Positive
Burundi,1997,sp,m,45-54,198,Smear Positive
Burundi,1997,sp,m,55-64,79,Smear Positive
Burundi,1997,sp,m,65+,32,Smear Positive
Burundi,1997,sp,f,0-14,30,Smear Positive
Burundi,1997,sp,f,15-24,189,Smear Positive
Burundi,1997,sp,f,25-34,265,Smear Positive
Burundi,1997,sp,f,35-44,198,Smear Positive
Burundi,1997,sp,f,45-54,71,Smear Positive
Burundi,1997,sp,f,55-64,39,Smear Positive
Burundi,1997,sp,f,65+,19,Smear Positive
Burundi,1998,sp,m,0-14,45,Smear Positive
Burundi,1998,sp,m,15-24,301,Smear Positive
Burundi,1998,sp,m,25-34,527,Smear Positive
Burundi,1998,sp,m,35-44,530,Smear Positive
Burundi,1998,sp,m,45-54,319,Smear Positive
Burundi,1998,sp,m,55-64,102,Smear Positive
Burundi,1998,sp,m,65+,33,Smear Positive
Burundi,1998,sp,f,0-14,49,Smear Positive
Burundi,1998,sp,f,15-24,265,Smear Positive
Burundi,1998,sp,f,25-34,321,Smear Positive
Burundi,1998,sp,f,35-44,240,Smear Positive
Burundi,1998,sp,f,45-54,126,Smear Positive
Burundi,1998,sp,f,55-64,47,Smear Positive
Burundi,1998,sp,f,65+,16,Smear Positive
Burundi,1999,sp,m,0-14,64,Smear Positive
Burundi,1999,sp,m,15-24,349,Smear Positive
Burundi,1999,sp,m,25-34,566,Smear Positive
Burundi,1999,sp,m,35-44,492,Smear Positive
Burundi,1999,sp,m,45-54,281,Smear Positive
Burundi,1999,sp,m,55-64,102,Smear Positive
Burundi,1999,sp,m,65+,57,Smear Positive
Burundi,1999,sp,f,0-14,66,Smear Positive
Burundi,1999,sp,f,15-24,291,Smear Positive
Burundi,1999,sp,f,25-34,253,Smear Positive
Burundi,1999,sp,f,35-44,236,Smear Positive
Burundi,1999,sp,f,45-54,109,Smear Positive
Burundi,1999,sp,f,55-64,30,Smear Positive
Burundi,1999,sp,f,65+,28,Smear Positive
Burundi,2001,sp,m,0-14,34,Smear Positive
Burundi,2001,sp,m,15-24,344,Smear Positive
Burundi,2001,sp,m,25-34,559,Smear Positive
Burundi,2001,sp,m,35-44,469,Smear Positive
Burundi,2001,sp,m,45-54,238,Smear Positive
Burundi,2001,sp,m,55-64,75,Smear Positive
Burundi,2001,sp,m,65+,39,Smear Positive
Burundi,2001,sp,f,0-14,81,Smear Positive
Burundi,2001,sp,f,15-24,369,Smear Positive
Burundi,2001,sp,f,25-34,364,Smear Positive
Burundi,2001,sp,f,35-44,337,Smear Positive
Burundi,2001,sp,f,45-54,86,Smear Positive
Burundi,2001,sp,f,55-64,30,Smear Positive
Burundi,2001,sp,f,65+,15,Smear Positive
Burundi,2002,sp,m,0-14,16,Smear Positive
Burundi,2002,sp,m,15-24,310,Smear Positive
Burundi,2002,sp,m,25-34,470,Smear Positive
Burundi,2002,sp,m,35-44,520,Smear Positive
Burundi,2002,sp,m,45-54,270,Smear Positive
Burundi,2002,sp,m,55-64,97,Smear Positive
Burundi,2002,sp,m,65+,52,Smear Positive
Burundi,2002,sp,f,0-14,48,Smear Positive
Burundi,2002,sp,f,15-24,243,Smear Positive
Burundi,2002,sp,f,25-34,242,Smear Positive
Burundi,2002,sp,f,35-44,324,Smear Positive
Burundi,2002,sp,f,45-54,152,Smear Positive
Burundi,2002,sp,f,55-64,24,Smear Positive
Burundi,2002,sp,f,65+,23,Smear Positive
Burundi,2003,sp,m,0-14,32,Smear Positive
Burundi,2003,sp,m,15-24,348,Smear Positive
Burundi,2003,sp,m,25-34,572,Smear Positive
Burundi,2003,sp,m,35-44,488,Smear Positive
Burundi,2003,sp,m,45-54,260,Smear Positive
Burundi,2003,sp,m,55-64,106,Smear Positive
Burundi,2003,sp,m,65+,35,Smear Positive
Burundi,2003,sp,f,0-14,75,Smear Positive
Burundi,2003,sp,f,15-24,308,Smear Positive
Burundi,2003,sp,f,25-34,361,Smear Positive
Burundi,2003,sp,f,35-44,276,Smear Positive
Burundi,2003,sp,f,45-54,119,Smear Positive
Burundi,2003,sp,f,55-64,27,Smear Positive
Burundi,2003,sp,f,65+,10,Smear Positive
Burundi,2004,sp,m,0-14,24,Smear Positive
Burundi,2004,sp,m,15-24,352,Smear Positive
Burundi,2004,sp,m,25-34,674,Smear Positive
Burundi,2004,sp,m,35-44,468,Smear Positive
Burundi,2004,sp,m,45-54,292,Smear Positive
Burundi,2004,sp,m,55-64,78,Smear Positive
Burundi,2004,sp,m,65+,48,Smear Positive
Burundi,2004,sp,f,0-14,51,Smear Positive
Burundi,2004,sp,f,15-24,325,Smear Positive
Burundi,2004,sp,f,25-34,370,Smear Positive
Burundi,2004,sp,f,35-44,232,Smear Positive
Burundi,2004,sp,f,45-54,114,Smear Positive
Burundi,2004,sp,f,55-64,40,Smear Positive
Burundi,2004,sp,f,65+,19,Smear Positive
Burundi,2005,sp,m,0-14,34,Smear Positive
Burundi,2005,sp,m,15-24,352,Smear Positive
Burundi,2005,sp,m,25-34,591,Smear Positive
Burundi,2005,sp,m,35-44,525,Smear Positive
Burundi,2005,sp,m,45-54,372,Smear Positive
Burundi,2005,sp,m,55-64,111,Smear Positive
Burundi,2005,sp,m,65+,55,Smear Positive
Burundi,2005,sp,f,0-14,46,Smear Positive
Burundi,2005,sp,f,15-24,298,Smear Positive
Burundi,2005,sp,f,25-34,399,Smear Positive
Burundi,2005,sp,f,35-44,288,Smear Positive
Burundi,2005,sp,f,45-54,122,Smear Positive
Burundi,2005,sp,f,55-64,36,Smear Positive
Burundi,2005,sp,f,65+,33,Smear Positive
Burundi,2006,sp,m,0-14,30,Smear Positive
Burundi,2006,sp,m,15-24,347,Smear Positive
Burundi,2006,sp,m,25-34,600,Smear Positive
Burundi,2006,sp,m,35-44,488,Smear Positive
Burundi,2006,sp,m,45-54,320,Smear Positive
Burundi,2006,sp,m,55-64,114,Smear Positive
Burundi,2006,sp,m,65+,64,Smear Positive
Burundi,2006,sp,f,0-14,41,Smear Positive
Burundi,2006,sp,f,15-24,296,Smear Positive
Burundi,2006,sp,f,25-34,367,Smear Positive
Burundi,2006,sp,f,35-44,242,Smear Positive
Burundi,2006,sp,f,45-54,140,Smear Positive
Burundi,2006,sp,f,55-64,56,Smear Positive
Burundi,2006,sp,f,65+,14,Smear Positive
Burundi,2007,sp,m,0-14,26,Smear Positive
Burundi,2007,sp,m,15-24,425,Smear Positive
Burundi,2007,sp,m,25-34,637,Smear Positive
Burundi,2007,sp,m,35-44,542,Smear Positive
Burundi,2007,sp,m,45-54,372,Smear Positive
Burundi,2007,sp,m,55-64,177,Smear Positive
Burundi,2007,sp,m,65+,88,Smear Positive
Burundi,2007,sp,f,0-14,55,Smear Positive
Burundi,2007,sp,f,15-24,360,Smear Positive
Burundi,2007,sp,f,25-34,392,Smear Positive
Burundi,2007,sp,f,35-44,276,Smear Positive
Burundi,2007,sp,f,45-54,140,Smear Positive
Burundi,2007,sp,f,55-64,67,Smear Positive
Burundi,2007,sp,f,65+,38,Smear Positive
Burundi,2007,sn,m,0-14,0,Smear Negative
Burundi,2007,sn,m,15-24,0,Smear Negative
Burundi,2007,sn,m,25-34,0,Smear Negative
Burundi,2007,sn,m,35-44,0,Smear Negative
Burundi,2007,sn,m,45-54,0,Smear Negative
Burundi,2007,sn,m,55-64,0,Smear Negative
Burundi,2007,sn,m,65+,0,Smear Negative
Burundi,2007,sn,f,0-14,0,Smear Negative
Burundi,2007,sn,f,15-24,0,Smear Negative
Burundi,2007,sn,f,25-34,0,Smear Negative
Burundi,2007,sn,f,35-44,0,Smear Negative
Burundi,2007,sn,f,45-54,0,Smear Negative
Burundi,2007,sn,f,55-64,0,Smear Negative
Burundi,2007,sn,f,65+,0,Smear Negative
Burundi,2007,ep,m,0-14,0,Extrapulmonary
Burundi,2007,ep,m,15-24,0,Extrapulmonary
Burundi,2007,ep,m,25-34,0,Extrapulmonary
Burundi,2007,ep,m,35-44,0,Extrapulmonary
Burundi,2007,ep,m,45-54,0,Extrapulmonary
Burundi,2007,ep,m,55-64,0,Extrapulmonary
Burundi,2007,ep,m,65+,0,Extrapulmonary
Burundi,2007,ep,f,0-14,0,Extrapulmonary
Burundi,2007,ep,f,15-24,0,Extrapulmonary
Burundi,2007,ep,f,25-34,0,Extrapulmonary
Burundi,2007,ep,f,35-44,0,Extrapulmonary
Burundi,2007,ep,f,45-54,0,Extrapulmonary
Burundi,2007,ep,f,55-64,0,Extrapulmonary
Burundi,2007,ep,f,65+,0,Extrapulmonary
Burundi,2008,sp,m,0-14,30,Smear Positive
Burundi,2008,sp,m,15-24,430,Smear Positive
Burundi,2008,sp,m,25-34,684,Smear Positive
Burundi,2008,sp,m,35-44,526,Smear Positive
Burundi,2008,sp,m,45-54,459,Smear Positive
Burundi,2008,sp,m,55-64,175,Smear Positive
Burundi,2008,sp,m,65+,80,Smear Positive
Burundi,2008,sp,f,0-14,38,Smear Positive
Burundi,2008,sp,f,15-24,335,Smear Positive
Burundi,2008,sp,f,25-34,340,Smear Positive
Burundi,2008,sp,f,35-44,264,Smear Positive
Burundi,2008,sp,f,45-54,139,Smear Positive
Burundi,2008,sp,f,55-64,72,Smear Positive
Burundi,2008,sp,f,65+,38,Smear Positive
Burundi,2009,sp,m,0-14,34,Smear Positive
Burundi,2009,sp,m,15-24,452,Smear Positive
Burundi,2009,sp,m,25-34,717,Smear Positive
Burundi,2009,sp,m,35-44,584,Smear Positive
Burundi,2009,sp,m,45-54,468,Smear Positive
Burundi,2009,sp,m,55-64,240,Smear Positive
Burundi,2009,sp,m,65+,117,Smear Positive
Burundi,2009,sp,f,0-14,50,Smear Positive
Burundi,2009,sp,f,15-24,326,Smear Positive
Burundi,2009,sp,f,25-34,397,Smear Positive
Burundi,2009,sp,f,35-44,309,Smear Positive
Burundi,2009,sp,f,45-54,157,Smear Positive
Burundi,2009,sp,f,55-64,83,Smear Positive
Burundi,2009,sp,f,65+,40,Smear Positive
Burundi,2010,sp,m,0-14,56,Smear Positive
Burundi,2010,sp,m,15-24,481,Smear Positive
Burundi,2010,sp,m,25-34,773,Smear Positive
Burundi,2010,sp,m,35-44,651,Smear Positive
Burundi,2010,sp,m,45-54,570,Smear Positive
Burundi,2010,sp,m,55-64,270,Smear Positive
Burundi,2010,sp,m,65+,157,Smear Positive
Burundi,2010,sp,f,0-14,78,Smear Positive
Burundi,2010,sp,f,15-24,390,Smear Positive
Burundi,2010,sp,f,25-34,421,Smear Positive
Burundi,2010,sp,f,35-44,332,Smear Positive
Burundi,2010,sp,f,45-54,225,Smear Positive
Burundi,2010,sp,f,55-64,99,Smear Positive
Burundi,2010,sp,f,65+,87,Smear Positive
Burundi,2010,sn,m,0-14,43,Smear Negative
Burundi,2010,sn,m,15-24,57,Smear Negative
Burundi,2010,sn,m,25-34,108,Smear Negative
Burundi,2010,sn,m,35-44,131,Smear Negative
Burundi,2010,sn,m,45-54,119,Smear Negative
Burundi,2010,sn,m,55-64,78,Smear Negative
Burundi,2010,sn,m,65+,43,Smear Negative
Burundi,2010,sn,f,0-14,33,Smear Negative
Burundi,2010,sn,f,15-24,55,Smear Negative
Burundi,2010,sn,f,25-34,84,Smear Negative
Burundi,2010,sn,f,35-44,84,Smear Negative
Burundi,2010,sn,f,45-54,77,Smear Negative
Burundi,2010,sn,f,55-64,29,Smear Negative
Burundi,2010,sn,f,65+,22,Smear Negative
Burundi,2010,ep,m,0-14,245,Extrapulmonary
Burundi,2010,ep,m,15-24,125,Extrapulmonary
Burundi,2010,ep,m,25-34,191,Extrapulmonary
Burundi,2010,ep,m,35-44,182,Extrapulmonary
Burundi,2010,ep,m,45-54,153,Extrapulmonary
Burundi,2010,ep,m,55-64,70,Extrapulmonary
Burundi,2010,ep,m,65+,44,Extrapulmonary
Burundi,2010,ep,f,0-14,214,Extrapulmonary
Burundi,2010,ep,f,15-24,117,Extrapulmonary
Burundi,2010,ep,f,25-34,197,Extrapulmonary
Burundi,2010,ep,f,35-44,143,Extrapulmonary
Burundi,2010,ep,f,45-54,86,Extrapulmonary
Burundi,2010,ep,f,55-64,43,Extrapulmonary
Burundi,2010,ep,f,65+,16,Extrapulmonary
Burundi,2011,sp,m,0-14,37,Smear Positive
Burundi,2011,sp,m,15-24,484,Smear Positive
Burundi,2011,sp,m,25-34,743,Smear Positive
Burundi,2011,sp,m,35-44,620,Smear Positive
Burundi,2011,sp,m,45-54,504,Smear Positive
Burundi,2011,sp,m,55-64,235,Smear Positive
Burundi,2011,sp,m,65+,98,Smear Positive
Burundi,2011,sp,f,0-14,56,Smear Positive
Burundi,2011,sp,f,15-24,345,Smear Positive
Burundi,2011,sp,f,25-34,374,Smear Positive
Burundi,2011,sp,f,35-44,263,Smear Positive
Burundi,2011,sp,f,45-54,180,Smear Positive
Burundi,2011,sp,f,55-64,81,Smear Positive
Burundi,2011,sp,f,65+,40,Smear Positive
Burundi,2011,sn,m,0-14,18,Smear Negative
Burundi,2011,sn,m,15-24,49,Smear Negative
Burundi,2011,sn,m,25-34,81,Smear Negative
Burundi,2011,sn,m,35-44,107,Smear Negative
Burundi,2011,sn,m,45-54,103,Smear Negative
Burundi,2011,sn,m,55-64,60,Smear Negative
Burundi,2011,sn,m,65+,60,Smear Negative
Burundi,2011,sn,f,0-14,17,Smear Negative
Burundi,2011,sn,f,15-24,53,Smear Negative
Burundi,2011,sn,f,25-34,63,Smear Negative
Burundi,2011,sn,f,35-44,57,Smear Negative
Burundi,2011,sn,f,45-54,45,Smear Negative
Burundi,2011,sn,f,55-64,36,Smear Negative
Burundi,2011,sn,f,65+,36,Smear Negative
Burundi,2011,ep,m,0-14,188,Extrapulmonary
Burundi,2011,ep,m,15-24,132,Extrapulmonary
Burundi,2011,ep,m,25-34,199,Extrapulmonary
Burundi,2011,ep,m,35-44,177,Extrapulmonary
Burundi,2011,ep,m,45-54,135,Extrapulmonary
Burundi,2011,ep,m,55-64,64,Extrapulmonary
Burundi,2011,ep,m,65+,43,Extrapulmonary
Burundi,2011,ep,f,0-14,159,Extrapulmonary
Burundi,2011,ep,f,15-24,118,Extrapulmonary
Burundi,2011,ep,f,25-34,171,Extrapulmonary
Burundi,2011,ep,f,35-44,128,Extrapulmonary
Burundi,2011,ep,f,45-54,67,Extrapulmonary
Burundi,2011,ep,f,55-64,43,Extrapulmonary
Burundi,2011,ep,f,65+,25,Extrapulmonary
Burundi,2012,sp,m,0-14,45,Smear Positive
Burundi,2012,sp,m,15-24,447,Smear Positive
Burundi,2012,sp,m,25-34,801,Smear Positive
Burundi,2012,sp,m,35-44,667,Smear Positive
Burundi,2012,sp,m,45-54,461,Smear Positive
Burundi,2012,sp,m,55-64,233,Smear Positive
Burundi,2012,sp,m,65+,103,Smear Positive
Burundi,2012,sp,f,0-14,74,Smear Positive
Burundi,2012,sp,f,15-24,338,Smear Positive
Burundi,2012,sp,f,25-34,367,Smear Positive
Burundi,2012,sp,f,35-44,283,Smear Positive
Burundi,2012,sp,f,45-54,162,Smear Positive
Burundi,2012,sp,f,55-64,64,Smear Positive
Burundi,2012,sp,f,65+,30,Smear Positive
Burundi,2012,sn,m,0-14,22,Smear Negative
Burundi,2012,sn,m,15-24,56,Smear Negative
Burundi,2012,sn,m,25-34,121,Smear Negative
Burundi,2012,sn,m,35-44,90,Smear Negative
Burundi,2012,sn,m,45-54,82,Smear Negative
Burundi,2012,sn,m,55-64,63,Smear Negative
Burundi,2012,sn,m,65+,34,Smear Negative
Burundi,2012,sn,f,0-14,19,Smear Negative
Burundi,2012,sn,f,15-24,46,Smear Negative
Burundi,2012,sn,f,25-34,46,Smear Negative
Burundi,2012,sn,f,35-44,67,Smear Negative
Burundi,2012,sn,f,45-54,41,Smear Negative
Burundi,2012,sn,f,55-64,32,Smear Negative
Burundi,2012,sn,f,65+,27,Smear Negative
Burundi,2012,ep,m,0-14,188,Extrapulmonary
Burundi,2012,ep,m,15-24,141,Extrapulmonary
Burundi,2012,ep,m,25-34,229,Extrapulmonary
Burundi,2012,ep,m,35-44,195,Extrapulmonary
Burundi,2012,ep,m,45-54,173,Extrapulmonary
Burundi,2012,ep,m,55-64,96,Extrapulmonary
Burundi,2012,ep,m,65+,53,Extrapulmonary
Burundi,2012,ep,f,0-14,177,Extrapulmonary
Burundi,2012,ep,f,15-24,152,Extrapulmonary
Burundi,2012,ep,f,25-34,167,Extrapulmonary
Burundi,2012,ep,f,35-44,143,Extrapulmonary
Burundi,2012,ep,f,45-54,89,Extrapulmonary
Burundi,2012,ep,f,55-64,47,Extrapulmonary
Burundi,2012,ep,f,65+,37,Extrapulmonary
Burundi,2013,rel,m,0-14,262,Relapse
Burundi,2013,rel,m,15-24,679,Relapse
Burundi,2013,rel,m,25-34,1204,Relapse
Burundi,2013,rel,m,35-44,1071,Relapse
Burundi,2013,rel,m,45-54,803,Relapse
Burundi,2013,rel,m,55-64,426,Relapse
Burundi,2013,rel,m,65+,244,Relapse
Burundi,2013,rel,f,0-14,266,Relapse
Burundi,2013,rel,f,15-24,534,Relapse
Burundi,2013,rel,f,25-34,658,Relapse
Burundi,2013,rel,f,35-44,461,Relapse
Burundi,2013,rel,f,45-54,336,Relapse
Burundi,2013,rel,f,55-64,179,Relapse
Burundi,2013,rel,f,65+,126,Relapse
Cabo Verde,1997,sp,m,0-14,0,Smear Positive
Cabo Verde,1997,sp,m,15-24,11,Smear Positive
Cabo Verde,1997,sp,m,25-34,16,Smear Positive
Cabo Verde,1997,sp,m,35-44,19,Smear Positive
Cabo Verde,1997,sp,m,45-54,4,Smear Positive
Cabo Verde,1997,sp,m,55-64,10,Smear Positive
Cabo Verde,1997,sp,m,65+,10,Smear Positive
Cabo Verde,1997,sp,f,0-14,2,Smear Positive
Cabo Verde,1997,sp,f,15-24,10,Smear Positive
Cabo Verde,1997,sp,f,25-34,10,Smear Positive
Cabo Verde,1997,sp,f,35-44,8,Smear Positive
Cabo Verde,1997,sp,f,45-54,3,Smear Positive
Cabo Verde,1997,sp,f,55-64,10,Smear Positive
Cabo Verde,1997,sp,f,65+,9,Smear Positive
Cabo Verde,1998,sp,m,0-14,2,Smear Positive
Cabo Verde,1998,sp,m,15-24,9,Smear Positive
Cabo Verde,1998,sp,m,25-34,14,Smear Positive
Cabo Verde,1998,sp,m,35-44,14,Smear Positive
Cabo Verde,1998,sp,m,45-54,6,Smear Positive
Cabo Verde,1998,sp,m,55-64,6,Smear Positive
Cabo Verde,1998,sp,m,65+,9,Smear Positive
Cabo Verde,1998,sp,f,0-14,2,Smear Positive
Cabo Verde,1998,sp,f,15-24,12,Smear Positive
Cabo Verde,1998,sp,f,25-34,4,Smear Positive
Cabo Verde,1998,sp,f,35-44,5,Smear Positive
Cabo Verde,1998,sp,f,45-54,3,Smear Positive
Cabo Verde,1998,sp,f,55-64,5,Smear Positive
Cabo Verde,1998,sp,f,65+,10,Smear Positive
Cabo Verde,2001,sp,m,0-14,0,Smear Positive
Cabo Verde,2001,sp,m,15-24,5,Smear Positive
Cabo Verde,2001,sp,m,25-34,15,Smear Positive
Cabo Verde,2001,sp,m,35-44,6,Smear Positive
Cabo Verde,2001,sp,m,45-54,5,Smear Positive
Cabo Verde,2001,sp,m,55-64,5,Smear Positive
Cabo Verde,2001,sp,m,65+,1,Smear Positive
Cabo Verde,2001,sp,f,0-14,2,Smear Positive
Cabo Verde,2001,sp,f,15-24,7,Smear Positive
Cabo Verde,2001,sp,f,25-34,9,Smear Positive
Cabo Verde,2001,sp,f,35-44,7,Smear Positive
Cabo Verde,2001,sp,f,45-54,1,Smear Positive
Cabo Verde,2001,sp,f,55-64,2,Smear Positive
Cabo Verde,2001,sp,f,65+,3,Smear Positive
Cabo Verde,2002,sp,m,0-14,3,Smear Positive
Cabo Verde,2002,sp,m,15-24,9,Smear Positive
Cabo Verde,2002,sp,m,25-34,29,Smear Positive
Cabo Verde,2002,sp,m,35-44,20,Smear Positive
Cabo Verde,2002,sp,m,45-54,14,Smear Positive
Cabo Verde,2002,sp,m,55-64,1,Smear Positive
Cabo Verde,2002,sp,m,65+,2,Smear Positive
Cabo Verde,2002,sp,f,0-14,2,Smear Positive
Cabo Verde,2002,sp,f,15-24,11,Smear Positive
Cabo Verde,2002,sp,f,25-34,11,Smear Positive
Cabo Verde,2002,sp,f,35-44,12,Smear Positive
Cabo Verde,2002,sp,f,45-54,3,Smear Positive
Cabo Verde,2002,sp,f,55-64,4,Smear Positive
Cabo Verde,2002,sp,f,65+,4,Smear Positive
Cabo Verde,2003,sp,m,0-14,3,Smear Positive
Cabo Verde,2003,sp,m,15-24,12,Smear Positive
Cabo Verde,2003,sp,m,25-34,32,Smear Positive
Cabo Verde,2003,sp,m,35-44,32,Smear Positive
Cabo Verde,2003,sp,m,45-54,9,Smear Positive
Cabo Verde,2003,sp,m,55-64,7,Smear Positive
Cabo Verde,2003,sp,m,65+,8,Smear Positive
Cabo Verde,2003,sp,f,0-14,1,Smear Positive
Cabo Verde,2003,sp,f,15-24,6,Smear Positive
Cabo Verde,2003,sp,f,25-34,7,Smear Positive
Cabo Verde,2003,sp,f,35-44,13,Smear Positive
Cabo Verde,2003,sp,f,45-54,7,Smear Positive
Cabo Verde,2003,sp,f,55-64,4,Smear Positive
Cabo Verde,2003,sp,f,65+,11,Smear Positive
Cabo Verde,2004,sp,m,0-14,1,Smear Positive
Cabo Verde,2004,sp,m,15-24,8,Smear Positive
Cabo Verde,2004,sp,m,25-34,33,Smear Positive
Cabo Verde,2004,sp,m,35-44,17,Smear Positive
Cabo Verde,2004,sp,m,45-54,20,Smear Positive
Cabo Verde,2004,sp,m,55-64,2,Smear Positive
Cabo Verde,2004,sp,m,65+,7,Smear Positive
Cabo Verde,2004,sp,f,0-14,2,Smear Positive
Cabo Verde,2004,sp,f,15-24,17,Smear Positive
Cabo Verde,2004,sp,f,25-34,34,Smear Positive
Cabo Verde,2004,sp,f,35-44,11,Smear Positive
Cabo Verde,2004,sp,f,45-54,7,Smear Positive
Cabo Verde,2004,sp,f,55-64,6,Smear Positive
Cabo Verde,2004,sp,f,65+,4,Smear Positive
Cabo Verde,2005,sp,m,0-14,0,Smear Positive
Cabo Verde,2005,sp,m,15-24,22,Smear Positive
Cabo Verde,2005,sp,m,25-34,23,Smear Positive
Cabo Verde,2005,sp,m,35-44,26,Smear Positive
Cabo Verde,2005,sp,m,45-54,9,Smear Positive
Cabo Verde,2005,sp,m,55-64,2,Smear Positive
Cabo Verde,2005,sp,m,65+,8,Smear Positive
Cabo Verde,2005,sp,f,0-14,2,Smear Positive
Cabo Verde,2005,sp,f,15-24,9,Smear Positive
Cabo Verde,2005,sp,f,25-34,16,Smear Positive
Cabo Verde,2005,sp,f,35-44,4,Smear Positive
Cabo Verde,2005,sp,f,45-54,5,Smear Positive
Cabo Verde,2005,sp,f,55-64,3,Smear Positive
Cabo Verde,2005,sp,f,65+,6,Smear Positive
Cabo Verde,2006,sp,m,0-14,2,Smear Positive
Cabo Verde,2006,sp,m,15-24,15,Smear Positive
Cabo Verde,2006,sp,m,25-34,22,Smear Positive
Cabo Verde,2006,sp,m,35-44,18,Smear Positive
Cabo Verde,2006,sp,m,45-54,8,Smear Positive
Cabo Verde,2006,sp,m,55-64,6,Smear Positive
Cabo Verde,2006,sp,m,65+,4,Smear Positive
Cabo Verde,2006,sp,f,0-14,2,Smear Positive
Cabo Verde,2006,sp,f,15-24,14,Smear Positive
Cabo Verde,2006,sp,f,25-34,16,Smear Positive
Cabo Verde,2006,sp,f,35-44,5,Smear Positive
Cabo Verde,2006,sp,f,45-54,6,Smear Positive
Cabo Verde,2006,sp,f,55-64,4,Smear Positive
Cabo Verde,2006,sp,f,65+,9,Smear Positive
Cabo Verde,2007,sp,m,0-14,0,Smear Positive
Cabo Verde,2007,sp,m,15-24,24,Smear Positive
Cabo Verde,2007,sp,m,25-34,30,Smear Positive
Cabo Verde,2007,sp,m,35-44,26,Smear Positive
Cabo Verde,2007,sp,m,45-54,18,Smear Positive
Cabo Verde,2007,sp,m,55-64,4,Smear Positive
Cabo Verde,2007,sp,m,65+,6,Smear Positive
Cabo Verde,2007,sp,f,0-14,0,Smear Positive
Cabo Verde,2007,sp,f,15-24,18,Smear Positive
Cabo Verde,2007,sp,f,25-34,17,Smear Positive
Cabo Verde,2007,sp,f,35-44,5,Smear Positive
Cabo Verde,2007,sp,f,45-54,1,Smear Positive
Cabo Verde,2007,sp,f,55-64,3,Smear Positive
Cabo Verde,2007,sp,f,65+,6,Smear Positive
Cabo Verde,2008,sp,m,0-14,0,Smear Positive
Cabo Verde,2008,sp,m,15-24,23,Smear Positive
Cabo Verde,2008,sp,m,25-34,33,Smear Positive
Cabo Verde,2008,sp,m,35-44,29,Smear Positive
Cabo Verde,2008,sp,m,45-54,27,Smear Positive
Cabo Verde,2008,sp,m,55-64,12,Smear Positive
Cabo Verde,2008,sp,m,65+,6,Smear Positive
Cabo Verde,2008,sp,f,0-14,6,Smear Positive
Cabo Verde,2008,sp,f,15-24,18,Smear Positive
Cabo Verde,2008,sp,f,25-34,21,Smear Positive
Cabo Verde,2008,sp,f,35-44,11,Smear Positive
Cabo Verde,2008,sp,f,45-54,3,Smear Positive
Cabo Verde,2008,sp,f,55-64,5,Smear Positive
Cabo Verde,2008,sp,f,65+,3,Smear Positive
Cabo Verde,2009,sp,m,0-14,1,Smear Positive
Cabo Verde,2009,sp,m,15-24,27,Smear Positive
Cabo Verde,2009,sp,m,25-34,40,Smear Positive
Cabo Verde,2009,sp,m,35-44,31,Smear Positive
Cabo Verde,2009,sp,m,45-54,19,Smear Positive
Cabo Verde,2009,sp,m,55-64,3,Smear Positive
Cabo Verde,2009,sp,m,65+,6,Smear Positive
Cabo Verde,2009,sp,f,0-14,4,Smear Positive
Cabo Verde,2009,sp,f,15-24,13,Smear Positive
Cabo Verde,2009,sp,f,25-34,10,Smear Positive
Cabo Verde,2009,sp,f,35-44,8,Smear Positive
Cabo Verde,2009,sp,f,45-54,4,Smear Positive
Cabo Verde,2009,sp,f,55-64,1,Smear Positive
Cabo Verde,2009,sp,f,65+,5,Smear Positive
Cabo Verde,2009,sn,m,0-14,7,Smear Negative
Cabo Verde,2009,sn,m,15-24,3,Smear Negative
Cabo Verde,2009,sn,m,25-34,12,Smear Negative
Cabo Verde,2009,sn,m,35-44,14,Smear Negative
Cabo Verde,2009,sn,m,45-54,11,Smear Negative
Cabo Verde,2009,sn,m,55-64,6,Smear Negative
Cabo Verde,2009,sn,m,65+,2,Smear Negative
Cabo Verde,2009,sn,f,0-14,4,Smear Negative
Cabo Verde,2009,sn,f,15-24,4,Smear Negative
Cabo Verde,2009,sn,f,25-34,10,Smear Negative
Cabo Verde,2009,sn,f,35-44,6,Smear Negative
Cabo Verde,2009,sn,f,45-54,10,Smear Negative
Cabo Verde,2009,sn,f,55-64,3,Smear Negative
Cabo Verde,2009,sn,f,65+,2,Smear Negative
Cabo Verde,2009,ep,m,0-14,2,Extrapulmonary
Cabo Verde,2009,ep,m,15-24,5,Extrapulmonary
Cabo Verde,2009,ep,m,25-34,11,Extrapulmonary
Cabo Verde,2009,ep,m,35-44,8,Extrapulmonary
Cabo Verde,2009,ep,m,45-54,9,Extrapulmonary
Cabo Verde,2009,ep,m,55-64,2,Extrapulmonary
Cabo Verde,2009,ep,m,65+,3,Extrapulmonary
Cabo Verde,2009,ep,f,0-14,1,Extrapulmonary
Cabo Verde,2009,ep,f,15-24,3,Extrapulmonary
Cabo Verde,2009,ep,f,25-34,2,Extrapulmonary
Cabo Verde,2009,ep,f,35-44,3,Extrapulmonary
Cabo Verde,2009,ep,f,45-54,3,Extrapulmonary
Cabo Verde,2009,ep,f,55-64,1,Extrapulmonary
Cabo Verde,2009,ep,f,65+,0,Extrapulmonary
Cabo Verde,2011,sp,m,0-14,0,Smear Positive
Cabo Verde,2011,sp,m,15-24,17,Smear Positive
Cabo Verde,2011,sp,m,25-34,43,Smear Positive
Cabo Verde,2011,sp,m,35-44,35,Smear Positive
Cabo Verde,2011,sp,m,45-54,31,Smear Positive
Cabo Verde,2011,sp,m,55-64,3,Smear Positive
Cabo Verde,2011,sp,m,65+,3,Smear Positive
Cabo Verde,2011,sp,f,0-14,4,Smear Positive
Cabo Verde,2011,sp,f,15-24,14,Smear Positive
Cabo Verde,2011,sp,f,25-34,15,Smear Positive
Cabo Verde,2011,sp,f,35-44,4,Smear Positive
Cabo Verde,2011,sp,f,45-54,6,Smear Positive
Cabo Verde,2011,sp,f,55-64,3,Smear Positive
Cabo Verde,2011,sp,f,65+,4,Smear Positive
Cabo Verde,2011,sn,m,0-14,17,Smear Negative
Cabo Verde,2011,sn,m,15-24,9,Smear Negative
Cabo Verde,2011,sn,m,25-34,18,Smear Negative
Cabo Verde,2011,sn,m,35-44,17,Smear Negative
Cabo Verde,2011,sn,m,45-54,17,Smear Negative
Cabo Verde,2011,sn,m,55-64,7,Smear Negative
Cabo Verde,2011,sn,m,65+,11,Smear Negative
Cabo Verde,2011,sn,f,0-14,6,Smear Negative
Cabo Verde,2011,sn,f,15-24,4,Smear Negative
Cabo Verde,2011,sn,f,25-34,5,Smear Negative
Cabo Verde,2011,sn,f,35-44,4,Smear Negative
Cabo Verde,2011,sn,f,45-54,6,Smear Negative
Cabo Verde,2011,sn,f,55-64,1,Smear Negative
Cabo Verde,2011,sn,f,65+,5,Smear Negative
Cabo Verde,2011,ep,m,0-14,4,Extrapulmonary
Cabo Verde,2011,ep,m,15-24,7,Extrapulmonary
Cabo Verde,2011,ep,m,25-34,13,Extrapulmonary
Cabo Verde,2011,ep,m,35-44,7,Extrapulmonary
Cabo Verde,2011,ep,m,45-54,5,Extrapulmonary
Cabo Verde,2011,ep,m,55-64,0,Extrapulmonary
Cabo Verde,2011,ep,m,65+,0,Extrapulmonary
Cabo Verde,2011,ep,f,0-14,1,Extrapulmonary
Cabo Verde,2011,ep,f,15-24,4,Extrapulmonary
Cabo Verde,2011,ep,f,25-34,7,Extrapulmonary
Cabo Verde,2011,ep,f,35-44,4,Extrapulmonary
Cabo Verde,2011,ep,f,45-54,3,Extrapulmonary
Cabo Verde,2011,ep,f,55-64,2,Extrapulmonary
Cabo Verde,2011,ep,f,65+,0,Extrapulmonary
Cabo Verde,2012,sp,m,0-14,0,Smear Positive
Cabo Verde,2012,sp,m,15-24,29,Smear Positive
Cabo Verde,2012,sp,m,25-34,36,Smear Positive
Cabo Verde,2012,sp,m,35-44,34,Smear Positive
Cabo Verde,2012,sp,m,45-54,24,Smear Positive
Cabo Verde,2012,sp,m,55-64,8,Smear Positive
Cabo Verde,2012,sp,m,65+,2,Smear Positive
Cabo Verde,2012,sp,f,0-14,0,Smear Positive
Cabo Verde,2012,sp,f,15-24,19,Smear Positive
Cabo Verde,2012,sp,f,25-34,13,Smear Positive
Cabo Verde,2012,sp,f,35-44,9,Smear Positive
Cabo Verde,2012,sp,f,45-54,8,Smear Positive
Cabo Verde,2012,sp,f,55-64,3,Smear Positive
Cabo Verde,2012,sp,f,65+,4,Smear Positive
Cabo Verde,2012,sn,m,0-14,11,Smear Negative
Cabo Verde,2012,sn,m,15-24,15,Smear Negative
Cabo Verde,2012,sn,m,25-34,19,Smear Negative
Cabo Verde,2012,sn,m,35-44,18,Smear Negative
Cabo Verde,2012,sn,m,45-54,11,Smear Negative
Cabo Verde,2012,sn,m,55-64,8,Smear Negative
Cabo Verde,2012,sn,m,65+,10,Smear Negative
Cabo Verde,2012,sn,f,0-14,10,Smear Negative
Cabo Verde,2012,sn,f,15-24,6,Smear Negative
Cabo Verde,2012,sn,f,25-34,6,Smear Negative
Cabo Verde,2012,sn,f,35-44,5,Smear Negative
Cabo Verde,2012,sn,f,45-54,6,Smear Negative
Cabo Verde,2012,sn,f,55-64,1,Smear Negative
Cabo Verde,2012,sn,f,65+,4,Smear Negative
Cabo Verde,2012,ep,m,0-14,6,Extrapulmonary
Cabo Verde,2012,ep,m,15-24,9,Extrapulmonary
Cabo Verde,2012,ep,m,25-34,11,Extrapulmonary
Cabo Verde,2012,ep,m,35-44,6,Extrapulmonary
Cabo Verde,2012,ep,m,45-54,7,Extrapulmonary
Cabo Verde,2012,ep,m,55-64,3,Extrapulmonary
Cabo Verde,2012,ep,m,65+,0,Extrapulmonary
Cabo Verde,2012,ep,f,0-14,5,Extrapulmonary
Cabo Verde,2012,ep,f,15-24,5,Extrapulmonary
Cabo Verde,2012,ep,f,25-34,6,Extrapulmonary
Cabo Verde,2012,ep,f,35-44,3,Extrapulmonary
Cabo Verde,2012,ep,f,45-54,1,Extrapulmonary
Cabo Verde,2012,ep,f,55-64,1,Extrapulmonary
Cabo Verde,2012,ep,f,65+,3,Extrapulmonary
Cabo Verde,2013,rel,m,0-14,0,Relapse
Cabo Verde,2013,rel,m,15-24,23,Relapse
Cabo Verde,2013,rel,m,25-34,46,Relapse
Cabo Verde,2013,rel,m,35-44,29,Relapse
Cabo Verde,2013,rel,m,45-54,20,Relapse
Cabo Verde,2013,rel,m,55-64,9,Relapse
Cabo Verde,2013,rel,m,65+,9,Relapse
Cabo Verde,2013,rel,f,0-14,2,Relapse
Cabo Verde,2013,rel,f,15-24,12,Relapse
Cabo Verde,2013,rel,f,25-34,12,Relapse
Cabo Verde,2013,rel,f,35-44,10,Relapse
Cabo Verde,2013,rel,f,45-54,4,Relapse
Cabo Verde,2013,rel,f,55-64,5,Relapse
Cabo Verde,2013,rel,f,65+,4,Relapse
Cambodia,1995,sp,m,0-14,161,Smear Positive
Cambodia,1995,sp,m,15-24,453,Smear Positive
Cambodia,1995,sp,m,25-34,1244,Smear Positive
Cambodia,1995,sp,m,35-44,1147,Smear Positive
Cambodia,1995,sp,m,45-54,1253,Smear Positive
Cambodia,1995,sp,m,55-64,1257,Smear Positive
Cambodia,1995,sp,m,65+,707,Smear Positive
Cambodia,1995,sp,f,0-14,123,Smear Positive
Cambodia,1995,sp,f,15-24,388,Smear Positive
Cambodia,1995,sp,f,25-34,1133,Smear Positive
Cambodia,1995,sp,f,35-44,1435,Smear Positive
Cambodia,1995,sp,f,45-54,1426,Smear Positive
Cambodia,1995,sp,f,55-64,1180,Smear Positive
Cambodia,1995,sp,f,65+,578,Smear Positive
Cambodia,1996,sp,m,0-14,148,Smear Positive
Cambodia,1996,sp,m,15-24,32,Smear Positive
Cambodia,1996,sp,m,25-34,1272,Smear Positive
Cambodia,1996,sp,m,35-44,1363,Smear Positive
Cambodia,1996,sp,m,45-54,1348,Smear Positive
Cambodia,1996,sp,m,55-64,1226,Smear Positive
Cambodia,1996,sp,m,65+,726,Smear Positive
Cambodia,1996,sp,f,0-14,124,Smear Positive
Cambodia,1996,sp,f,15-24,27,Smear Positive
Cambodia,1996,sp,f,25-34,1087,Smear Positive
Cambodia,1996,sp,f,35-44,1430,Smear Positive
Cambodia,1996,sp,f,45-54,1534,Smear Positive
Cambodia,1996,sp,f,55-64,1201,Smear Positive
Cambodia,1996,sp,f,65+,547,Smear Positive
Cambodia,1998,sp,m,0-14,36,Smear Positive
Cambodia,1998,sp,m,15-24,446,Smear Positive
Cambodia,1998,sp,m,25-34,1330,Smear Positive
Cambodia,1998,sp,m,35-44,1477,Smear Positive
Cambodia,1998,sp,m,45-54,1521,Smear Positive
Cambodia,1998,sp,m,55-64,1293,Smear Positive
Cambodia,1998,sp,m,65+,924,Smear Positive
Cambodia,1998,sp,f,0-14,23,Smear Positive
Cambodia,1998,sp,f,15-24,367,Smear Positive
Cambodia,1998,sp,f,25-34,1184,Smear Positive
Cambodia,1998,sp,f,35-44,1531,Smear Positive
Cambodia,1998,sp,f,45-54,1667,Smear Positive
Cambodia,1998,sp,f,55-64,1359,Smear Positive
Cambodia,1998,sp,f,65+,691,Smear Positive
Cambodia,1999,sp,m,0-14,41,Smear Positive
Cambodia,1999,sp,m,15-24,525,Smear Positive
Cambodia,1999,sp,m,25-34,1389,Smear Positive
Cambodia,1999,sp,m,35-44,1734,Smear Positive
Cambodia,1999,sp,m,45-54,1645,Smear Positive
Cambodia,1999,sp,m,55-64,1578,Smear Positive
Cambodia,1999,sp,m,65+,1089,Smear Positive
Cambodia,1999,sp,f,0-14,51,Smear Positive
Cambodia,1999,sp,f,15-24,445,Smear Positive
Cambodia,1999,sp,f,25-34,1229,Smear Positive
Cambodia,1999,sp,f,35-44,1861,Smear Positive
Cambodia,1999,sp,f,45-54,1857,Smear Positive
Cambodia,1999,sp,f,55-64,1448,Smear Positive
Cambodia,1999,sp,f,65+,852,Smear Positive
Cambodia,2000,sp,m,0-14,26,Smear Positive
Cambodia,2000,sp,m,15-24,519,Smear Positive
Cambodia,2000,sp,m,25-34,1323,Smear Positive
Cambodia,2000,sp,m,35-44,1618,Smear Positive
Cambodia,2000,sp,m,45-54,1456,Smear Positive
Cambodia,2000,sp,m,55-64,1373,Smear Positive
Cambodia,2000,sp,m,65+,1058,Smear Positive
Cambodia,2000,sp,f,0-14,38,Smear Positive
Cambodia,2000,sp,f,15-24,457,Smear Positive
Cambodia,2000,sp,f,25-34,1157,Smear Positive
Cambodia,2000,sp,f,35-44,1649,Smear Positive
Cambodia,2000,sp,f,45-54,1798,Smear Positive
Cambodia,2000,sp,f,55-64,1459,Smear Positive
Cambodia,2000,sp,f,65+,892,Smear Positive
Cambodia,2001,sp,m,0-14,29,Smear Positive
Cambodia,2001,sp,m,15-24,600,Smear Positive
Cambodia,2001,sp,m,25-34,1302,Smear Positive
Cambodia,2001,sp,m,35-44,1601,Smear Positive
Cambodia,2001,sp,m,45-54,1406,Smear Positive
Cambodia,2001,sp,m,55-64,1403,Smear Positive
Cambodia,2001,sp,m,65+,1037,Smear Positive
Cambodia,2001,sp,f,0-14,25,Smear Positive
Cambodia,2001,sp,f,15-24,455,Smear Positive
Cambodia,2001,sp,f,25-34,1033,Smear Positive
Cambodia,2001,sp,f,35-44,1526,Smear Positive
Cambodia,2001,sp,f,45-54,1687,Smear Positive
Cambodia,2001,sp,f,55-64,1428,Smear Positive
Cambodia,2001,sp,f,65+,829,Smear Positive
Cambodia,2002,sp,m,0-14,54,Smear Positive
Cambodia,2002,sp,m,15-24,791,Smear Positive
Cambodia,2002,sp,m,25-34,1449,Smear Positive
Cambodia,2002,sp,m,35-44,1956,Smear Positive
Cambodia,2002,sp,m,45-54,1799,Smear Positive
Cambodia,2002,sp,m,55-64,1624,Smear Positive
Cambodia,2002,sp,m,65+,1432,Smear Positive
Cambodia,2002,sp,f,0-14,54,Smear Positive
Cambodia,2002,sp,f,15-24,600,Smear Positive
Cambodia,2002,sp,f,25-34,1114,Smear Positive
Cambodia,2002,sp,f,35-44,1737,Smear Positive
Cambodia,2002,sp,f,45-54,1898,Smear Positive
Cambodia,2002,sp,f,55-64,1650,Smear Positive
Cambodia,2002,sp,f,65+,1100,Smear Positive
Cambodia,2003,sp,m,0-14,37,Smear Positive
Cambodia,2003,sp,m,15-24,805,Smear Positive
Cambodia,2003,sp,m,25-34,1514,Smear Positive
Cambodia,2003,sp,m,35-44,2183,Smear Positive
Cambodia,2003,sp,m,45-54,1848,Smear Positive
Cambodia,2003,sp,m,55-64,1729,Smear Positive
Cambodia,2003,sp,m,65+,1487,Smear Positive
Cambodia,2003,sp,f,0-14,46,Smear Positive
Cambodia,2003,sp,f,15-24,691,Smear Positive
Cambodia,2003,sp,f,25-34,1287,Smear Positive
Cambodia,2003,sp,f,35-44,1975,Smear Positive
Cambodia,2003,sp,f,45-54,2208,Smear Positive
Cambodia,2003,sp,f,55-64,1857,Smear Positive
Cambodia,2003,sp,f,65+,1256,Smear Positive
Cambodia,2004,sp,m,0-14,36,Smear Positive
Cambodia,2004,sp,m,15-24,850,Smear Positive
Cambodia,2004,sp,m,25-34,1466,Smear Positive
Cambodia,2004,sp,m,35-44,2261,Smear Positive
Cambodia,2004,sp,m,45-54,1942,Smear Positive
Cambodia,2004,sp,m,55-64,1759,Smear Positive
Cambodia,2004,sp,m,65+,1538,Smear Positive
Cambodia,2004,sp,f,0-14,28,Smear Positive
Cambodia,2004,sp,f,15-24,658,Smear Positive
Cambodia,2004,sp,f,25-34,1276,Smear Positive
Cambodia,2004,sp,f,35-44,1882,Smear Positive
Cambodia,2004,sp,f,45-54,2176,Smear Positive
Cambodia,2004,sp,f,55-64,1836,Smear Positive
Cambodia,2004,sp,f,65+,1270,Smear Positive
Cambodia,2005,sp,m,0-14,49,Smear Positive
Cambodia,2005,sp,m,15-24,894,Smear Positive
Cambodia,2005,sp,m,25-34,1600,Smear Positive
Cambodia,2005,sp,m,35-44,2349,Smear Positive
Cambodia,2005,sp,m,45-54,2043,Smear Positive
Cambodia,2005,sp,m,55-64,1964,Smear Positive
Cambodia,2005,sp,m,65+,1811,Smear Positive
Cambodia,2005,sp,f,0-14,45,Smear Positive
Cambodia,2005,sp,f,15-24,790,Smear Positive
Cambodia,2005,sp,f,25-34,1413,Smear Positive
Cambodia,2005,sp,f,35-44,2089,Smear Positive
Cambodia,2005,sp,f,45-54,2323,Smear Positive
Cambodia,2005,sp,f,55-64,2058,Smear Positive
Cambodia,2005,sp,f,65+,1573,Smear Positive
Cambodia,2006,sp,m,0-14,50,Smear Positive
Cambodia,2006,sp,m,15-24,791,Smear Positive
Cambodia,2006,sp,m,25-34,1486,Smear Positive
Cambodia,2006,sp,m,35-44,2205,Smear Positive
Cambodia,2006,sp,m,45-54,1902,Smear Positive
Cambodia,2006,sp,m,55-64,1689,Smear Positive
Cambodia,2006,sp,m,65+,1665,Smear Positive
Cambodia,2006,sp,f,0-14,44,Smear Positive
Cambodia,2006,sp,f,15-24,749,Smear Positive
Cambodia,2006,sp,f,25-34,1330,Smear Positive
Cambodia,2006,sp,f,35-44,1839,Smear Positive
Cambodia,2006,sp,f,45-54,2072,Smear Positive
Cambodia,2006,sp,f,55-64,1915,Smear Positive
Cambodia,2006,sp,f,65+,1557,Smear Positive
Cambodia,2007,sp,m,0-14,50,Smear Positive
Cambodia,2007,sp,m,15-24,883,Smear Positive
Cambodia,2007,sp,m,25-34,1526,Smear Positive
Cambodia,2007,sp,m,35-44,2190,Smear Positive
Cambodia,2007,sp,m,45-54,2102,Smear Positive
Cambodia,2007,sp,m,55-64,1761,Smear Positive
Cambodia,2007,sp,m,65+,1644,Smear Positive
Cambodia,2007,sp,f,0-14,64,Smear Positive
Cambodia,2007,sp,f,15-24,749,Smear Positive
Cambodia,2007,sp,f,25-34,1351,Smear Positive
Cambodia,2007,sp,f,35-44,1698,Smear Positive
Cambodia,2007,sp,f,45-54,2105,Smear Positive
Cambodia,2007,sp,f,55-64,1839,Smear Positive
Cambodia,2007,sp,f,65+,1459,Smear Positive
Cambodia,2008,sp,m,0-14,49,Smear Positive
Cambodia,2008,sp,m,15-24,920,Smear Positive
Cambodia,2008,sp,m,25-34,1570,Smear Positive
Cambodia,2008,sp,m,35-44,2040,Smear Positive
Cambodia,2008,sp,m,45-54,2117,Smear Positive
Cambodia,2008,sp,m,55-64,1746,Smear Positive
Cambodia,2008,sp,m,65+,1683,Smear Positive
Cambodia,2008,sp,f,0-14,72,Smear Positive
Cambodia,2008,sp,f,15-24,808,Smear Positive
Cambodia,2008,sp,f,25-34,1403,Smear Positive
Cambodia,2008,sp,f,35-44,1809,Smear Positive
Cambodia,2008,sp,f,45-54,2093,Smear Positive
Cambodia,2008,sp,f,55-64,1943,Smear Positive
Cambodia,2008,sp,f,65+,1607,Smear Positive
Cambodia,2009,sp,m,0-14,37,Smear Positive
Cambodia,2009,sp,m,15-24,746,Smear Positive
Cambodia,2009,sp,m,25-34,1522,Smear Positive
Cambodia,2009,sp,m,35-44,1884,Smear Positive
Cambodia,2009,sp,m,45-54,2117,Smear Positive
Cambodia,2009,sp,m,55-64,1543,Smear Positive
Cambodia,2009,sp,m,65+,1548,Smear Positive
Cambodia,2009,sp,f,0-14,45,Smear Positive
Cambodia,2009,sp,f,15-24,801,Smear Positive
Cambodia,2009,sp,f,25-34,1252,Smear Positive
Cambodia,2009,sp,f,35-44,1461,Smear Positive
Cambodia,2009,sp,f,45-54,1894,Smear Positive
Cambodia,2009,sp,f,55-64,1637,Smear Positive
Cambodia,2009,sp,f,65+,1376,Smear Positive
Cambodia,2010,sp,m,0-14,39,Smear Positive
Cambodia,2010,sp,m,15-24,750,Smear Positive
Cambodia,2010,sp,m,25-34,1564,Smear Positive
Cambodia,2010,sp,m,35-44,1760,Smear Positive
Cambodia,2010,sp,m,45-54,2105,Smear Positive
Cambodia,2010,sp,m,55-64,1531,Smear Positive
Cambodia,2010,sp,m,65+,1599,Smear Positive
Cambodia,2010,sp,f,0-14,60,Smear Positive
Cambodia,2010,sp,f,15-24,752,Smear Positive
Cambodia,2010,sp,f,25-34,1321,Smear Positive
Cambodia,2010,sp,f,35-44,1303,Smear Positive
Cambodia,2010,sp,f,45-54,1732,Smear Positive
Cambodia,2010,sp,f,55-64,1607,Smear Positive
Cambodia,2010,sp,f,65+,1331,Smear Positive
Cambodia,2011,sp,m,0-14,34,Smear Positive
Cambodia,2011,sp,m,15-24,791,Smear Positive
Cambodia,2011,sp,m,25-34,1469,Smear Positive
Cambodia,2011,sp,m,35-44,1557,Smear Positive
Cambodia,2011,sp,m,45-54,1972,Smear Positive
Cambodia,2011,sp,m,55-64,1439,Smear Positive
Cambodia,2011,sp,m,65+,1339,Smear Positive
Cambodia,2011,sp,f,0-14,39,Smear Positive
Cambodia,2011,sp,f,15-24,690,Smear Positive
Cambodia,2011,sp,f,25-34,1211,Smear Positive
Cambodia,2011,sp,f,35-44,1092,Smear Positive
Cambodia,2011,sp,f,45-54,1528,Smear Positive
Cambodia,2011,sp,f,55-64,1473,Smear Positive
Cambodia,2011,sp,f,65+,1242,Smear Positive
Cambodia,2012,sp,m,0-14,31,Smear Positive
Cambodia,2012,sp,m,15-24,673,Smear Positive
Cambodia,2012,sp,m,25-34,1256,Smear Positive
Cambodia,2012,sp,m,35-44,1414,Smear Positive
Cambodia,2012,sp,m,45-54,1904,Smear Positive
Cambodia,2012,sp,m,55-64,1434,Smear Positive
Cambodia,2012,sp,m,65+,1526,Smear Positive
Cambodia,2012,sp,f,0-14,22,Smear Positive
Cambodia,2012,sp,f,15-24,612,Smear Positive
Cambodia,2012,sp,f,25-34,1088,Smear Positive
Cambodia,2012,sp,f,35-44,957,Smear Positive
Cambodia,2012,sp,f,45-54,1424,Smear Positive
Cambodia,2012,sp,f,55-64,1302,Smear Positive
Cambodia,2012,sp,f,65+,1198,Smear Positive
Cambodia,2013,rel,m,0-14,32,Relapse
Cambodia,2013,rel,m,15-24,583,Relapse
Cambodia,2013,rel,m,25-34,1213,Relapse
Cambodia,2013,rel,m,35-44,1316,Relapse
Cambodia,2013,rel,m,45-54,1825,Relapse
Cambodia,2013,rel,m,55-64,1373,Relapse
Cambodia,2013,rel,m,65+,1367,Relapse
Cambodia,2013,rel,f,0-14,32,Relapse
Cambodia,2013,rel,f,15-24,540,Relapse
Cambodia,2013,rel,f,25-34,1079,Relapse
Cambodia,2013,rel,f,35-44,893,Relapse
Cambodia,2013,rel,f,45-54,1319,Relapse
Cambodia,2013,rel,f,55-64,1264,Relapse
Cambodia,2013,rel,f,65+,1247,Relapse
Cameroon,1995,sp,m,0-14,20,Smear Positive
Cameroon,1995,sp,m,15-24,208,Smear Positive
Cameroon,1995,sp,m,25-34,569,Smear Positive
Cameroon,1995,sp,m,35-44,323,Smear Positive
Cameroon,1995,sp,m,45-54,287,Smear Positive
Cameroon,1995,sp,m,55-64,204,Smear Positive
Cameroon,1995,sp,m,65+,164,Smear Positive
Cameroon,1995,sp,f,0-14,9,Smear Positive
Cameroon,1995,sp,f,15-24,185,Smear Positive
Cameroon,1995,sp,f,25-34,313,Smear Positive
Cameroon,1995,sp,f,35-44,223,Smear Positive
Cameroon,1995,sp,f,45-54,153,Smear Positive
Cameroon,1995,sp,f,55-64,106,Smear Positive
Cameroon,1995,sp,f,65+,93,Smear Positive
Cameroon,1996,sp,m,0-14,34,Smear Positive
Cameroon,1996,sp,m,15-24,151,Smear Positive
Cameroon,1996,sp,m,25-34,735,Smear Positive
Cameroon,1996,sp,m,35-44,291,Smear Positive
Cameroon,1996,sp,m,45-54,178,Smear Positive
Cameroon,1996,sp,m,55-64,38,Smear Positive
Cameroon,1996,sp,m,65+,17,Smear Positive
Cameroon,1996,sp,f,0-14,21,Smear Positive
Cameroon,1996,sp,f,15-24,123,Smear Positive
Cameroon,1996,sp,f,25-34,388,Smear Positive
Cameroon,1996,sp,f,35-44,202,Smear Positive
Cameroon,1996,sp,f,45-54,103,Smear Positive
Cameroon,1996,sp,f,55-64,24,Smear Positive
Cameroon,1996,sp,f,65+,8,Smear Positive
Cameroon,1997,sp,m,0-14,36,Smear Positive
Cameroon,1997,sp,m,15-24,321,Smear Positive
Cameroon,1997,sp,m,25-34,1011,Smear Positive
Cameroon,1997,sp,m,35-44,387,Smear Positive
Cameroon,1997,sp,m,45-54,269,Smear Positive
Cameroon,1997,sp,m,55-64,79,Smear Positive
Cameroon,1997,sp,m,65+,24,Smear Positive
Cameroon,1997,sp,f,0-14,25,Smear Positive
Cameroon,1997,sp,f,15-24,277,Smear Positive
Cameroon,1997,sp,f,25-34,522,Smear Positive
Cameroon,1997,sp,f,35-44,341,Smear Positive
Cameroon,1997,sp,f,45-54,179,Smear Positive
Cameroon,1997,sp,f,55-64,63,Smear Positive
Cameroon,1997,sp,f,65+,14,Smear Positive
Cameroon,1998,sp,m,0-14,15,Smear Positive
Cameroon,1998,sp,m,15-24,651,Smear Positive
Cameroon,1998,sp,m,25-34,1006,Smear Positive
Cameroon,1998,sp,m,35-44,787,Smear Positive
Cameroon,1998,sp,m,45-54,262,Smear Positive
Cameroon,1998,sp,m,55-64,87,Smear Positive
Cameroon,1998,sp,m,65+,35,Smear Positive
Cameroon,1998,sp,f,0-14,30,Smear Positive
Cameroon,1998,sp,f,15-24,443,Smear Positive
Cameroon,1998,sp,f,25-34,595,Smear Positive
Cameroon,1998,sp,f,35-44,268,Smear Positive
Cameroon,1998,sp,f,45-54,112,Smear Positive
Cameroon,1998,sp,f,55-64,53,Smear Positive
Cameroon,1998,sp,f,65+,30,Smear Positive
Cameroon,1999,sp,m,0-14,49,Smear Positive
Cameroon,1999,sp,m,15-24,602,Smear Positive
Cameroon,1999,sp,m,25-34,1595,Smear Positive
Cameroon,1999,sp,m,35-44,736,Smear Positive
Cameroon,1999,sp,m,45-54,433,Smear Positive
Cameroon,1999,sp,m,55-64,166,Smear Positive
Cameroon,1999,sp,m,65+,59,Smear Positive
Cameroon,1999,sp,f,0-14,47,Smear Positive
Cameroon,1999,sp,f,15-24,506,Smear Positive
Cameroon,1999,sp,f,25-34,783,Smear Positive
Cameroon,1999,sp,f,35-44,505,Smear Positive
Cameroon,1999,sp,f,45-54,235,Smear Positive
Cameroon,1999,sp,f,55-64,95,Smear Positive
Cameroon,1999,sp,f,65+,21,Smear Positive
Cameroon,2000,sp,m,0-14,41,Smear Positive
Cameroon,2000,sp,m,15-24,518,Smear Positive
Cameroon,2000,sp,m,25-34,842,Smear Positive
Cameroon,2000,sp,m,35-44,584,Smear Positive
Cameroon,2000,sp,m,45-54,284,Smear Positive
Cameroon,2000,sp,m,55-64,130,Smear Positive
Cameroon,2000,sp,m,65+,75,Smear Positive
Cameroon,2000,sp,f,0-14,63,Smear Positive
Cameroon,2000,sp,f,15-24,368,Smear Positive
Cameroon,2000,sp,f,25-34,530,Smear Positive
Cameroon,2000,sp,f,35-44,293,Smear Positive
Cameroon,2000,sp,f,45-54,139,Smear Positive
Cameroon,2000,sp,f,55-64,60,Smear Positive
Cameroon,2000,sp,f,65+,33,Smear Positive
Cameroon,2001,sp,m,0-14,24,Smear Positive
Cameroon,2001,sp,m,15-24,643,Smear Positive
Cameroon,2001,sp,m,25-34,1000,Smear Positive
Cameroon,2001,sp,m,35-44,732,Smear Positive
Cameroon,2001,sp,m,45-54,322,Smear Positive
Cameroon,2001,sp,m,55-64,154,Smear Positive
Cameroon,2001,sp,m,65+,86,Smear Positive
Cameroon,2001,sp,f,0-14,49,Smear Positive
Cameroon,2001,sp,f,15-24,482,Smear Positive
Cameroon,2001,sp,f,25-34,609,Smear Positive
Cameroon,2001,sp,f,35-44,328,Smear Positive
Cameroon,2001,sp,f,45-54,155,Smear Positive
Cameroon,2001,sp,f,55-64,62,Smear Positive
Cameroon,2001,sp,f,65+,50,Smear Positive
Cameroon,2002,sp,m,0-14,66,Smear Positive
Cameroon,2002,sp,m,15-24,818,Smear Positive
Cameroon,2002,sp,m,25-34,1335,Smear Positive
Cameroon,2002,sp,m,35-44,1117,Smear Positive
Cameroon,2002,sp,m,45-54,619,Smear Positive
Cameroon,2002,sp,m,55-64,258,Smear Positive
Cameroon,2002,sp,m,65+,125,Smear Positive
Cameroon,2002,sp,f,0-14,59,Smear Positive
Cameroon,2002,sp,f,15-24,950,Smear Positive
Cameroon,2002,sp,f,25-34,1053,Smear Positive
Cameroon,2002,sp,f,35-44,545,Smear Positive
Cameroon,2002,sp,f,45-54,236,Smear Positive
Cameroon,2002,sp,f,55-64,140,Smear Positive
Cameroon,2002,sp,f,65+,44,Smear Positive
Cameroon,2003,sp,m,0-14,100,Smear Positive
Cameroon,2003,sp,m,15-24,1176,Smear Positive
Cameroon,2003,sp,m,25-34,2274,Smear Positive
Cameroon,2003,sp,m,35-44,1516,Smear Positive
Cameroon,2003,sp,m,45-54,788,Smear Positive
Cameroon,2003,sp,m,55-64,330,Smear Positive
Cameroon,2003,sp,m,65+,160,Smear Positive
Cameroon,2003,sp,f,0-14,136,Smear Positive
Cameroon,2003,sp,f,15-24,1273,Smear Positive
Cameroon,2003,sp,f,25-34,1542,Smear Positive
Cameroon,2003,sp,f,35-44,745,Smear Positive
Cameroon,2003,sp,f,45-54,363,Smear Positive
Cameroon,2003,sp,f,55-64,217,Smear Positive
Cameroon,2003,sp,f,65+,72,Smear Positive
Cameroon,2004,sp,m,0-14,127,Smear Positive
Cameroon,2004,sp,m,15-24,1312,Smear Positive
Cameroon,2004,sp,m,25-34,2147,Smear Positive
Cameroon,2004,sp,m,35-44,1575,Smear Positive
Cameroon,2004,sp,m,45-54,928,Smear Positive
Cameroon,2004,sp,m,55-64,408,Smear Positive
Cameroon,2004,sp,m,65+,259,Smear Positive
Cameroon,2004,sp,f,0-14,181,Smear Positive
Cameroon,2004,sp,f,15-24,1310,Smear Positive
Cameroon,2004,sp,f,25-34,1449,Smear Positive
Cameroon,2004,sp,f,35-44,756,Smear Positive
Cameroon,2004,sp,f,45-54,412,Smear Positive
Cameroon,2004,sp,f,55-64,214,Smear Positive
Cameroon,2004,sp,f,65+,140,Smear Positive
Cameroon,2005,sp,m,0-14,134,Smear Positive
Cameroon,2005,sp,m,15-24,1472,Smear Positive
Cameroon,2005,sp,m,25-34,2482,Smear Positive
Cameroon,2005,sp,m,35-44,1766,Smear Positive
Cameroon,2005,sp,m,45-54,1035,Smear Positive
Cameroon,2005,sp,m,55-64,463,Smear Positive
Cameroon,2005,sp,m,65+,289,Smear Positive
Cameroon,2005,sp,f,0-14,226,Smear Positive
Cameroon,2005,sp,f,15-24,1467,Smear Positive
Cameroon,2005,sp,f,25-34,1788,Smear Positive
Cameroon,2005,sp,f,35-44,1028,Smear Positive
Cameroon,2005,sp,f,45-54,503,Smear Positive
Cameroon,2005,sp,f,55-64,205,Smear Positive
Cameroon,2005,sp,f,65+,143,Smear Positive
Cameroon,2006,sp,m,0-14,112,Smear Positive
Cameroon,2006,sp,m,15-24,1401,Smear Positive
Cameroon,2006,sp,m,25-34,2550,Smear Positive
Cameroon,2006,sp,m,35-44,1820,Smear Positive
Cameroon,2006,sp,m,45-54,1080,Smear Positive
Cameroon,2006,sp,m,55-64,437,Smear Positive
Cameroon,2006,sp,m,65+,300,Smear Positive
Cameroon,2006,sp,f,0-14,151,Smear Positive
Cameroon,2006,sp,f,15-24,1358,Smear Positive
Cameroon,2006,sp,f,25-34,1823,Smear Positive
Cameroon,2006,sp,f,35-44,960,Smear Positive
Cameroon,2006,sp,f,45-54,470,Smear Positive
Cameroon,2006,sp,f,55-64,266,Smear Positive
Cameroon,2006,sp,f,65+,142,Smear Positive
Cameroon,2007,sp,m,0-14,121,Smear Positive
Cameroon,2007,sp,m,15-24,1392,Smear Positive
Cameroon,2007,sp,m,25-34,2613,Smear Positive
Cameroon,2007,sp,m,35-44,1874,Smear Positive
Cameroon,2007,sp,m,45-54,1011,Smear Positive
Cameroon,2007,sp,m,55-64,480,Smear Positive
Cameroon,2007,sp,m,65+,307,Smear Positive
Cameroon,2007,sp,f,0-14,152,Smear Positive
Cameroon,2007,sp,f,15-24,1443,Smear Positive
Cameroon,2007,sp,f,25-34,1963,Smear Positive
Cameroon,2007,sp,f,35-44,985,Smear Positive
Cameroon,2007,sp,f,45-54,483,Smear Positive
Cameroon,2007,sp,f,55-64,248,Smear Positive
Cameroon,2007,sp,f,65+,148,Smear Positive
Cameroon,2008,sp,m,0-14,108,Smear Positive
Cameroon,2008,sp,m,15-24,1613,Smear Positive
Cameroon,2008,sp,m,25-34,2861,Smear Positive
Cameroon,2008,sp,m,35-44,2016,Smear Positive
Cameroon,2008,sp,m,45-54,1135,Smear Positive
Cameroon,2008,sp,m,55-64,526,Smear Positive
Cameroon,2008,sp,m,65+,281,Smear Positive
Cameroon,2008,sp,f,0-14,173,Smear Positive
Cameroon,2008,sp,f,15-24,1506,Smear Positive
Cameroon,2008,sp,f,25-34,2041,Smear Positive
Cameroon,2008,sp,f,35-44,1027,Smear Positive
Cameroon,2008,sp,f,45-54,568,Smear Positive
Cameroon,2008,sp,f,55-64,234,Smear Positive
Cameroon,2008,sp,f,65+,148,Smear Positive
Cameroon,2009,sp,m,0-14,107,Smear Positive
Cameroon,2009,sp,m,15-24,1635,Smear Positive
Cameroon,2009,sp,m,25-34,2822,Smear Positive
Cameroon,2009,sp,m,35-44,2029,Smear Positive
Cameroon,2009,sp,m,45-54,1245,Smear Positive
Cameroon,2009,sp,m,55-64,567,Smear Positive
Cameroon,2009,sp,m,65+,355,Smear Positive
Cameroon,2009,sp,f,0-14,155,Smear Positive
Cameroon,2009,sp,f,15-24,1521,Smear Positive
Cameroon,2009,sp,f,25-34,1997,Smear Positive
Cameroon,2009,sp,f,35-44,1123,Smear Positive
Cameroon,2009,sp,f,45-54,529,Smear Positive
Cameroon,2009,sp,f,55-64,245,Smear Positive
Cameroon,2009,sp,f,65+,157,Smear Positive
Cameroon,2010,sp,m,0-14,106,Smear Positive
Cameroon,2010,sp,m,15-24,1497,Smear Positive
Cameroon,2010,sp,m,25-34,2750,Smear Positive
Cameroon,2010,sp,m,35-44,1996,Smear Positive
Cameroon,2010,sp,m,45-54,1314,Smear Positive
Cameroon,2010,sp,m,55-64,559,Smear Positive
Cameroon,2010,sp,m,65+,329,Smear Positive
Cameroon,2010,sp,f,0-14,172,Smear Positive
Cameroon,2010,sp,f,15-24,1474,Smear Positive
Cameroon,2010,sp,f,25-34,2031,Smear Positive
Cameroon,2010,sp,f,35-44,1121,Smear Positive
Cameroon,2010,sp,f,45-54,642,Smear Positive
Cameroon,2010,sp,f,55-64,290,Smear Positive
Cameroon,2010,sp,f,65+,183,Smear Positive
Cameroon,2011,sp,m,0-14,114,Smear Positive
Cameroon,2011,sp,m,15-24,1580,Smear Positive
Cameroon,2011,sp,m,25-34,2931,Smear Positive
Cameroon,2011,sp,m,35-44,2139,Smear Positive
Cameroon,2011,sp,m,45-54,1283,Smear Positive
Cameroon,2011,sp,m,55-64,625,Smear Positive
Cameroon,2011,sp,m,65+,361,Smear Positive
Cameroon,2011,sp,f,0-14,178,Smear Positive
Cameroon,2011,sp,f,15-24,1461,Smear Positive
Cameroon,2011,sp,f,25-34,2022,Smear Positive
Cameroon,2011,sp,f,35-44,1177,Smear Positive
Cameroon,2011,sp,f,45-54,581,Smear Positive
Cameroon,2011,sp,f,55-64,281,Smear Positive
Cameroon,2011,sp,f,65+,194,Smear Positive
Cameroon,2012,sp,m,0-14,108,Smear Positive
Cameroon,2012,sp,m,15-24,1597,Smear Positive
Cameroon,2012,sp,m,25-34,2900,Smear Positive
Cameroon,2012,sp,m,35-44,2182,Smear Positive
Cameroon,2012,sp,m,45-54,1304,Smear Positive
Cameroon,2012,sp,m,55-64,658,Smear Positive
Cameroon,2012,sp,m,65+,375,Smear Positive
Cameroon,2012,sp,f,0-14,184,Smear Positive
Cameroon,2012,sp,f,15-24,1417,Smear Positive
Cameroon,2012,sp,f,25-34,2053,Smear Positive
Cameroon,2012,sp,f,35-44,1177,Smear Positive
Cameroon,2012,sp,f,45-54,579,Smear Positive
Cameroon,2012,sp,f,55-64,295,Smear Positive
Cameroon,2012,sp,f,65+,187,Smear Positive
Cameroon,2013,rel,m,0-14,115,Relapse
Cameroon,2013,rel,f,0-14,176,Relapse
Canada,1980,sp,m,0-14,12,Smear Positive
Canada,1980,sp,m,15-24,54,Smear Positive
Canada,1980,sp,m,25-34,75,Smear Positive
Canada,1980,sp,m,35-44,83,Smear Positive
Canada,1980,sp,m,45-54,100,Smear Positive
Canada,1980,sp,m,55-64,108,Smear Positive
Canada,1980,sp,m,65+,186,Smear Positive
Canada,1980,sp,f,0-14,18,Smear Positive
Canada,1980,sp,f,15-24,62,Smear Positive
Canada,1980,sp,f,25-34,51,Smear Positive
Canada,1980,sp,f,35-44,34,Smear Positive
Canada,1980,sp,f,45-54,31,Smear Positive
Canada,1980,sp,f,55-64,33,Smear Positive
Canada,1980,sp,f,65+,104,Smear Positive
Canada,1981,sp,m,0-14,8,Smear Positive
Canada,1981,sp,m,15-24,49,Smear Positive
Canada,1981,sp,m,25-34,61,Smear Positive
Canada,1981,sp,m,35-44,64,Smear Positive
Canada,1981,sp,m,45-54,87,Smear Positive
Canada,1981,sp,m,55-64,103,Smear Positive
Canada,1981,sp,m,65+,141,Smear Positive
Canada,1981,sp,f,0-14,6,Smear Positive
Canada,1981,sp,f,15-24,46,Smear Positive
Canada,1981,sp,f,25-34,57,Smear Positive
Canada,1981,sp,f,35-44,26,Smear Positive
Canada,1981,sp,f,45-54,28,Smear Positive
Canada,1981,sp,f,55-64,35,Smear Positive
Canada,1981,sp,f,65+,92,Smear Positive
Canada,1982,sp,m,0-14,6,Smear Positive
Canada,1982,sp,m,15-24,52,Smear Positive
Canada,1982,sp,m,25-34,66,Smear Positive
Canada,1982,sp,m,35-44,69,Smear Positive
Canada,1982,sp,m,45-54,90,Smear Positive
Canada,1982,sp,m,55-64,91,Smear Positive
Canada,1982,sp,m,65+,150,Smear Positive
Canada,1982,sp,f,0-14,7,Smear Positive
Canada,1982,sp,f,15-24,51,Smear Positive
Canada,1982,sp,f,25-34,57,Smear Positive
Canada,1982,sp,f,35-44,30,Smear Positive
Canada,1982,sp,f,45-54,25,Smear Positive
Canada,1982,sp,f,55-64,38,Smear Positive
Canada,1982,sp,f,65+,80,Smear Positive
Canada,1983,sp,m,0-14,9,Smear Positive
Canada,1983,sp,m,15-24,47,Smear Positive
Canada,1983,sp,m,25-34,63,Smear Positive
Canada,1983,sp,m,35-44,62,Smear Positive
Canada,1983,sp,m,45-54,90,Smear Positive
Canada,1983,sp,m,55-64,92,Smear Positive
Canada,1983,sp,m,65+,123,Smear Positive
Canada,1983,sp,f,0-14,11,Smear Positive
Canada,1983,sp,f,15-24,50,Smear Positive
Canada,1983,sp,f,25-34,50,Smear Positive
Canada,1983,sp,f,35-44,29,Smear Positive
Canada,1983,sp,f,45-54,24,Smear Positive
Canada,1983,sp,f,55-64,35,Smear Positive
Canada,1983,sp,f,65+,86,Smear Positive
Canada,1984,sp,m,0-14,3,Smear Positive
Canada,1984,sp,m,15-24,44,Smear Positive
Canada,1984,sp,m,25-34,75,Smear Positive
Canada,1984,sp,m,35-44,58,Smear Positive
Canada,1984,sp,m,45-54,68,Smear Positive
Canada,1984,sp,m,55-64,83,Smear Positive
Canada,1984,sp,m,65+,169,Smear Positive
Canada,1984,sp,f,0-14,9,Smear Positive
Canada,1984,sp,f,15-24,51,Smear Positive
Canada,1984,sp,f,25-34,59,Smear Positive
Canada,1984,sp,f,35-44,28,Smear Positive
Canada,1984,sp,f,45-54,28,Smear Positive
Canada,1984,sp,f,55-64,36,Smear Positive
Canada,1984,sp,f,65+,100,Smear Positive
Canada,1985,sp,m,0-14,11,Smear Positive
Canada,1985,sp,m,15-24,42,Smear Positive
Canada,1985,sp,m,25-34,70,Smear Positive
Canada,1985,sp,m,35-44,59,Smear Positive
Canada,1985,sp,m,45-54,77,Smear Positive
Canada,1985,sp,m,55-64,81,Smear Positive
Canada,1985,sp,m,65+,168,Smear Positive
Canada,1985,sp,f,0-14,5,Smear Positive
Canada,1985,sp,f,15-24,30,Smear Positive
Canada,1985,sp,f,25-34,56,Smear Positive
Canada,1985,sp,f,35-44,19,Smear Positive
Canada,1985,sp,f,45-54,28,Smear Positive
Canada,1985,sp,f,55-64,48,Smear Positive
Canada,1985,sp,f,65+,97,Smear Positive
Canada,1986,sp,m,0-14,9,Smear Positive
Canada,1986,sp,m,15-24,58,Smear Positive
Canada,1986,sp,m,25-34,73,Smear Positive
Canada,1986,sp,m,35-44,62,Smear Positive
Canada,1986,sp,m,45-54,59,Smear Positive
Canada,1986,sp,m,55-64,73,Smear Positive
Canada,1986,sp,m,65+,147,Smear Positive
Canada,1986,sp,f,0-14,10,Smear Positive
Canada,1986,sp,f,15-24,33,Smear Positive
Canada,1986,sp,f,25-34,54,Smear Positive
Canada,1986,sp,f,35-44,33,Smear Positive
Canada,1986,sp,f,45-54,20,Smear Positive
Canada,1986,sp,f,55-64,26,Smear Positive
Canada,1986,sp,f,65+,95,Smear Positive
Canada,1987,sp,m,0-14,9,Smear Positive
Canada,1987,sp,m,15-24,40,Smear Positive
Canada,1987,sp,m,25-34,71,Smear Positive
Canada,1987,sp,m,35-44,60,Smear Positive
Canada,1987,sp,m,45-54,49,Smear Positive
Canada,1987,sp,m,55-64,64,Smear Positive
Canada,1987,sp,m,65+,129,Smear Positive
Canada,1987,sp,f,0-14,8,Smear Positive
Canada,1987,sp,f,15-24,39,Smear Positive
Canada,1987,sp,f,25-34,48,Smear Positive
Canada,1987,sp,f,35-44,29,Smear Positive
Canada,1987,sp,f,45-54,17,Smear Positive
Canada,1987,sp,f,55-64,26,Smear Positive
Canada,1987,sp,f,65+,79,Smear Positive
Canada,1988,sp,m,0-14,4,Smear Positive
Canada,1988,sp,m,15-24,43,Smear Positive
Canada,1988,sp,m,25-34,73,Smear Positive
Canada,1988,sp,m,35-44,62,Smear Positive
Canada,1988,sp,m,45-54,52,Smear Positive
Canada,1988,sp,m,55-64,68,Smear Positive
Canada,1988,sp,m,65+,131,Smear Positive
Canada,1988,sp,f,0-14,6,Smear Positive
Canada,1988,sp,f,15-24,38,Smear Positive
Canada,1988,sp,f,25-34,56,Smear Positive
Canada,1988,sp,f,35-44,27,Smear Positive
Canada,1988,sp,f,45-54,16,Smear Positive
Canada,1988,sp,f,55-64,26,Smear Positive
Canada,1988,sp,f,65+,80,Smear Positive
Canada,1989,sp,m,0-14,10,Smear Positive
Canada,1989,sp,m,15-24,45,Smear Positive
Canada,1989,sp,m,25-34,56,Smear Positive
Canada,1989,sp,m,35-44,60,Smear Positive
Canada,1989,sp,m,45-54,54,Smear Positive
Canada,1989,sp,m,55-64,62,Smear Positive
Canada,1989,sp,m,65+,122,Smear Positive
Canada,1989,sp,f,0-14,6,Smear Positive
Canada,1989,sp,f,15-24,37,Smear Positive
Canada,1989,sp,f,25-34,51,Smear Positive
Canada,1989,sp,f,35-44,23,Smear Positive
Canada,1989,sp,f,45-54,24,Smear Positive
Canada,1989,sp,f,55-64,21,Smear Positive
Canada,1989,sp,f,65+,81,Smear Positive
Canada,1990,sp,m,0-14,3,Smear Positive
Canada,1990,sp,m,15-24,35,Smear Positive
Canada,1990,sp,m,25-34,70,Smear Positive
Canada,1990,sp,m,35-44,55,Smear Positive
Canada,1990,sp,m,45-54,40,Smear Positive
Canada,1990,sp,m,55-64,42,Smear Positive
Canada,1990,sp,m,65+,100,Smear Positive
Canada,1990,sp,f,0-14,1,Smear Positive
Canada,1990,sp,f,15-24,30,Smear Positive
Canada,1990,sp,f,25-34,38,Smear Positive
Canada,1990,sp,f,35-44,26,Smear Positive
Canada,1990,sp,f,45-54,17,Smear Positive
Canada,1990,sp,f,55-64,20,Smear Positive
Canada,1990,sp,f,65+,72,Smear Positive
Canada,1991,sp,m,0-14,7,Smear Positive
Canada,1991,sp,m,15-24,37,Smear Positive
Canada,1991,sp,m,25-34,79,Smear Positive
Canada,1991,sp,m,35-44,53,Smear Positive
Canada,1991,sp,m,45-54,37,Smear Positive
Canada,1991,sp,m,55-64,36,Smear Positive
Canada,1991,sp,m,65+,110,Smear Positive
Canada,1991,sp,f,0-14,4,Smear Positive
Canada,1991,sp,f,15-24,23,Smear Positive
Canada,1991,sp,f,25-34,37,Smear Positive
Canada,1991,sp,f,35-44,31,Smear Positive
Canada,1991,sp,f,45-54,9,Smear Positive
Canada,1991,sp,f,55-64,20,Smear Positive
Canada,1991,sp,f,65+,60,Smear Positive
Canada,1992,sp,m,0-14,6,Smear Positive
Canada,1992,sp,m,15-24,42,Smear Positive
Canada,1992,sp,m,25-34,47,Smear Positive
Canada,1992,sp,m,35-44,58,Smear Positive
Canada,1992,sp,m,45-54,41,Smear Positive
Canada,1992,sp,m,55-64,51,Smear Positive
Canada,1992,sp,m,65+,79,Smear Positive
Canada,1992,sp,f,0-14,2,Smear Positive
Canada,1992,sp,f,15-24,27,Smear Positive
Canada,1992,sp,f,25-34,28,Smear Positive
Canada,1992,sp,f,35-44,21,Smear Positive
Canada,1992,sp,f,45-54,11,Smear Positive
Canada,1992,sp,f,55-64,15,Smear Positive
Canada,1992,sp,f,65+,78,Smear Positive
Canada,1993,sp,m,0-14,8,Smear Positive
Canada,1993,sp,m,15-24,33,Smear Positive
Canada,1993,sp,m,25-34,47,Smear Positive
Canada,1993,sp,m,35-44,53,Smear Positive
Canada,1993,sp,m,45-54,43,Smear Positive
Canada,1993,sp,m,55-64,33,Smear Positive
Canada,1993,sp,m,65+,74,Smear Positive
Canada,1993,sp,f,0-14,6,Smear Positive
Canada,1993,sp,f,15-24,22,Smear Positive
Canada,1993,sp,f,25-34,50,Smear Positive
Canada,1993,sp,f,35-44,22,Smear Positive
Canada,1993,sp,f,45-54,21,Smear Positive
Canada,1993,sp,f,55-64,21,Smear Positive
Canada,1993,sp,f,65+,55,Smear Positive
Canada,1994,sp,m,0-14,2,Smear Positive
Canada,1994,sp,m,15-24,42,Smear Positive
Canada,1994,sp,m,25-34,54,Smear Positive
Canada,1994,sp,m,35-44,42,Smear Positive
Canada,1994,sp,m,45-54,43,Smear Positive
Canada,1994,sp,m,55-64,34,Smear Positive
Canada,1994,sp,m,65+,87,Smear Positive
Canada,1994,sp,f,0-14,3,Smear Positive
Canada,1994,sp,f,15-24,37,Smear Positive
Canada,1994,sp,f,25-34,37,Smear Positive
Canada,1994,sp,f,35-44,19,Smear Positive
Canada,1994,sp,f,45-54,11,Smear Positive
Canada,1994,sp,f,55-64,13,Smear Positive
Canada,1994,sp,f,65+,59,Smear Positive
Canada,1995,sp,m,0-14,1,Smear Positive
Canada,1995,sp,m,15-24,28,Smear Positive
Canada,1995,sp,m,25-34,31,Smear Positive
Canada,1995,sp,m,35-44,60,Smear Positive
Canada,1995,sp,m,45-54,34,Smear Positive
Canada,1995,sp,m,55-64,41,Smear Positive
Canada,1995,sp,m,65+,70,Smear Positive
Canada,1995,sp,f,0-14,7,Smear Positive
Canada,1995,sp,f,15-24,33,Smear Positive
Canada,1995,sp,f,25-34,28,Smear Positive
Canada,1995,sp,f,35-44,22,Smear Positive
Canada,1995,sp,f,45-54,12,Smear Positive
Canada,1995,sp,f,55-64,18,Smear Positive
Canada,1995,sp,f,65+,51,Smear Positive
Canada,1996,sp,m,0-14,3,Smear Positive
Canada,1996,sp,m,15-24,28,Smear Positive
Canada,1996,sp,m,25-34,49,Smear Positive
Canada,1996,sp,m,35-44,48,Smear Positive
Canada,1996,sp,m,45-54,31,Smear Positive
Canada,1996,sp,m,55-64,34,Smear Positive
Canada,1996,sp,m,65+,70,Smear Positive
Canada,1996,sp,f,0-14,2,Smear Positive
Canada,1996,sp,f,15-24,23,Smear Positive
Canada,1996,sp,f,25-34,34,Smear Positive
Canada,1996,sp,f,35-44,28,Smear Positive
Canada,1996,sp,f,45-54,14,Smear Positive
Canada,1996,sp,f,55-64,16,Smear Positive
Canada,1996,sp,f,65+,50,Smear Positive
Canada,1997,sp,m,0-14,0,Smear Positive
Canada,1997,sp,m,15-24,21,Smear Positive
Canada,1997,sp,m,25-34,55,Smear Positive
Canada,1997,sp,m,35-44,44,Smear Positive
Canada,1997,sp,m,45-54,30,Smear Positive
Canada,1997,sp,m,55-64,44,Smear Positive
Canada,1997,sp,m,65+,90,Smear Positive
Canada,1997,sp,f,0-14,1,Smear Positive
Canada,1997,sp,f,15-24,36,Smear Positive
Canada,1997,sp,f,25-34,44,Smear Positive
Canada,1997,sp,f,35-44,26,Smear Positive
Canada,1997,sp,f,45-54,13,Smear Positive
Canada,1997,sp,f,55-64,16,Smear Positive
Canada,1997,sp,f,65+,53,Smear Positive
Canada,1998,sp,m,0-14,4,Smear Positive
Canada,1998,sp,m,15-24,33,Smear Positive
Canada,1998,sp,m,25-34,43,Smear Positive
Canada,1998,sp,m,35-44,51,Smear Positive
Canada,1998,sp,m,45-54,31,Smear Positive
Canada,1998,sp,m,55-64,26,Smear Positive
Canada,1998,sp,m,65+,80,Smear Positive
Canada,1998,sp,f,0-14,1,Smear Positive
Canada,1998,sp,f,15-24,26,Smear Positive
Canada,1998,sp,f,25-34,31,Smear Positive
Canada,1998,sp,f,35-44,26,Smear Positive
Canada,1998,sp,f,45-54,14,Smear Positive
Canada,1998,sp,f,55-64,18,Smear Positive
Canada,1998,sp,f,65+,54,Smear Positive
Canada,1999,sp,m,0-14,0,Smear Positive
Canada,1999,sp,m,15-24,23,Smear Positive
Canada,1999,sp,m,25-34,47,Smear Positive
Canada,1999,sp,m,35-44,51,Smear Positive
Canada,1999,sp,m,45-54,36,Smear Positive
Canada,1999,sp,m,55-64,33,Smear Positive
Canada,1999,sp,m,65+,94,Smear Positive
Canada,1999,sp,f,0-14,4,Smear Positive
Canada,1999,sp,f,15-24,33,Smear Positive
Canada,1999,sp,f,25-34,31,Smear Positive
Canada,1999,sp,f,35-44,28,Smear Positive
Canada,1999,sp,f,45-54,13,Smear Positive
Canada,1999,sp,f,55-64,11,Smear Positive
Canada,1999,sp,f,65+,51,Smear Positive
Canada,2000,sp,m,0-14,5,Smear Positive
Canada,2000,sp,m,15-24,34,Smear Positive
Canada,2000,sp,m,25-34,45,Smear Positive
Canada,2000,sp,m,35-44,46,Smear Positive
Canada,2000,sp,m,45-54,41,Smear Positive
Canada,2000,sp,m,55-64,32,Smear Positive
Canada,2000,sp,m,65+,79,Smear Positive
Canada,2000,sp,f,0-14,4,Smear Positive
Canada,2000,sp,f,15-24,33,Smear Positive
Canada,2000,sp,f,25-34,40,Smear Positive
Canada,2000,sp,f,35-44,30,Smear Positive
Canada,2000,sp,f,45-54,25,Smear Positive
Canada,2000,sp,f,55-64,12,Smear Positive
Canada,2000,sp,f,65+,66,Smear Positive
Canada,2001,sp,m,0-14,6,Smear Positive
Canada,2001,sp,m,15-24,24,Smear Positive
Canada,2001,sp,m,25-34,49,Smear Positive
Canada,2001,sp,m,35-44,56,Smear Positive
Canada,2001,sp,m,45-54,40,Smear Positive
Canada,2001,sp,m,55-64,22,Smear Positive
Canada,2001,sp,m,65+,76,Smear Positive
Canada,2001,sp,f,0-14,5,Smear Positive
Canada,2001,sp,f,15-24,23,Smear Positive
Canada,2001,sp,f,25-34,41,Smear Positive
Canada,2001,sp,f,35-44,33,Smear Positive
Canada,2001,sp,f,45-54,16,Smear Positive
Canada,2001,sp,f,55-64,14,Smear Positive
Canada,2001,sp,f,65+,53,Smear Positive
Canada,2002,sp,m,0-14,0,Smear Positive
Canada,2002,sp,m,15-24,25,Smear Positive
Canada,2002,sp,m,25-34,34,Smear Positive
Canada,2002,sp,m,35-44,50,Smear Positive
Canada,2002,sp,m,45-54,34,Smear Positive
Canada,2002,sp,m,55-64,27,Smear Positive
Canada,2002,sp,m,65+,64,Smear Positive
Canada,2002,sp,f,0-14,6,Smear Positive
Canada,2002,sp,f,15-24,32,Smear Positive
Canada,2002,sp,f,25-34,31,Smear Positive
Canada,2002,sp,f,35-44,26,Smear Positive
Canada,2002,sp,f,45-54,17,Smear Positive
Canada,2002,sp,f,55-64,17,Smear Positive
Canada,2002,sp,f,65+,45,Smear Positive
Canada,2003,sp,m,0-14,1,Smear Positive
Canada,2003,sp,m,15-24,26,Smear Positive
Canada,2003,sp,m,25-34,36,Smear Positive
Canada,2003,sp,m,35-44,37,Smear Positive
Canada,2003,sp,m,45-54,32,Smear Positive
Canada,2003,sp,m,55-64,21,Smear Positive
Canada,2003,sp,m,65+,42,Smear Positive
Canada,2003,sp,f,0-14,3,Smear Positive
Canada,2003,sp,f,15-24,21,Smear Positive
Canada,2003,sp,f,25-34,28,Smear Positive
Canada,2003,sp,f,35-44,25,Smear Positive
Canada,2003,sp,f,45-54,15,Smear Positive
Canada,2003,sp,f,55-64,9,Smear Positive
Canada,2003,sp,f,65+,36,Smear Positive
Canada,2004,sp,m,0-14,2,Smear Positive
Canada,2004,sp,m,15-24,25,Smear Positive
Canada,2004,sp,m,25-34,34,Smear Positive
Canada,2004,sp,m,35-44,38,Smear Positive
Canada,2004,sp,m,45-54,32,Smear Positive
Canada,2004,sp,m,55-64,31,Smear Positive
Canada,2004,sp,m,65+,64,Smear Positive
Canada,2004,sp,f,0-14,0,Smear Positive
Canada,2004,sp,f,15-24,34,Smear Positive
Canada,2004,sp,f,25-34,55,Smear Positive
Canada,2004,sp,f,35-44,34,Smear Positive
Canada,2004,sp,f,45-54,19,Smear Positive
Canada,2004,sp,f,55-64,22,Smear Positive
Canada,2004,sp,f,65+,48,Smear Positive
Canada,2005,sp,m,0-14,3,Smear Positive
Canada,2005,sp,m,15-24,37,Smear Positive
Canada,2005,sp,m,25-34,45,Smear Positive
Canada,2005,sp,m,35-44,44,Smear Positive
Canada,2005,sp,m,45-54,40,Smear Positive
Canada,2005,sp,m,55-64,20,Smear Positive
Canada,2005,sp,m,65+,68,Smear Positive
Canada,2005,sp,f,0-14,6,Smear Positive
Canada,2005,sp,f,15-24,28,Smear Positive
Canada,2005,sp,f,25-34,40,Smear Positive
Canada,2005,sp,f,35-44,27,Smear Positive
Canada,2005,sp,f,45-54,24,Smear Positive
Canada,2005,sp,f,55-64,13,Smear Positive
Canada,2005,sp,f,65+,37,Smear Positive
Canada,2006,sp,m,0-14,2,Smear Positive
Canada,2006,sp,m,15-24,34,Smear Positive
Canada,2006,sp,m,25-34,34,Smear Positive
Canada,2006,sp,m,35-44,33,Smear Positive
Canada,2006,sp,m,45-54,42,Smear Positive
Canada,2006,sp,m,55-64,26,Smear Positive
Canada,2006,sp,m,65+,64,Smear Positive
Canada,2006,sp,f,0-14,4,Smear Positive
Canada,2006,sp,f,15-24,39,Smear Positive
Canada,2006,sp,f,25-34,30,Smear Positive
Canada,2006,sp,f,35-44,25,Smear Positive
Canada,2006,sp,f,45-54,16,Smear Positive
Canada,2006,sp,f,55-64,6,Smear Positive
Canada,2006,sp,f,65+,52,Smear Positive
Canada,2006,sn,m,0-14,43,Smear Negative
Canada,2006,sn,m,15-24,60,Smear Negative
Canada,2006,sn,m,25-34,25,Smear Negative
Canada,2006,sn,m,35-44,52,Smear Negative
Canada,2006,sn,m,45-54,42,Smear Negative
Canada,2006,sn,m,55-64,29,Smear Negative
Canada,2006,sn,m,65+,71,Smear Negative
Canada,2006,sn,f,0-14,39,Smear Negative
Canada,2006,sn,f,15-24,40,Smear Negative
Canada,2006,sn,f,25-34,41,Smear Negative
Canada,2006,sn,f,35-44,46,Smear Negative
Canada,2006,sn,f,45-54,23,Smear Negative
Canada,2006,sn,f,55-64,24,Smear Negative
Canada,2006,sn,f,65+,51,Smear Negative
Canada,2006,ep,m,0-14,6,Extrapulmonary
Canada,2006,ep,m,15-24,19,Extrapulmonary
Canada,2006,ep,m,25-34,42,Extrapulmonary
Canada,2006,ep,m,35-44,43,Extrapulmonary
Canada,2006,ep,m,45-54,20,Extrapulmonary
Canada,2006,ep,m,55-64,14,Extrapulmonary
Canada,2006,ep,m,65+,40,Extrapulmonary
Canada,2006,ep,f,0-14,7,Extrapulmonary
Canada,2006,ep,f,15-24,30,Extrapulmonary
Canada,2006,ep,f,25-34,46,Extrapulmonary
Canada,2006,ep,f,35-44,41,Extrapulmonary
Canada,2006,ep,f,45-54,33,Extrapulmonary
Canada,2006,ep,f,55-64,29,Extrapulmonary
Canada,2006,ep,f,65+,32,Extrapulmonary
Canada,2007,sp,m,0-14,5,Smear Positive
Canada,2007,sp,m,15-24,31,Smear Positive
Canada,2007,sp,m,25-34,41,Smear Positive
Canada,2007,sp,m,35-44,51,Smear Positive
Canada,2007,sp,m,45-54,50,Smear Positive
Canada,2007,sp,m,55-64,35,Smear Positive
Canada,2007,sp,m,65+,75,Smear Positive
Canada,2007,sp,f,0-14,2,Smear Positive
Canada,2007,sp,f,15-24,32,Smear Positive
Canada,2007,sp,f,25-34,33,Smear Positive
Canada,2007,sp,f,35-44,33,Smear Positive
Canada,2007,sp,f,45-54,11,Smear Positive
Canada,2007,sp,f,55-64,13,Smear Positive
Canada,2007,sp,f,65+,51,Smear Positive
Canada,2007,sn,m,0-14,14,Smear Negative
Canada,2007,sn,m,15-24,36,Smear Negative
Canada,2007,sn,m,25-34,38,Smear Negative
Canada,2007,sn,m,35-44,38,Smear Negative
Canada,2007,sn,m,45-54,29,Smear Negative
Canada,2007,sn,m,55-64,28,Smear Negative
Canada,2007,sn,m,65+,55,Smear Negative
Canada,2007,sn,f,0-14,16,Smear Negative
Canada,2007,sn,f,15-24,34,Smear Negative
Canada,2007,sn,f,25-34,33,Smear Negative
Canada,2007,sn,f,35-44,36,Smear Negative
Canada,2007,sn,f,45-54,20,Smear Negative
Canada,2007,sn,f,55-64,12,Smear Negative
Canada,2007,sn,f,65+,60,Smear Negative
Canada,2007,ep,m,0-14,36,Extrapulmonary
Canada,2007,ep,m,15-24,29,Extrapulmonary
Canada,2007,ep,m,25-34,32,Extrapulmonary
Canada,2007,ep,m,35-44,49,Extrapulmonary
Canada,2007,ep,m,45-54,29,Extrapulmonary
Canada,2007,ep,m,55-64,25,Extrapulmonary
Canada,2007,ep,m,65+,33,Extrapulmonary
Canada,2007,ep,f,0-14,22,Extrapulmonary
Canada,2007,ep,f,15-24,21,Extrapulmonary
Canada,2007,ep,f,25-34,55,Extrapulmonary
Canada,2007,ep,f,35-44,47,Extrapulmonary
Canada,2007,ep,f,45-54,39,Extrapulmonary
Canada,2007,ep,f,55-64,30,Extrapulmonary
Canada,2007,ep,f,65+,37,Extrapulmonary
Canada,2008,sp,m,0-14,2,Smear Positive
Canada,2008,sp,m,15-24,39,Smear Positive
Canada,2008,sp,m,25-34,36,Smear Positive
Canada,2008,sp,m,35-44,49,Smear Positive
Canada,2008,sp,m,45-54,53,Smear Positive
Canada,2008,sp,m,55-64,38,Smear Positive
Canada,2008,sp,m,65+,62,Smear Positive
Canada,2008,sp,f,0-14,3,Smear Positive
Canada,2008,sp,f,15-24,36,Smear Positive
Canada,2008,sp,f,25-34,39,Smear Positive
Canada,2008,sp,f,35-44,39,Smear Positive
Canada,2008,sp,f,45-54,27,Smear Positive
Canada,2008,sp,f,55-64,20,Smear Positive
Canada,2008,sp,f,65+,45,Smear Positive
Canada,2008,sn,m,0-14,15,Smear Negative
Canada,2008,sn,m,15-24,30,Smear Negative
Canada,2008,sn,m,25-34,44,Smear Negative
Canada,2008,sn,m,35-44,40,Smear Negative
Canada,2008,sn,m,45-54,28,Smear Negative
Canada,2008,sn,m,55-64,34,Smear Negative
Canada,2008,sn,m,65+,59,Smear Negative
Canada,2008,sn,f,0-14,20,Smear Negative
Canada,2008,sn,f,15-24,24,Smear Negative
Canada,2008,sn,f,25-34,51,Smear Negative
Canada,2008,sn,f,35-44,40,Smear Negative
Canada,2008,sn,f,45-54,28,Smear Negative
Canada,2008,sn,f,55-64,13,Smear Negative
Canada,2008,sn,f,65+,40,Smear Negative
Canada,2008,ep,m,0-14,24,Extrapulmonary
Canada,2008,ep,m,15-24,18,Extrapulmonary
Canada,2008,ep,m,25-34,39,Extrapulmonary
Canada,2008,ep,m,35-44,38,Extrapulmonary
Canada,2008,ep,m,45-54,34,Extrapulmonary
Canada,2008,ep,m,55-64,14,Extrapulmonary
Canada,2008,ep,m,65+,38,Extrapulmonary
Canada,2008,ep,f,0-14,19,Extrapulmonary
Canada,2008,ep,f,15-24,32,Extrapulmonary
Canada,2008,ep,f,25-34,44,Extrapulmonary
Canada,2008,ep,f,35-44,39,Extrapulmonary
Canada,2008,ep,f,45-54,20,Extrapulmonary
Canada,2008,ep,f,55-64,16,Extrapulmonary
Canada,2008,ep,f,65+,41,Extrapulmonary
Canada,2009,sp,m,0-14,2,Smear Positive
Canada,2009,sp,m,15-24,45,Smear Positive
Canada,2009,sp,m,25-34,41,Smear Positive
Canada,2009,sp,m,35-44,53,Smear Positive
Canada,2009,sp,m,45-54,55,Smear Positive
Canada,2009,sp,m,55-64,30,Smear Positive
Canada,2009,sp,m,65+,58,Smear Positive
Canada,2009,sp,f,0-14,3,Smear Positive
Canada,2009,sp,f,15-24,19,Smear Positive
Canada,2009,sp,f,25-34,39,Smear Positive
Canada,2009,sp,f,35-44,28,Smear Positive
Canada,2009,sp,f,45-54,27,Smear Positive
Canada,2009,sp,f,55-64,20,Smear Positive
Canada,2009,sp,f,65+,42,Smear Positive
Canada,2009,sn,m,0-14,12,Smear Negative
Canada,2009,sn,m,15-24,44,Smear Negative
Canada,2009,sn,m,25-34,49,Smear Negative
Canada,2009,sn,m,35-44,51,Smear Negative
Canada,2009,sn,m,45-54,41,Smear Negative
Canada,2009,sn,m,55-64,29,Smear Negative
Canada,2009,sn,m,65+,64,Smear Negative
Canada,2009,sn,f,0-14,12,Smear Negative
Canada,2009,sn,f,15-24,45,Smear Negative
Canada,2009,sn,f,25-34,50,Smear Negative
Canada,2009,sn,f,35-44,39,Smear Negative
Canada,2009,sn,f,45-54,20,Smear Negative
Canada,2009,sn,f,55-64,16,Smear Negative
Canada,2009,sn,f,65+,47,Smear Negative
Canada,2009,ep,m,0-14,29,Extrapulmonary
Canada,2009,ep,m,15-24,26,Extrapulmonary
Canada,2009,ep,m,25-34,39,Extrapulmonary
Canada,2009,ep,m,35-44,42,Extrapulmonary
Canada,2009,ep,m,45-54,37,Extrapulmonary
Canada,2009,ep,m,55-64,23,Extrapulmonary
Canada,2009,ep,m,65+,34,Extrapulmonary
Canada,2009,ep,f,0-14,28,Extrapulmonary
Canada,2009,ep,f,15-24,24,Extrapulmonary
Canada,2009,ep,f,25-34,50,Extrapulmonary
Canada,2009,ep,f,35-44,42,Extrapulmonary
Canada,2009,ep,f,45-54,32,Extrapulmonary
Canada,2009,ep,f,55-64,28,Extrapulmonary
Canada,2009,ep,f,65+,32,Extrapulmonary
Canada,2010,sp,m,0-14,3,Smear Positive
Canada,2010,sp,m,15-24,30,Smear Positive
Canada,2010,sp,m,25-34,28,Smear Positive
Canada,2010,sp,m,35-44,36,Smear Positive
Canada,2010,sp,m,45-54,32,Smear Positive
Canada,2010,sp,m,55-64,25,Smear Positive
Canada,2010,sp,m,65+,62,Smear Positive
Canada,2010,sp,f,0-14,1,Smear Positive
Canada,2010,sp,f,15-24,28,Smear Positive
Canada,2010,sp,f,25-34,24,Smear Positive
Canada,2010,sp,f,35-44,16,Smear Positive
Canada,2010,sp,f,45-54,10,Smear Positive
Canada,2010,sp,f,55-64,19,Smear Positive
Canada,2010,sp,f,65+,44,Smear Positive
Canada,2010,sn,m,0-14,6,Smear Negative
Canada,2010,sn,m,15-24,22,Smear Negative
Canada,2010,sn,m,25-34,39,Smear Negative
Canada,2010,sn,m,35-44,55,Smear Negative
Canada,2010,sn,m,45-54,40,Smear Negative
Canada,2010,sn,m,55-64,38,Smear Negative
Canada,2010,sn,m,65+,75,Smear Negative
Canada,2010,sn,f,0-14,8,Smear Negative
Canada,2010,sn,f,15-24,19,Smear Negative
Canada,2010,sn,f,25-34,43,Smear Negative
Canada,2010,sn,f,35-44,34,Smear Negative
Canada,2010,sn,f,45-54,26,Smear Negative
Canada,2010,sn,f,55-64,17,Smear Negative
Canada,2010,sn,f,65+,50,Smear Negative
Canada,2010,ep,m,0-14,12,Extrapulmonary
Canada,2010,ep,m,15-24,25,Extrapulmonary
Canada,2010,ep,m,25-34,29,Extrapulmonary
Canada,2010,ep,m,35-44,43,Extrapulmonary
Canada,2010,ep,m,45-54,30,Extrapulmonary
Canada,2010,ep,m,55-64,16,Extrapulmonary
Canada,2010,ep,m,65+,38,Extrapulmonary
Canada,2010,ep,f,0-14,13,Extrapulmonary
Canada,2010,ep,f,15-24,22,Extrapulmonary
Canada,2010,ep,f,25-34,66,Extrapulmonary
Canada,2010,ep,f,35-44,45,Extrapulmonary
Canada,2010,ep,f,45-54,37,Extrapulmonary
Canada,2010,ep,f,55-64,30,Extrapulmonary
Canada,2010,ep,f,65+,38,Extrapulmonary
Canada,2011,sp,m,0-14,2,Smear Positive
Canada,2011,sp,m,15-24,34,Smear Positive
Canada,2011,sp,m,25-34,36,Smear Positive
Canada,2011,sp,m,35-44,31,Smear Positive
Canada,2011,sp,m,45-54,40,Smear Positive
Canada,2011,sp,m,55-64,33,Smear Positive
Canada,2011,sp,m,65+,70,Smear Positive
Canada,2011,sp,f,0-14,3,Smear Positive
Canada,2011,sp,f,15-24,23,Smear Positive
Canada,2011,sp,f,25-34,29,Smear Positive
Canada,2011,sp,f,35-44,28,Smear Positive
Canada,2011,sp,f,45-54,14,Smear Positive
Canada,2011,sp,f,55-64,9,Smear Positive
Canada,2011,sp,f,65+,55,Smear Positive
Canada,2011,sn,m,0-14,18,Smear Negative
Canada,2011,sn,m,15-24,34,Smear Negative
Canada,2011,sn,m,25-34,45,Smear Negative
Canada,2011,sn,m,35-44,31,Smear Negative
Canada,2011,sn,m,45-54,38,Smear Negative
Canada,2011,sn,m,55-64,23,Smear Negative
Canada,2011,sn,m,65+,60,Smear Negative
Canada,2011,sn,f,0-14,14,Smear Negative
Canada,2011,sn,f,15-24,34,Smear Negative
Canada,2011,sn,f,25-34,49,Smear Negative
Canada,2011,sn,f,35-44,26,Smear Negative
Canada,2011,sn,f,45-54,22,Smear Negative
Canada,2011,sn,f,55-64,13,Smear Negative
Canada,2011,sn,f,65+,49,Smear Negative
Canada,2011,ep,m,0-14,18,Extrapulmonary
Canada,2011,ep,m,15-24,28,Extrapulmonary
Canada,2011,ep,m,25-34,37,Extrapulmonary
Canada,2011,ep,m,35-44,44,Extrapulmonary
Canada,2011,ep,m,45-54,32,Extrapulmonary
Canada,2011,ep,m,55-64,18,Extrapulmonary
Canada,2011,ep,m,65+,38,Extrapulmonary
Canada,2011,ep,f,0-14,19,Extrapulmonary
Canada,2011,ep,f,15-24,24,Extrapulmonary
Canada,2011,ep,f,25-34,66,Extrapulmonary
Canada,2011,ep,f,35-44,50,Extrapulmonary
Canada,2011,ep,f,45-54,30,Extrapulmonary
Canada,2011,ep,f,55-64,32,Extrapulmonary
Canada,2011,ep,f,65+,33,Extrapulmonary
Canada,2012,sp,m,0-14,1,Smear Positive
Canada,2012,sp,m,15-24,33,Smear Positive
Canada,2012,sp,m,25-34,32,Smear Positive
Canada,2012,sp,m,35-44,53,Smear Positive
Canada,2012,sp,m,45-54,51,Smear Positive
Canada,2012,sp,m,55-64,35,Smear Positive
Canada,2012,sp,m,65+,97,Smear Positive
Canada,2012,sp,f,0-14,6,Smear Positive
Canada,2012,sp,f,15-24,32,Smear Positive
Canada,2012,sp,f,25-34,34,Smear Positive
Canada,2012,sp,f,35-44,29,Smear Positive
Canada,2012,sp,f,45-54,19,Smear Positive
Canada,2012,sp,f,55-64,11,Smear Positive
Canada,2012,sp,f,65+,45,Smear Positive
Canada,2012,sn,m,0-14,28,Smear Negative
Canada,2012,sn,m,15-24,46,Smear Negative
Canada,2012,sn,m,25-34,57,Smear Negative
Canada,2012,sn,m,35-44,38,Smear Negative
Canada,2012,sn,m,45-54,54,Smear Negative
Canada,2012,sn,m,55-64,35,Smear Negative
Canada,2012,sn,m,65+,79,Smear Negative
Canada,2012,sn,f,0-14,21,Smear Negative
Canada,2012,sn,f,15-24,40,Smear Negative
Canada,2012,sn,f,25-34,57,Smear Negative
Canada,2012,sn,f,35-44,35,Smear Negative
Canada,2012,sn,f,45-54,27,Smear Negative
Canada,2012,sn,f,55-64,12,Smear Negative
Canada,2012,sn,f,65+,45,Smear Negative
Canada,2012,ep,m,0-14,28,Extrapulmonary
Canada,2012,ep,m,15-24,41,Extrapulmonary
Canada,2012,ep,m,25-34,52,Extrapulmonary
Canada,2012,ep,m,35-44,43,Extrapulmonary
Canada,2012,ep,m,45-54,31,Extrapulmonary
Canada,2012,ep,m,55-64,28,Extrapulmonary
Canada,2012,ep,m,65+,53,Extrapulmonary
Canada,2012,ep,f,0-14,24,Extrapulmonary
Canada,2012,ep,f,15-24,34,Extrapulmonary
Canada,2012,ep,f,25-34,45,Extrapulmonary
Canada,2012,ep,f,35-44,52,Extrapulmonary
Canada,2012,ep,f,45-54,35,Extrapulmonary
Canada,2012,ep,f,55-64,19,Extrapulmonary
Canada,2012,ep,f,65+,34,Extrapulmonary
Canada,2013,rel,m,0-14,61,Relapse
Canada,2013,rel,m,15-24,117,Relapse
Canada,2013,rel,m,25-34,110,Relapse
Canada,2013,rel,m,35-44,119,Relapse
Canada,2013,rel,m,45-54,142,Relapse
Canada,2013,rel,m,55-64,127,Relapse
Canada,2013,rel,m,65+,226,Relapse
Canada,2013,rel,f,0-14,47,Relapse
Canada,2013,rel,f,15-24,85,Relapse
Canada,2013,rel,f,25-34,161,Relapse
Canada,2013,rel,f,35-44,125,Relapse
Canada,2013,rel,f,45-54,92,Relapse
Canada,2013,rel,f,55-64,62,Relapse
Canada,2013,rel,f,65+,164,Relapse
Cayman Islands,1998,sp,m,0-14,0,Smear Positive
Cayman Islands,1998,sp,m,15-24,0,Smear Positive
Cayman Islands,1998,sp,m,25-34,0,Smear Positive
Cayman Islands,1998,sp,m,35-44,0,Smear Positive
Cayman Islands,1998,sp,m,45-54,0,Smear Positive
Cayman Islands,1998,sp,m,55-64,0,Smear Positive
Cayman Islands,1998,sp,m,65+,1,Smear Positive
Cayman Islands,1998,sp,f,0-14,0,Smear Positive
Cayman Islands,1998,sp,f,15-24,0,Smear Positive
Cayman Islands,1998,sp,f,25-34,1,Smear Positive
Cayman Islands,1998,sp,f,35-44,0,Smear Positive
Cayman Islands,1998,sp,f,45-54,0,Smear Positive
Cayman Islands,1998,sp,f,55-64,0,Smear Positive
Cayman Islands,1998,sp,f,65+,0,Smear Positive
Cayman Islands,1999,sp,m,0-14,0,Smear Positive
Cayman Islands,1999,sp,m,15-24,0,Smear Positive
Cayman Islands,1999,sp,m,25-34,0,Smear Positive
Cayman Islands,1999,sp,m,35-44,1,Smear Positive
Cayman Islands,1999,sp,m,45-54,0,Smear Positive
Cayman Islands,1999,sp,m,55-64,0,Smear Positive
Cayman Islands,1999,sp,m,65+,0,Smear Positive
Cayman Islands,1999,sp,f,0-14,0,Smear Positive
Cayman Islands,1999,sp,f,15-24,1,Smear Positive
Cayman Islands,1999,sp,f,25-34,0,Smear Positive
Cayman Islands,1999,sp,f,35-44,0,Smear Positive
Cayman Islands,1999,sp,f,45-54,0,Smear Positive
Cayman Islands,1999,sp,f,55-64,0,Smear Positive
Cayman Islands,1999,sp,f,65+,0,Smear Positive
Cayman Islands,2000,sp,m,0-14,0,Smear Positive
Cayman Islands,2000,sp,m,15-24,0,Smear Positive
Cayman Islands,2000,sp,m,25-34,3,Smear Positive
Cayman Islands,2000,sp,m,35-44,1,Smear Positive
Cayman Islands,2000,sp,m,45-54,0,Smear Positive
Cayman Islands,2000,sp,m,55-64,1,Smear Positive
Cayman Islands,2000,sp,m,65+,0,Smear Positive
Cayman Islands,2001,sp,m,0-14,0,Smear Positive
Cayman Islands,2001,sp,m,15-24,0,Smear Positive
Cayman Islands,2001,sp,m,25-34,1,Smear Positive
Cayman Islands,2001,sp,m,35-44,0,Smear Positive
Cayman Islands,2001,sp,m,45-54,0,Smear Positive
Cayman Islands,2001,sp,m,55-64,0,Smear Positive
Cayman Islands,2001,sp,m,65+,0,Smear Positive
Cayman Islands,2003,sp,m,0-14,0,Smear Positive
Cayman Islands,2003,sp,m,15-24,0,Smear Positive
Cayman Islands,2003,sp,m,25-34,0,Smear Positive
Cayman Islands,2003,sp,m,35-44,0,Smear Positive
Cayman Islands,2003,sp,m,45-54,0,Smear Positive
Cayman Islands,2003,sp,m,55-64,0,Smear Positive
Cayman Islands,2003,sp,m,65+,0,Smear Positive
Cayman Islands,2003,sp,f,0-14,0,Smear Positive
Cayman Islands,2003,sp,f,15-24,0,Smear Positive
Cayman Islands,2003,sp,f,25-34,0,Smear Positive
Cayman Islands,2003,sp,f,35-44,0,Smear Positive
Cayman Islands,2003,sp,f,45-54,0,Smear Positive
Cayman Islands,2003,sp,f,55-64,0,Smear Positive
Cayman Islands,2003,sp,f,65+,0,Smear Positive
Cayman Islands,2004,sp,m,0-14,0,Smear Positive
Cayman Islands,2004,sp,m,15-24,0,Smear Positive
Cayman Islands,2004,sp,m,25-34,0,Smear Positive
Cayman Islands,2004,sp,m,35-44,0,Smear Positive
Cayman Islands,2004,sp,m,45-54,0,Smear Positive
Cayman Islands,2004,sp,m,55-64,0,Smear Positive
Cayman Islands,2004,sp,m,65+,0,Smear Positive
Cayman Islands,2004,sp,f,0-14,0,Smear Positive
Cayman Islands,2004,sp,f,15-24,0,Smear Positive
Cayman Islands,2004,sp,f,25-34,0,Smear Positive
Cayman Islands,2004,sp,f,35-44,1,Smear Positive
Cayman Islands,2004,sp,f,45-54,0,Smear Positive
Cayman Islands,2004,sp,f,55-64,0,Smear Positive
Cayman Islands,2004,sp,f,65+,0,Smear Positive
Cayman Islands,2006,sp,m,0-14,0,Smear Positive
Cayman Islands,2006,sp,m,15-24,0,Smear Positive
Cayman Islands,2006,sp,m,25-34,0,Smear Positive
Cayman Islands,2006,sp,m,35-44,0,Smear Positive
Cayman Islands,2006,sp,m,45-54,0,Smear Positive
Cayman Islands,2006,sp,m,55-64,0,Smear Positive
Cayman Islands,2006,sp,m,65+,0,Smear Positive
Cayman Islands,2006,sp,f,0-14,0,Smear Positive
Cayman Islands,2006,sp,f,15-24,0,Smear Positive
Cayman Islands,2006,sp,f,25-34,0,Smear Positive
Cayman Islands,2006,sp,f,35-44,0,Smear Positive
Cayman Islands,2006,sp,f,45-54,0,Smear Positive
Cayman Islands,2006,sp,f,55-64,0,Smear Positive
Cayman Islands,2006,sp,f,65+,0,Smear Positive
Cayman Islands,2006,sn,m,0-14,0,Smear Negative
Cayman Islands,2006,sn,m,15-24,0,Smear Negative
Cayman Islands,2006,sn,m,25-34,0,Smear Negative
Cayman Islands,2006,sn,m,35-44,0,Smear Negative
Cayman Islands,2006,sn,m,45-54,0,Smear Negative
Cayman Islands,2006,sn,m,55-64,0,Smear Negative
Cayman Islands,2006,sn,m,65+,0,Smear Negative
Cayman Islands,2006,sn,f,0-14,0,Smear Negative
Cayman Islands,2006,sn,f,15-24,0,Smear Negative
Cayman Islands,2006,sn,f,25-34,0,Smear Negative
Cayman Islands,2006,sn,f,35-44,0,Smear Negative
Cayman Islands,2006,sn,f,45-54,0,Smear Negative
Cayman Islands,2006,sn,f,55-64,0,Smear Negative
Cayman Islands,2006,sn,f,65+,0,Smear Negative
Cayman Islands,2006,ep,m,0-14,0,Extrapulmonary
Cayman Islands,2006,ep,m,15-24,0,Extrapulmonary
Cayman Islands,2006,ep,m,25-34,0,Extrapulmonary
Cayman Islands,2006,ep,m,35-44,0,Extrapulmonary
Cayman Islands,2006,ep,m,45-54,0,Extrapulmonary
Cayman Islands,2006,ep,m,55-64,0,Extrapulmonary
Cayman Islands,2006,ep,m,65+,0,Extrapulmonary
Cayman Islands,2006,ep,f,0-14,0,Extrapulmonary
Cayman Islands,2006,ep,f,15-24,0,Extrapulmonary
Cayman Islands,2006,ep,f,25-34,0,Extrapulmonary
Cayman Islands,2006,ep,f,35-44,0,Extrapulmonary
Cayman Islands,2006,ep,f,45-54,0,Extrapulmonary
Cayman Islands,2006,ep,f,55-64,0,Extrapulmonary
Cayman Islands,2006,ep,f,65+,0,Extrapulmonary
Cayman Islands,2007,sp,m,0-14,0,Smear Positive
Cayman Islands,2007,sp,m,15-24,0,Smear Positive
Cayman Islands,2007,sp,m,25-34,0,Smear Positive
Cayman Islands,2007,sp,m,35-44,0,Smear Positive
Cayman Islands,2007,sp,m,45-54,0,Smear Positive
Cayman Islands,2007,sp,m,55-64,1,Smear Positive
Cayman Islands,2007,sp,m,65+,0,Smear Positive
Cayman Islands,2007,sp,f,0-14,0,Smear Positive
Cayman Islands,2007,sp,f,15-24,0,Smear Positive
Cayman Islands,2007,sp,f,25-34,0,Smear Positive
Cayman Islands,2007,sp,f,35-44,0,Smear Positive
Cayman Islands,2007,sp,f,45-54,0,Smear Positive
Cayman Islands,2007,sp,f,55-64,0,Smear Positive
Cayman Islands,2007,sp,f,65+,0,Smear Positive
Cayman Islands,2007,sn,m,0-14,0,Smear Negative
Cayman Islands,2007,sn,m,15-24,0,Smear Negative
Cayman Islands,2007,sn,m,25-34,0,Smear Negative
Cayman Islands,2007,sn,m,35-44,0,Smear Negative
Cayman Islands,2007,sn,m,45-54,0,Smear Negative
Cayman Islands,2007,sn,m,55-64,0,Smear Negative
Cayman Islands,2007,sn,m,65+,0,Smear Negative
Cayman Islands,2007,sn,f,0-14,0,Smear Negative
Cayman Islands,2007,sn,f,15-24,0,Smear Negative
Cayman Islands,2007,sn,f,25-34,0,Smear Negative
Cayman Islands,2007,sn,f,35-44,0,Smear Negative
Cayman Islands,2007,sn,f,45-54,0,Smear Negative
Cayman Islands,2007,sn,f,55-64,0,Smear Negative
Cayman Islands,2007,sn,f,65+,0,Smear Negative
Cayman Islands,2007,ep,m,0-14,0,Extrapulmonary
Cayman Islands,2007,ep,m,15-24,0,Extrapulmonary
Cayman Islands,2007,ep,m,25-34,0,Extrapulmonary
Cayman Islands,2007,ep,m,35-44,0,Extrapulmonary
Cayman Islands,2007,ep,m,45-54,0,Extrapulmonary
Cayman Islands,2007,ep,m,55-64,0,Extrapulmonary
Cayman Islands,2007,ep,m,65+,0,Extrapulmonary
Cayman Islands,2007,ep,f,0-14,0,Extrapulmonary
Cayman Islands,2007,ep,f,15-24,0,Extrapulmonary
Cayman Islands,2007,ep,f,25-34,0,Extrapulmonary
Cayman Islands,2007,ep,f,35-44,0,Extrapulmonary
Cayman Islands,2007,ep,f,45-54,0,Extrapulmonary
Cayman Islands,2007,ep,f,55-64,0,Extrapulmonary
Cayman Islands,2007,ep,f,65+,0,Extrapulmonary
Cayman Islands,2010,sp,m,0-14,0,Smear Positive
Cayman Islands,2010,sp,m,15-24,0,Smear Positive
Cayman Islands,2010,sp,m,25-34,0,Smear Positive
Cayman Islands,2010,sp,m,35-44,1,Smear Positive
Cayman Islands,2010,sp,m,45-54,0,Smear Positive
Cayman Islands,2010,sp,m,55-64,0,Smear Positive
Cayman Islands,2010,sp,m,65+,0,Smear Positive
Cayman Islands,2010,sp,f,0-14,0,Smear Positive
Cayman Islands,2010,sp,f,15-24,0,Smear Positive
Cayman Islands,2010,sp,f,25-34,0,Smear Positive
Cayman Islands,2010,sp,f,35-44,0,Smear Positive
Cayman Islands,2010,sp,f,45-54,1,Smear Positive
Cayman Islands,2010,sp,f,55-64,0,Smear Positive
Cayman Islands,2010,sp,f,65+,0,Smear Positive
Cayman Islands,2010,sn,m,0-14,0,Smear Negative
Cayman Islands,2010,sn,m,15-24,0,Smear Negative
Cayman Islands,2010,sn,m,25-34,0,Smear Negative
Cayman Islands,2010,sn,m,35-44,1,Smear Negative
Cayman Islands,2010,sn,m,45-54,0,Smear Negative
Cayman Islands,2010,sn,m,55-64,0,Smear Negative
Cayman Islands,2010,sn,m,65+,0,Smear Negative
Cayman Islands,2010,sn,f,0-14,0,Smear Negative
Cayman Islands,2010,sn,f,15-24,0,Smear Negative
Cayman Islands,2010,sn,f,25-34,1,Smear Negative
Cayman Islands,2010,sn,f,35-44,0,Smear Negative
Cayman Islands,2010,sn,f,45-54,0,Smear Negative
Cayman Islands,2010,sn,f,55-64,0,Smear Negative
Cayman Islands,2010,sn,f,65+,0,Smear Negative
Cayman Islands,2010,ep,m,0-14,0,Extrapulmonary
Cayman Islands,2010,ep,m,15-24,0,Extrapulmonary
Cayman Islands,2010,ep,m,25-34,0,Extrapulmonary
Cayman Islands,2010,ep,m,35-44,0,Extrapulmonary
Cayman Islands,2010,ep,m,45-54,0,Extrapulmonary
Cayman Islands,2010,ep,m,55-64,0,Extrapulmonary
Cayman Islands,2010,ep,m,65+,0,Extrapulmonary
Cayman Islands,2010,ep,f,0-14,0,Extrapulmonary
Cayman Islands,2010,ep,f,15-24,0,Extrapulmonary
Cayman Islands,2010,ep,f,25-34,0,Extrapulmonary
Cayman Islands,2010,ep,f,35-44,0,Extrapulmonary
Cayman Islands,2010,ep,f,45-54,0,Extrapulmonary
Cayman Islands,2010,ep,f,55-64,0,Extrapulmonary
Cayman Islands,2010,ep,f,65+,0,Extrapulmonary
Cayman Islands,2011,sp,m,0-14,0,Smear Positive
Cayman Islands,2011,sp,m,15-24,0,Smear Positive
Cayman Islands,2011,sp,m,25-34,0,Smear Positive
Cayman Islands,2011,sp,m,35-44,0,Smear Positive
Cayman Islands,2011,sp,m,45-54,0,Smear Positive
Cayman Islands,2011,sp,m,55-64,1,Smear Positive
Cayman Islands,2011,sp,m,65+,0,Smear Positive
Cayman Islands,2011,sp,f,0-14,0,Smear Positive
Cayman Islands,2011,sp,f,15-24,0,Smear Positive
Cayman Islands,2011,sp,f,25-34,0,Smear Positive
Cayman Islands,2011,sp,f,35-44,0,Smear Positive
Cayman Islands,2011,sp,f,45-54,0,Smear Positive
Cayman Islands,2011,sp,f,55-64,0,Smear Positive
Cayman Islands,2011,sp,f,65+,0,Smear Positive
Cayman Islands,2011,sn,m,0-14,0,Smear Negative
Cayman Islands,2011,sn,m,15-24,0,Smear Negative
Cayman Islands,2011,sn,m,25-34,0,Smear Negative
Cayman Islands,2011,sn,m,35-44,0,Smear Negative
Cayman Islands,2011,sn,m,45-54,1,Smear Negative
Cayman Islands,2011,sn,m,55-64,0,Smear Negative
Cayman Islands,2011,sn,m,65+,0,Smear Negative
Cayman Islands,2011,sn,f,0-14,0,Smear Negative
Cayman Islands,2011,sn,f,15-24,0,Smear Negative
Cayman Islands,2011,sn,f,25-34,0,Smear Negative
Cayman Islands,2011,sn,f,35-44,0,Smear Negative
Cayman Islands,2011,sn,f,45-54,0,Smear Negative
Cayman Islands,2011,sn,f,55-64,0,Smear Negative
Cayman Islands,2011,sn,f,65+,0,Smear Negative
Cayman Islands,2011,ep,m,0-14,0,Extrapulmonary
Cayman Islands,2011,ep,m,15-24,0,Extrapulmonary
Cayman Islands,2011,ep,m,25-34,0,Extrapulmonary
Cayman Islands,2011,ep,m,35-44,0,Extrapulmonary
Cayman Islands,2011,ep,m,45-54,0,Extrapulmonary
Cayman Islands,2011,ep,m,55-64,0,Extrapulmonary
Cayman Islands,2011,ep,m,65+,0,Extrapulmonary
Cayman Islands,2011,ep,f,0-14,0,Extrapulmonary
Cayman Islands,2011,ep,f,15-24,0,Extrapulmonary
Cayman Islands,2011,ep,f,25-34,0,Extrapulmonary
Cayman Islands,2011,ep,f,35-44,0,Extrapulmonary
Cayman Islands,2011,ep,f,45-54,0,Extrapulmonary
Cayman Islands,2011,ep,f,55-64,0,Extrapulmonary
Cayman Islands,2011,ep,f,65+,0,Extrapulmonary
Cayman Islands,2012,sp,m,0-14,0,Smear Positive
Cayman Islands,2012,sp,m,15-24,0,Smear Positive
Cayman Islands,2012,sp,m,25-34,2,Smear Positive
Cayman Islands,2012,sp,m,35-44,2,Smear Positive
Cayman Islands,2012,sp,m,45-54,1,Smear Positive
Cayman Islands,2012,sp,m,55-64,0,Smear Positive
Cayman Islands,2012,sp,m,65+,0,Smear Positive
Cayman Islands,2012,sp,f,0-14,0,Smear Positive
Cayman Islands,2012,sp,f,15-24,0,Smear Positive
Cayman Islands,2012,sp,f,25-34,0,Smear Positive
Cayman Islands,2012,sp,f,35-44,0,Smear Positive
Cayman Islands,2012,sp,f,45-54,0,Smear Positive
Cayman Islands,2012,sp,f,55-64,0,Smear Positive
Cayman Islands,2012,sp,f,65+,0,Smear Positive
Cayman Islands,2012,sn,m,0-14,0,Smear Negative
Cayman Islands,2012,sn,m,15-24,0,Smear Negative
Cayman Islands,2012,sn,m,25-34,0,Smear Negative
Cayman Islands,2012,sn,m,35-44,0,Smear Negative
Cayman Islands,2012,sn,m,45-54,0,Smear Negative
Cayman Islands,2012,sn,m,55-64,0,Smear Negative
Cayman Islands,2012,sn,m,65+,0,Smear Negative
Cayman Islands,2012,sn,f,0-14,0,Smear Negative
Cayman Islands,2012,sn,f,15-24,0,Smear Negative
Cayman Islands,2012,sn,f,25-34,0,Smear Negative
Cayman Islands,2012,sn,f,35-44,0,Smear Negative
Cayman Islands,2012,sn,f,45-54,1,Smear Negative
Cayman Islands,2012,sn,f,55-64,0,Smear Negative
Cayman Islands,2012,sn,f,65+,0,Smear Negative
Cayman Islands,2012,ep,m,0-14,0,Extrapulmonary
Cayman Islands,2012,ep,m,15-24,0,Extrapulmonary
Cayman Islands,2012,ep,m,25-34,0,Extrapulmonary
Cayman Islands,2012,ep,m,35-44,0,Extrapulmonary
Cayman Islands,2012,ep,m,45-54,0,Extrapulmonary
Cayman Islands,2012,ep,m,55-64,0,Extrapulmonary
Cayman Islands,2012,ep,m,65+,0,Extrapulmonary
Cayman Islands,2012,ep,f,0-14,0,Extrapulmonary
Cayman Islands,2012,ep,f,15-24,0,Extrapulmonary
Cayman Islands,2012,ep,f,25-34,0,Extrapulmonary
Cayman Islands,2012,ep,f,35-44,0,Extrapulmonary
Cayman Islands,2012,ep,f,45-54,0,Extrapulmonary
Cayman Islands,2012,ep,f,55-64,0,Extrapulmonary
Cayman Islands,2012,ep,f,65+,0,Extrapulmonary
Cayman Islands,2013,rel,m,0-14,0,Relapse
Cayman Islands,2013,rel,m,15-24,0,Relapse
Cayman Islands,2013,rel,m,25-34,0,Relapse
Cayman Islands,2013,rel,m,35-44,2,Relapse
Cayman Islands,2013,rel,m,45-54,1,Relapse
Cayman Islands,2013,rel,m,55-64,0,Relapse
Cayman Islands,2013,rel,m,65+,0,Relapse
Cayman Islands,2013,rel,f,0-14,0,Relapse
Cayman Islands,2013,rel,f,15-24,1,Relapse
Cayman Islands,2013,rel,f,25-34,1,Relapse
Cayman Islands,2013,rel,f,35-44,0,Relapse
Cayman Islands,2013,rel,f,45-54,0,Relapse
Cayman Islands,2013,rel,f,55-64,0,Relapse
Cayman Islands,2013,rel,f,65+,0,Relapse
Central African Republic,1995,sp,m,0-14,38,Smear Positive
Central African Republic,1995,sp,m,15-24,162,Smear Positive
Central African Republic,1995,sp,m,25-34,356,Smear Positive
Central African Republic,1995,sp,m,35-44,206,Smear Positive
Central African Republic,1995,sp,m,45-54,120,Smear Positive
Central African Republic,1995,sp,m,55-64,40,Smear Positive
Central African Republic,1995,sp,m,65+,18,Smear Positive
Central African Republic,1995,sp,f,0-14,39,Smear Positive
Central African Republic,1995,sp,f,15-24,233,Smear Positive
Central African Republic,1995,sp,f,25-34,350,Smear Positive
Central African Republic,1995,sp,f,35-44,145,Smear Positive
Central African Republic,1995,sp,f,45-54,57,Smear Positive
Central African Republic,1995,sp,f,55-64,21,Smear Positive
Central African Republic,1995,sp,f,65+,9,Smear Positive
Central African Republic,1996,sp,m,0-14,46,Smear Positive
Central African Republic,1996,sp,m,15-24,192,Smear Positive
Central African Republic,1996,sp,m,25-34,385,Smear Positive
Central African Republic,1996,sp,m,35-44,234,Smear Positive
Central African Republic,1996,sp,m,45-54,94,Smear Positive
Central African Republic,1996,sp,m,55-64,57,Smear Positive
Central African Republic,1996,sp,m,65+,15,Smear Positive
Central African Republic,1996,sp,f,0-14,52,Smear Positive
Central African Republic,1996,sp,f,15-24,273,Smear Positive
Central African Republic,1996,sp,f,25-34,346,Smear Positive
Central African Republic,1996,sp,f,35-44,177,Smear Positive
Central African Republic,1996,sp,f,45-54,62,Smear Positive
Central African Republic,1996,sp,f,55-64,45,Smear Positive
Central African Republic,1996,sp,f,65+,6,Smear Positive
Central African Republic,1997,sp,m,0-14,54,Smear Positive
Central African Republic,1997,sp,m,15-24,211,Smear Positive
Central African Republic,1997,sp,m,25-34,403,Smear Positive
Central African Republic,1997,sp,m,35-44,282,Smear Positive
Central African Republic,1997,sp,m,45-54,144,Smear Positive
Central African Republic,1997,sp,m,55-64,65,Smear Positive
Central African Republic,1997,sp,m,65+,26,Smear Positive
Central African Republic,1997,sp,f,0-14,53,Smear Positive
Central African Republic,1997,sp,f,15-24,301,Smear Positive
Central African Republic,1997,sp,f,25-34,394,Smear Positive
Central African Republic,1997,sp,f,35-44,207,Smear Positive
Central African Republic,1997,sp,f,45-54,100,Smear Positive
Central African Republic,1997,sp,f,55-64,23,Smear Positive
Central African Republic,1997,sp,f,65+,10,Smear Positive
Central African Republic,1998,sp,m,0-14,28,Smear Positive
Central African Republic,1998,sp,m,15-24,205,Smear Positive
Central African Republic,1998,sp,m,25-34,482,Smear Positive
Central African Republic,1998,sp,m,35-44,328,Smear Positive
Central African Republic,1998,sp,m,45-54,157,Smear Positive
Central African Republic,1998,sp,m,55-64,76,Smear Positive
Central African Republic,1998,sp,m,65+,46,Smear Positive
Central African Republic,1998,sp,f,0-14,67,Smear Positive
Central African Republic,1998,sp,f,15-24,353,Smear Positive
Central African Republic,1998,sp,f,25-34,476,Smear Positive
Central African Republic,1998,sp,f,35-44,217,Smear Positive
Central African Republic,1998,sp,f,45-54,115,Smear Positive
Central African Republic,1998,sp,f,55-64,61,Smear Positive
Central African Republic,1998,sp,f,65+,26,Smear Positive
Central African Republic,1999,sp,m,0-14,28,Smear Positive
Central African Republic,1999,sp,m,15-24,224,Smear Positive
Central African Republic,1999,sp,m,25-34,529,Smear Positive
Central African Republic,1999,sp,m,35-44,367,Smear Positive
Central African Republic,1999,sp,m,45-54,123,Smear Positive
Central African Republic,1999,sp,m,55-64,67,Smear Positive
Central African Republic,1999,sp,m,65+,65,Smear Positive
Central African Republic,1999,sp,f,0-14,72,Smear Positive
Central African Republic,1999,sp,f,15-24,376,Smear Positive
Central African Republic,1999,sp,f,25-34,498,Smear Positive
Central African Republic,1999,sp,f,35-44,196,Smear Positive
Central African Republic,1999,sp,f,45-54,86,Smear Positive
Central African Republic,1999,sp,f,55-64,52,Smear Positive
Central African Republic,1999,sp,f,65+,42,Smear Positive
Central African Republic,2001,sp,m,0-14,15,Smear Positive
Central African Republic,2001,sp,m,15-24,127,Smear Positive
Central African Republic,2001,sp,m,25-34,279,Smear Positive
Central African Republic,2001,sp,m,35-44,171,Smear Positive
Central African Republic,2001,sp,m,45-54,78,Smear Positive
Central African Republic,2001,sp,m,55-64,45,Smear Positive
Central African Republic,2001,sp,m,65+,16,Smear Positive
Central African Republic,2001,sp,f,0-14,25,Smear Positive
Central African Republic,2001,sp,f,15-24,179,Smear Positive
Central African Republic,2001,sp,f,25-34,236,Smear Positive
Central African Republic,2001,sp,f,35-44,123,Smear Positive
Central African Republic,2001,sp,f,45-54,64,Smear Positive
Central African Republic,2001,sp,f,55-64,23,Smear Positive
Central African Republic,2001,sp,f,65+,1,Smear Positive
Central African Republic,2002,sp,m,0-14,76,Smear Positive
Central African Republic,2002,sp,m,15-24,264,Smear Positive
Central African Republic,2002,sp,m,25-34,462,Smear Positive
Central African Republic,2002,sp,m,35-44,414,Smear Positive
Central African Republic,2002,sp,m,45-54,154,Smear Positive
Central African Republic,2002,sp,m,55-64,82,Smear Positive
Central African Republic,2002,sp,m,65+,22,Smear Positive
Central African Republic,2002,sp,f,0-14,66,Smear Positive
Central African Republic,2002,sp,f,15-24,315,Smear Positive
Central African Republic,2002,sp,f,25-34,402,Smear Positive
Central African Republic,2002,sp,f,35-44,262,Smear Positive
Central African Republic,2002,sp,f,45-54,139,Smear Positive
Central African Republic,2002,sp,f,55-64,82,Smear Positive
Central African Republic,2002,sp,f,65+,18,Smear Positive
Central African Republic,2004,sp,m,0-14,12,Smear Positive
Central African Republic,2004,sp,m,15-24,58,Smear Positive
Central African Republic,2004,sp,m,25-34,694,Smear Positive
Central African Republic,2004,sp,m,35-44,575,Smear Positive
Central African Republic,2004,sp,m,45-54,241,Smear Positive
Central African Republic,2004,sp,m,55-64,30,Smear Positive
Central African Republic,2004,sp,m,65+,14,Smear Positive
Central African Republic,2004,sp,f,0-14,14,Smear Positive
Central African Republic,2004,sp,f,15-24,60,Smear Positive
Central African Republic,2004,sp,f,25-34,430,Smear Positive
Central African Republic,2004,sp,f,35-44,559,Smear Positive
Central African Republic,2004,sp,f,45-54,181,Smear Positive
Central African Republic,2004,sp,f,55-64,46,Smear Positive
Central African Republic,2004,sp,f,65+,9,Smear Positive
Central African Republic,2005,sp,m,0-14,29,Smear Positive
Central African Republic,2005,sp,m,15-24,40,Smear Positive
Central African Republic,2005,sp,m,25-34,1136,Smear Positive
Central African Republic,2005,sp,m,35-44,160,Smear Positive
Central African Republic,2005,sp,m,45-54,26,Smear Positive
Central African Republic,2005,sp,m,55-64,35,Smear Positive
Central African Republic,2005,sp,m,65+,15,Smear Positive
Central African Republic,2005,sp,f,0-14,30,Smear Positive
Central African Republic,2005,sp,f,15-24,32,Smear Positive
Central African Republic,2005,sp,f,25-34,420,Smear Positive
Central African Republic,2005,sp,f,35-44,145,Smear Positive
Central African Republic,2005,sp,f,45-54,30,Smear Positive
Central African Republic,2005,sp,f,55-64,40,Smear Positive
Central African Republic,2005,sp,f,65+,15,Smear Positive
Central African Republic,2006,sp,m,0-14,48,Smear Positive
Central African Republic,2006,sp,m,15-24,409,Smear Positive
Central African Republic,2006,sp,m,25-34,770,Smear Positive
Central African Republic,2006,sp,m,35-44,923,Smear Positive
Central African Republic,2006,sp,m,45-54,152,Smear Positive
Central African Republic,2006,sp,m,55-64,83,Smear Positive
Central African Republic,2006,sp,m,65+,30,Smear Positive
Central African Republic,2006,sp,f,0-14,52,Smear Positive
Central African Republic,2006,sp,f,15-24,538,Smear Positive
Central African Republic,2006,sp,f,25-34,613,Smear Positive
Central African Republic,2006,sp,f,35-44,647,Smear Positive
Central African Republic,2006,sp,f,45-54,126,Smear Positive
Central African Republic,2006,sp,f,55-64,42,Smear Positive
Central African Republic,2006,sp,f,65+,16,Smear Positive
Central African Republic,2006,sn,m,0-14,12,Smear Negative
Central African Republic,2006,sn,m,15-24,127,Smear Negative
Central African Republic,2006,sn,m,25-34,172,Smear Negative
Central African Republic,2006,sn,m,35-44,81,Smear Negative
Central African Republic,2006,sn,m,45-54,8,Smear Negative
Central African Republic,2006,sn,m,55-64,5,Smear Negative
Central African Republic,2006,sn,m,65+,1,Smear Negative
Central African Republic,2006,sn,f,0-14,6,Smear Negative
Central African Republic,2006,sn,f,15-24,99,Smear Negative
Central African Republic,2006,sn,f,25-34,150,Smear Negative
Central African Republic,2006,sn,f,35-44,36,Smear Negative
Central African Republic,2006,sn,f,45-54,5,Smear Negative
Central African Republic,2006,sn,f,55-64,4,Smear Negative
Central African Republic,2006,sn,f,65+,1,Smear Negative
Central African Republic,2006,ep,m,0-14,46,Extrapulmonary
Central African Republic,2006,ep,m,15-24,116,Extrapulmonary
Central African Republic,2006,ep,m,25-34,107,Extrapulmonary
Central African Republic,2006,ep,m,35-44,72,Extrapulmonary
Central African Republic,2006,ep,m,45-54,15,Extrapulmonary
Central African Republic,2006,ep,m,55-64,8,Extrapulmonary
Central African Republic,2006,ep,m,65+,0,Extrapulmonary
Central African Republic,2006,ep,f,0-14,47,Extrapulmonary
Central African Republic,2006,ep,f,15-24,86,Extrapulmonary
Central African Republic,2006,ep,f,25-34,708,Extrapulmonary
Central African Republic,2006,ep,f,35-44,47,Extrapulmonary
Central African Republic,2006,ep,f,45-54,5,Extrapulmonary
Central African Republic,2006,ep,f,55-64,3,Extrapulmonary
Central African Republic,2006,ep,f,65+,1,Extrapulmonary
Central African Republic,2008,sp,m,0-14,68,Smear Positive
Central African Republic,2008,sp,m,15-24,466,Smear Positive
Central African Republic,2008,sp,m,25-34,643,Smear Positive
Central African Republic,2008,sp,m,35-44,515,Smear Positive
Central African Republic,2008,sp,m,45-54,276,Smear Positive
Central African Republic,2008,sp,m,55-64,160,Smear Positive
Central African Republic,2008,sp,m,65+,81,Smear Positive
Central African Republic,2008,sp,f,0-14,102,Smear Positive
Central African Republic,2008,sp,f,15-24,481,Smear Positive
Central African Republic,2008,sp,f,25-34,673,Smear Positive
Central African Republic,2008,sp,f,35-44,378,Smear Positive
Central African Republic,2008,sp,f,45-54,196,Smear Positive
Central African Republic,2008,sp,f,55-64,136,Smear Positive
Central African Republic,2008,sp,f,65+,57,Smear Positive
Central African Republic,2009,sp,m,0-14,124,Smear Positive
Central African Republic,2009,sp,m,15-24,546,Smear Positive
Central African Republic,2009,sp,m,25-34,850,Smear Positive
Central African Republic,2009,sp,m,35-44,662,Smear Positive
Central African Republic,2009,sp,m,45-54,351,Smear Positive
Central African Republic,2009,sp,m,55-64,184,Smear Positive
Central African Republic,2009,sp,m,65+,94,Smear Positive
Central African Republic,2009,sp,f,0-14,137,Smear Positive
Central African Republic,2009,sp,f,15-24,611,Smear Positive
Central African Republic,2009,sp,f,25-34,723,Smear Positive
Central African Republic,2009,sp,f,35-44,426,Smear Positive
Central African Republic,2009,sp,f,45-54,228,Smear Positive
Central African Republic,2009,sp,f,55-64,128,Smear Positive
Central African Republic,2009,sp,f,65+,68,Smear Positive
Central African Republic,2010,sp,m,0-14,78,Smear Positive
Central African Republic,2010,sp,m,15-24,379,Smear Positive
Central African Republic,2010,sp,m,25-34,633,Smear Positive
Central African Republic,2010,sp,m,35-44,468,Smear Positive
Central African Republic,2010,sp,m,45-54,251,Smear Positive
Central African Republic,2010,sp,m,55-64,135,Smear Positive
Central African Republic,2010,sp,m,65+,63,Smear Positive
Central African Republic,2010,sp,f,0-14,88,Smear Positive
Central African Republic,2010,sp,f,15-24,367,Smear Positive
Central African Republic,2010,sp,f,25-34,576,Smear Positive
Central African Republic,2010,sp,f,35-44,319,Smear Positive
Central African Republic,2010,sp,f,45-54,155,Smear Positive
Central African Republic,2010,sp,f,55-64,73,Smear Positive
Central African Republic,2010,sp,f,65+,44,Smear Positive
Central African Republic,2010,sn,m,0-14,144,Smear Negative
Central African Republic,2010,sn,m,15-24,130,Smear Negative
Central African Republic,2010,sn,m,25-34,154,Smear Negative
Central African Republic,2010,sn,m,35-44,171,Smear Negative
Central African Republic,2010,sn,m,45-54,108,Smear Negative
Central African Republic,2010,sn,m,55-64,56,Smear Negative
Central African Republic,2010,sn,m,65+,39,Smear Negative
Central African Republic,2010,sn,f,0-14,139,Smear Negative
Central African Republic,2010,sn,f,15-24,171,Smear Negative
Central African Republic,2010,sn,f,25-34,214,Smear Negative
Central African Republic,2010,sn,f,35-44,146,Smear Negative
Central African Republic,2010,sn,f,45-54,72,Smear Negative
Central African Republic,2010,sn,f,55-64,42,Smear Negative
Central African Republic,2010,sn,f,65+,12,Smear Negative
Central African Republic,2010,ep,m,0-14,206,Extrapulmonary
Central African Republic,2010,ep,m,15-24,79,Extrapulmonary
Central African Republic,2010,ep,m,25-34,84,Extrapulmonary
Central African Republic,2010,ep,m,35-44,84,Extrapulmonary
Central African Republic,2010,ep,m,45-54,55,Extrapulmonary
Central African Republic,2010,ep,m,55-64,18,Extrapulmonary
Central African Republic,2010,ep,m,65+,11,Extrapulmonary
Central African Republic,2010,ep,f,0-14,157,Extrapulmonary
Central African Republic,2010,ep,f,15-24,78,Extrapulmonary
Central African Republic,2010,ep,f,25-34,140,Extrapulmonary
Central African Republic,2010,ep,f,35-44,96,Extrapulmonary
Central African Republic,2010,ep,f,45-54,39,Extrapulmonary
Central African Republic,2010,ep,f,55-64,19,Extrapulmonary
Central African Republic,2010,ep,f,65+,9,Extrapulmonary
Central African Republic,2011,sp,m,0-14,70,Smear Positive
Central African Republic,2011,sp,m,15-24,362,Smear Positive
Central African Republic,2011,sp,m,25-34,576,Smear Positive
Central African Republic,2011,sp,m,35-44,467,Smear Positive
Central African Republic,2011,sp,m,45-54,269,Smear Positive
Central African Republic,2011,sp,m,55-64,119,Smear Positive
Central African Republic,2011,sp,m,65+,59,Smear Positive
Central African Republic,2011,sp,f,0-14,96,Smear Positive
Central African Republic,2011,sp,f,15-24,382,Smear Positive
Central African Republic,2011,sp,f,25-34,530,Smear Positive
Central African Republic,2011,sp,f,35-44,289,Smear Positive
Central African Republic,2011,sp,f,45-54,162,Smear Positive
Central African Republic,2011,sp,f,55-64,62,Smear Positive
Central African Republic,2011,sp,f,65+,26,Smear Positive
Central African Republic,2011,sn,m,0-14,87,Smear Negative
Central African Republic,2011,sn,m,15-24,52,Smear Negative
Central African Republic,2011,sn,m,25-34,120,Smear Negative
Central African Republic,2011,sn,m,35-44,126,Smear Negative
Central African Republic,2011,sn,m,45-54,43,Smear Negative
Central African Republic,2011,sn,m,55-64,25,Smear Negative
Central African Republic,2011,sn,m,65+,9,Smear Negative
Central African Republic,2011,sn,f,0-14,104,Smear Negative
Central African Republic,2011,sn,f,15-24,88,Smear Negative
Central African Republic,2011,sn,f,25-34,163,Smear Negative
Central African Republic,2011,sn,f,35-44,77,Smear Negative
Central African Republic,2011,sn,f,45-54,36,Smear Negative
Central African Republic,2011,sn,f,55-64,25,Smear Negative
Central African Republic,2011,sn,f,65+,8,Smear Negative
Central African Republic,2011,ep,m,0-14,166,Extrapulmonary
Central African Republic,2011,ep,m,15-24,49,Extrapulmonary
Central African Republic,2011,ep,m,25-34,90,Extrapulmonary
Central African Republic,2011,ep,m,35-44,61,Extrapulmonary
Central African Republic,2011,ep,m,45-54,37,Extrapulmonary
Central African Republic,2011,ep,m,55-64,18,Extrapulmonary
Central African Republic,2011,ep,m,65+,11,Extrapulmonary
Central African Republic,2011,ep,f,0-14,138,Extrapulmonary
Central African Republic,2011,ep,f,15-24,78,Extrapulmonary
Central African Republic,2011,ep,f,25-34,117,Extrapulmonary
Central African Republic,2011,ep,f,35-44,59,Extrapulmonary
Central African Republic,2011,ep,f,45-54,30,Extrapulmonary
Central African Republic,2011,ep,f,55-64,13,Extrapulmonary
Central African Republic,2011,ep,f,65+,8,Extrapulmonary
Central African Republic,2012,sp,m,0-14,73,Smear Positive
Central African Republic,2012,sp,m,15-24,502,Smear Positive
Central African Republic,2012,sp,m,25-34,799,Smear Positive
Central African Republic,2012,sp,m,35-44,660,Smear Positive
Central African Republic,2012,sp,m,45-54,360,Smear Positive
Central African Republic,2012,sp,m,55-64,158,Smear Positive
Central African Republic,2012,sp,m,65+,92,Smear Positive
Central African Republic,2012,sp,f,0-14,101,Smear Positive
Central African Republic,2012,sp,f,15-24,511,Smear Positive
Central African Republic,2012,sp,f,25-34,689,Smear Positive
Central African Republic,2012,sp,f,35-44,370,Smear Positive
Central African Republic,2012,sp,f,45-54,191,Smear Positive
Central African Republic,2012,sp,f,55-64,96,Smear Positive
Central African Republic,2012,sp,f,65+,39,Smear Positive
Central African Republic,2013,rel,m,0-14,54,Relapse
Central African Republic,2013,rel,m,15-24,479,Relapse
Central African Republic,2013,rel,m,25-34,714,Relapse
Central African Republic,2013,rel,m,35-44,568,Relapse
Central African Republic,2013,rel,m,45-54,349,Relapse
Central African Republic,2013,rel,m,55-64,140,Relapse
Central African Republic,2013,rel,m,65+,57,Relapse
Central African Republic,2013,rel,f,0-14,93,Relapse
Central African Republic,2013,rel,f,15-24,496,Relapse
Central African Republic,2013,rel,f,25-34,626,Relapse
Central African Republic,2013,rel,f,35-44,343,Relapse
Central African Republic,2013,rel,f,45-54,170,Relapse
Central African Republic,2013,rel,f,55-64,71,Relapse
Central African Republic,2013,rel,f,65+,36,Relapse
Chad,1999,sp,m,0-14,20,Smear Positive
Chad,1999,sp,m,15-24,172,Smear Positive
Chad,1999,sp,m,25-34,414,Smear Positive
Chad,1999,sp,m,35-44,957,Smear Positive
Chad,1999,sp,m,45-54,477,Smear Positive
Chad,1999,sp,m,55-64,42,Smear Positive
Chad,1999,sp,m,65+,4,Smear Positive
Chad,1999,sp,f,0-14,13,Smear Positive
Chad,1999,sp,f,15-24,28,Smear Positive
Chad,1999,sp,f,25-34,230,Smear Positive
Chad,1999,sp,f,35-44,458,Smear Positive
Chad,1999,sp,f,45-54,78,Smear Positive
Chad,1999,sp,f,55-64,16,Smear Positive
Chad,1999,sp,f,65+,11,Smear Positive
Chad,2002,sp,m,0-14,24,Smear Positive
Chad,2002,sp,m,15-24,90,Smear Positive
Chad,2002,sp,m,25-34,1029,Smear Positive
Chad,2002,sp,m,35-44,794,Smear Positive
Chad,2002,sp,m,45-54,269,Smear Positive
Chad,2002,sp,m,55-64,37,Smear Positive
Chad,2002,sp,m,65+,17,Smear Positive
Chad,2002,sp,f,0-14,18,Smear Positive
Chad,2002,sp,f,15-24,28,Smear Positive
Chad,2002,sp,f,25-34,495,Smear Positive
Chad,2002,sp,f,35-44,500,Smear Positive
Chad,2002,sp,f,45-54,187,Smear Positive
Chad,2002,sp,f,55-64,18,Smear Positive
Chad,2002,sp,f,65+,11,Smear Positive
Chad,2003,sp,m,0-14,155,Smear Positive
Chad,2003,sp,m,15-24,256,Smear Positive
Chad,2003,sp,m,25-34,428,Smear Positive
Chad,2003,sp,m,35-44,549,Smear Positive
Chad,2003,sp,m,45-54,303,Smear Positive
Chad,2003,sp,m,55-64,191,Smear Positive
Chad,2003,sp,m,65+,78,Smear Positive
Chad,2003,sp,f,0-14,112,Smear Positive
Chad,2003,sp,f,15-24,206,Smear Positive
Chad,2003,sp,f,25-34,363,Smear Positive
Chad,2003,sp,f,35-44,497,Smear Positive
Chad,2003,sp,f,45-54,259,Smear Positive
Chad,2003,sp,f,55-64,151,Smear Positive
Chad,2003,sp,f,65+,51,Smear Positive
Chad,2004,sp,m,0-14,72,Smear Positive
Chad,2004,sp,m,15-24,141,Smear Positive
Chad,2004,sp,m,25-34,466,Smear Positive
Chad,2004,sp,m,35-44,415,Smear Positive
Chad,2004,sp,m,45-54,207,Smear Positive
Chad,2004,sp,m,55-64,61,Smear Positive
Chad,2004,sp,m,65+,29,Smear Positive
Chad,2004,sp,f,0-14,41,Smear Positive
Chad,2004,sp,f,15-24,89,Smear Positive
Chad,2004,sp,f,25-34,317,Smear Positive
Chad,2004,sp,f,35-44,262,Smear Positive
Chad,2004,sp,f,45-54,129,Smear Positive
Chad,2004,sp,f,55-64,25,Smear Positive
Chad,2004,sp,f,65+,16,Smear Positive
Chad,2005,sp,m,0-14,25,Smear Positive
Chad,2005,sp,m,15-24,194,Smear Positive
Chad,2005,sp,m,25-34,535,Smear Positive
Chad,2005,sp,m,35-44,409,Smear Positive
Chad,2005,sp,m,45-54,229,Smear Positive
Chad,2005,sp,m,55-64,123,Smear Positive
Chad,2005,sp,m,65+,82,Smear Positive
Chad,2005,sp,f,0-14,28,Smear Positive
Chad,2005,sp,f,15-24,148,Smear Positive
Chad,2005,sp,f,25-34,298,Smear Positive
Chad,2005,sp,f,35-44,211,Smear Positive
Chad,2005,sp,f,45-54,148,Smear Positive
Chad,2005,sp,f,55-64,59,Smear Positive
Chad,2005,sp,f,65+,27,Smear Positive
Chad,2008,sp,m,0-14,63,Smear Positive
Chad,2008,sp,m,35-44,1543,Smear Positive
Chad,2008,sp,m,45-54,584,Smear Positive
Chad,2008,sp,f,0-14,78,Smear Positive
Chad,2008,sp,f,35-44,777,Smear Positive
Chad,2008,sp,f,45-54,264,Smear Positive
Chad,2009,sp,m,0-14,48,Smear Positive
Chad,2009,sp,m,15-24,355,Smear Positive
Chad,2009,sp,m,25-34,808,Smear Positive
Chad,2009,sp,m,35-44,642,Smear Positive
Chad,2009,sp,m,45-54,336,Smear Positive
Chad,2009,sp,m,55-64,196,Smear Positive
Chad,2009,sp,m,65+,126,Smear Positive
Chad,2009,sp,f,0-14,47,Smear Positive
Chad,2009,sp,f,15-24,256,Smear Positive
Chad,2009,sp,f,25-34,339,Smear Positive
Chad,2009,sp,f,35-44,319,Smear Positive
Chad,2009,sp,f,45-54,196,Smear Positive
Chad,2009,sp,f,55-64,90,Smear Positive
Chad,2009,sp,f,65+,60,Smear Positive
Chad,2010,sp,m,0-14,76,Smear Positive
Chad,2010,sp,m,15-24,382,Smear Positive
Chad,2010,sp,m,25-34,850,Smear Positive
Chad,2010,sp,m,35-44,666,Smear Positive
Chad,2010,sp,m,45-54,379,Smear Positive
Chad,2010,sp,m,55-64,173,Smear Positive
Chad,2010,sp,m,65+,99,Smear Positive
Chad,2010,sp,f,0-14,59,Smear Positive
Chad,2010,sp,f,15-24,274,Smear Positive
Chad,2010,sp,f,25-34,413,Smear Positive
Chad,2010,sp,f,35-44,263,Smear Positive
Chad,2010,sp,f,45-54,158,Smear Positive
Chad,2010,sp,f,55-64,79,Smear Positive
Chad,2010,sp,f,65+,44,Smear Positive
Chad,2010,sn,m,0-14,168,Smear Negative
Chad,2010,sn,m,15-24,207,Smear Negative
Chad,2010,sn,m,25-34,408,Smear Negative
Chad,2010,sn,m,35-44,406,Smear Negative
Chad,2010,sn,m,45-54,245,Smear Negative
Chad,2010,sn,m,55-64,151,Smear Negative
Chad,2010,sn,m,65+,110,Smear Negative
Chad,2010,sn,f,0-14,140,Smear Negative
Chad,2010,sn,f,15-24,165,Smear Negative
Chad,2010,sn,f,25-34,238,Smear Negative
Chad,2010,sn,f,35-44,185,Smear Negative
Chad,2010,sn,f,45-54,94,Smear Negative
Chad,2010,sn,f,55-64,44,Smear Negative
Chad,2010,sn,f,65+,37,Smear Negative
Chad,2010,ep,m,0-14,134,Extrapulmonary
Chad,2010,ep,m,15-24,135,Extrapulmonary
Chad,2010,ep,m,25-34,139,Extrapulmonary
Chad,2010,ep,m,35-44,138,Extrapulmonary
Chad,2010,ep,m,45-54,70,Extrapulmonary
Chad,2010,ep,m,55-64,44,Extrapulmonary
Chad,2010,ep,m,65+,52,Extrapulmonary
Chad,2010,ep,f,0-14,102,Extrapulmonary
Chad,2010,ep,f,15-24,86,Extrapulmonary
Chad,2010,ep,f,25-34,102,Extrapulmonary
Chad,2010,ep,f,35-44,81,Extrapulmonary
Chad,2010,ep,f,45-54,49,Extrapulmonary
Chad,2010,ep,f,55-64,35,Extrapulmonary
Chad,2010,ep,f,65+,21,Extrapulmonary
Chad,2011,sp,m,0-14,92,Smear Positive
Chad,2011,sp,m,15-24,469,Smear Positive
Chad,2011,sp,m,25-34,951,Smear Positive
Chad,2011,sp,m,35-44,764,Smear Positive
Chad,2011,sp,m,45-54,418,Smear Positive
Chad,2011,sp,m,55-64,184,Smear Positive
Chad,2011,sp,m,65+,121,Smear Positive
Chad,2011,sp,f,0-14,84,Smear Positive
Chad,2011,sp,f,15-24,296,Smear Positive
Chad,2011,sp,f,25-34,438,Smear Positive
Chad,2011,sp,f,35-44,298,Smear Positive
Chad,2011,sp,f,45-54,166,Smear Positive
Chad,2011,sp,f,55-64,109,Smear Positive
Chad,2011,sp,f,65+,44,Smear Positive
Chad,2011,sn,m,0-14,177,Smear Negative
Chad,2011,sn,m,15-24,279,Smear Negative
Chad,2011,sn,m,25-34,438,Smear Negative
Chad,2011,sn,m,35-44,371,Smear Negative
Chad,2011,sn,m,45-54,225,Smear Negative
Chad,2011,sn,m,55-64,141,Smear Negative
Chad,2011,sn,m,65+,109,Smear Negative
Chad,2011,sn,f,0-14,143,Smear Negative
Chad,2011,sn,f,15-24,221,Smear Negative
Chad,2011,sn,f,25-34,263,Smear Negative
Chad,2011,sn,f,35-44,209,Smear Negative
Chad,2011,sn,f,45-54,99,Smear Negative
Chad,2011,sn,f,55-64,86,Smear Negative
Chad,2011,sn,f,65+,38,Smear Negative
Chad,2011,ep,m,0-14,118,Extrapulmonary
Chad,2011,ep,m,15-24,99,Extrapulmonary
Chad,2011,ep,m,25-34,124,Extrapulmonary
Chad,2011,ep,m,35-44,104,Extrapulmonary
Chad,2011,ep,m,45-54,67,Extrapulmonary
Chad,2011,ep,m,55-64,52,Extrapulmonary
Chad,2011,ep,m,65+,39,Extrapulmonary
Chad,2011,ep,f,0-14,103,Extrapulmonary
Chad,2011,ep,f,15-24,65,Extrapulmonary
Chad,2011,ep,f,25-34,105,Extrapulmonary
Chad,2011,ep,f,35-44,62,Extrapulmonary
Chad,2011,ep,f,45-54,41,Extrapulmonary
Chad,2011,ep,f,55-64,33,Extrapulmonary
Chad,2011,ep,f,65+,21,Extrapulmonary
Chad,2012,sp,m,0-14,68,Smear Positive
Chad,2012,sp,m,15-24,405,Smear Positive
Chad,2012,sp,m,25-34,842,Smear Positive
Chad,2012,sp,m,35-44,634,Smear Positive
Chad,2012,sp,m,45-54,376,Smear Positive
Chad,2012,sp,m,55-64,210,Smear Positive
Chad,2012,sp,m,65+,88,Smear Positive
Chad,2012,sp,f,0-14,51,Smear Positive
Chad,2012,sp,f,15-24,273,Smear Positive
Chad,2012,sp,f,25-34,403,Smear Positive
Chad,2012,sp,f,35-44,227,Smear Positive
Chad,2012,sp,f,45-54,135,Smear Positive
Chad,2012,sp,f,55-64,91,Smear Positive
Chad,2012,sp,f,65+,46,Smear Positive
Chad,2012,sn,m,0-14,216,Smear Negative
Chad,2012,sn,m,15-24,288,Smear Negative
Chad,2012,sn,m,25-34,553,Smear Negative
Chad,2012,sn,m,35-44,502,Smear Negative
Chad,2012,sn,m,45-54,253,Smear Negative
Chad,2012,sn,m,55-64,175,Smear Negative
Chad,2012,sn,m,65+,114,Smear Negative
Chad,2012,sn,f,0-14,154,Smear Negative
Chad,2012,sn,f,15-24,235,Smear Negative
Chad,2012,sn,f,25-34,303,Smear Negative
Chad,2012,sn,f,35-44,225,Smear Negative
Chad,2012,sn,f,45-54,138,Smear Negative
Chad,2012,sn,f,55-64,105,Smear Negative
Chad,2012,sn,f,65+,66,Smear Negative
Chad,2012,ep,m,0-14,148,Extrapulmonary
Chad,2012,ep,m,15-24,111,Extrapulmonary
Chad,2012,ep,m,25-34,151,Extrapulmonary
Chad,2012,ep,m,35-44,93,Extrapulmonary
Chad,2012,ep,m,45-54,78,Extrapulmonary
Chad,2012,ep,m,55-64,51,Extrapulmonary
Chad,2012,ep,m,65+,36,Extrapulmonary
Chad,2012,ep,f,0-14,96,Extrapulmonary
Chad,2012,ep,f,15-24,83,Extrapulmonary
Chad,2012,ep,f,25-34,97,Extrapulmonary
Chad,2012,ep,f,35-44,65,Extrapulmonary
Chad,2012,ep,f,45-54,47,Extrapulmonary
Chad,2012,ep,f,55-64,41,Extrapulmonary
Chad,2012,ep,f,65+,16,Extrapulmonary
Chad,2013,rel,m,0-14,471,Relapse
Chad,2013,rel,m,15-24,910,Relapse
Chad,2013,rel,m,25-34,1874,Relapse
Chad,2013,rel,m,35-44,1599,Relapse
Chad,2013,rel,m,45-54,1124,Relapse
Chad,2013,rel,m,55-64,721,Relapse
Chad,2013,rel,m,65+,441,Relapse
Chad,2013,rel,f,0-14,396,Relapse
Chad,2013,rel,f,15-24,629,Relapse
Chad,2013,rel,f,25-34,1075,Relapse
Chad,2013,rel,f,35-44,676,Relapse
Chad,2013,rel,f,45-54,609,Relapse
Chad,2013,rel,f,55-64,476,Relapse
Chad,2013,rel,f,65+,236,Relapse
Chile,1995,sp,m,0-14,24,Smear Positive
Chile,1995,sp,m,15-24,148,Smear Positive
Chile,1995,sp,m,25-34,182,Smear Positive
Chile,1995,sp,m,35-44,204,Smear Positive
Chile,1995,sp,m,45-54,155,Smear Positive
Chile,1995,sp,m,55-64,141,Smear Positive
Chile,1995,sp,m,65+,163,Smear Positive
Chile,1995,sp,f,0-14,24,Smear Positive
Chile,1995,sp,f,15-24,100,Smear Positive
Chile,1995,sp,f,25-34,120,Smear Positive
Chile,1995,sp,f,35-44,108,Smear Positive
Chile,1995,sp,f,45-54,75,Smear Positive
Chile,1995,sp,f,55-64,73,Smear Positive
Chile,1995,sp,f,65+,107,Smear Positive
Chile,1996,sp,m,0-14,8,Smear Positive
Chile,1996,sp,m,15-24,123,Smear Positive
Chile,1996,sp,m,25-34,201,Smear Positive
Chile,1996,sp,m,35-44,207,Smear Positive
Chile,1996,sp,m,45-54,207,Smear Positive
Chile,1996,sp,m,55-64,125,Smear Positive
Chile,1996,sp,m,65+,139,Smear Positive
Chile,1996,sp,f,0-14,11,Smear Positive
Chile,1996,sp,f,15-24,88,Smear Positive
Chile,1996,sp,f,25-34,117,Smear Positive
Chile,1996,sp,f,35-44,72,Smear Positive
Chile,1996,sp,f,45-54,63,Smear Positive
Chile,1996,sp,f,55-64,47,Smear Positive
Chile,1996,sp,f,65+,72,Smear Positive
Chile,1997,sp,m,0-14,11,Smear Positive
Chile,1997,sp,m,15-24,107,Smear Positive
Chile,1997,sp,m,25-34,182,Smear Positive
Chile,1997,sp,m,35-44,224,Smear Positive
Chile,1997,sp,m,45-54,165,Smear Positive
Chile,1997,sp,m,55-64,153,Smear Positive
Chile,1997,sp,m,65+,163,Smear Positive
Chile,1997,sp,f,0-14,11,Smear Positive
Chile,1997,sp,f,15-24,92,Smear Positive
Chile,1997,sp,f,25-34,121,Smear Positive
Chile,1997,sp,f,35-44,80,Smear Positive
Chile,1997,sp,f,45-54,66,Smear Positive
Chile,1997,sp,f,55-64,60,Smear Positive
Chile,1997,sp,f,65+,88,Smear Positive
Chile,1999,sp,m,0-14,4,Smear Positive
Chile,1999,sp,m,15-24,118,Smear Positive
Chile,1999,sp,m,25-34,173,Smear Positive
Chile,1999,sp,m,35-44,204,Smear Positive
Chile,1999,sp,m,45-54,206,Smear Positive
Chile,1999,sp,m,55-64,132,Smear Positive
Chile,1999,sp,m,65+,132,Smear Positive
Chile,1999,sp,f,0-14,9,Smear Positive
Chile,1999,sp,f,15-24,87,Smear Positive
Chile,1999,sp,f,25-34,109,Smear Positive
Chile,1999,sp,f,35-44,97,Smear Positive
Chile,1999,sp,f,45-54,52,Smear Positive
Chile,1999,sp,f,55-64,76,Smear Positive
Chile,1999,sp,f,65+,98,Smear Positive
Chile,2000,sp,m,0-14,6,Smear Positive
Chile,2000,sp,m,15-24,81,Smear Positive
Chile,2000,sp,m,25-34,160,Smear Positive
Chile,2000,sp,m,35-44,198,Smear Positive
Chile,2000,sp,m,45-54,150,Smear Positive
Chile,2000,sp,m,55-64,132,Smear Positive
Chile,2000,sp,m,65+,126,Smear Positive
Chile,2000,sp,f,0-14,10,Smear Positive
Chile,2000,sp,f,15-24,66,Smear Positive
Chile,2000,sp,f,25-34,96,Smear Positive
Chile,2000,sp,f,35-44,70,Smear Positive
Chile,2000,sp,f,45-54,54,Smear Positive
Chile,2000,sp,f,55-64,58,Smear Positive
Chile,2000,sp,f,65+,83,Smear Positive
Chile,2001,sp,m,0-14,2,Smear Positive
Chile,2001,sp,m,15-24,78,Smear Positive
Chile,2001,sp,m,25-34,183,Smear Positive
Chile,2001,sp,m,35-44,213,Smear Positive
Chile,2001,sp,m,45-54,190,Smear Positive
Chile,2001,sp,m,55-64,116,Smear Positive
Chile,2001,sp,m,65+,138,Smear Positive
Chile,2001,sp,f,0-14,9,Smear Positive
Chile,2001,sp,f,15-24,69,Smear Positive
Chile,2001,sp,f,25-34,85,Smear Positive
Chile,2001,sp,f,35-44,76,Smear Positive
Chile,2001,sp,f,45-54,58,Smear Positive
Chile,2001,sp,f,55-64,55,Smear Positive
Chile,2001,sp,f,65+,83,Smear Positive
Chile,2002,sp,m,0-14,6,Smear Positive
Chile,2002,sp,m,15-24,87,Smear Positive
Chile,2002,sp,m,25-34,163,Smear Positive
Chile,2002,sp,m,35-44,196,Smear Positive
Chile,2002,sp,m,45-54,193,Smear Positive
Chile,2002,sp,m,55-64,144,Smear Positive
Chile,2002,sp,m,65+,160,Smear Positive
Chile,2002,sp,f,0-14,7,Smear Positive
Chile,2002,sp,f,15-24,64,Smear Positive
Chile,2002,sp,f,25-34,91,Smear Positive
Chile,2002,sp,f,35-44,82,Smear Positive
Chile,2002,sp,f,45-54,76,Smear Positive
Chile,2002,sp,f,55-64,54,Smear Positive
Chile,2002,sp,f,65+,89,Smear Positive
Chile,2003,sp,m,0-14,1,Smear Positive
Chile,2003,sp,m,15-24,77,Smear Positive
Chile,2003,sp,m,25-34,131,Smear Positive
Chile,2003,sp,m,35-44,181,Smear Positive
Chile,2003,sp,m,45-54,183,Smear Positive
Chile,2003,sp,m,55-64,150,Smear Positive
Chile,2003,sp,m,65+,136,Smear Positive
Chile,2003,sp,f,0-14,8,Smear Positive
Chile,2003,sp,f,15-24,59,Smear Positive
Chile,2003,sp,f,25-34,106,Smear Positive
Chile,2003,sp,f,35-44,81,Smear Positive
Chile,2003,sp,f,45-54,42,Smear Positive
Chile,2003,sp,f,55-64,41,Smear Positive
Chile,2003,sp,f,65+,80,Smear Positive
Chile,2004,sp,m,0-14,3,Smear Positive
Chile,2004,sp,m,15-24,87,Smear Positive
Chile,2004,sp,m,25-34,148,Smear Positive
Chile,2004,sp,m,35-44,179,Smear Positive
Chile,2004,sp,m,45-54,187,Smear Positive
Chile,2004,sp,m,55-64,124,Smear Positive
Chile,2004,sp,m,65+,168,Smear Positive
Chile,2004,sp,f,0-14,5,Smear Positive
Chile,2004,sp,f,15-24,58,Smear Positive
Chile,2004,sp,f,25-34,74,Smear Positive
Chile,2004,sp,f,35-44,76,Smear Positive
Chile,2004,sp,f,45-54,57,Smear Positive
Chile,2004,sp,f,55-64,57,Smear Positive
Chile,2004,sp,f,65+,74,Smear Positive
Chile,2005,sp,m,0-14,3,Smear Positive
Chile,2005,sp,m,15-24,74,Smear Positive
Chile,2005,sp,m,25-34,128,Smear Positive
Chile,2005,sp,m,35-44,179,Smear Positive
Chile,2005,sp,m,45-54,162,Smear Positive
Chile,2005,sp,m,55-64,115,Smear Positive
Chile,2005,sp,m,65+,133,Smear Positive
Chile,2005,sp,f,0-14,4,Smear Positive
Chile,2005,sp,f,15-24,55,Smear Positive
Chile,2005,sp,f,25-34,78,Smear Positive
Chile,2005,sp,f,35-44,60,Smear Positive
Chile,2005,sp,f,45-54,56,Smear Positive
Chile,2005,sp,f,55-64,36,Smear Positive
Chile,2005,sp,f,65+,93,Smear Positive
Chile,2006,sp,m,0-14,12,Smear Positive
Chile,2006,sp,m,15-24,107,Smear Positive
Chile,2006,sp,m,25-34,140,Smear Positive
Chile,2006,sp,m,35-44,176,Smear Positive
Chile,2006,sp,m,45-54,197,Smear Positive
Chile,2006,sp,m,55-64,179,Smear Positive
Chile,2006,sp,m,65+,199,Smear Positive
Chile,2006,sp,f,0-14,7,Smear Positive
Chile,2006,sp,f,15-24,70,Smear Positive
Chile,2006,sp,f,25-34,91,Smear Positive
Chile,2006,sp,f,35-44,74,Smear Positive
Chile,2006,sp,f,45-54,95,Smear Positive
Chile,2006,sp,f,55-64,64,Smear Positive
Chile,2006,sp,f,65+,122,Smear Positive
Chile,2006,sn,m,0-14,6,Smear Negative
Chile,2006,sn,m,15-24,14,Smear Negative
Chile,2006,sn,m,25-34,14,Smear Negative
Chile,2006,sn,m,35-44,21,Smear Negative
Chile,2006,sn,m,45-54,16,Smear Negative
Chile,2006,sn,m,55-64,10,Smear Negative
Chile,2006,sn,m,65+,21,Smear Negative
Chile,2006,sn,f,0-14,5,Smear Negative
Chile,2006,sn,f,15-24,12,Smear Negative
Chile,2006,sn,f,25-34,17,Smear Negative
Chile,2006,sn,f,35-44,6,Smear Negative
Chile,2006,sn,f,45-54,10,Smear Negative
Chile,2006,sn,f,55-64,4,Smear Negative
Chile,2006,sn,f,65+,12,Smear Negative
Chile,2006,ep,m,0-14,14,Extrapulmonary
Chile,2006,ep,m,15-24,42,Extrapulmonary
Chile,2006,ep,m,25-34,51,Extrapulmonary
Chile,2006,ep,m,35-44,52,Extrapulmonary
Chile,2006,ep,m,45-54,62,Extrapulmonary
Chile,2006,ep,m,55-64,47,Extrapulmonary
Chile,2006,ep,m,65+,43,Extrapulmonary
Chile,2006,ep,f,0-14,15,Extrapulmonary
Chile,2006,ep,f,15-24,23,Extrapulmonary
Chile,2006,ep,f,25-34,36,Extrapulmonary
Chile,2006,ep,f,35-44,41,Extrapulmonary
Chile,2006,ep,f,45-54,37,Extrapulmonary
Chile,2006,ep,f,55-64,37,Extrapulmonary
Chile,2006,ep,f,65+,70,Extrapulmonary
Chile,2007,sp,m,0-14,3,Smear Positive
Chile,2007,sp,m,15-24,86,Smear Positive
Chile,2007,sp,m,25-34,137,Smear Positive
Chile,2007,sp,m,35-44,140,Smear Positive
Chile,2007,sp,m,45-54,169,Smear Positive
Chile,2007,sp,m,55-64,139,Smear Positive
Chile,2007,sp,m,65+,121,Smear Positive
Chile,2007,sp,f,0-14,8,Smear Positive
Chile,2007,sp,f,15-24,59,Smear Positive
Chile,2007,sp,f,25-34,75,Smear Positive
Chile,2007,sp,f,35-44,63,Smear Positive
Chile,2007,sp,f,45-54,49,Smear Positive
Chile,2007,sp,f,55-64,39,Smear Positive
Chile,2007,sp,f,65+,78,Smear Positive
Chile,2007,sn,m,0-14,4,Smear Negative
Chile,2007,sn,m,15-24,35,Smear Negative
Chile,2007,sn,m,25-34,49,Smear Negative
Chile,2007,sn,m,35-44,51,Smear Negative
Chile,2007,sn,m,45-54,61,Smear Negative
Chile,2007,sn,m,55-64,48,Smear Negative
Chile,2007,sn,m,65+,84,Smear Negative
Chile,2007,sn,f,0-14,11,Smear Negative
Chile,2007,sn,f,15-24,16,Smear Negative
Chile,2007,sn,f,25-34,29,Smear Negative
Chile,2007,sn,f,35-44,17,Smear Negative
Chile,2007,sn,f,45-54,23,Smear Negative
Chile,2007,sn,f,55-64,15,Smear Negative
Chile,2007,sn,f,65+,53,Smear Negative
Chile,2007,ep,m,0-14,13,Extrapulmonary
Chile,2007,ep,m,15-24,37,Extrapulmonary
Chile,2007,ep,m,25-34,60,Extrapulmonary
Chile,2007,ep,m,35-44,66,Extrapulmonary
Chile,2007,ep,m,45-54,61,Extrapulmonary
Chile,2007,ep,m,55-64,51,Extrapulmonary
Chile,2007,ep,m,65+,43,Extrapulmonary
Chile,2007,ep,f,0-14,8,Extrapulmonary
Chile,2007,ep,f,15-24,23,Extrapulmonary
Chile,2007,ep,f,25-34,36,Extrapulmonary
Chile,2007,ep,f,35-44,46,Extrapulmonary
Chile,2007,ep,f,45-54,44,Extrapulmonary
Chile,2007,ep,f,55-64,56,Extrapulmonary
Chile,2007,ep,f,65+,60,Extrapulmonary
Chile,2008,sp,m,0-14,7,Smear Positive
Chile,2008,sp,m,15-24,86,Smear Positive
Chile,2008,sp,m,25-34,131,Smear Positive
Chile,2008,sp,m,35-44,148,Smear Positive
Chile,2008,sp,m,45-54,167,Smear Positive
Chile,2008,sp,m,55-64,135,Smear Positive
Chile,2008,sp,m,65+,118,Smear Positive
Chile,2008,sp,f,0-14,3,Smear Positive
Chile,2008,sp,f,15-24,52,Smear Positive
Chile,2008,sp,f,25-34,86,Smear Positive
Chile,2008,sp,f,35-44,49,Smear Positive
Chile,2008,sp,f,45-54,37,Smear Positive
Chile,2008,sp,f,55-64,30,Smear Positive
Chile,2008,sp,f,65+,65,Smear Positive
Chile,2008,sn,m,0-14,10,Smear Negative
Chile,2008,sn,m,15-24,41,Smear Negative
Chile,2008,sn,m,25-34,70,Smear Negative
Chile,2008,sn,m,35-44,49,Smear Negative
Chile,2008,sn,m,45-54,53,Smear Negative
Chile,2008,sn,m,55-64,51,Smear Negative
Chile,2008,sn,m,65+,86,Smear Negative
Chile,2008,sn,f,0-14,8,Smear Negative
Chile,2008,sn,f,15-24,21,Smear Negative
Chile,2008,sn,f,25-34,23,Smear Negative
Chile,2008,sn,f,35-44,15,Smear Negative
Chile,2008,sn,f,45-54,26,Smear Negative
Chile,2008,sn,f,55-64,20,Smear Negative
Chile,2008,sn,f,65+,52,Smear Negative
Chile,2008,ep,m,0-14,16,Extrapulmonary
Chile,2008,ep,m,15-24,32,Extrapulmonary
Chile,2008,ep,m,25-34,68,Extrapulmonary
Chile,2008,ep,m,35-44,75,Extrapulmonary
Chile,2008,ep,m,45-54,65,Extrapulmonary
Chile,2008,ep,m,55-64,39,Extrapulmonary
Chile,2008,ep,m,65+,59,Extrapulmonary
Chile,2008,ep,f,0-14,5,Extrapulmonary
Chile,2008,ep,f,15-24,19,Extrapulmonary
Chile,2008,ep,f,25-34,45,Extrapulmonary
Chile,2008,ep,f,35-44,58,Extrapulmonary
Chile,2008,ep,f,45-54,42,Extrapulmonary
Chile,2008,ep,f,55-64,55,Extrapulmonary
Chile,2008,ep,f,65+,58,Extrapulmonary
Chile,2009,sp,m,0-14,7,Smear Positive
Chile,2009,sp,m,15-24,85,Smear Positive
Chile,2009,sp,m,25-34,141,Smear Positive
Chile,2009,sp,m,35-44,147,Smear Positive
Chile,2009,sp,m,45-54,169,Smear Positive
Chile,2009,sp,m,55-64,109,Smear Positive
Chile,2009,sp,m,65+,140,Smear Positive
Chile,2009,sp,f,0-14,8,Smear Positive
Chile,2009,sp,f,15-24,51,Smear Positive
Chile,2009,sp,f,25-34,67,Smear Positive
Chile,2009,sp,f,35-44,68,Smear Positive
Chile,2009,sp,f,45-54,52,Smear Positive
Chile,2009,sp,f,55-64,49,Smear Positive
Chile,2009,sp,f,65+,59,Smear Positive
Chile,2009,sn,m,0-14,8,Smear Negative
Chile,2009,sn,m,15-24,32,Smear Negative
Chile,2009,sn,m,25-34,41,Smear Negative
Chile,2009,sn,m,35-44,54,Smear Negative
Chile,2009,sn,m,45-54,50,Smear Negative
Chile,2009,sn,m,55-64,58,Smear Negative
Chile,2009,sn,m,65+,73,Smear Negative
Chile,2009,sn,f,0-14,12,Smear Negative
Chile,2009,sn,f,15-24,30,Smear Negative
Chile,2009,sn,f,25-34,19,Smear Negative
Chile,2009,sn,f,35-44,25,Smear Negative
Chile,2009,sn,f,45-54,24,Smear Negative
Chile,2009,sn,f,55-64,37,Smear Negative
Chile,2009,sn,f,65+,46,Smear Negative
Chile,2009,ep,m,0-14,15,Extrapulmonary
Chile,2009,ep,m,15-24,36,Extrapulmonary
Chile,2009,ep,m,25-34,58,Extrapulmonary
Chile,2009,ep,m,35-44,49,Extrapulmonary
Chile,2009,ep,m,45-54,58,Extrapulmonary
Chile,2009,ep,m,55-64,31,Extrapulmonary
Chile,2009,ep,m,65+,58,Extrapulmonary
Chile,2009,ep,f,0-14,7,Extrapulmonary
Chile,2009,ep,f,15-24,22,Extrapulmonary
Chile,2009,ep,f,25-34,27,Extrapulmonary
Chile,2009,ep,f,35-44,46,Extrapulmonary
Chile,2009,ep,f,45-54,38,Extrapulmonary
Chile,2009,ep,f,55-64,43,Extrapulmonary
Chile,2009,ep,f,65+,61,Extrapulmonary
Chile,2010,sp,m,0-14,2,Smear Positive
Chile,2010,sp,m,15-24,90,Smear Positive
Chile,2010,sp,m,25-34,115,Smear Positive
Chile,2010,sp,m,35-44,144,Smear Positive
Chile,2010,sp,m,45-54,159,Smear Positive
Chile,2010,sp,m,55-64,122,Smear Positive
Chile,2010,sp,m,65+,157,Smear Positive
Chile,2010,sp,f,0-14,6,Smear Positive
Chile,2010,sp,f,15-24,56,Smear Positive
Chile,2010,sp,f,25-34,76,Smear Positive
Chile,2010,sp,f,35-44,59,Smear Positive
Chile,2010,sp,f,45-54,56,Smear Positive
Chile,2010,sp,f,55-64,40,Smear Positive
Chile,2010,sp,f,65+,72,Smear Positive
Chile,2010,sn,m,0-14,6,Smear Negative
Chile,2010,sn,m,15-24,23,Smear Negative
Chile,2010,sn,m,25-34,39,Smear Negative
Chile,2010,sn,m,35-44,65,Smear Negative
Chile,2010,sn,m,45-54,52,Smear Negative
Chile,2010,sn,m,55-64,52,Smear Negative
Chile,2010,sn,m,65+,81,Smear Negative
Chile,2010,sn,f,0-14,10,Smear Negative
Chile,2010,sn,f,15-24,22,Smear Negative
Chile,2010,sn,f,25-34,24,Smear Negative
Chile,2010,sn,f,35-44,32,Smear Negative
Chile,2010,sn,f,45-54,20,Smear Negative
Chile,2010,sn,f,55-64,29,Smear Negative
Chile,2010,sn,f,65+,47,Smear Negative
Chile,2010,ep,m,0-14,12,Extrapulmonary
Chile,2010,ep,m,15-24,31,Extrapulmonary
Chile,2010,ep,m,25-34,69,Extrapulmonary
Chile,2010,ep,m,35-44,54,Extrapulmonary
Chile,2010,ep,m,45-54,56,Extrapulmonary
Chile,2010,ep,m,55-64,39,Extrapulmonary
Chile,2010,ep,m,65+,47,Extrapulmonary
Chile,2010,ep,f,0-14,16,Extrapulmonary
Chile,2010,ep,f,15-24,26,Extrapulmonary
Chile,2010,ep,f,25-34,41,Extrapulmonary
Chile,2010,ep,f,35-44,42,Extrapulmonary
Chile,2010,ep,f,45-54,37,Extrapulmonary
Chile,2010,ep,f,55-64,39,Extrapulmonary
Chile,2010,ep,f,65+,44,Extrapulmonary
Chile,2011,sp,m,0-14,4,Smear Positive
Chile,2011,sp,m,15-24,88,Smear Positive
Chile,2011,sp,m,25-34,139,Smear Positive
Chile,2011,sp,m,35-44,143,Smear Positive
Chile,2011,sp,m,45-54,164,Smear Positive
Chile,2011,sp,m,55-64,127,Smear Positive
Chile,2011,sp,m,65+,134,Smear Positive
Chile,2011,sp,f,0-14,6,Smear Positive
Chile,2011,sp,f,15-24,62,Smear Positive
Chile,2011,sp,f,25-34,75,Smear Positive
Chile,2011,sp,f,35-44,66,Smear Positive
Chile,2011,sp,f,45-54,69,Smear Positive
Chile,2011,sp,f,55-64,48,Smear Positive
Chile,2011,sp,f,65+,71,Smear Positive
Chile,2011,sn,m,0-14,9,Smear Negative
Chile,2011,sn,m,15-24,35,Smear Negative
Chile,2011,sn,m,25-34,45,Smear Negative
Chile,2011,sn,m,35-44,49,Smear Negative
Chile,2011,sn,m,45-54,70,Smear Negative
Chile,2011,sn,m,55-64,39,Smear Negative
Chile,2011,sn,m,65+,72,Smear Negative
Chile,2011,sn,f,0-14,5,Smear Negative
Chile,2011,sn,f,15-24,17,Smear Negative
Chile,2011,sn,f,25-34,20,Smear Negative
Chile,2011,sn,f,35-44,22,Smear Negative
Chile,2011,sn,f,45-54,21,Smear Negative
Chile,2011,sn,f,55-64,21,Smear Negative
Chile,2011,sn,f,65+,48,Smear Negative
Chile,2011,ep,m,0-14,13,Extrapulmonary
Chile,2011,ep,m,15-24,43,Extrapulmonary
Chile,2011,ep,m,25-34,74,Extrapulmonary
Chile,2011,ep,m,35-44,57,Extrapulmonary
Chile,2011,ep,m,45-54,57,Extrapulmonary
Chile,2011,ep,m,55-64,35,Extrapulmonary
Chile,2011,ep,m,65+,61,Extrapulmonary
Chile,2011,ep,f,0-14,13,Extrapulmonary
Chile,2011,ep,f,15-24,23,Extrapulmonary
Chile,2011,ep,f,25-34,32,Extrapulmonary
Chile,2011,ep,f,35-44,35,Extrapulmonary
Chile,2011,ep,f,45-54,44,Extrapulmonary
Chile,2011,ep,f,55-64,42,Extrapulmonary
Chile,2011,ep,f,65+,65,Extrapulmonary
Chile,2012,sp,m,0-14,4,Smear Positive
Chile,2012,sp,m,15-24,91,Smear Positive
Chile,2012,sp,m,25-34,122,Smear Positive
Chile,2012,sp,m,35-44,135,Smear Positive
Chile,2012,sp,m,45-54,170,Smear Positive
Chile,2012,sp,m,55-64,117,Smear Positive
Chile,2012,sp,m,65+,149,Smear Positive
Chile,2012,sp,f,0-14,4,Smear Positive
Chile,2012,sp,f,15-24,59,Smear Positive
Chile,2012,sp,f,25-34,69,Smear Positive
Chile,2012,sp,f,35-44,53,Smear Positive
Chile,2012,sp,f,45-54,56,Smear Positive
Chile,2012,sp,f,55-64,60,Smear Positive
Chile,2012,sp,f,65+,76,Smear Positive
Chile,2012,sn,m,0-14,8,Smear Negative
Chile,2012,sn,m,15-24,33,Smear Negative
Chile,2012,sn,m,25-34,41,Smear Negative
Chile,2012,sn,m,35-44,50,Smear Negative
Chile,2012,sn,m,45-54,61,Smear Negative
Chile,2012,sn,m,55-64,61,Smear Negative
Chile,2012,sn,m,65+,94,Smear Negative
Chile,2012,sn,f,0-14,18,Smear Negative
Chile,2012,sn,f,15-24,17,Smear Negative
Chile,2012,sn,f,25-34,18,Smear Negative
Chile,2012,sn,f,35-44,22,Smear Negative
Chile,2012,sn,f,45-54,25,Smear Negative
Chile,2012,sn,f,55-64,29,Smear Negative
Chile,2012,sn,f,65+,60,Smear Negative
Chile,2012,ep,m,0-14,10,Extrapulmonary
Chile,2012,ep,m,15-24,31,Extrapulmonary
Chile,2012,ep,m,25-34,66,Extrapulmonary
Chile,2012,ep,m,35-44,45,Extrapulmonary
Chile,2012,ep,m,45-54,46,Extrapulmonary
Chile,2012,ep,m,55-64,38,Extrapulmonary
Chile,2012,ep,m,65+,53,Extrapulmonary
Chile,2012,ep,f,0-14,5,Extrapulmonary
Chile,2012,ep,f,15-24,24,Extrapulmonary
Chile,2012,ep,f,25-34,35,Extrapulmonary
Chile,2012,ep,f,35-44,31,Extrapulmonary
Chile,2012,ep,f,45-54,33,Extrapulmonary
Chile,2012,ep,f,55-64,39,Extrapulmonary
Chile,2012,ep,f,65+,57,Extrapulmonary
Chile,2013,rel,m,0-14,40,Relapse
Chile,2013,rel,m,15-24,135,Relapse
Chile,2013,rel,m,25-34,275,Relapse
Chile,2013,rel,m,35-44,253,Relapse
Chile,2013,rel,m,45-54,300,Relapse
Chile,2013,rel,m,55-64,240,Relapse
Chile,2013,rel,m,65+,303,Relapse
Chile,2013,rel,f,0-14,19,Relapse
Chile,2013,rel,f,15-24,116,Relapse
Chile,2013,rel,f,25-34,147,Relapse
Chile,2013,rel,f,35-44,118,Relapse
Chile,2013,rel,f,45-54,124,Relapse
Chile,2013,rel,f,55-64,150,Relapse
Chile,2013,rel,f,65+,184,Relapse
China,1995,sp,m,0-14,1102,Smear Positive
China,1995,sp,m,15-24,12791,Smear Positive
China,1995,sp,m,25-34,18306,Smear Positive
China,1995,sp,m,35-44,15487,Smear Positive
China,1995,sp,m,45-54,13105,Smear Positive
China,1995,sp,m,55-64,13489,Smear Positive
China,1995,sp,m,65+,10130,Smear Positive
China,1995,sp,f,0-14,1169,Smear Positive
China,1995,sp,f,15-24,10890,Smear Positive
China,1995,sp,f,25-34,13250,Smear Positive
China,1995,sp,f,35-44,8376,Smear Positive
China,1995,sp,f,45-54,5679,Smear Positive
China,1995,sp,f,55-64,4579,Smear Positive
China,1995,sp,f,65+,2841,Smear Positive
China,1996,sp,m,0-14,1409,Smear Positive
China,1996,sp,m,15-24,16490,Smear Positive
China,1996,sp,m,25-34,24057,Smear Positive
China,1996,sp,m,35-44,19695,Smear Positive
China,1996,sp,m,45-54,17024,Smear Positive
China,1996,sp,m,55-64,16758,Smear Positive
China,1996,sp,m,65+,13697,Smear Positive
China,1996,sp,f,0-14,1624,Smear Positive
China,1996,sp,f,15-24,13773,Smear Positive
China,1996,sp,f,25-34,17218,Smear Positive
China,1996,sp,f,35-44,10214,Smear Positive
China,1996,sp,f,45-54,7020,Smear Positive
China,1996,sp,f,55-64,5346,Smear Positive
China,1996,sp,f,65+,3945,Smear Positive
China,1997,sp,m,0-14,1456,Smear Positive
China,1997,sp,m,15-24,18547,Smear Positive
China,1997,sp,m,25-34,28247,Smear Positive
China,1997,sp,m,35-44,23006,Smear Positive
China,1997,sp,m,45-54,20330,Smear Positive
China,1997,sp,m,55-64,19667,Smear Positive
China,1997,sp,m,65+,17041,Smear Positive
China,1997,sp,f,0-14,1534,Smear Positive
China,1997,sp,f,15-24,15258,Smear Positive
China,1997,sp,f,25-34,19547,Smear Positive
China,1997,sp,f,35-44,11758,Smear Positive
China,1997,sp,f,45-54,8259,Smear Positive
China,1997,sp,f,55-64,6422,Smear Positive
China,1997,sp,f,65+,4823,Smear Positive
China,1998,sp,m,0-14,1481,Smear Positive
China,1998,sp,m,15-24,19699,Smear Positive
China,1998,sp,m,25-34,30093,Smear Positive
China,1998,sp,m,35-44,25088,Smear Positive
China,1998,sp,m,45-54,23483,Smear Positive
China,1998,sp,m,55-64,21651,Smear Positive
China,1998,sp,m,65+,20501,Smear Positive
China,1998,sp,f,0-14,1558,Smear Positive
China,1998,sp,f,15-24,15726,Smear Positive
China,1998,sp,f,25-34,20203,Smear Positive
China,1998,sp,f,35-44,12672,Smear Positive
China,1998,sp,f,45-54,9399,Smear Positive
China,1998,sp,f,55-64,7122,Smear Positive
China,1998,sp,f,65+,5728,Smear Positive
China,1999,sp,m,0-14,1247,Smear Positive
China,1999,sp,m,15-24,18961,Smear Positive
China,1999,sp,m,25-34,29328,Smear Positive
China,1999,sp,m,35-44,25095,Smear Positive
China,1999,sp,m,45-54,24239,Smear Positive
China,1999,sp,m,55-64,21564,Smear Positive
China,1999,sp,m,65+,21367,Smear Positive
China,1999,sp,f,0-14,1431,Smear Positive
China,1999,sp,f,15-24,15178,Smear Positive
China,1999,sp,f,25-34,18846,Smear Positive
China,1999,sp,f,35-44,12370,Smear Positive
China,1999,sp,f,45-54,9838,Smear Positive
China,1999,sp,f,55-64,7131,Smear Positive
China,1999,sp,f,65+,5663,Smear Positive
China,2000,sp,m,0-14,1131,Smear Positive
China,2000,sp,m,15-24,19111,Smear Positive
China,2000,sp,m,25-34,29399,Smear Positive
China,2000,sp,m,35-44,25206,Smear Positive
China,2000,sp,m,45-54,25593,Smear Positive
China,2000,sp,m,55-64,21429,Smear Positive
China,2000,sp,m,65+,21771,Smear Positive
China,2000,sp,f,0-14,1420,Smear Positive
China,2000,sp,f,15-24,14536,Smear Positive
China,2000,sp,f,25-34,18496,Smear Positive
China,2000,sp,f,35-44,12377,Smear Positive
China,2000,sp,f,45-54,9899,Smear Positive
China,2000,sp,f,55-64,7102,Smear Positive
China,2000,sp,f,65+,6296,Smear Positive
China,2001,sp,m,0-14,1213,Smear Positive
China,2001,sp,m,15-24,19121,Smear Positive
China,2001,sp,m,25-34,28520,Smear Positive
China,2001,sp,m,35-44,25544,Smear Positive
China,2001,sp,m,45-54,25759,Smear Positive
China,2001,sp,m,55-64,20789,Smear Positive
China,2001,sp,m,65+,22799,Smear Positive
China,2001,sp,f,0-14,1405,Smear Positive
China,2001,sp,f,15-24,14500,Smear Positive
China,2001,sp,f,25-34,17446,Smear Positive
China,2001,sp,f,35-44,12041,Smear Positive
China,2001,sp,f,45-54,9963,Smear Positive
China,2001,sp,f,55-64,7175,Smear Positive
China,2001,sp,f,65+,6491,Smear Positive
China,2002,sp,m,0-14,925,Smear Positive
China,2002,sp,m,15-24,17933,Smear Positive
China,2002,sp,m,25-34,25242,Smear Positive
China,2002,sp,m,35-44,22645,Smear Positive
China,2002,sp,m,45-54,23884,Smear Positive
China,2002,sp,m,55-64,19564,Smear Positive
China,2002,sp,m,65+,22562,Smear Positive
China,2002,sp,f,0-14,1152,Smear Positive
China,2002,sp,f,15-24,13250,Smear Positive
China,2002,sp,f,25-34,15188,Smear Positive
China,2002,sp,f,35-44,10505,Smear Positive
China,2002,sp,f,45-54,8796,Smear Positive
China,2002,sp,f,55-64,6586,Smear Positive
China,2002,sp,f,65+,6740,Smear Positive
China,2003,sp,m,0-14,1133,Smear Positive
China,2003,sp,m,15-24,25125,Smear Positive
China,2003,sp,m,25-34,32760,Smear Positive
China,2003,sp,m,35-44,31604,Smear Positive
China,2003,sp,m,45-54,32585,Smear Positive
China,2003,sp,m,55-64,27243,Smear Positive
China,2003,sp,m,65+,32027,Smear Positive
China,2003,sp,f,0-14,1407,Smear Positive
China,2003,sp,f,15-24,18811,Smear Positive
China,2003,sp,f,25-34,19248,Smear Positive
China,2003,sp,f,35-44,14783,Smear Positive
China,2003,sp,f,45-54,12101,Smear Positive
China,2003,sp,f,55-64,8988,Smear Positive
China,2003,sp,f,65+,9465,Smear Positive
China,2004,sp,m,0-14,1375,Smear Positive
China,2004,sp,m,15-24,35465,Smear Positive
China,2004,sp,m,25-34,43594,Smear Positive
China,2004,sp,m,35-44,45408,Smear Positive
China,2004,sp,m,45-54,46256,Smear Positive
China,2004,sp,m,55-64,41846,Smear Positive
China,2004,sp,m,65+,50797,Smear Positive
China,2004,sp,f,0-14,1659,Smear Positive
China,2004,sp,f,15-24,25951,Smear Positive
China,2004,sp,f,25-34,25150,Smear Positive
China,2004,sp,f,35-44,20613,Smear Positive
China,2004,sp,f,45-54,16995,Smear Positive
China,2004,sp,f,55-64,14038,Smear Positive
China,2004,sp,f,65+,15739,Smear Positive
China,2005,sp,m,0-14,1416,Smear Positive
China,2005,sp,m,15-24,43005,Smear Positive
China,2005,sp,m,25-34,49558,Smear Positive
China,2005,sp,m,35-44,55400,Smear Positive
China,2005,sp,m,45-54,54872,Smear Positive
China,2005,sp,m,55-64,53822,Smear Positive
China,2005,sp,m,65+,69779,Smear Positive
China,2005,sp,f,0-14,1864,Smear Positive
China,2005,sp,f,15-24,31180,Smear Positive
China,2005,sp,f,25-34,27759,Smear Positive
China,2005,sp,f,35-44,24728,Smear Positive
China,2005,sp,f,45-54,19889,Smear Positive
China,2005,sp,f,55-64,18203,Smear Positive
China,2005,sp,f,65+,21244,Smear Positive
China,2006,sp,m,0-14,1023,Smear Positive
China,2006,sp,m,15-24,44528,Smear Positive
China,2006,sp,m,25-34,48232,Smear Positive
China,2006,sp,m,35-44,56733,Smear Positive
China,2006,sp,m,45-54,54301,Smear Positive
China,2006,sp,m,55-64,53746,Smear Positive
China,2006,sp,m,65+,68557,Smear Positive
China,2006,sp,f,0-14,1408,Smear Positive
China,2006,sp,f,15-24,30904,Smear Positive
China,2006,sp,f,25-34,26526,Smear Positive
China,2006,sp,f,35-44,24564,Smear Positive
China,2006,sp,f,45-54,18775,Smear Positive
China,2006,sp,f,55-64,17782,Smear Positive
China,2006,sp,f,65+,21212,Smear Positive
China,2007,sp,m,0-14,878,Smear Positive
China,2007,sp,m,15-24,44011,Smear Positive
China,2007,sp,m,25-34,46374,Smear Positive
China,2007,sp,m,35-44,56224,Smear Positive
China,2007,sp,m,45-54,54960,Smear Positive
China,2007,sp,m,55-64,56288,Smear Positive
China,2007,sp,m,65+,70376,Smear Positive
China,2007,sp,f,0-14,1235,Smear Positive
China,2007,sp,f,15-24,29960,Smear Positive
China,2007,sp,f,25-34,24914,Smear Positive
China,2007,sp,f,35-44,23542,Smear Positive
China,2007,sp,f,45-54,18129,Smear Positive
China,2007,sp,f,55-64,17647,Smear Positive
China,2007,sp,f,65+,21339,Smear Positive
China,2008,sp,m,0-14,751,Smear Positive
China,2008,sp,m,15-24,45596,Smear Positive
China,2008,sp,m,25-34,44651,Smear Positive
China,2008,sp,m,35-44,56182,Smear Positive
China,2008,sp,m,45-54,55740,Smear Positive
China,2008,sp,m,55-64,57492,Smear Positive
China,2008,sp,m,65+,69678,Smear Positive
China,2008,sp,f,0-14,964,Smear Positive
China,2008,sp,f,15-24,29223,Smear Positive
China,2008,sp,f,25-34,23484,Smear Positive
China,2008,sp,f,35-44,22370,Smear Positive
China,2008,sp,f,45-54,17565,Smear Positive
China,2008,sp,f,55-64,17814,Smear Positive
China,2008,sp,f,65+,21086,Smear Positive
China,2009,sp,m,0-14,944,Smear Positive
China,2009,sp,m,15-24,44757,Smear Positive
China,2009,sp,m,25-34,41439,Smear Positive
China,2009,sp,m,35-44,53300,Smear Positive
China,2009,sp,m,45-54,54700,Smear Positive
China,2009,sp,m,55-64,57653,Smear Positive
China,2009,sp,m,65+,67213,Smear Positive
China,2009,sp,f,0-14,1078,Smear Positive
China,2009,sp,f,15-24,29195,Smear Positive
China,2009,sp,f,25-34,22179,Smear Positive
China,2009,sp,f,35-44,21636,Smear Positive
China,2009,sp,f,45-54,16898,Smear Positive
China,2009,sp,f,55-64,17537,Smear Positive
China,2009,sp,f,65+,20623,Smear Positive
China,2009,sn,m,0-14,2865,Smear Negative
China,2009,sn,m,15-24,51307,Smear Negative
China,2009,sn,m,25-34,42063,Smear Negative
China,2009,sn,m,35-44,47112,Smear Negative
China,2009,sn,m,45-54,44567,Smear Negative
China,2009,sn,m,55-64,47249,Smear Negative
China,2009,sn,m,65+,58778,Smear Negative
China,2009,sn,f,0-14,2356,Smear Negative
China,2009,sn,f,15-24,32424,Smear Negative
China,2009,sn,f,25-34,23121,Smear Negative
China,2009,sn,f,35-44,22432,Smear Negative
China,2009,sn,f,45-54,18704,Smear Negative
China,2009,sn,f,55-64,19685,Smear Negative
China,2009,sn,f,65+,22662,Smear Negative
China,2010,sp,m,0-14,759,Smear Positive
China,2010,sp,m,15-24,42851,Smear Positive
China,2010,sp,m,25-34,38880,Smear Positive
China,2010,sp,m,35-44,50246,Smear Positive
China,2010,sp,m,45-54,52925,Smear Positive
China,2010,sp,m,55-64,56754,Smear Positive
China,2010,sp,m,65+,64514,Smear Positive
China,2010,sp,f,0-14,926,Smear Positive
China,2010,sp,f,15-24,27064,Smear Positive
China,2010,sp,f,25-34,21022,Smear Positive
China,2010,sp,f,35-44,20422,Smear Positive
China,2010,sp,f,45-54,16075,Smear Positive
China,2010,sp,f,55-64,17441,Smear Positive
China,2010,sp,f,65+,20020,Smear Positive
China,2010,sn,m,0-14,2522,Smear Negative
China,2010,sn,m,15-24,54328,Smear Negative
China,2010,sn,m,25-34,41926,Smear Negative
China,2010,sn,m,35-44,45869,Smear Negative
China,2010,sn,m,45-54,43632,Smear Negative
China,2010,sn,m,55-64,47016,Smear Negative
China,2010,sn,m,65+,55003,Smear Negative
China,2010,sn,f,0-14,2193,Smear Negative
China,2010,sn,f,15-24,33194,Smear Negative
China,2010,sn,f,25-34,24042,Smear Negative
China,2010,sn,f,35-44,22604,Smear Negative
China,2010,sn,f,45-54,18710,Smear Negative
China,2010,sn,f,55-64,19627,Smear Negative
China,2010,sn,f,65+,22202,Smear Negative
China,2010,ep,m,0-14,198,Extrapulmonary
China,2010,ep,m,15-24,403,Extrapulmonary
China,2010,ep,m,25-34,477,Extrapulmonary
China,2010,ep,m,35-44,507,Extrapulmonary
China,2010,ep,m,45-54,505,Extrapulmonary
China,2010,ep,m,55-64,429,Extrapulmonary
China,2010,ep,m,65+,350,Extrapulmonary
China,2010,ep,f,0-14,112,Extrapulmonary
China,2010,ep,f,15-24,486,Extrapulmonary
China,2010,ep,f,25-34,580,Extrapulmonary
China,2010,ep,f,35-44,798,Extrapulmonary
China,2010,ep,f,45-54,602,Extrapulmonary
China,2010,ep,f,55-64,520,Extrapulmonary
China,2010,ep,f,65+,358,Extrapulmonary
China,2011,sp,m,0-14,645,Smear Positive
China,2011,sp,m,15-24,37514,Smear Positive
China,2011,sp,m,25-34,34597,Smear Positive
China,2011,sp,m,35-44,43087,Smear Positive
China,2011,sp,m,45-54,47949,Smear Positive
China,2011,sp,m,55-64,51315,Smear Positive
China,2011,sp,m,65+,55881,Smear Positive
China,2011,sp,f,0-14,733,Smear Positive
China,2011,sp,f,15-24,22859,Smear Positive
China,2011,sp,f,25-34,18347,Smear Positive
China,2011,sp,f,35-44,17119,Smear Positive
China,2011,sp,f,45-54,14103,Smear Positive
China,2011,sp,f,55-64,15218,Smear Positive
China,2011,sp,f,65+,17638,Smear Positive
China,2011,sn,m,0-14,2291,Smear Negative
China,2011,sn,m,15-24,58225,Smear Negative
China,2011,sn,m,25-34,46051,Smear Negative
China,2011,sn,m,35-44,50724,Smear Negative
China,2011,sn,m,45-54,51044,Smear Negative
China,2011,sn,m,55-64,55593,Smear Negative
China,2011,sn,m,65+,63305,Smear Negative
China,2011,sn,f,0-14,1874,Smear Negative
China,2011,sn,f,15-24,34383,Smear Negative
China,2011,sn,f,25-34,26119,Smear Negative
China,2011,sn,f,35-44,24405,Smear Negative
China,2011,sn,f,45-54,21018,Smear Negative
China,2011,sn,f,55-64,22141,Smear Negative
China,2011,sn,f,65+,24341,Smear Negative
China,2011,ep,m,0-14,153,Extrapulmonary
China,2011,ep,m,15-24,415,Extrapulmonary
China,2011,ep,m,25-34,487,Extrapulmonary
China,2011,ep,m,35-44,531,Extrapulmonary
China,2011,ep,m,45-54,466,Extrapulmonary
China,2011,ep,m,55-64,463,Extrapulmonary
China,2011,ep,m,65+,390,Extrapulmonary
China,2011,ep,f,0-14,103,Extrapulmonary
China,2011,ep,f,15-24,493,Extrapulmonary
China,2011,ep,f,25-34,716,Extrapulmonary
China,2011,ep,f,35-44,709,Extrapulmonary
China,2011,ep,f,45-54,640,Extrapulmonary
China,2011,ep,f,55-64,582,Extrapulmonary
China,2011,ep,f,65+,392,Extrapulmonary
China,2012,sp,m,0-14,511,Smear Positive
China,2012,sp,m,15-24,29018,Smear Positive
China,2012,sp,m,25-34,28324,Smear Positive
China,2012,sp,m,35-44,34505,Smear Positive
China,2012,sp,m,45-54,40428,Smear Positive
China,2012,sp,m,55-64,44821,Smear Positive
China,2012,sp,m,65+,49413,Smear Positive
China,2012,sp,f,0-14,580,Smear Positive
China,2012,sp,f,15-24,17786,Smear Positive
China,2012,sp,f,25-34,15549,Smear Positive
China,2012,sp,f,35-44,13485,Smear Positive
China,2012,sp,f,45-54,11981,Smear Positive
China,2012,sp,f,55-64,13384,Smear Positive
China,2012,sp,f,65+,16547,Smear Positive
China,2012,sn,m,0-14,2362,Smear Negative
China,2012,sn,m,15-24,60246,Smear Negative
China,2012,sn,m,25-34,50282,Smear Negative
China,2012,sn,m,35-44,54472,Smear Negative
China,2012,sn,m,45-54,57181,Smear Negative
China,2012,sn,m,55-64,64972,Smear Negative
China,2012,sn,m,65+,74282,Smear Negative
China,2012,sn,f,0-14,1926,Smear Negative
China,2012,sn,f,15-24,35518,Smear Negative
China,2012,sn,f,25-34,28753,Smear Negative
China,2012,sn,f,35-44,26472,Smear Negative
China,2012,sn,f,45-54,23869,Smear Negative
China,2012,sn,f,55-64,26085,Smear Negative
China,2012,sn,f,65+,29630,Smear Negative
China,2012,ep,m,0-14,155,Extrapulmonary
China,2012,ep,m,15-24,393,Extrapulmonary
China,2012,ep,m,25-34,463,Extrapulmonary
China,2012,ep,m,35-44,578,Extrapulmonary
China,2012,ep,m,45-54,499,Extrapulmonary
China,2012,ep,m,55-64,452,Extrapulmonary
China,2012,ep,m,65+,394,Extrapulmonary
China,2012,ep,f,0-14,91,Extrapulmonary
China,2012,ep,f,15-24,461,Extrapulmonary
China,2012,ep,f,25-34,633,Extrapulmonary
China,2012,ep,f,35-44,677,Extrapulmonary
China,2012,ep,f,45-54,684,Extrapulmonary
China,2012,ep,f,55-64,578,Extrapulmonary
China,2012,ep,f,65+,421,Extrapulmonary
China,2013,rel,m,0-14,2529,Relapse
China,2013,rel,m,15-24,84785,Relapse
China,2013,rel,m,25-34,76917,Relapse
China,2013,rel,m,35-44,84565,Relapse
China,2013,rel,m,45-54,100297,Relapse
China,2013,rel,m,55-64,112558,Relapse
China,2013,rel,m,65+,124476,Relapse
China,2013,rel,f,0-14,2301,Relapse
China,2013,rel,f,15-24,49491,Relapse
China,2013,rel,f,25-34,44985,Relapse
China,2013,rel,f,35-44,38804,Relapse
China,2013,rel,f,45-54,37138,Relapse
China,2013,rel,f,55-64,40892,Relapse
China,2013,rel,f,65+,47438,Relapse
"China, Hong Kong SAR",1997,sp,m,0-14,5,Smear Positive
"China, Hong Kong SAR",1997,sp,m,15-24,90,Smear Positive
"China, Hong Kong SAR",1997,sp,m,25-34,122,Smear Positive
"China, Hong Kong SAR",1997,sp,m,35-44,174,Smear Positive
"China, Hong Kong SAR",1997,sp,m,45-54,198,Smear Positive
"China, Hong Kong SAR",1997,sp,m,55-64,271,Smear Positive
"China, Hong Kong SAR",1997,sp,m,65+,593,Smear Positive
"China, Hong Kong SAR",1997,sp,f,0-14,12,Smear Positive
"China, Hong Kong SAR",1997,sp,f,15-24,85,Smear Positive
"China, Hong Kong SAR",1997,sp,f,25-34,114,Smear Positive
"China, Hong Kong SAR",1997,sp,f,35-44,83,Smear Positive
"China, Hong Kong SAR",1997,sp,f,45-54,49,Smear Positive
"China, Hong Kong SAR",1997,sp,f,55-64,64,Smear Positive
"China, Hong Kong SAR",1997,sp,f,65+,176,Smear Positive
"China, Hong Kong SAR",1999,sp,m,0-14,3,Smear Positive
"China, Hong Kong SAR",1999,sp,m,15-24,88,Smear Positive
"China, Hong Kong SAR",1999,sp,m,25-34,121,Smear Positive
"China, Hong Kong SAR",1999,sp,m,35-44,162,Smear Positive
"China, Hong Kong SAR",1999,sp,m,45-54,173,Smear Positive
"China, Hong Kong SAR",1999,sp,m,55-64,233,Smear Positive
"China, Hong Kong SAR",1999,sp,m,65+,432,Smear Positive
"China, Hong Kong SAR",1999,sp,f,0-14,8,Smear Positive
"China, Hong Kong SAR",1999,sp,f,15-24,85,Smear Positive
"China, Hong Kong SAR",1999,sp,f,25-34,109,Smear Positive
"China, Hong Kong SAR",1999,sp,f,35-44,72,Smear Positive
"China, Hong Kong SAR",1999,sp,f,45-54,50,Smear Positive
"China, Hong Kong SAR",1999,sp,f,55-64,43,Smear Positive
"China, Hong Kong SAR",1999,sp,f,65+,188,Smear Positive
"China, Hong Kong SAR",2000,sp,m,0-14,4,Smear Positive
"China, Hong Kong SAR",2000,sp,m,15-24,78,Smear Positive
"China, Hong Kong SAR",2000,sp,m,25-34,102,Smear Positive
"China, Hong Kong SAR",2000,sp,m,35-44,160,Smear Positive
"China, Hong Kong SAR",2000,sp,m,45-54,211,Smear Positive
"China, Hong Kong SAR",2000,sp,m,55-64,236,Smear Positive
"China, Hong Kong SAR",2000,sp,m,65+,578,Smear Positive
"China, Hong Kong SAR",2000,sp,f,0-14,5,Smear Positive
"China, Hong Kong SAR",2000,sp,f,15-24,65,Smear Positive
"China, Hong Kong SAR",2000,sp,f,25-34,115,Smear Positive
"China, Hong Kong SAR",2000,sp,f,35-44,86,Smear Positive
"China, Hong Kong SAR",2000,sp,f,45-54,44,Smear Positive
"China, Hong Kong SAR",2000,sp,f,55-64,45,Smear Positive
"China, Hong Kong SAR",2000,sp,f,65+,211,Smear Positive
"China, Hong Kong SAR",2001,sp,m,0-14,6,Smear Positive
"China, Hong Kong SAR",2001,sp,m,15-24,79,Smear Positive
"China, Hong Kong SAR",2001,sp,m,25-34,99,Smear Positive
"China, Hong Kong SAR",2001,sp,m,35-44,162,Smear Positive
"China, Hong Kong SAR",2001,sp,m,45-54,196,Smear Positive
"China, Hong Kong SAR",2001,sp,m,55-64,201,Smear Positive
"China, Hong Kong SAR",2001,sp,m,65+,519,Smear Positive
"China, Hong Kong SAR",2001,sp,f,0-14,13,Smear Positive
"China, Hong Kong SAR",2001,sp,f,15-24,88,Smear Positive
"China, Hong Kong SAR",2001,sp,f,25-34,119,Smear Positive
"China, Hong Kong SAR",2001,sp,f,35-44,83,Smear Positive
"China, Hong Kong SAR",2001,sp,f,45-54,58,Smear Positive
"China, Hong Kong SAR",2001,sp,f,55-64,34,Smear Positive
"China, Hong Kong SAR",2001,sp,f,65+,200,Smear Positive
"China, Hong Kong SAR",2002,sp,m,0-14,2,Smear Positive
"China, Hong Kong SAR",2002,sp,m,15-24,99,Smear Positive
"China, Hong Kong SAR",2002,sp,m,25-34,105,Smear Positive
"China, Hong Kong SAR",2002,sp,m,35-44,163,Smear Positive
"China, Hong Kong SAR",2002,sp,m,45-54,207,Smear Positive
"China, Hong Kong SAR",2002,sp,m,55-64,218,Smear Positive
"China, Hong Kong SAR",2002,sp,m,65+,543,Smear Positive
"China, Hong Kong SAR",2002,sp,f,0-14,8,Smear Positive
"China, Hong Kong SAR",2002,sp,f,15-24,97,Smear Positive
"China, Hong Kong SAR",2002,sp,f,25-34,115,Smear Positive
"China, Hong Kong SAR",2002,sp,f,35-44,90,Smear Positive
"China, Hong Kong SAR",2002,sp,f,45-54,57,Smear Positive
"China, Hong Kong SAR",2002,sp,f,55-64,35,Smear Positive
"China, Hong Kong SAR",2002,sp,f,65+,153,Smear Positive
"China, Hong Kong SAR",2003,sp,m,0-14,8,Smear Positive
"China, Hong Kong SAR",2003,sp,m,15-24,104,Smear Positive
"China, Hong Kong SAR",2003,sp,m,25-34,91,Smear Positive
"China, Hong Kong SAR",2003,sp,m,35-44,140,Smear Positive
"China, Hong Kong SAR",2003,sp,m,45-54,195,Smear Positive
"China, Hong Kong SAR",2003,sp,m,55-64,180,Smear Positive
"China, Hong Kong SAR",2003,sp,m,65+,472,Smear Positive
"China, Hong Kong SAR",2003,sp,f,0-14,10,Smear Positive
"China, Hong Kong SAR",2003,sp,f,15-24,88,Smear Positive
"China, Hong Kong SAR",2003,sp,f,25-34,136,Smear Positive
"China, Hong Kong SAR",2003,sp,f,35-44,102,Smear Positive
"China, Hong Kong SAR",2003,sp,f,45-54,65,Smear Positive
"China, Hong Kong SAR",2003,sp,f,55-64,43,Smear Positive
"China, Hong Kong SAR",2003,sp,f,65+,160,Smear Positive
"China, Hong Kong SAR",2004,sp,m,0-14,3,Smear Positive
"China, Hong Kong SAR",2004,sp,m,15-24,59,Smear Positive
"China, Hong Kong SAR",2004,sp,m,25-34,94,Smear Positive
"China, Hong Kong SAR",2004,sp,m,35-44,128,Smear Positive
"China, Hong Kong SAR",2004,sp,m,45-54,226,Smear Positive
"China, Hong Kong SAR",2004,sp,m,55-64,175,Smear Positive
"China, Hong Kong SAR",2004,sp,m,65+,477,Smear Positive
"China, Hong Kong SAR",2004,sp,f,0-14,6,Smear Positive
"China, Hong Kong SAR",2004,sp,f,15-24,97,Smear Positive
"China, Hong Kong SAR",2004,sp,f,25-34,112,Smear Positive
"China, Hong Kong SAR",2004,sp,f,35-44,87,Smear Positive
"China, Hong Kong SAR",2004,sp,f,45-54,56,Smear Positive
"China, Hong Kong SAR",2004,sp,f,55-64,34,Smear Positive
"China, Hong Kong SAR",2004,sp,f,65+,140,Smear Positive
"China, Hong Kong SAR",2005,sp,m,0-14,3,Smear Positive
"China, Hong Kong SAR",2005,sp,m,15-24,76,Smear Positive
"China, Hong Kong SAR",2005,sp,m,25-34,84,Smear Positive
"China, Hong Kong SAR",2005,sp,m,35-44,108,Smear Positive
"China, Hong Kong SAR",2005,sp,m,45-54,200,Smear Positive
"China, Hong Kong SAR",2005,sp,m,55-64,168,Smear Positive
"China, Hong Kong SAR",2005,sp,m,65+,453,Smear Positive
"China, Hong Kong SAR",2005,sp,f,0-14,3,Smear Positive
"China, Hong Kong SAR",2005,sp,f,15-24,67,Smear Positive
"China, Hong Kong SAR",2005,sp,f,25-34,81,Smear Positive
"China, Hong Kong SAR",2005,sp,f,35-44,92,Smear Positive
"China, Hong Kong SAR",2005,sp,f,45-54,57,Smear Positive
"China, Hong Kong SAR",2005,sp,f,55-64,34,Smear Positive
"China, Hong Kong SAR",2005,sp,f,65+,135,Smear Positive
"China, Hong Kong SAR",2005,sn,m,0-14,19,Smear Negative
"China, Hong Kong SAR",2005,sn,m,15-24,177,Smear Negative
"China, Hong Kong SAR",2005,sn,m,25-34,190,Smear Negative
"China, Hong Kong SAR",2005,sn,m,35-44,213,Smear Negative
"China, Hong Kong SAR",2005,sn,m,45-54,264,Smear Negative
"China, Hong Kong SAR",2005,sn,m,55-64,283,Smear Negative
"China, Hong Kong SAR",2005,sn,m,65+,907,Smear Negative
"China, Hong Kong SAR",2005,sn,f,0-14,14,Smear Negative
"China, Hong Kong SAR",2005,sn,f,15-24,172,Smear Negative
"China, Hong Kong SAR",2005,sn,f,25-34,237,Smear Negative
"China, Hong Kong SAR",2005,sn,f,35-44,148,Smear Negative
"China, Hong Kong SAR",2005,sn,f,45-54,123,Smear Negative
"China, Hong Kong SAR",2005,sn,f,55-64,78,Smear Negative
"China, Hong Kong SAR",2005,sn,f,65+,354,Smear Negative
"China, Hong Kong SAR",2005,ep,m,0-14,11,Extrapulmonary
"China, Hong Kong SAR",2005,ep,m,15-24,26,Extrapulmonary
"China, Hong Kong SAR",2005,ep,m,25-34,40,Extrapulmonary
"China, Hong Kong SAR",2005,ep,m,35-44,38,Extrapulmonary
"China, Hong Kong SAR",2005,ep,m,45-54,40,Extrapulmonary
"China, Hong Kong SAR",2005,ep,m,55-64,37,Extrapulmonary
"China, Hong Kong SAR",2005,ep,m,65+,78,Extrapulmonary
"China, Hong Kong SAR",2005,ep,f,0-14,10,Extrapulmonary
"China, Hong Kong SAR",2005,ep,f,15-24,30,Extrapulmonary
"China, Hong Kong SAR",2005,ep,f,25-34,85,Extrapulmonary
"China, Hong Kong SAR",2005,ep,f,35-44,83,Extrapulmonary
"China, Hong Kong SAR",2005,ep,f,45-54,90,Extrapulmonary
"China, Hong Kong SAR",2005,ep,f,55-64,46,Extrapulmonary
"China, Hong Kong SAR",2005,ep,f,65+,87,Extrapulmonary
"China, Hong Kong SAR",2006,sp,m,0-14,3,Smear Positive
"China, Hong Kong SAR",2006,sp,m,15-24,75,Smear Positive
"China, Hong Kong SAR",2006,sp,m,25-34,84,Smear Positive
"China, Hong Kong SAR",2006,sp,m,35-44,135,Smear Positive
"China, Hong Kong SAR",2006,sp,m,45-54,174,Smear Positive
"China, Hong Kong SAR",2006,sp,m,55-64,161,Smear Positive
"China, Hong Kong SAR",2006,sp,m,65+,439,Smear Positive
"China, Hong Kong SAR",2006,sp,f,0-14,9,Smear Positive
"China, Hong Kong SAR",2006,sp,f,15-24,59,Smear Positive
"China, Hong Kong SAR",2006,sp,f,25-34,97,Smear Positive
"China, Hong Kong SAR",2006,sp,f,35-44,73,Smear Positive
"China, Hong Kong SAR",2006,sp,f,45-54,54,Smear Positive
"China, Hong Kong SAR",2006,sp,f,55-64,42,Smear Positive
"China, Hong Kong SAR",2006,sp,f,65+,132,Smear Positive
"China, Hong Kong SAR",2006,sn,m,0-14,13,Smear Negative
"China, Hong Kong SAR",2006,sn,m,15-24,110,Smear Negative
"China, Hong Kong SAR",2006,sn,m,25-34,177,Smear Negative
"China, Hong Kong SAR",2006,sn,m,35-44,187,Smear Negative
"China, Hong Kong SAR",2006,sn,m,45-54,264,Smear Negative
"China, Hong Kong SAR",2006,sn,m,55-64,279,Smear Negative
"China, Hong Kong SAR",2006,sn,m,65+,888,Smear Negative
"China, Hong Kong SAR",2006,sn,f,0-14,16,Smear Negative
"China, Hong Kong SAR",2006,sn,f,15-24,129,Smear Negative
"China, Hong Kong SAR",2006,sn,f,25-34,193,Smear Negative
"China, Hong Kong SAR",2006,sn,f,35-44,163,Smear Negative
"China, Hong Kong SAR",2006,sn,f,45-54,109,Smear Negative
"China, Hong Kong SAR",2006,sn,f,55-64,76,Smear Negative
"China, Hong Kong SAR",2006,sn,f,65+,304,Smear Negative
"China, Hong Kong SAR",2006,ep,m,0-14,2,Extrapulmonary
"China, Hong Kong SAR",2006,ep,m,15-24,27,Extrapulmonary
"China, Hong Kong SAR",2006,ep,m,25-34,35,Extrapulmonary
"China, Hong Kong SAR",2006,ep,m,35-44,40,Extrapulmonary
"China, Hong Kong SAR",2006,ep,m,45-54,36,Extrapulmonary
"China, Hong Kong SAR",2006,ep,m,55-64,43,Extrapulmonary
"China, Hong Kong SAR",2006,ep,m,65+,101,Extrapulmonary
"China, Hong Kong SAR",2006,ep,f,0-14,4,Extrapulmonary
"China, Hong Kong SAR",2006,ep,f,15-24,30,Extrapulmonary
"China, Hong Kong SAR",2006,ep,f,25-34,75,Extrapulmonary
"China, Hong Kong SAR",2006,ep,f,35-44,78,Extrapulmonary
"China, Hong Kong SAR",2006,ep,f,45-54,79,Extrapulmonary
"China, Hong Kong SAR",2006,ep,f,55-64,55,Extrapulmonary
"China, Hong Kong SAR",2006,ep,f,65+,92,Extrapulmonary
"China, Hong Kong SAR",2007,sp,m,0-14,5,Smear Positive
"China, Hong Kong SAR",2007,sp,m,15-24,63,Smear Positive
"China, Hong Kong SAR",2007,sp,m,25-34,80,Smear Positive
"China, Hong Kong SAR",2007,sp,m,35-44,110,Smear Positive
"China, Hong Kong SAR",2007,sp,m,45-54,177,Smear Positive
"China, Hong Kong SAR",2007,sp,m,55-64,175,Smear Positive
"China, Hong Kong SAR",2007,sp,m,65+,425,Smear Positive
"China, Hong Kong SAR",2007,sp,f,0-14,1,Smear Positive
"China, Hong Kong SAR",2007,sp,f,15-24,59,Smear Positive
"China, Hong Kong SAR",2007,sp,f,25-34,94,Smear Positive
"China, Hong Kong SAR",2007,sp,f,35-44,74,Smear Positive
"China, Hong Kong SAR",2007,sp,f,45-54,64,Smear Positive
"China, Hong Kong SAR",2007,sp,f,55-64,37,Smear Positive
"China, Hong Kong SAR",2007,sp,f,65+,137,Smear Positive
"China, Hong Kong SAR",2007,sn,m,0-14,15,Smear Negative
"China, Hong Kong SAR",2007,sn,m,15-24,108,Smear Negative
"China, Hong Kong SAR",2007,sn,m,25-34,152,Smear Negative
"China, Hong Kong SAR",2007,sn,m,35-44,146,Smear Negative
"China, Hong Kong SAR",2007,sn,m,45-54,257,Smear Negative
"China, Hong Kong SAR",2007,sn,m,55-64,259,Smear Negative
"China, Hong Kong SAR",2007,sn,m,65+,863,Smear Negative
"China, Hong Kong SAR",2007,sn,f,0-14,11,Smear Negative
"China, Hong Kong SAR",2007,sn,f,15-24,112,Smear Negative
"China, Hong Kong SAR",2007,sn,f,25-34,183,Smear Negative
"China, Hong Kong SAR",2007,sn,f,35-44,147,Smear Negative
"China, Hong Kong SAR",2007,sn,f,45-54,105,Smear Negative
"China, Hong Kong SAR",2007,sn,f,55-64,75,Smear Negative
"China, Hong Kong SAR",2007,sn,f,65+,346,Smear Negative
"China, Hong Kong SAR",2007,ep,m,0-14,8,Extrapulmonary
"China, Hong Kong SAR",2007,ep,m,15-24,20,Extrapulmonary
"China, Hong Kong SAR",2007,ep,m,25-34,21,Extrapulmonary
"China, Hong Kong SAR",2007,ep,m,35-44,38,Extrapulmonary
"China, Hong Kong SAR",2007,ep,m,45-54,48,Extrapulmonary
"China, Hong Kong SAR",2007,ep,m,55-64,45,Extrapulmonary
"China, Hong Kong SAR",2007,ep,m,65+,80,Extrapulmonary
"China, Hong Kong SAR",2007,ep,f,0-14,9,Extrapulmonary
"China, Hong Kong SAR",2007,ep,f,15-24,35,Extrapulmonary
"China, Hong Kong SAR",2007,ep,f,25-34,85,Extrapulmonary
"China, Hong Kong SAR",2007,ep,f,35-44,74,Extrapulmonary
"China, Hong Kong SAR",2007,ep,f,45-54,76,Extrapulmonary
"China, Hong Kong SAR",2007,ep,f,55-64,49,Extrapulmonary
"China, Hong Kong SAR",2007,ep,f,65+,105,Extrapulmonary
"China, Hong Kong SAR",2008,sp,m,0-14,0,Smear Positive
"China, Hong Kong SAR",2008,sp,m,15-24,59,Smear Positive
"China, Hong Kong SAR",2008,sp,m,25-34,79,Smear Positive
"China, Hong Kong SAR",2008,sp,m,35-44,95,Smear Positive
"China, Hong Kong SAR",2008,sp,m,45-54,166,Smear Positive
"China, Hong Kong SAR",2008,sp,m,55-64,208,Smear Positive
"China, Hong Kong SAR",2008,sp,m,65+,414,Smear Positive
"China, Hong Kong SAR",2008,sp,f,0-14,8,Smear Positive
"China, Hong Kong SAR",2008,sp,f,15-24,65,Smear Positive
"China, Hong Kong SAR",2008,sp,f,25-34,84,Smear Positive
"China, Hong Kong SAR",2008,sp,f,35-44,65,Smear Positive
"China, Hong Kong SAR",2008,sp,f,45-54,45,Smear Positive
"China, Hong Kong SAR",2008,sp,f,55-64,40,Smear Positive
"China, Hong Kong SAR",2008,sp,f,65+,131,Smear Positive
"China, Hong Kong SAR",2008,sn,m,0-14,9,Smear Negative
"China, Hong Kong SAR",2008,sn,m,15-24,117,Smear Negative
"China, Hong Kong SAR",2008,sn,m,25-34,151,Smear Negative
"China, Hong Kong SAR",2008,sn,m,35-44,201,Smear Negative
"China, Hong Kong SAR",2008,sn,m,45-54,264,Smear Negative
"China, Hong Kong SAR",2008,sn,m,55-64,247,Smear Negative
"China, Hong Kong SAR",2008,sn,m,65+,959,Smear Negative
"China, Hong Kong SAR",2008,sn,f,0-14,17,Smear Negative
"China, Hong Kong SAR",2008,sn,f,15-24,118,Smear Negative
"China, Hong Kong SAR",2008,sn,f,25-34,183,Smear Negative
"China, Hong Kong SAR",2008,sn,f,35-44,134,Smear Negative
"China, Hong Kong SAR",2008,sn,f,45-54,138,Smear Negative
"China, Hong Kong SAR",2008,sn,f,55-64,95,Smear Negative
"China, Hong Kong SAR",2008,sn,f,65+,348,Smear Negative
"China, Hong Kong SAR",2008,ep,m,0-14,7,Extrapulmonary
"China, Hong Kong SAR",2008,ep,m,15-24,19,Extrapulmonary
"China, Hong Kong SAR",2008,ep,m,25-34,35,Extrapulmonary
"China, Hong Kong SAR",2008,ep,m,35-44,33,Extrapulmonary
"China, Hong Kong SAR",2008,ep,m,45-54,43,Extrapulmonary
"China, Hong Kong SAR",2008,ep,m,55-64,42,Extrapulmonary
"China, Hong Kong SAR",2008,ep,m,65+,104,Extrapulmonary
"China, Hong Kong SAR",2008,ep,f,0-14,6,Extrapulmonary
"China, Hong Kong SAR",2008,ep,f,15-24,30,Extrapulmonary
"China, Hong Kong SAR",2008,ep,f,25-34,91,Extrapulmonary
"China, Hong Kong SAR",2008,ep,f,35-44,72,Extrapulmonary
"China, Hong Kong SAR",2008,ep,f,45-54,93,Extrapulmonary
"China, Hong Kong SAR",2008,ep,f,55-64,55,Extrapulmonary
"China, Hong Kong SAR",2008,ep,f,65+,98,Extrapulmonary
"China, Hong Kong SAR",2009,sp,m,0-14,3,Smear Positive
"China, Hong Kong SAR",2009,sp,m,15-24,53,Smear Positive
"China, Hong Kong SAR",2009,sp,m,25-34,64,Smear Positive
"China, Hong Kong SAR",2009,sp,m,35-44,79,Smear Positive
"China, Hong Kong SAR",2009,sp,m,45-54,176,Smear Positive
"China, Hong Kong SAR",2009,sp,m,55-64,179,Smear Positive
"China, Hong Kong SAR",2009,sp,m,65+,413,Smear Positive
"China, Hong Kong SAR",2009,sp,f,0-14,7,Smear Positive
"China, Hong Kong SAR",2009,sp,f,15-24,56,Smear Positive
"China, Hong Kong SAR",2009,sp,f,25-34,107,Smear Positive
"China, Hong Kong SAR",2009,sp,f,35-44,82,Smear Positive
"China, Hong Kong SAR",2009,sp,f,45-54,56,Smear Positive
"China, Hong Kong SAR",2009,sp,f,55-64,39,Smear Positive
"China, Hong Kong SAR",2009,sp,f,65+,130,Smear Positive
"China, Hong Kong SAR",2009,sn,m,0-14,8,Smear Negative
"China, Hong Kong SAR",2009,sn,m,15-24,107,Smear Negative
"China, Hong Kong SAR",2009,sn,m,25-34,134,Smear Negative
"China, Hong Kong SAR",2009,sn,m,35-44,159,Smear Negative
"China, Hong Kong SAR",2009,sn,m,45-54,220,Smear Negative
"China, Hong Kong SAR",2009,sn,m,55-64,256,Smear Negative
"China, Hong Kong SAR",2009,sn,m,65+,803,Smear Negative
"China, Hong Kong SAR",2009,sn,f,0-14,16,Smear Negative
"China, Hong Kong SAR",2009,sn,f,15-24,89,Smear Negative
"China, Hong Kong SAR",2009,sn,f,25-34,189,Smear Negative
"China, Hong Kong SAR",2009,sn,f,35-44,132,Smear Negative
"China, Hong Kong SAR",2009,sn,f,45-54,123,Smear Negative
"China, Hong Kong SAR",2009,sn,f,55-64,91,Smear Negative
"China, Hong Kong SAR",2009,sn,f,65+,346,Smear Negative
"China, Hong Kong SAR",2009,ep,m,0-14,7,Extrapulmonary
"China, Hong Kong SAR",2009,ep,m,15-24,24,Extrapulmonary
"China, Hong Kong SAR",2009,ep,m,25-34,37,Extrapulmonary
"China, Hong Kong SAR",2009,ep,m,35-44,34,Extrapulmonary
"China, Hong Kong SAR",2009,ep,m,45-54,50,Extrapulmonary
"China, Hong Kong SAR",2009,ep,m,55-64,42,Extrapulmonary
"China, Hong Kong SAR",2009,ep,m,65+,93,Extrapulmonary
"China, Hong Kong SAR",2009,ep,f,0-14,5,Extrapulmonary
"China, Hong Kong SAR",2009,ep,f,15-24,25,Extrapulmonary
"China, Hong Kong SAR",2009,ep,f,25-34,89,Extrapulmonary
"China, Hong Kong SAR",2009,ep,f,35-44,58,Extrapulmonary
"China, Hong Kong SAR",2009,ep,f,45-54,81,Extrapulmonary
"China, Hong Kong SAR",2009,ep,f,55-64,59,Extrapulmonary
"China, Hong Kong SAR",2009,ep,f,65+,118,Extrapulmonary
"China, Hong Kong SAR",2010,sp,m,0-14,2,Smear Positive
"China, Hong Kong SAR",2010,sp,m,15-24,52,Smear Positive
"China, Hong Kong SAR",2010,sp,m,25-34,84,Smear Positive
"China, Hong Kong SAR",2010,sp,m,35-44,99,Smear Positive
"China, Hong Kong SAR",2010,sp,m,45-54,184,Smear Positive
"China, Hong Kong SAR",2010,sp,m,55-64,166,Smear Positive
"China, Hong Kong SAR",2010,sp,m,65+,413,Smear Positive
"China, Hong Kong SAR",2010,sp,f,0-14,3,Smear Positive
"China, Hong Kong SAR",2010,sp,f,15-24,49,Smear Positive
"China, Hong Kong SAR",2010,sp,f,25-34,101,Smear Positive
"China, Hong Kong SAR",2010,sp,f,35-44,76,Smear Positive
"China, Hong Kong SAR",2010,sp,f,45-54,64,Smear Positive
"China, Hong Kong SAR",2010,sp,f,55-64,49,Smear Positive
"China, Hong Kong SAR",2010,sp,f,65+,133,Smear Positive
"China, Hong Kong SAR",2010,sn,m,0-14,17,Smear Negative
"China, Hong Kong SAR",2010,sn,m,15-24,95,Smear Negative
"China, Hong Kong SAR",2010,sn,m,25-34,119,Smear Negative
"China, Hong Kong SAR",2010,sn,m,35-44,130,Smear Negative
"China, Hong Kong SAR",2010,sn,m,45-54,208,Smear Negative
"China, Hong Kong SAR",2010,sn,m,55-64,224,Smear Negative
"China, Hong Kong SAR",2010,sn,m,65+,711,Smear Negative
"China, Hong Kong SAR",2010,sn,f,0-14,14,Smear Negative
"China, Hong Kong SAR",2010,sn,f,15-24,112,Smear Negative
"China, Hong Kong SAR",2010,sn,f,25-34,124,Smear Negative
"China, Hong Kong SAR",2010,sn,f,35-44,136,Smear Negative
"China, Hong Kong SAR",2010,sn,f,45-54,108,Smear Negative
"China, Hong Kong SAR",2010,sn,f,55-64,80,Smear Negative
"China, Hong Kong SAR",2010,sn,f,65+,274,Smear Negative
"China, Hong Kong SAR",2010,ep,m,0-14,2,Extrapulmonary
"China, Hong Kong SAR",2010,ep,m,15-24,16,Extrapulmonary
"China, Hong Kong SAR",2010,ep,m,25-34,42,Extrapulmonary
"China, Hong Kong SAR",2010,ep,m,35-44,46,Extrapulmonary
"China, Hong Kong SAR",2010,ep,m,45-54,45,Extrapulmonary
"China, Hong Kong SAR",2010,ep,m,55-64,48,Extrapulmonary
"China, Hong Kong SAR",2010,ep,m,65+,151,Extrapulmonary
"China, Hong Kong SAR",2010,ep,f,0-14,6,Extrapulmonary
"China, Hong Kong SAR",2010,ep,f,15-24,21,Extrapulmonary
"China, Hong Kong SAR",2010,ep,f,25-34,79,Extrapulmonary
"China, Hong Kong SAR",2010,ep,f,35-44,80,Extrapulmonary
"China, Hong Kong SAR",2010,ep,f,45-54,80,Extrapulmonary
"China, Hong Kong SAR",2010,ep,f,55-64,64,Extrapulmonary
"China, Hong Kong SAR",2010,ep,f,65+,112,Extrapulmonary
"China, Hong Kong SAR",2011,sp,m,0-14,2,Smear Positive
"China, Hong Kong SAR",2011,sp,m,15-24,72,Smear Positive
"China, Hong Kong SAR",2011,sp,m,25-34,52,Smear Positive
"China, Hong Kong SAR",2011,sp,m,35-44,63,Smear Positive
"China, Hong Kong SAR",2011,sp,m,45-54,172,Smear Positive
"China, Hong Kong SAR",2011,sp,m,55-64,189,Smear Positive
"China, Hong Kong SAR",2011,sp,m,65+,384,Smear Positive
"China, Hong Kong SAR",2011,sp,f,0-14,3,Smear Positive
"China, Hong Kong SAR",2011,sp,f,15-24,56,Smear Positive
"China, Hong Kong SAR",2011,sp,f,25-34,89,Smear Positive
"China, Hong Kong SAR",2011,sp,f,35-44,69,Smear Positive
"China, Hong Kong SAR",2011,sp,f,45-54,60,Smear Positive
"China, Hong Kong SAR",2011,sp,f,55-64,53,Smear Positive
"China, Hong Kong SAR",2011,sp,f,65+,116,Smear Positive
"China, Hong Kong SAR",2011,sn,m,0-14,9,Smear Negative
"China, Hong Kong SAR",2011,sn,m,15-24,96,Smear Negative
"China, Hong Kong SAR",2011,sn,m,25-34,105,Smear Negative
"China, Hong Kong SAR",2011,sn,m,35-44,109,Smear Negative
"China, Hong Kong SAR",2011,sn,m,45-54,206,Smear Negative
"China, Hong Kong SAR",2011,sn,m,55-64,253,Smear Negative
"China, Hong Kong SAR",2011,sn,m,65+,715,Smear Negative
"China, Hong Kong SAR",2011,sn,f,0-14,8,Smear Negative
"China, Hong Kong SAR",2011,sn,f,15-24,69,Smear Negative
"China, Hong Kong SAR",2011,sn,f,25-34,158,Smear Negative
"China, Hong Kong SAR",2011,sn,f,35-44,105,Smear Negative
"China, Hong Kong SAR",2011,sn,f,45-54,94,Smear Negative
"China, Hong Kong SAR",2011,sn,f,55-64,87,Smear Negative
"China, Hong Kong SAR",2011,sn,f,65+,230,Smear Negative
"China, Hong Kong SAR",2011,ep,m,0-14,7,Extrapulmonary
"China, Hong Kong SAR",2011,ep,m,15-24,24,Extrapulmonary
"China, Hong Kong SAR",2011,ep,m,25-34,43,Extrapulmonary
"China, Hong Kong SAR",2011,ep,m,35-44,32,Extrapulmonary
"China, Hong Kong SAR",2011,ep,m,45-54,54,Extrapulmonary
"China, Hong Kong SAR",2011,ep,m,55-64,64,Extrapulmonary
"China, Hong Kong SAR",2011,ep,m,65+,137,Extrapulmonary
"China, Hong Kong SAR",2011,ep,f,0-14,6,Extrapulmonary
"China, Hong Kong SAR",2011,ep,f,15-24,31,Extrapulmonary
"China, Hong Kong SAR",2011,ep,f,25-34,84,Extrapulmonary
"China, Hong Kong SAR",2011,ep,f,35-44,85,Extrapulmonary
"China, Hong Kong SAR",2011,ep,f,45-54,74,Extrapulmonary
"China, Hong Kong SAR",2011,ep,f,55-64,64,Extrapulmonary
"China, Hong Kong SAR",2011,ep,f,65+,110,Extrapulmonary
"China, Hong Kong SAR",2012,sp,m,0-14,4,Smear Positive
"China, Hong Kong SAR",2012,sp,m,15-24,63,Smear Positive
"China, Hong Kong SAR",2012,sp,m,25-34,67,Smear Positive
"China, Hong Kong SAR",2012,sp,m,35-44,95,Smear Positive
"China, Hong Kong SAR",2012,sp,m,45-54,174,Smear Positive
"China, Hong Kong SAR",2012,sp,m,55-64,178,Smear Positive
"China, Hong Kong SAR",2012,sp,m,65+,430,Smear Positive
"China, Hong Kong SAR",2012,sp,f,0-14,1,Smear Positive
"China, Hong Kong SAR",2012,sp,f,15-24,45,Smear Positive
"China, Hong Kong SAR",2012,sp,f,25-34,110,Smear Positive
"China, Hong Kong SAR",2012,sp,f,35-44,76,Smear Positive
"China, Hong Kong SAR",2012,sp,f,45-54,51,Smear Positive
"China, Hong Kong SAR",2012,sp,f,55-64,54,Smear Positive
"China, Hong Kong SAR",2012,sp,f,65+,115,Smear Positive
"China, Hong Kong SAR",2012,sn,m,0-14,5,Smear Negative
"China, Hong Kong SAR",2012,sn,m,15-24,75,Smear Negative
"China, Hong Kong SAR",2012,sn,m,25-34,99,Smear Negative
"China, Hong Kong SAR",2012,sn,m,35-44,118,Smear Negative
"China, Hong Kong SAR",2012,sn,m,45-54,194,Smear Negative
"China, Hong Kong SAR",2012,sn,m,55-64,233,Smear Negative
"China, Hong Kong SAR",2012,sn,m,65+,709,Smear Negative
"China, Hong Kong SAR",2012,sn,f,0-14,7,Smear Negative
"China, Hong Kong SAR",2012,sn,f,15-24,66,Smear Negative
"China, Hong Kong SAR",2012,sn,f,25-34,140,Smear Negative
"China, Hong Kong SAR",2012,sn,f,35-44,120,Smear Negative
"China, Hong Kong SAR",2012,sn,f,45-54,111,Smear Negative
"China, Hong Kong SAR",2012,sn,f,55-64,88,Smear Negative
"China, Hong Kong SAR",2012,sn,f,65+,241,Smear Negative
"China, Hong Kong SAR",2012,ep,m,0-14,7,Extrapulmonary
"China, Hong Kong SAR",2012,ep,m,15-24,33,Extrapulmonary
"China, Hong Kong SAR",2012,ep,m,25-34,30,Extrapulmonary
"China, Hong Kong SAR",2012,ep,m,35-44,33,Extrapulmonary
"China, Hong Kong SAR",2012,ep,m,45-54,39,Extrapulmonary
"China, Hong Kong SAR",2012,ep,m,55-64,55,Extrapulmonary
"China, Hong Kong SAR",2012,ep,m,65+,145,Extrapulmonary
"China, Hong Kong SAR",2012,ep,f,0-14,3,Extrapulmonary
"China, Hong Kong SAR",2012,ep,f,15-24,25,Extrapulmonary
"China, Hong Kong SAR",2012,ep,f,25-34,82,Extrapulmonary
"China, Hong Kong SAR",2012,ep,f,35-44,74,Extrapulmonary
"China, Hong Kong SAR",2012,ep,f,45-54,73,Extrapulmonary
"China, Hong Kong SAR",2012,ep,f,55-64,87,Extrapulmonary
"China, Hong Kong SAR",2012,ep,f,65+,131,Extrapulmonary
"China, Hong Kong SAR",2013,rel,m,0-14,19,Relapse
"China, Hong Kong SAR",2013,rel,m,15-24,197,Relapse
"China, Hong Kong SAR",2013,rel,m,25-34,200,Relapse
"China, Hong Kong SAR",2013,rel,m,35-44,234,Relapse
"China, Hong Kong SAR",2013,rel,m,45-54,406,Relapse
"China, Hong Kong SAR",2013,rel,m,55-64,593,Relapse
"China, Hong Kong SAR",2013,rel,m,65+,1299,Relapse
"China, Hong Kong SAR",2013,rel,f,0-14,15,Relapse
"China, Hong Kong SAR",2013,rel,f,15-24,140,Relapse
"China, Hong Kong SAR",2013,rel,f,25-34,346,Relapse
"China, Hong Kong SAR",2013,rel,f,35-44,285,Relapse
"China, Hong Kong SAR",2013,rel,f,45-54,219,Relapse
"China, Hong Kong SAR",2013,rel,f,55-64,242,Relapse
"China, Hong Kong SAR",2013,rel,f,65+,549,Relapse
"China, Macao SAR",1995,sp,m,0-14,0,Smear Positive
"China, Macao SAR",1995,sp,m,15-24,7,Smear Positive
"China, Macao SAR",1995,sp,m,25-34,19,Smear Positive
"China, Macao SAR",1995,sp,m,35-44,20,Smear Positive
"China, Macao SAR",1995,sp,m,45-54,13,Smear Positive
"China, Macao SAR",1995,sp,m,55-64,12,Smear Positive
"China, Macao SAR",1995,sp,m,65+,16,Smear Positive
"China, Macao SAR",1995,sp,f,0-14,0,Smear Positive
"China, Macao SAR",1995,sp,f,15-24,9,Smear Positive
"China, Macao SAR",1995,sp,f,25-34,18,Smear Positive
"China, Macao SAR",1995,sp,f,35-44,12,Smear Positive
"China, Macao SAR",1995,sp,f,45-54,4,Smear Positive
"China, Macao SAR",1995,sp,f,55-64,5,Smear Positive
"China, Macao SAR",1995,sp,f,65+,6,Smear Positive
"China, Macao SAR",1996,sp,m,0-14,1,Smear Positive
"China, Macao SAR",1996,sp,m,15-24,16,Smear Positive
"China, Macao SAR",1996,sp,m,25-34,29,Smear Positive
"China, Macao SAR",1996,sp,m,35-44,34,Smear Positive
"China, Macao SAR",1996,sp,m,45-54,20,Smear Positive
"China, Macao SAR",1996,sp,m,55-64,16,Smear Positive
"China, Macao SAR",1996,sp,m,65+,26,Smear Positive
"China, Macao SAR",1996,sp,f,0-14,0,Smear Positive
"China, Macao SAR",1996,sp,f,15-24,10,Smear Positive
"China, Macao SAR",1996,sp,f,25-34,21,Smear Positive
"China, Macao SAR",1996,sp,f,35-44,14,Smear Positive
"China, Macao SAR",1996,sp,f,45-54,3,Smear Positive
"China, Macao SAR",1996,sp,f,55-64,3,Smear Positive
"China, Macao SAR",1996,sp,f,65+,11,Smear Positive
"China, Macao SAR",1997,sp,m,0-14,1,Smear Positive
"China, Macao SAR",1997,sp,m,15-24,15,Smear Positive
"China, Macao SAR",1997,sp,m,25-34,38,Smear Positive
"China, Macao SAR",1997,sp,m,35-44,47,Smear Positive
"China, Macao SAR",1997,sp,m,45-54,37,Smear Positive
"China, Macao SAR",1997,sp,m,55-64,34,Smear Positive
"China, Macao SAR",1997,sp,m,65+,55,Smear Positive
"China, Macao SAR",1997,sp,f,0-14,4,Smear Positive
"China, Macao SAR",1997,sp,f,15-24,10,Smear Positive
"China, Macao SAR",1997,sp,f,25-34,16,Smear Positive
"China, Macao SAR",1997,sp,f,35-44,21,Smear Positive
"China, Macao SAR",1997,sp,f,45-54,5,Smear Positive
"China, Macao SAR",1997,sp,f,55-64,6,Smear Positive
"China, Macao SAR",1997,sp,f,65+,15,Smear Positive
"China, Macao SAR",1998,sp,m,0-14,0,Smear Positive
"China, Macao SAR",1998,sp,m,15-24,11,Smear Positive
"China, Macao SAR",1998,sp,m,25-34,26,Smear Positive
"China, Macao SAR",1998,sp,m,35-44,42,Smear Positive
"China, Macao SAR",1998,sp,m,45-54,23,Smear Positive
"China, Macao SAR",1998,sp,m,55-64,28,Smear Positive
"China, Macao SAR",1998,sp,m,65+,56,Smear Positive
"China, Macao SAR",1998,sp,f,0-14,1,Smear Positive
"China, Macao SAR",1998,sp,f,15-24,9,Smear Positive
"China, Macao SAR",1998,sp,f,25-34,13,Smear Positive
"China, Macao SAR",1998,sp,f,35-44,22,Smear Positive
"China, Macao SAR",1998,sp,f,45-54,6,Smear Positive
"China, Macao SAR",1998,sp,f,55-64,3,Smear Positive
"China, Macao SAR",1998,sp,f,65+,21,Smear Positive
"China, Macao SAR",2000,sp,m,0-14,0,Smear Positive
"China, Macao SAR",2000,sp,m,15-24,10,Smear Positive
"China, Macao SAR",2000,sp,m,25-34,8,Smear Positive
"China, Macao SAR",2000,sp,m,35-44,25,Smear Positive
"China, Macao SAR",2000,sp,m,45-54,22,Smear Positive
"China, Macao SAR",2000,sp,m,55-64,9,Smear Positive
"China, Macao SAR",2000,sp,m,65+,17,Smear Positive
"China, Macao SAR",2000,sp,f,0-14,0,Smear Positive
"China, Macao SAR",2000,sp,f,15-24,10,Smear Positive
"China, Macao SAR",2000,sp,f,25-34,4,Smear Positive
"China, Macao SAR",2000,sp,f,35-44,6,Smear Positive
"China, Macao SAR",2000,sp,f,45-54,6,Smear Positive
"China, Macao SAR",2000,sp,f,55-64,3,Smear Positive
"China, Macao SAR",2000,sp,f,65+,13,Smear Positive
"China, Macao SAR",2001,sp,m,0-14,0,Smear Positive
"China, Macao SAR",2001,sp,m,15-24,9,Smear Positive
"China, Macao SAR",2001,sp,m,25-34,17,Smear Positive
"China, Macao SAR",2001,sp,m,35-44,26,Smear Positive
"China, Macao SAR",2001,sp,m,45-54,25,Smear Positive
"China, Macao SAR",2001,sp,m,55-64,11,Smear Positive
"China, Macao SAR",2001,sp,m,65+,23,Smear Positive
"China, Macao SAR",2001,sp,f,0-14,1,Smear Positive
"China, Macao SAR",2001,sp,f,15-24,5,Smear Positive
"China, Macao SAR",2001,sp,f,25-34,7,Smear Positive
"China, Macao SAR",2001,sp,f,35-44,11,Smear Positive
"China, Macao SAR",2001,sp,f,45-54,10,Smear Positive
"China, Macao SAR",2001,sp,f,55-64,1,Smear Positive
"China, Macao SAR",2001,sp,f,65+,11,Smear Positive
"China, Macao SAR",2002,sp,m,0-14,1,Smear Positive
"China, Macao SAR",2002,sp,m,15-24,13,Smear Positive
"China, Macao SAR",2002,sp,m,25-34,8,Smear Positive
"China, Macao SAR",2002,sp,m,35-44,21,Smear Positive
"China, Macao SAR",2002,sp,m,45-54,20,Smear Positive
"China, Macao SAR",2002,sp,m,55-64,17,Smear Positive
"China, Macao SAR",2002,sp,m,65+,21,Smear Positive
"China, Macao SAR",2002,sp,f,0-14,1,Smear Positive
"China, Macao SAR",2002,sp,f,15-24,7,Smear Positive
"China, Macao SAR",2002,sp,f,25-34,10,Smear Positive
"China, Macao SAR",2002,sp,f,35-44,7,Smear Positive
"China, Macao SAR",2002,sp,f,45-54,9,Smear Positive
"China, Macao SAR",2002,sp,f,55-64,1,Smear Positive
"China, Macao SAR",2002,sp,f,65+,11,Smear Positive
"China, Macao SAR",2003,sp,m,0-14,0,Smear Positive
"China, Macao SAR",2003,sp,m,15-24,9,Smear Positive
"China, Macao SAR",2003,sp,m,25-34,9,Smear Positive
"China, Macao SAR",2003,sp,m,35-44,16,Smear Positive
"China, Macao SAR",2003,sp,m,45-54,27,Smear Positive
"China, Macao SAR",2003,sp,m,55-64,9,Smear Positive
"China, Macao SAR",2003,sp,m,65+,27,Smear Positive
"China, Macao SAR",2003,sp,f,0-14,0,Smear Positive
"China, Macao SAR",2003,sp,f,15-24,7,Smear Positive
"China, Macao SAR",2003,sp,f,25-34,7,Smear Positive
"China, Macao SAR",2003,sp,f,35-44,11,Smear Positive
"China, Macao SAR",2003,sp,f,45-54,7,Smear Positive
"China, Macao SAR",2003,sp,f,55-64,4,Smear Positive
"China, Macao SAR",2003,sp,f,65+,5,Smear Positive
"China, Macao SAR",2004,sp,m,0-14,0,Smear Positive
"China, Macao SAR",2004,sp,m,15-24,8,Smear Positive
"China, Macao SAR",2004,sp,m,25-34,7,Smear Positive
"China, Macao SAR",2004,sp,m,35-44,18,Smear Positive
"China, Macao SAR",2004,sp,m,45-54,31,Smear Positive
"China, Macao SAR",2004,sp,m,55-64,12,Smear Positive
"China, Macao SAR",2004,sp,m,65+,14,Smear Positive
"China, Macao SAR",2004,sp,f,0-14,0,Smear Positive
"China, Macao SAR",2004,sp,f,15-24,5,Smear Positive
"China, Macao SAR",2004,sp,f,25-34,7,Smear Positive
"China, Macao SAR",2004,sp,f,35-44,12,Smear Positive
"China, Macao SAR",2004,sp,f,45-54,3,Smear Positive
"China, Macao SAR",2004,sp,f,55-64,2,Smear Positive
"China, Macao SAR",2004,sp,f,65+,9,Smear Positive
"China, Macao SAR",2005,sp,m,0-14,3,Smear Positive
"China, Macao SAR",2005,sp,m,15-24,6,Smear Positive
"China, Macao SAR",2005,sp,m,25-34,9,Smear Positive
"China, Macao SAR",2005,sp,m,35-44,21,Smear Positive
"China, Macao SAR",2005,sp,m,45-54,23,Smear Positive
"China, Macao SAR",2005,sp,m,55-64,17,Smear Positive
"China, Macao SAR",2005,sp,m,65+,22,Smear Positive
"China, Macao SAR",2005,sp,f,0-14,0,Smear Positive
"China, Macao SAR",2005,sp,f,15-24,5,Smear Positive
"China, Macao SAR",2005,sp,f,25-34,9,Smear Positive
"China, Macao SAR",2005,sp,f,35-44,7,Smear Positive
"China, Macao SAR",2005,sp,f,45-54,8,Smear Positive
"China, Macao SAR",2005,sp,f,55-64,1,Smear Positive
"China, Macao SAR",2005,sp,f,65+,5,Smear Positive
"China, Macao SAR",2006,sp,m,0-14,0,Smear Positive
"China, Macao SAR",2006,sp,m,15-24,15,Smear Positive
"China, Macao SAR",2006,sp,m,25-34,6,Smear Positive
"China, Macao SAR",2006,sp,m,35-44,17,Smear Positive
"China, Macao SAR",2006,sp,m,45-54,32,Smear Positive
"China, Macao SAR",2006,sp,m,55-64,19,Smear Positive
"China, Macao SAR",2006,sp,m,65+,19,Smear Positive
"China, Macao SAR",2006,sp,f,0-14,1,Smear Positive
"China, Macao SAR",2006,sp,f,15-24,7,Smear Positive
"China, Macao SAR",2006,sp,f,25-34,8,Smear Positive
"China, Macao SAR",2006,sp,f,35-44,9,Smear Positive
"China, Macao SAR",2006,sp,f,45-54,4,Smear Positive
"China, Macao SAR",2006,sp,f,55-64,3,Smear Positive
"China, Macao SAR",2006,sp,f,65+,4,Smear Positive
"China, Macao SAR",2006,sn,m,0-14,2,Smear Negative
"China, Macao SAR",2006,sn,m,15-24,22,Smear Negative
"China, Macao SAR",2006,sn,m,25-34,10,Smear Negative
"China, Macao SAR",2006,sn,m,35-44,26,Smear Negative
"China, Macao SAR",2006,sn,m,45-54,18,Smear Negative
"China, Macao SAR",2006,sn,m,55-64,15,Smear Negative
"China, Macao SAR",2006,sn,m,65+,16,Smear Negative
"China, Macao SAR",2006,sn,f,0-14,0,Smear Negative
"China, Macao SAR",2006,sn,f,15-24,20,Smear Negative
"China, Macao SAR",2006,sn,f,25-34,4,Smear Negative
"China, Macao SAR",2006,sn,f,35-44,22,Smear Negative
"China, Macao SAR",2006,sn,f,45-54,9,Smear Negative
"China, Macao SAR",2006,sn,f,55-64,4,Smear Negative
"China, Macao SAR",2006,sn,f,65+,7,Smear Negative
"China, Macao SAR",2006,ep,m,0-14,0,Extrapulmonary
"China, Macao SAR",2006,ep,m,15-24,4,Extrapulmonary
"China, Macao SAR",2006,ep,m,25-34,5,Extrapulmonary
"China, Macao SAR",2006,ep,m,35-44,0,Extrapulmonary
"China, Macao SAR",2006,ep,m,45-54,6,Extrapulmonary
"China, Macao SAR",2006,ep,m,55-64,0,Extrapulmonary
"China, Macao SAR",2006,ep,m,65+,2,Extrapulmonary
"China, Macao SAR",2006,ep,f,0-14,1,Extrapulmonary
"China, Macao SAR",2006,ep,f,15-24,7,Extrapulmonary
"China, Macao SAR",2006,ep,f,25-34,5,Extrapulmonary
"China, Macao SAR",2006,ep,f,35-44,9,Extrapulmonary
"China, Macao SAR",2006,ep,f,45-54,3,Extrapulmonary
"China, Macao SAR",2006,ep,f,55-64,0,Extrapulmonary
"China, Macao SAR",2006,ep,f,65+,4,Extrapulmonary
"China, Macao SAR",2007,sp,m,0-14,0,Smear Positive
"China, Macao SAR",2007,sp,m,15-24,14,Smear Positive
"China, Macao SAR",2007,sp,m,25-34,12,Smear Positive
"China, Macao SAR",2007,sp,m,35-44,14,Smear Positive
"China, Macao SAR",2007,sp,m,45-54,30,Smear Positive
"China, Macao SAR",2007,sp,m,55-64,16,Smear Positive
"China, Macao SAR",2007,sp,m,65+,13,Smear Positive
"China, Macao SAR",2007,sp,f,0-14,2,Smear Positive
"China, Macao SAR",2007,sp,f,15-24,10,Smear Positive
"China, Macao SAR",2007,sp,f,25-34,4,Smear Positive
"China, Macao SAR",2007,sp,f,35-44,6,Smear Positive
"China, Macao SAR",2007,sp,f,45-54,8,Smear Positive
"China, Macao SAR",2007,sp,f,55-64,3,Smear Positive
"China, Macao SAR",2007,sp,f,65+,6,Smear Positive
"China, Macao SAR",2007,sn,m,0-14,0,Smear Negative
"China, Macao SAR",2007,sn,m,15-24,11,Smear Negative
"China, Macao SAR",2007,sn,m,25-34,13,Smear Negative
"China, Macao SAR",2007,sn,m,35-44,18,Smear Negative
"China, Macao SAR",2007,sn,m,45-54,25,Smear Negative
"China, Macao SAR",2007,sn,m,55-64,19,Smear Negative
"China, Macao SAR",2007,sn,m,65+,14,Smear Negative
"China, Macao SAR",2007,sn,f,0-14,1,Smear Negative
"China, Macao SAR",2007,sn,f,15-24,9,Smear Negative
"China, Macao SAR",2007,sn,f,25-34,13,Smear Negative
"China, Macao SAR",2007,sn,f,35-44,7,Smear Negative
"China, Macao SAR",2007,sn,f,45-54,4,Smear Negative
"China, Macao SAR",2007,sn,f,55-64,3,Smear Negative
"China, Macao SAR",2007,sn,f,65+,10,Smear Negative
"China, Macao SAR",2007,ep,m,15-24,4,Extrapulmonary
"China, Macao SAR",2007,ep,m,25-34,1,Extrapulmonary
"China, Macao SAR",2007,ep,m,35-44,2,Extrapulmonary
"China, Macao SAR",2007,ep,m,45-54,2,Extrapulmonary
"China, Macao SAR",2007,ep,m,55-64,2,Extrapulmonary
"China, Macao SAR",2007,ep,m,65+,3,Extrapulmonary
"China, Macao SAR",2007,ep,f,15-24,1,Extrapulmonary
"China, Macao SAR",2007,ep,f,25-34,4,Extrapulmonary
"China, Macao SAR",2007,ep,f,35-44,3,Extrapulmonary
"China, Macao SAR",2007,ep,f,45-54,5,Extrapulmonary
"China, Macao SAR",2007,ep,f,55-64,1,Extrapulmonary
"China, Macao SAR",2007,ep,f,65+,1,Extrapulmonary
"China, Macao SAR",2008,sp,m,0-14,1,Smear Positive
"China, Macao SAR",2008,sp,m,15-24,18,Smear Positive
"China, Macao SAR",2008,sp,m,25-34,12,Smear Positive
"China, Macao SAR",2008,sp,m,35-44,10,Smear Positive
"China, Macao SAR",2008,sp,m,45-54,29,Smear Positive
"China, Macao SAR",2008,sp,m,55-64,19,Smear Positive
"China, Macao SAR",2008,sp,m,65+,13,Smear Positive
"China, Macao SAR",2008,sp,f,0-14,2,Smear Positive
"China, Macao SAR",2008,sp,f,15-24,7,Smear Positive
"China, Macao SAR",2008,sp,f,25-34,6,Smear Positive
"China, Macao SAR",2008,sp,f,35-44,5,Smear Positive
"China, Macao SAR",2008,sp,f,45-54,6,Smear Positive
"China, Macao SAR",2008,sp,f,55-64,6,Smear Positive
"China, Macao SAR",2008,sp,f,65+,5,Smear Positive
"China, Macao SAR",2008,sn,m,0-14,1,Smear Negative
"China, Macao SAR",2008,sn,m,15-24,21,Smear Negative
"China, Macao SAR",2008,sn,m,25-34,15,Smear Negative
"China, Macao SAR",2008,sn,m,35-44,11,Smear Negative
"China, Macao SAR",2008,sn,m,45-54,28,Smear Negative
"China, Macao SAR",2008,sn,m,55-64,16,Smear Negative
"China, Macao SAR",2008,sn,m,65+,14,Smear Negative
"China, Macao SAR",2008,sn,f,0-14,0,Smear Negative
"China, Macao SAR",2008,sn,f,15-24,12,Smear Negative
"China, Macao SAR",2008,sn,f,25-34,8,Smear Negative
"China, Macao SAR",2008,sn,f,35-44,9,Smear Negative
"China, Macao SAR",2008,sn,f,45-54,8,Smear Negative
"China, Macao SAR",2008,sn,f,55-64,5,Smear Negative
"China, Macao SAR",2008,sn,f,65+,2,Smear Negative
"China, Macao SAR",2008,ep,m,0-14,0,Extrapulmonary
"China, Macao SAR",2008,ep,m,15-24,3,Extrapulmonary
"China, Macao SAR",2008,ep,m,25-34,3,Extrapulmonary
"China, Macao SAR",2008,ep,m,35-44,4,Extrapulmonary
"China, Macao SAR",2008,ep,m,45-54,4,Extrapulmonary
"China, Macao SAR",2008,ep,m,55-64,1,Extrapulmonary
"China, Macao SAR",2008,ep,m,65+,3,Extrapulmonary
"China, Macao SAR",2008,ep,f,0-14,0,Extrapulmonary
"China, Macao SAR",2008,ep,f,15-24,4,Extrapulmonary
"China, Macao SAR",2008,ep,f,25-34,8,Extrapulmonary
"China, Macao SAR",2008,ep,f,35-44,7,Extrapulmonary
"China, Macao SAR",2008,ep,f,45-54,8,Extrapulmonary
"China, Macao SAR",2008,ep,f,55-64,1,Extrapulmonary
"China, Macao SAR",2008,ep,f,65+,3,Extrapulmonary
"China, Macao SAR",2009,sp,m,0-14,0,Smear Positive
"China, Macao SAR",2009,sp,m,15-24,12,Smear Positive
"China, Macao SAR",2009,sp,m,25-34,12,Smear Positive
"China, Macao SAR",2009,sp,m,35-44,8,Smear Positive
"China, Macao SAR",2009,sp,m,45-54,24,Smear Positive
"China, Macao SAR",2009,sp,m,55-64,15,Smear Positive
"China, Macao SAR",2009,sp,m,65+,10,Smear Positive
"China, Macao SAR",2009,sp,f,0-14,1,Smear Positive
"China, Macao SAR",2009,sp,f,15-24,5,Smear Positive
"China, Macao SAR",2009,sp,f,25-34,10,Smear Positive
"China, Macao SAR",2009,sp,f,35-44,5,Smear Positive
"China, Macao SAR",2009,sp,f,45-54,6,Smear Positive
"China, Macao SAR",2009,sp,f,55-64,3,Smear Positive
"China, Macao SAR",2009,sp,f,65+,5,Smear Positive
"China, Macao SAR",2009,sn,m,0-14,0,Smear Negative
"China, Macao SAR",2009,sn,m,15-24,18,Smear Negative
"China, Macao SAR",2009,sn,m,25-34,9,Smear Negative
"China, Macao SAR",2009,sn,m,35-44,9,Smear Negative
"China, Macao SAR",2009,sn,m,45-54,27,Smear Negative
"China, Macao SAR",2009,sn,m,55-64,12,Smear Negative
"China, Macao SAR",2009,sn,m,65+,8,Smear Negative
"China, Macao SAR",2009,sn,f,0-14,1,Smear Negative
"China, Macao SAR",2009,sn,f,15-24,13,Smear Negative
"China, Macao SAR",2009,sn,f,25-34,11,Smear Negative
"China, Macao SAR",2009,sn,f,35-44,11,Smear Negative
"China, Macao SAR",2009,sn,f,45-54,5,Smear Negative
"China, Macao SAR",2009,sn,f,55-64,2,Smear Negative
"China, Macao SAR",2009,sn,f,65+,4,Smear Negative
"China, Macao SAR",2009,ep,m,0-14,1,Extrapulmonary
"China, Macao SAR",2009,ep,m,15-24,3,Extrapulmonary
"China, Macao SAR",2009,ep,m,25-34,4,Extrapulmonary
"China, Macao SAR",2009,ep,m,35-44,3,Extrapulmonary
"China, Macao SAR",2009,ep,m,45-54,3,Extrapulmonary
"China, Macao SAR",2009,ep,m,55-64,3,Extrapulmonary
"China, Macao SAR",2009,ep,m,65+,7,Extrapulmonary
"China, Macao SAR",2009,ep,f,0-14,0,Extrapulmonary
"China, Macao SAR",2009,ep,f,15-24,4,Extrapulmonary
"China, Macao SAR",2009,ep,f,25-34,5,Extrapulmonary
"China, Macao SAR",2009,ep,f,35-44,4,Extrapulmonary
"China, Macao SAR",2009,ep,f,45-54,6,Extrapulmonary
"China, Macao SAR",2009,ep,f,55-64,1,Extrapulmonary
"China, Macao SAR",2009,ep,f,65+,1,Extrapulmonary
"China, Macao SAR",2010,sp,m,0-14,0,Smear Positive
"China, Macao SAR",2010,sp,m,15-24,17,Smear Positive
"China, Macao SAR",2010,sp,m,25-34,5,Smear Positive
"China, Macao SAR",2010,sp,m,35-44,7,Smear Positive
"China, Macao SAR",2010,sp,m,45-54,22,Smear Positive
"China, Macao SAR",2010,sp,m,55-64,20,Smear Positive
"China, Macao SAR",2010,sp,m,65+,11,Smear Positive
"China, Macao SAR",2010,sp,f,0-14,0,Smear Positive
"China, Macao SAR",2010,sp,f,15-24,7,Smear Positive
"China, Macao SAR",2010,sp,f,25-34,6,Smear Positive
"China, Macao SAR",2010,sp,f,35-44,10,Smear Positive
"China, Macao SAR",2010,sp,f,45-54,5,Smear Positive
"China, Macao SAR",2010,sp,f,55-64,7,Smear Positive
"China, Macao SAR",2010,sp,f,65+,6,Smear Positive
"China, Macao SAR",2010,sn,m,0-14,1,Smear Negative
"China, Macao SAR",2010,sn,m,15-24,29,Smear Negative
"China, Macao SAR",2010,sn,m,25-34,17,Smear Negative
"China, Macao SAR",2010,sn,m,35-44,10,Smear Negative
"China, Macao SAR",2010,sn,m,45-54,26,Smear Negative
"China, Macao SAR",2010,sn,m,55-64,12,Smear Negative
"China, Macao SAR",2010,sn,m,65+,14,Smear Negative
"China, Macao SAR",2010,sn,f,0-14,2,Smear Negative
"China, Macao SAR",2010,sn,f,15-24,22,Smear Negative
"China, Macao SAR",2010,sn,f,25-34,11,Smear Negative
"China, Macao SAR",2010,sn,f,35-44,8,Smear Negative
"China, Macao SAR",2010,sn,f,45-54,11,Smear Negative
"China, Macao SAR",2010,sn,f,55-64,3,Smear Negative
"China, Macao SAR",2010,sn,f,65+,9,Smear Negative
"China, Macao SAR",2010,ep,m,0-14,1,Extrapulmonary
"China, Macao SAR",2010,ep,m,15-24,8,Extrapulmonary
"China, Macao SAR",2010,ep,m,25-34,4,Extrapulmonary
"China, Macao SAR",2010,ep,m,35-44,1,Extrapulmonary
"China, Macao SAR",2010,ep,m,45-54,2,Extrapulmonary
"China, Macao SAR",2010,ep,m,55-64,0,Extrapulmonary
"China, Macao SAR",2010,ep,m,65+,5,Extrapulmonary
"China, Macao SAR",2010,ep,f,0-14,0,Extrapulmonary
"China, Macao SAR",2010,ep,f,15-24,7,Extrapulmonary
"China, Macao SAR",2010,ep,f,25-34,4,Extrapulmonary
"China, Macao SAR",2010,ep,f,35-44,6,Extrapulmonary
"China, Macao SAR",2010,ep,f,45-54,6,Extrapulmonary
"China, Macao SAR",2010,ep,f,55-64,3,Extrapulmonary
"China, Macao SAR",2010,ep,f,65+,2,Extrapulmonary
"China, Macao SAR",2011,sp,m,0-14,0,Smear Positive
"China, Macao SAR",2011,sp,m,15-24,20,Smear Positive
"China, Macao SAR",2011,sp,m,25-34,22,Smear Positive
"China, Macao SAR",2011,sp,m,35-44,22,Smear Positive
"China, Macao SAR",2011,sp,m,45-54,47,Smear Positive
"China, Macao SAR",2011,sp,m,55-64,39,Smear Positive
"China, Macao SAR",2011,sp,m,65+,24,Smear Positive
"China, Macao SAR",2011,sp,f,0-14,0,Smear Positive
"China, Macao SAR",2011,sp,f,15-24,28,Smear Positive
"China, Macao SAR",2011,sp,f,25-34,25,Smear Positive
"China, Macao SAR",2011,sp,f,35-44,17,Smear Positive
"China, Macao SAR",2011,sp,f,45-54,18,Smear Positive
"China, Macao SAR",2011,sp,f,55-64,6,Smear Positive
"China, Macao SAR",2011,sp,f,65+,6,Smear Positive
"China, Macao SAR",2011,sn,m,0-14,0,Smear Negative
"China, Macao SAR",2011,sn,m,15-24,10,Smear Negative
"China, Macao SAR",2011,sn,m,25-34,8,Smear Negative
"China, Macao SAR",2011,sn,m,35-44,9,Smear Negative
"China, Macao SAR",2011,sn,m,45-54,24,Smear Negative
"China, Macao SAR",2011,sn,m,55-64,12,Smear Negative
"China, Macao SAR",2011,sn,m,65+,13,Smear Negative
"China, Macao SAR",2011,sn,f,0-14,0,Smear Negative
"China, Macao SAR",2011,sn,f,15-24,15,Smear Negative
"China, Macao SAR",2011,sn,f,25-34,12,Smear Negative
"China, Macao SAR",2011,sn,f,35-44,8,Smear Negative
"China, Macao SAR",2011,sn,f,45-54,9,Smear Negative
"China, Macao SAR",2011,sn,f,55-64,3,Smear Negative
"China, Macao SAR",2011,sn,f,65+,3,Smear Negative
"China, Macao SAR",2011,ep,m,0-14,0,Extrapulmonary
"China, Macao SAR",2011,ep,m,15-24,3,Extrapulmonary
"China, Macao SAR",2011,ep,m,25-34,3,Extrapulmonary
"China, Macao SAR",2011,ep,m,35-44,0,Extrapulmonary
"China, Macao SAR",2011,ep,m,45-54,4,Extrapulmonary
"China, Macao SAR",2011,ep,m,55-64,2,Extrapulmonary
"China, Macao SAR",2011,ep,m,65+,6,Extrapulmonary
"China, Macao SAR",2011,ep,f,0-14,1,Extrapulmonary
"China, Macao SAR",2011,ep,f,15-24,3,Extrapulmonary
"China, Macao SAR",2011,ep,f,25-34,5,Extrapulmonary
"China, Macao SAR",2011,ep,f,35-44,2,Extrapulmonary
"China, Macao SAR",2011,ep,f,45-54,5,Extrapulmonary
"China, Macao SAR",2011,ep,f,55-64,6,Extrapulmonary
"China, Macao SAR",2011,ep,f,65+,6,Extrapulmonary
"China, Macao SAR",2012,sp,m,0-14,0,Smear Positive
"China, Macao SAR",2012,sp,m,15-24,10,Smear Positive
"China, Macao SAR",2012,sp,m,25-34,12,Smear Positive
"China, Macao SAR",2012,sp,m,35-44,13,Smear Positive
"China, Macao SAR",2012,sp,m,45-54,22,Smear Positive
"China, Macao SAR",2012,sp,m,55-64,32,Smear Positive
"China, Macao SAR",2012,sp,m,65+,17,Smear Positive
"China, Macao SAR",2012,sp,f,0-14,1,Smear Positive
"China, Macao SAR",2012,sp,f,15-24,12,Smear Positive
"China, Macao SAR",2012,sp,f,25-34,11,Smear Positive
"China, Macao SAR",2012,sp,f,35-44,13,Smear Positive
"China, Macao SAR",2012,sp,f,45-54,3,Smear Positive
"China, Macao SAR",2012,sp,f,55-64,7,Smear Positive
"China, Macao SAR",2012,sp,f,65+,3,Smear Positive
"China, Macao SAR",2012,sn,m,0-14,0,Smear Negative
"China, Macao SAR",2012,sn,m,15-24,12,Smear Negative
"China, Macao SAR",2012,sn,m,25-34,17,Smear Negative
"China, Macao SAR",2012,sn,m,35-44,7,Smear Negative
"China, Macao SAR",2012,sn,m,45-54,26,Smear Negative
"China, Macao SAR",2012,sn,m,55-64,23,Smear Negative
"China, Macao SAR",2012,sn,m,65+,11,Smear Negative
"China, Macao SAR",2012,sn,f,0-14,0,Smear Negative
"China, Macao SAR",2012,sn,f,15-24,10,Smear Negative
"China, Macao SAR",2012,sn,f,25-34,11,Smear Negative
"China, Macao SAR",2012,sn,f,35-44,7,Smear Negative
"China, Macao SAR",2012,sn,f,45-54,5,Smear Negative
"China, Macao SAR",2012,sn,f,55-64,4,Smear Negative
"China, Macao SAR",2012,sn,f,65+,6,Smear Negative
"China, Macao SAR",2012,ep,m,0-14,1,Extrapulmonary
"China, Macao SAR",2012,ep,m,15-24,2,Extrapulmonary
"China, Macao SAR",2012,ep,m,25-34,2,Extrapulmonary
"China, Macao SAR",2012,ep,m,35-44,1,Extrapulmonary
"China, Macao SAR",2012,ep,m,45-54,1,Extrapulmonary
"China, Macao SAR",2012,ep,m,55-64,4,Extrapulmonary
"China, Macao SAR",2012,ep,m,65+,5,Extrapulmonary
"China, Macao SAR",2012,ep,f,0-14,0,Extrapulmonary
"China, Macao SAR",2012,ep,f,15-24,2,Extrapulmonary
"China, Macao SAR",2012,ep,f,25-34,4,Extrapulmonary
"China, Macao SAR",2012,ep,f,35-44,1,Extrapulmonary
"China, Macao SAR",2012,ep,f,45-54,3,Extrapulmonary
"China, Macao SAR",2012,ep,f,55-64,2,Extrapulmonary
"China, Macao SAR",2012,ep,f,65+,3,Extrapulmonary
"China, Macao SAR",2013,rel,m,0-14,1,Relapse
"China, Macao SAR",2013,rel,m,15-24,31,Relapse
"China, Macao SAR",2013,rel,m,25-34,31,Relapse
"China, Macao SAR",2013,rel,m,35-44,37,Relapse
"China, Macao SAR",2013,rel,m,45-54,66,Relapse
"China, Macao SAR",2013,rel,m,55-64,53,Relapse
"China, Macao SAR",2013,rel,m,65+,65,Relapse
"China, Macao SAR",2013,rel,f,0-14,2,Relapse
"China, Macao SAR",2013,rel,f,15-24,25,Relapse
"China, Macao SAR",2013,rel,f,25-34,34,Relapse
"China, Macao SAR",2013,rel,f,35-44,27,Relapse
"China, Macao SAR",2013,rel,f,45-54,26,Relapse
"China, Macao SAR",2013,rel,f,55-64,20,Relapse
"China, Macao SAR",2013,rel,f,65+,15,Relapse
Colombia,1999,sp,m,0-14,270,Smear Positive
Colombia,1999,sp,m,15-24,1730,Smear Positive
Colombia,1999,sp,m,25-34,1473,Smear Positive
Colombia,1999,sp,m,35-44,1796,Smear Positive
Colombia,1999,sp,m,45-54,1500,Smear Positive
Colombia,1999,sp,m,55-64,350,Smear Positive
Colombia,1999,sp,m,65+,1210,Smear Positive
Colombia,2000,sp,m,0-14,246,Smear Positive
Colombia,2000,sp,m,15-24,763,Smear Positive
Colombia,2000,sp,m,25-34,1030,Smear Positive
Colombia,2000,sp,m,35-44,963,Smear Positive
Colombia,2000,sp,m,45-54,743,Smear Positive
Colombia,2000,sp,m,55-64,610,Smear Positive
Colombia,2000,sp,m,65+,746,Smear Positive
Colombia,2000,sp,f,0-14,194,Smear Positive
Colombia,2000,sp,f,15-24,587,Smear Positive
Colombia,2000,sp,f,25-34,758,Smear Positive
Colombia,2000,sp,f,35-44,523,Smear Positive
Colombia,2000,sp,f,45-54,381,Smear Positive
Colombia,2000,sp,f,55-64,304,Smear Positive
Colombia,2000,sp,f,65+,510,Smear Positive
Colombia,2001,sp,m,0-14,223,Smear Positive
Colombia,2001,sp,m,15-24,1037,Smear Positive
Colombia,2001,sp,m,25-34,703,Smear Positive
Colombia,2001,sp,m,35-44,722,Smear Positive
Colombia,2001,sp,m,45-54,869,Smear Positive
Colombia,2001,sp,m,55-64,646,Smear Positive
Colombia,2001,sp,m,65+,653,Smear Positive
Colombia,2001,sp,f,0-14,186,Smear Positive
Colombia,2001,sp,f,15-24,865,Smear Positive
Colombia,2001,sp,f,25-34,544,Smear Positive
Colombia,2001,sp,f,35-44,429,Smear Positive
Colombia,2001,sp,f,45-54,436,Smear Positive
Colombia,2001,sp,f,55-64,350,Smear Positive
Colombia,2001,sp,f,65+,359,Smear Positive
Colombia,2002,sp,m,0-14,209,Smear Positive
Colombia,2002,sp,m,15-24,614,Smear Positive
Colombia,2002,sp,m,25-34,696,Smear Positive
Colombia,2002,sp,m,35-44,688,Smear Positive
Colombia,2002,sp,m,45-54,593,Smear Positive
Colombia,2002,sp,m,55-64,472,Smear Positive
Colombia,2002,sp,m,65+,662,Smear Positive
Colombia,2002,sp,f,0-14,167,Smear Positive
Colombia,2002,sp,f,15-24,524,Smear Positive
Colombia,2002,sp,f,25-34,545,Smear Positive
Colombia,2002,sp,f,35-44,402,Smear Positive
Colombia,2002,sp,f,45-54,318,Smear Positive
Colombia,2002,sp,f,55-64,258,Smear Positive
Colombia,2002,sp,f,65+,371,Smear Positive
Colombia,2003,sp,m,0-14,237,Smear Positive
Colombia,2003,sp,m,15-24,684,Smear Positive
Colombia,2003,sp,m,25-34,816,Smear Positive
Colombia,2003,sp,m,35-44,844,Smear Positive
Colombia,2003,sp,m,45-54,853,Smear Positive
Colombia,2003,sp,m,55-64,642,Smear Positive
Colombia,2003,sp,m,65+,761,Smear Positive
Colombia,2003,sp,f,0-14,174,Smear Positive
Colombia,2003,sp,f,15-24,662,Smear Positive
Colombia,2003,sp,f,25-34,692,Smear Positive
Colombia,2003,sp,f,35-44,512,Smear Positive
Colombia,2003,sp,f,45-54,382,Smear Positive
Colombia,2003,sp,f,55-64,292,Smear Positive
Colombia,2003,sp,f,65+,421,Smear Positive
Colombia,2004,sp,m,0-14,208,Smear Positive
Colombia,2004,sp,m,15-24,732,Smear Positive
Colombia,2004,sp,m,25-34,824,Smear Positive
Colombia,2004,sp,m,35-44,743,Smear Positive
Colombia,2004,sp,m,45-54,725,Smear Positive
Colombia,2004,sp,m,55-64,564,Smear Positive
Colombia,2004,sp,m,65+,737,Smear Positive
Colombia,2004,sp,f,0-14,205,Smear Positive
Colombia,2004,sp,f,15-24,624,Smear Positive
Colombia,2004,sp,f,25-34,647,Smear Positive
Colombia,2004,sp,f,35-44,513,Smear Positive
Colombia,2004,sp,f,45-54,361,Smear Positive
Colombia,2004,sp,f,55-64,331,Smear Positive
Colombia,2004,sp,f,65+,426,Smear Positive
Colombia,2005,sp,m,0-14,178,Smear Positive
Colombia,2005,sp,m,15-24,623,Smear Positive
Colombia,2005,sp,m,25-34,685,Smear Positive
Colombia,2005,sp,m,35-44,666,Smear Positive
Colombia,2005,sp,m,45-54,687,Smear Positive
Colombia,2005,sp,m,55-64,510,Smear Positive
Colombia,2005,sp,m,65+,695,Smear Positive
Colombia,2005,sp,f,0-14,179,Smear Positive
Colombia,2005,sp,f,15-24,581,Smear Positive
Colombia,2005,sp,f,25-34,533,Smear Positive
Colombia,2005,sp,f,35-44,457,Smear Positive
Colombia,2005,sp,f,45-54,389,Smear Positive
Colombia,2005,sp,f,55-64,292,Smear Positive
Colombia,2005,sp,f,65+,395,Smear Positive
Colombia,2006,sp,m,0-14,219,Smear Positive
Colombia,2006,sp,m,15-24,709,Smear Positive
Colombia,2006,sp,m,25-34,713,Smear Positive
Colombia,2006,sp,m,35-44,737,Smear Positive
Colombia,2006,sp,m,45-54,785,Smear Positive
Colombia,2006,sp,m,55-64,573,Smear Positive
Colombia,2006,sp,m,65+,766,Smear Positive
Colombia,2006,sp,f,0-14,210,Smear Positive
Colombia,2006,sp,f,15-24,603,Smear Positive
Colombia,2006,sp,f,25-34,653,Smear Positive
Colombia,2006,sp,f,35-44,520,Smear Positive
Colombia,2006,sp,f,45-54,377,Smear Positive
Colombia,2006,sp,f,55-64,314,Smear Positive
Colombia,2006,sp,f,65+,469,Smear Positive
Colombia,2006,sn,m,0-14,128,Smear Negative
Colombia,2006,sn,m,15-24,73,Smear Negative
Colombia,2006,sn,m,25-34,111,Smear Negative
Colombia,2006,sn,m,35-44,97,Smear Negative
Colombia,2006,sn,m,45-54,122,Smear Negative
Colombia,2006,sn,m,55-64,96,Smear Negative
Colombia,2006,sn,m,65+,139,Smear Negative
Colombia,2006,sn,f,0-14,125,Smear Negative
Colombia,2006,sn,f,15-24,73,Smear Negative
Colombia,2006,sn,f,25-34,94,Smear Negative
Colombia,2006,sn,f,35-44,83,Smear Negative
Colombia,2006,sn,f,45-54,52,Smear Negative
Colombia,2006,sn,f,55-64,51,Smear Negative
Colombia,2006,sn,f,65+,104,Smear Negative
Colombia,2006,ep,m,0-14,67,Extrapulmonary
Colombia,2006,ep,m,15-24,144,Extrapulmonary
Colombia,2006,ep,m,25-34,218,Extrapulmonary
Colombia,2006,ep,m,35-44,238,Extrapulmonary
Colombia,2006,ep,m,45-54,131,Extrapulmonary
Colombia,2006,ep,m,55-64,104,Extrapulmonary
Colombia,2006,ep,m,65+,155,Extrapulmonary
Colombia,2006,ep,f,0-14,56,Extrapulmonary
Colombia,2006,ep,f,15-24,100,Extrapulmonary
Colombia,2006,ep,f,25-34,130,Extrapulmonary
Colombia,2006,ep,f,35-44,127,Extrapulmonary
Colombia,2006,ep,f,45-54,73,Extrapulmonary
Colombia,2006,ep,f,55-64,61,Extrapulmonary
Colombia,2006,ep,f,65+,96,Extrapulmonary
Colombia,2007,sp,m,0-14,144,Smear Positive
Colombia,2007,sp,m,15-24,618,Smear Positive
Colombia,2007,sp,m,25-34,704,Smear Positive
Colombia,2007,sp,m,35-44,694,Smear Positive
Colombia,2007,sp,m,45-54,712,Smear Positive
Colombia,2007,sp,m,55-64,574,Smear Positive
Colombia,2007,sp,m,65+,786,Smear Positive
Colombia,2007,sp,f,0-14,138,Smear Positive
Colombia,2007,sp,f,15-24,599,Smear Positive
Colombia,2007,sp,f,25-34,620,Smear Positive
Colombia,2007,sp,f,35-44,459,Smear Positive
Colombia,2007,sp,f,45-54,393,Smear Positive
Colombia,2007,sp,f,55-64,286,Smear Positive
Colombia,2007,sp,f,65+,461,Smear Positive
Colombia,2007,sn,m,0-14,120,Smear Negative
Colombia,2007,sn,m,15-24,93,Smear Negative
Colombia,2007,sn,m,25-34,123,Smear Negative
Colombia,2007,sn,m,35-44,143,Smear Negative
Colombia,2007,sn,m,45-54,133,Smear Negative
Colombia,2007,sn,m,55-64,133,Smear Negative
Colombia,2007,sn,m,65+,182,Smear Negative
Colombia,2007,sn,f,0-14,109,Smear Negative
Colombia,2007,sn,f,15-24,78,Smear Negative
Colombia,2007,sn,f,25-34,104,Smear Negative
Colombia,2007,sn,f,35-44,117,Smear Negative
Colombia,2007,sn,f,45-54,97,Smear Negative
Colombia,2007,sn,f,55-64,102,Smear Negative
Colombia,2007,sn,f,65+,102,Smear Negative
Colombia,2007,ep,m,0-14,58,Extrapulmonary
Colombia,2007,ep,m,15-24,134,Extrapulmonary
Colombia,2007,ep,m,25-34,218,Extrapulmonary
Colombia,2007,ep,m,35-44,220,Extrapulmonary
Colombia,2007,ep,m,45-54,149,Extrapulmonary
Colombia,2007,ep,m,55-64,122,Extrapulmonary
Colombia,2007,ep,m,65+,146,Extrapulmonary
Colombia,2007,ep,f,0-14,47,Extrapulmonary
Colombia,2007,ep,f,15-24,94,Extrapulmonary
Colombia,2007,ep,f,25-34,157,Extrapulmonary
Colombia,2007,ep,f,35-44,132,Extrapulmonary
Colombia,2007,ep,f,45-54,82,Extrapulmonary
Colombia,2007,ep,f,55-64,42,Extrapulmonary
Colombia,2007,ep,f,65+,102,Extrapulmonary
Colombia,2008,sp,m,0-14,136,Smear Positive
Colombia,2008,sp,m,15-24,666,Smear Positive
Colombia,2008,sp,m,25-34,736,Smear Positive
Colombia,2008,sp,m,35-44,666,Smear Positive
Colombia,2008,sp,m,45-54,749,Smear Positive
Colombia,2008,sp,m,55-64,610,Smear Positive
Colombia,2008,sp,m,65+,797,Smear Positive
Colombia,2008,sp,f,0-14,133,Smear Positive
Colombia,2008,sp,f,15-24,580,Smear Positive
Colombia,2008,sp,f,25-34,608,Smear Positive
Colombia,2008,sp,f,35-44,441,Smear Positive
Colombia,2008,sp,f,45-54,384,Smear Positive
Colombia,2008,sp,f,55-64,284,Smear Positive
Colombia,2008,sp,f,65+,406,Smear Positive
Colombia,2008,sn,m,0-14,126,Smear Negative
Colombia,2008,sn,m,15-24,106,Smear Negative
Colombia,2008,sn,m,25-34,153,Smear Negative
Colombia,2008,sn,m,35-44,136,Smear Negative
Colombia,2008,sn,m,45-54,130,Smear Negative
Colombia,2008,sn,m,55-64,129,Smear Negative
Colombia,2008,sn,m,65+,154,Smear Negative
Colombia,2008,sn,f,0-14,137,Smear Negative
Colombia,2008,sn,f,15-24,88,Smear Negative
Colombia,2008,sn,f,25-34,117,Smear Negative
Colombia,2008,sn,f,35-44,109,Smear Negative
Colombia,2008,sn,f,45-54,94,Smear Negative
Colombia,2008,sn,f,55-64,87,Smear Negative
Colombia,2008,sn,f,65+,143,Smear Negative
Colombia,2008,ep,m,0-14,95,Extrapulmonary
Colombia,2008,ep,m,15-24,169,Extrapulmonary
Colombia,2008,ep,m,25-34,257,Extrapulmonary
Colombia,2008,ep,m,35-44,257,Extrapulmonary
Colombia,2008,ep,m,45-54,155,Extrapulmonary
Colombia,2008,ep,m,55-64,137,Extrapulmonary
Colombia,2008,ep,m,65+,185,Extrapulmonary
Colombia,2008,ep,f,0-14,72,Extrapulmonary
Colombia,2008,ep,f,15-24,118,Extrapulmonary
Colombia,2008,ep,f,25-34,151,Extrapulmonary
Colombia,2008,ep,f,35-44,138,Extrapulmonary
Colombia,2008,ep,f,45-54,109,Extrapulmonary
Colombia,2008,ep,f,55-64,80,Extrapulmonary
Colombia,2008,ep,f,65+,103,Extrapulmonary
Colombia,2009,sp,m,0-14,124,Smear Positive
Colombia,2009,sp,m,15-24,697,Smear Positive
Colombia,2009,sp,m,25-34,754,Smear Positive
Colombia,2009,sp,m,35-44,651,Smear Positive
Colombia,2009,sp,m,45-54,692,Smear Positive
Colombia,2009,sp,m,55-64,569,Smear Positive
Colombia,2009,sp,m,65+,838,Smear Positive
Colombia,2009,sp,f,0-14,121,Smear Positive
Colombia,2009,sp,f,15-24,575,Smear Positive
Colombia,2009,sp,f,25-34,582,Smear Positive
Colombia,2009,sp,f,35-44,434,Smear Positive
Colombia,2009,sp,f,45-54,423,Smear Positive
Colombia,2009,sp,f,55-64,304,Smear Positive
Colombia,2009,sp,f,65+,447,Smear Positive
Colombia,2009,sn,m,0-14,141,Smear Negative
Colombia,2009,sn,m,15-24,116,Smear Negative
Colombia,2009,sn,m,25-34,143,Smear Negative
Colombia,2009,sn,m,35-44,105,Smear Negative
Colombia,2009,sn,m,45-54,129,Smear Negative
Colombia,2009,sn,m,55-64,116,Smear Negative
Colombia,2009,sn,m,65+,135,Smear Negative
Colombia,2009,sn,f,0-14,139,Smear Negative
Colombia,2009,sn,f,15-24,94,Smear Negative
Colombia,2009,sn,f,25-34,120,Smear Negative
Colombia,2009,sn,f,35-44,86,Smear Negative
Colombia,2009,sn,f,45-54,105,Smear Negative
Colombia,2009,sn,f,55-64,56,Smear Negative
Colombia,2009,sn,f,65+,105,Smear Negative
Colombia,2009,ep,m,0-14,123,Extrapulmonary
Colombia,2009,ep,m,15-24,182,Extrapulmonary
Colombia,2009,ep,m,25-34,286,Extrapulmonary
Colombia,2009,ep,m,35-44,246,Extrapulmonary
Colombia,2009,ep,m,45-54,193,Extrapulmonary
Colombia,2009,ep,m,55-64,139,Extrapulmonary
Colombia,2009,ep,m,65+,207,Extrapulmonary
Colombia,2009,ep,f,0-14,69,Extrapulmonary
Colombia,2009,ep,f,15-24,136,Extrapulmonary
Colombia,2009,ep,f,25-34,185,Extrapulmonary
Colombia,2009,ep,f,35-44,127,Extrapulmonary
Colombia,2009,ep,f,45-54,107,Extrapulmonary
Colombia,2009,ep,f,55-64,78,Extrapulmonary
Colombia,2009,ep,f,65+,106,Extrapulmonary
Colombia,2010,sp,m,0-14,148,Smear Positive
Colombia,2010,sp,m,15-24,602,Smear Positive
Colombia,2010,sp,m,25-34,765,Smear Positive
Colombia,2010,sp,m,35-44,540,Smear Positive
Colombia,2010,sp,m,45-54,710,Smear Positive
Colombia,2010,sp,m,55-64,610,Smear Positive
Colombia,2010,sp,m,65+,814,Smear Positive
Colombia,2010,sp,f,0-14,146,Smear Positive
Colombia,2010,sp,f,15-24,560,Smear Positive
Colombia,2010,sp,f,25-34,576,Smear Positive
Colombia,2010,sp,f,35-44,428,Smear Positive
Colombia,2010,sp,f,45-54,374,Smear Positive
Colombia,2010,sp,f,55-64,284,Smear Positive
Colombia,2010,sp,f,65+,471,Smear Positive
Colombia,2010,sn,m,0-14,161,Smear Negative
Colombia,2010,sn,m,15-24,88,Smear Negative
Colombia,2010,sn,m,25-34,130,Smear Negative
Colombia,2010,sn,m,35-44,121,Smear Negative
Colombia,2010,sn,m,45-54,127,Smear Negative
Colombia,2010,sn,m,55-64,158,Smear Negative
Colombia,2010,sn,m,65+,216,Smear Negative
Colombia,2010,sn,f,0-14,144,Smear Negative
Colombia,2010,sn,f,15-24,79,Smear Negative
Colombia,2010,sn,f,25-34,115,Smear Negative
Colombia,2010,sn,f,35-44,72,Smear Negative
Colombia,2010,sn,f,45-54,70,Smear Negative
Colombia,2010,sn,f,55-64,100,Smear Negative
Colombia,2010,sn,f,65+,115,Smear Negative
Colombia,2010,ep,m,0-14,69,Extrapulmonary
Colombia,2010,ep,m,15-24,169,Extrapulmonary
Colombia,2010,ep,m,25-34,252,Extrapulmonary
Colombia,2010,ep,m,35-44,242,Extrapulmonary
Colombia,2010,ep,m,45-54,178,Extrapulmonary
Colombia,2010,ep,m,55-64,154,Extrapulmonary
Colombia,2010,ep,m,65+,184,Extrapulmonary
Colombia,2010,ep,f,0-14,51,Extrapulmonary
Colombia,2010,ep,f,15-24,117,Extrapulmonary
Colombia,2010,ep,f,25-34,172,Extrapulmonary
Colombia,2010,ep,f,35-44,139,Extrapulmonary
Colombia,2010,ep,f,45-54,91,Extrapulmonary
Colombia,2010,ep,f,55-64,78,Extrapulmonary
Colombia,2010,ep,f,65+,89,Extrapulmonary
Colombia,2011,sp,m,0-14,105,Smear Positive
Colombia,2011,sp,m,15-24,663,Smear Positive
Colombia,2011,sp,m,25-34,714,Smear Positive
Colombia,2011,sp,m,35-44,558,Smear Positive
Colombia,2011,sp,m,45-54,702,Smear Positive
Colombia,2011,sp,m,55-64,594,Smear Positive
Colombia,2011,sp,m,65+,753,Smear Positive
Colombia,2011,sp,f,0-14,98,Smear Positive
Colombia,2011,sp,f,15-24,461,Smear Positive
Colombia,2011,sp,f,25-34,535,Smear Positive
Colombia,2011,sp,f,35-44,324,Smear Positive
Colombia,2011,sp,f,45-54,337,Smear Positive
Colombia,2011,sp,f,55-64,278,Smear Positive
Colombia,2011,sp,f,65+,390,Smear Positive
Colombia,2011,sn,m,0-14,154,Smear Negative
Colombia,2011,sn,m,15-24,165,Smear Negative
Colombia,2011,sn,m,25-34,187,Smear Negative
Colombia,2011,sn,m,35-44,164,Smear Negative
Colombia,2011,sn,m,45-54,229,Smear Negative
Colombia,2011,sn,m,55-64,183,Smear Negative
Colombia,2011,sn,m,65+,282,Smear Negative
Colombia,2011,sn,f,0-14,148,Smear Negative
Colombia,2011,sn,f,15-24,111,Smear Negative
Colombia,2011,sn,f,25-34,157,Smear Negative
Colombia,2011,sn,f,35-44,138,Smear Negative
Colombia,2011,sn,f,45-54,121,Smear Negative
Colombia,2011,sn,f,55-64,113,Smear Negative
Colombia,2011,sn,f,65+,203,Smear Negative
Colombia,2011,ep,m,0-14,70,Extrapulmonary
Colombia,2011,ep,m,15-24,174,Extrapulmonary
Colombia,2011,ep,m,25-34,294,Extrapulmonary
Colombia,2011,ep,m,35-44,259,Extrapulmonary
Colombia,2011,ep,m,45-54,207,Extrapulmonary
Colombia,2011,ep,m,55-64,169,Extrapulmonary
Colombia,2011,ep,m,65+,222,Extrapulmonary
Colombia,2011,ep,f,0-14,58,Extrapulmonary
Colombia,2011,ep,f,15-24,152,Extrapulmonary
Colombia,2011,ep,f,25-34,201,Extrapulmonary
Colombia,2011,ep,f,35-44,136,Extrapulmonary
Colombia,2011,ep,f,45-54,119,Extrapulmonary
Colombia,2011,ep,f,55-64,92,Extrapulmonary
Colombia,2011,ep,f,65+,122,Extrapulmonary
Colombia,2012,sp,m,0-14,92,Smear Positive
Colombia,2012,sp,m,15-24,613,Smear Positive
Colombia,2012,sp,m,25-34,744,Smear Positive
Colombia,2012,sp,m,35-44,497,Smear Positive
Colombia,2012,sp,m,45-54,653,Smear Positive
Colombia,2012,sp,m,55-64,616,Smear Positive
Colombia,2012,sp,m,65+,740,Smear Positive
Colombia,2012,sp,f,0-14,79,Smear Positive
Colombia,2012,sp,f,15-24,519,Smear Positive
Colombia,2012,sp,f,25-34,555,Smear Positive
Colombia,2012,sp,f,35-44,376,Smear Positive
Colombia,2012,sp,f,45-54,355,Smear Positive
Colombia,2012,sp,f,55-64,252,Smear Positive
Colombia,2012,sp,f,65+,432,Smear Positive
Colombia,2012,sn,m,0-14,163,Smear Negative
Colombia,2012,sn,m,15-24,118,Smear Negative
Colombia,2012,sn,m,25-34,208,Smear Negative
Colombia,2012,sn,m,35-44,175,Smear Negative
Colombia,2012,sn,m,45-54,174,Smear Negative
Colombia,2012,sn,m,55-64,203,Smear Negative
Colombia,2012,sn,m,65+,264,Smear Negative
Colombia,2012,sn,f,0-14,160,Smear Negative
Colombia,2012,sn,f,15-24,87,Smear Negative
Colombia,2012,sn,f,25-34,155,Smear Negative
Colombia,2012,sn,f,35-44,127,Smear Negative
Colombia,2012,sn,f,45-54,117,Smear Negative
Colombia,2012,sn,f,55-64,117,Smear Negative
Colombia,2012,sn,f,65+,211,Smear Negative
Colombia,2012,ep,m,0-14,70,Extrapulmonary
Colombia,2012,ep,m,15-24,205,Extrapulmonary
Colombia,2012,ep,m,25-34,288,Extrapulmonary
Colombia,2012,ep,m,35-44,284,Extrapulmonary
Colombia,2012,ep,m,45-54,211,Extrapulmonary
Colombia,2012,ep,m,55-64,154,Extrapulmonary
Colombia,2012,ep,m,65+,209,Extrapulmonary
Colombia,2012,ep,f,0-14,57,Extrapulmonary
Colombia,2012,ep,f,15-24,133,Extrapulmonary
Colombia,2012,ep,f,25-34,177,Extrapulmonary
Colombia,2012,ep,f,35-44,131,Extrapulmonary
Colombia,2012,ep,f,45-54,129,Extrapulmonary
Colombia,2012,ep,f,55-64,82,Extrapulmonary
Colombia,2012,ep,f,65+,134,Extrapulmonary
Colombia,2013,rel,m,0-14,299,Relapse
Colombia,2013,rel,m,15-24,976,Relapse
Colombia,2013,rel,m,25-34,1436,Relapse
Colombia,2013,rel,m,35-44,990,Relapse
Colombia,2013,rel,m,45-54,1138,Relapse
Colombia,2013,rel,m,55-64,1081,Relapse
Colombia,2013,rel,m,65+,1340,Relapse
Colombia,2013,rel,f,0-14,272,Relapse
Colombia,2013,rel,f,15-24,759,Relapse
Colombia,2013,rel,f,25-34,907,Relapse
Colombia,2013,rel,f,35-44,651,Relapse
Colombia,2013,rel,f,45-54,631,Relapse
Colombia,2013,rel,f,55-64,502,Relapse
Colombia,2013,rel,f,65+,755,Relapse
Comoros,1995,sp,m,0-14,0,Smear Positive
Comoros,1995,sp,m,15-24,18,Smear Positive
Comoros,1995,sp,m,25-34,13,Smear Positive
Comoros,1995,sp,m,35-44,9,Smear Positive
Comoros,1995,sp,m,45-54,7,Smear Positive
Comoros,1995,sp,m,55-64,8,Smear Positive
Comoros,1995,sp,m,65+,4,Smear Positive
Comoros,1995,sp,f,0-14,1,Smear Positive
Comoros,1995,sp,f,15-24,13,Smear Positive
Comoros,1995,sp,f,25-34,9,Smear Positive
Comoros,1995,sp,f,35-44,8,Smear Positive
Comoros,1995,sp,f,45-54,6,Smear Positive
Comoros,1995,sp,f,55-64,5,Smear Positive
Comoros,1995,sp,f,65+,2,Smear Positive
Comoros,1996,sp,m,0-14,1,Smear Positive
Comoros,1996,sp,m,15-24,19,Smear Positive
Comoros,1996,sp,m,25-34,16,Smear Positive
Comoros,1996,sp,m,35-44,12,Smear Positive
Comoros,1996,sp,m,45-54,4,Smear Positive
Comoros,1996,sp,m,55-64,8,Smear Positive
Comoros,1996,sp,m,65+,8,Smear Positive
Comoros,1996,sp,f,0-14,1,Smear Positive
Comoros,1996,sp,f,15-24,7,Smear Positive
Comoros,1996,sp,f,25-34,12,Smear Positive
Comoros,1996,sp,f,35-44,6,Smear Positive
Comoros,1996,sp,f,45-54,4,Smear Positive
Comoros,1996,sp,f,55-64,10,Smear Positive
Comoros,1996,sp,f,65+,3,Smear Positive
Comoros,1998,sp,m,0-14,0,Smear Positive
Comoros,1998,sp,m,15-24,15,Smear Positive
Comoros,1998,sp,m,25-34,10,Smear Positive
Comoros,1998,sp,m,35-44,13,Smear Positive
Comoros,1998,sp,m,45-54,11,Smear Positive
Comoros,1998,sp,m,55-64,6,Smear Positive
Comoros,1998,sp,m,65+,0,Smear Positive
Comoros,1998,sp,f,0-14,0,Smear Positive
Comoros,1998,sp,f,15-24,7,Smear Positive
Comoros,1998,sp,f,25-34,9,Smear Positive
Comoros,1998,sp,f,35-44,5,Smear Positive
Comoros,1998,sp,f,45-54,8,Smear Positive
Comoros,1998,sp,f,55-64,4,Smear Positive
Comoros,1998,sp,f,65+,4,Smear Positive
Comoros,2000,sp,m,0-14,0,Smear Positive
Comoros,2000,sp,m,15-24,18,Smear Positive
Comoros,2000,sp,m,25-34,7,Smear Positive
Comoros,2000,sp,m,35-44,14,Smear Positive
Comoros,2000,sp,m,45-54,9,Smear Positive
Comoros,2000,sp,m,55-64,3,Smear Positive
Comoros,2000,sp,m,65+,4,Smear Positive
Comoros,2000,sp,f,0-14,1,Smear Positive
Comoros,2000,sp,f,15-24,9,Smear Positive
Comoros,2000,sp,f,25-34,6,Smear Positive
Comoros,2000,sp,f,35-44,12,Smear Positive
Comoros,2000,sp,f,45-54,1,Smear Positive
Comoros,2000,sp,f,55-64,2,Smear Positive
Comoros,2000,sp,f,65+,1,Smear Positive
Comoros,2001,sp,m,0-14,0,Smear Positive
Comoros,2001,sp,m,15-24,15,Smear Positive
Comoros,2001,sp,m,25-34,11,Smear Positive
Comoros,2001,sp,m,35-44,10,Smear Positive
Comoros,2001,sp,m,45-54,11,Smear Positive
Comoros,2001,sp,m,55-64,3,Smear Positive
Comoros,2001,sp,m,65+,5,Smear Positive
Comoros,2001,sp,f,0-14,2,Smear Positive
Comoros,2001,sp,f,15-24,10,Smear Positive
Comoros,2001,sp,f,25-34,11,Smear Positive
Comoros,2001,sp,f,35-44,8,Smear Positive
Comoros,2001,sp,f,45-54,4,Smear Positive
Comoros,2001,sp,f,55-64,2,Smear Positive
Comoros,2001,sp,f,65+,0,Smear Positive
Comoros,2002,sp,m,0-14,0,Smear Positive
Comoros,2002,sp,m,15-24,10,Smear Positive
Comoros,2002,sp,m,25-34,9,Smear Positive
Comoros,2002,sp,m,35-44,8,Smear Positive
Comoros,2002,sp,m,45-54,4,Smear Positive
Comoros,2002,sp,m,55-64,3,Smear Positive
Comoros,2002,sp,m,65+,3,Smear Positive
Comoros,2002,sp,f,0-14,0,Smear Positive
Comoros,2002,sp,f,15-24,11,Smear Positive
Comoros,2002,sp,f,25-34,6,Smear Positive
Comoros,2002,sp,f,35-44,7,Smear Positive
Comoros,2002,sp,f,45-54,6,Smear Positive
Comoros,2002,sp,f,55-64,2,Smear Positive
Comoros,2002,sp,f,65+,3,Smear Positive
Comoros,2003,sp,m,0-14,1,Smear Positive
Comoros,2003,sp,m,15-24,7,Smear Positive
Comoros,2003,sp,m,25-34,12,Smear Positive
Comoros,2003,sp,m,35-44,5,Smear Positive
Comoros,2003,sp,m,45-54,1,Smear Positive
Comoros,2003,sp,m,55-64,3,Smear Positive
Comoros,2003,sp,m,65+,3,Smear Positive
Comoros,2003,sp,f,0-14,0,Smear Positive
Comoros,2003,sp,f,15-24,5,Smear Positive
Comoros,2003,sp,f,25-34,7,Smear Positive
Comoros,2003,sp,f,35-44,1,Smear Positive
Comoros,2003,sp,f,45-54,1,Smear Positive
Comoros,2003,sp,f,55-64,1,Smear Positive
Comoros,2003,sp,f,65+,1,Smear Positive
Comoros,2005,sp,m,0-14,0,Smear Positive
Comoros,2005,sp,m,15-24,12,Smear Positive
Comoros,2005,sp,m,25-34,9,Smear Positive
Comoros,2005,sp,m,35-44,6,Smear Positive
Comoros,2005,sp,m,45-54,4,Smear Positive
Comoros,2005,sp,m,55-64,2,Smear Positive
Comoros,2005,sp,m,65+,4,Smear Positive
Comoros,2005,sp,f,0-14,2,Smear Positive
Comoros,2005,sp,f,15-24,10,Smear Positive
Comoros,2005,sp,f,25-34,7,Smear Positive
Comoros,2005,sp,f,35-44,4,Smear Positive
Comoros,2005,sp,f,45-54,8,Smear Positive
Comoros,2005,sp,f,55-64,3,Smear Positive
Comoros,2005,sp,f,65+,8,Smear Positive
Comoros,2006,sp,m,0-14,0,Smear Positive
Comoros,2006,sp,m,15-24,12,Smear Positive
Comoros,2006,sp,m,25-34,9,Smear Positive
Comoros,2006,sp,m,35-44,7,Smear Positive
Comoros,2006,sp,m,45-54,4,Smear Positive
Comoros,2006,sp,m,55-64,4,Smear Positive
Comoros,2006,sp,m,65+,1,Smear Positive
Comoros,2006,sp,f,0-14,0,Smear Positive
Comoros,2006,sp,f,15-24,5,Smear Positive
Comoros,2006,sp,f,25-34,5,Smear Positive
Comoros,2006,sp,f,35-44,9,Smear Positive
Comoros,2006,sp,f,45-54,6,Smear Positive
Comoros,2006,sp,f,55-64,4,Smear Positive
Comoros,2006,sp,f,65+,1,Smear Positive
Comoros,2006,sn,m,0-14,0,Smear Negative
Comoros,2006,sn,m,15-24,2,Smear Negative
Comoros,2006,sn,m,25-34,3,Smear Negative
Comoros,2006,sn,m,35-44,2,Smear Negative
Comoros,2006,sn,m,45-54,1,Smear Negative
Comoros,2006,sn,m,55-64,2,Smear Negative
Comoros,2006,sn,m,65+,2,Smear Negative
Comoros,2006,sn,f,0-14,1,Smear Negative
Comoros,2006,sn,f,15-24,2,Smear Negative
Comoros,2006,sn,f,25-34,2,Smear Negative
Comoros,2006,sn,f,35-44,1,Smear Negative
Comoros,2006,sn,f,45-54,2,Smear Negative
Comoros,2006,sn,f,55-64,1,Smear Negative
Comoros,2006,sn,f,65+,1,Smear Negative
Comoros,2006,ep,m,0-14,1,Extrapulmonary
Comoros,2006,ep,m,15-24,2,Extrapulmonary
Comoros,2006,ep,m,25-34,1,Extrapulmonary
Comoros,2006,ep,m,35-44,3,Extrapulmonary
Comoros,2006,ep,m,45-54,2,Extrapulmonary
Comoros,2006,ep,m,55-64,1,Extrapulmonary
Comoros,2006,ep,m,65+,0,Extrapulmonary
Comoros,2006,ep,f,0-14,2,Extrapulmonary
Comoros,2006,ep,f,15-24,1,Extrapulmonary
Comoros,2006,ep,f,25-34,0,Extrapulmonary
Comoros,2006,ep,f,35-44,5,Extrapulmonary
Comoros,2006,ep,f,45-54,1,Extrapulmonary
Comoros,2006,ep,f,55-64,1,Extrapulmonary
Comoros,2006,ep,f,65+,0,Extrapulmonary
Comoros,2008,sp,m,0-14,2,Smear Positive
Comoros,2008,sp,m,15-24,11,Smear Positive
Comoros,2008,sp,m,25-34,11,Smear Positive
Comoros,2008,sp,m,35-44,4,Smear Positive
Comoros,2008,sp,m,45-54,9,Smear Positive
Comoros,2008,sp,m,55-64,5,Smear Positive
Comoros,2008,sp,m,65+,5,Smear Positive
Comoros,2008,sp,f,0-14,2,Smear Positive
Comoros,2008,sp,f,15-24,6,Smear Positive
Comoros,2008,sp,f,25-34,11,Smear Positive
Comoros,2008,sp,f,35-44,1,Smear Positive
Comoros,2008,sp,f,45-54,6,Smear Positive
Comoros,2008,sp,f,55-64,2,Smear Positive
Comoros,2008,sp,f,65+,2,Smear Positive
Comoros,2008,sn,m,0-14,4,Smear Negative
Comoros,2008,sn,m,15-24,1,Smear Negative
Comoros,2008,sn,m,25-34,1,Smear Negative
Comoros,2008,sn,m,35-44,0,Smear Negative
Comoros,2008,sn,m,45-54,0,Smear Negative
Comoros,2008,sn,m,55-64,4,Smear Negative
Comoros,2008,sn,m,65+,0,Smear Negative
Comoros,2008,sn,f,0-14,2,Smear Negative
Comoros,2008,sn,f,15-24,0,Smear Negative
Comoros,2008,sn,f,25-34,0,Smear Negative
Comoros,2008,sn,f,35-44,0,Smear Negative
Comoros,2008,sn,f,45-54,1,Smear Negative
Comoros,2008,sn,f,55-64,1,Smear Negative
Comoros,2008,sn,f,65+,2,Smear Negative
Comoros,2008,ep,m,0-14,1,Extrapulmonary
Comoros,2008,ep,m,15-24,1,Extrapulmonary
Comoros,2008,ep,m,25-34,1,Extrapulmonary
Comoros,2008,ep,m,35-44,2,Extrapulmonary
Comoros,2008,ep,m,45-54,1,Extrapulmonary
Comoros,2008,ep,m,55-64,2,Extrapulmonary
Comoros,2008,ep,m,65+,1,Extrapulmonary
Comoros,2008,ep,f,0-14,0,Extrapulmonary
Comoros,2008,ep,f,15-24,1,Extrapulmonary
Comoros,2008,ep,f,25-34,1,Extrapulmonary
Comoros,2008,ep,f,35-44,2,Extrapulmonary
Comoros,2008,ep,f,45-54,1,Extrapulmonary
Comoros,2008,ep,f,55-64,0,Extrapulmonary
Comoros,2008,ep,f,65+,5,Extrapulmonary
Comoros,2009,sp,m,0-14,1,Smear Positive
Comoros,2009,sp,m,15-24,9,Smear Positive
Comoros,2009,sp,m,25-34,12,Smear Positive
Comoros,2009,sp,m,35-44,12,Smear Positive
Comoros,2009,sp,m,45-54,11,Smear Positive
Comoros,2009,sp,m,55-64,6,Smear Positive
Comoros,2009,sp,m,65+,3,Smear Positive
Comoros,2009,sp,f,0-14,1,Smear Positive
Comoros,2009,sp,f,15-24,8,Smear Positive
Comoros,2009,sp,f,25-34,4,Smear Positive
Comoros,2009,sp,f,35-44,4,Smear Positive
Comoros,2009,sp,f,45-54,2,Smear Positive
Comoros,2009,sp,f,55-64,2,Smear Positive
Comoros,2009,sp,f,65+,1,Smear Positive
Comoros,2009,sn,m,0-14,0,Smear Negative
Comoros,2009,sn,m,15-24,0,Smear Negative
Comoros,2009,sn,m,25-34,2,Smear Negative
Comoros,2009,sn,m,35-44,0,Smear Negative
Comoros,2009,sn,m,45-54,2,Smear Negative
Comoros,2009,sn,m,55-64,1,Smear Negative
Comoros,2009,sn,m,65+,1,Smear Negative
Comoros,2009,sn,f,0-14,2,Smear Negative
Comoros,2009,sn,f,15-24,3,Smear Negative
Comoros,2009,sn,f,25-34,0,Smear Negative
Comoros,2009,sn,f,35-44,0,Smear Negative
Comoros,2009,sn,f,45-54,2,Smear Negative
Comoros,2009,sn,f,55-64,1,Smear Negative
Comoros,2009,sn,f,65+,1,Smear Negative
Comoros,2009,ep,m,0-14,4,Extrapulmonary
Comoros,2009,ep,m,15-24,4,Extrapulmonary
Comoros,2009,ep,m,25-34,1,Extrapulmonary
Comoros,2009,ep,m,35-44,2,Extrapulmonary
Comoros,2009,ep,m,45-54,1,Extrapulmonary
Comoros,2009,ep,m,55-64,1,Extrapulmonary
Comoros,2009,ep,m,65+,1,Extrapulmonary
Comoros,2009,ep,f,0-14,1,Extrapulmonary
Comoros,2009,ep,f,15-24,2,Extrapulmonary
Comoros,2009,ep,f,25-34,1,Extrapulmonary
Comoros,2009,ep,f,35-44,2,Extrapulmonary
Comoros,2009,ep,f,45-54,1,Extrapulmonary
Comoros,2009,ep,f,55-64,2,Extrapulmonary
Comoros,2009,ep,f,65+,4,Extrapulmonary
Comoros,2011,sp,m,0-14,0,Smear Positive
Comoros,2011,sp,m,15-24,10,Smear Positive
Comoros,2011,sp,m,25-34,13,Smear Positive
Comoros,2011,sp,m,35-44,9,Smear Positive
Comoros,2011,sp,m,45-54,5,Smear Positive
Comoros,2011,sp,m,55-64,2,Smear Positive
Comoros,2011,sp,m,65+,5,Smear Positive
Comoros,2011,sp,f,0-14,2,Smear Positive
Comoros,2011,sp,f,15-24,8,Smear Positive
Comoros,2011,sp,f,25-34,4,Smear Positive
Comoros,2011,sp,f,35-44,2,Smear Positive
Comoros,2011,sp,f,45-54,1,Smear Positive
Comoros,2011,sp,f,55-64,0,Smear Positive
Comoros,2011,sp,f,65+,1,Smear Positive
Comoros,2011,sn,m,0-14,1,Smear Negative
Comoros,2011,sn,m,15-24,1,Smear Negative
Comoros,2011,sn,m,25-34,0,Smear Negative
Comoros,2011,sn,m,35-44,1,Smear Negative
Comoros,2011,sn,m,45-54,0,Smear Negative
Comoros,2011,sn,m,55-64,1,Smear Negative
Comoros,2011,sn,m,65+,0,Smear Negative
Comoros,2011,sn,f,0-14,1,Smear Negative
Comoros,2011,sn,f,15-24,1,Smear Negative
Comoros,2011,sn,f,25-34,1,Smear Negative
Comoros,2011,sn,f,35-44,1,Smear Negative
Comoros,2011,sn,f,45-54,2,Smear Negative
Comoros,2011,sn,f,55-64,1,Smear Negative
Comoros,2011,sn,f,65+,1,Smear Negative
Comoros,2011,ep,m,0-14,1,Extrapulmonary
Comoros,2011,ep,m,15-24,7,Extrapulmonary
Comoros,2011,ep,m,25-34,0,Extrapulmonary
Comoros,2011,ep,m,35-44,5,Extrapulmonary
Comoros,2011,ep,m,45-54,2,Extrapulmonary
Comoros,2011,ep,m,55-64,2,Extrapulmonary
Comoros,2011,ep,m,65+,0,Extrapulmonary
Comoros,2011,ep,f,0-14,6,Extrapulmonary
Comoros,2011,ep,f,15-24,1,Extrapulmonary
Comoros,2011,ep,f,25-34,3,Extrapulmonary
Comoros,2011,ep,f,35-44,3,Extrapulmonary
Comoros,2011,ep,f,45-54,1,Extrapulmonary
Comoros,2011,ep,f,55-64,0,Extrapulmonary
Comoros,2011,ep,f,65+,1,Extrapulmonary
Comoros,2012,sp,m,15-24,9,Smear Positive
Comoros,2012,sp,m,25-34,15,Smear Positive
Comoros,2012,sp,m,35-44,8,Smear Positive
Comoros,2012,sp,m,45-54,4,Smear Positive
Comoros,2012,sp,m,55-64,6,Smear Positive
Comoros,2012,sp,m,65+,6,Smear Positive
Comoros,2012,sp,f,0-14,1,Smear Positive
Comoros,2012,sp,f,15-24,5,Smear Positive
Comoros,2012,sp,f,25-34,7,Smear Positive
Comoros,2012,sp,f,35-44,5,Smear Positive
Comoros,2012,sp,f,45-54,1,Smear Positive
Comoros,2012,sp,f,55-64,1,Smear Positive
Comoros,2012,sp,f,65+,3,Smear Positive
Comoros,2012,sn,m,0-14,1,Smear Negative
Comoros,2012,sn,m,15-24,1,Smear Negative
Comoros,2012,sn,m,25-34,4,Smear Negative
Comoros,2012,sn,m,35-44,4,Smear Negative
Comoros,2012,sn,m,45-54,3,Smear Negative
Comoros,2012,sn,m,55-64,3,Smear Negative
Comoros,2012,sn,m,65+,1,Smear Negative
Comoros,2012,sn,f,25-34,1,Smear Negative
Comoros,2012,sn,f,35-44,1,Smear Negative
Comoros,2012,sn,f,45-54,2,Smear Negative
Comoros,2012,sn,f,65+,2,Smear Negative
Comoros,2012,ep,m,15-24,3,Extrapulmonary
Comoros,2012,ep,m,25-34,2,Extrapulmonary
Comoros,2012,ep,m,35-44,4,Extrapulmonary
Comoros,2012,ep,m,45-54,1,Extrapulmonary
Comoros,2012,ep,m,65+,5,Extrapulmonary
Comoros,2012,ep,f,15-24,1,Extrapulmonary
Comoros,2012,ep,f,25-34,3,Extrapulmonary
Comoros,2012,ep,f,35-44,1,Extrapulmonary
Comoros,2012,ep,f,55-64,2,Extrapulmonary
Comoros,2012,ep,f,65+,1,Extrapulmonary
Comoros,2013,rel,m,0-14,0,Relapse
Comoros,2013,rel,m,15-24,7,Relapse
Comoros,2013,rel,m,25-34,14,Relapse
Comoros,2013,rel,m,35-44,10,Relapse
Comoros,2013,rel,m,45-54,8,Relapse
Comoros,2013,rel,m,55-64,6,Relapse
Comoros,2013,rel,m,65+,2,Relapse
Comoros,2013,rel,f,0-14,0,Relapse
Comoros,2013,rel,f,15-24,13,Relapse
Comoros,2013,rel,f,25-34,2,Relapse
Comoros,2013,rel,f,35-44,2,Relapse
Comoros,2013,rel,f,45-54,4,Relapse
Comoros,2013,rel,f,55-64,2,Relapse
Comoros,2013,rel,f,65+,0,Relapse
Congo,1995,sp,m,0-14,16,Smear Positive
Congo,1995,sp,m,15-24,265,Smear Positive
Congo,1995,sp,m,25-34,409,Smear Positive
Congo,1995,sp,m,35-44,221,Smear Positive
Congo,1995,sp,m,45-54,73,Smear Positive
Congo,1995,sp,m,55-64,44,Smear Positive
Congo,1995,sp,m,65+,15,Smear Positive
Congo,1995,sp,f,0-14,17,Smear Positive
Congo,1995,sp,f,15-24,296,Smear Positive
Congo,1995,sp,f,25-34,353,Smear Positive
Congo,1995,sp,f,35-44,167,Smear Positive
Congo,1995,sp,f,45-54,61,Smear Positive
Congo,1995,sp,f,55-64,38,Smear Positive
Congo,1995,sp,f,65+,11,Smear Positive
Congo,1999,sp,m,0-14,17,Smear Positive
Congo,1999,sp,m,15-24,272,Smear Positive
Congo,1999,sp,m,25-34,407,Smear Positive
Congo,1999,sp,m,35-44,229,Smear Positive
Congo,1999,sp,m,45-54,99,Smear Positive
Congo,1999,sp,m,55-64,39,Smear Positive
Congo,1999,sp,m,65+,27,Smear Positive
Congo,1999,sp,f,0-14,25,Smear Positive
Congo,1999,sp,f,15-24,297,Smear Positive
Congo,1999,sp,f,25-34,348,Smear Positive
Congo,1999,sp,f,35-44,143,Smear Positive
Congo,1999,sp,f,45-54,83,Smear Positive
Congo,1999,sp,f,55-64,24,Smear Positive
Congo,1999,sp,f,65+,22,Smear Positive
Congo,2001,sp,m,0-14,31,Smear Positive
Congo,2001,sp,m,15-24,557,Smear Positive
Congo,2001,sp,m,25-34,756,Smear Positive
Congo,2001,sp,m,35-44,437,Smear Positive
Congo,2001,sp,m,45-54,174,Smear Positive
Congo,2001,sp,m,55-64,85,Smear Positive
Congo,2001,sp,m,65+,65,Smear Positive
Congo,2001,sp,f,0-14,53,Smear Positive
Congo,2001,sp,f,15-24,554,Smear Positive
Congo,2001,sp,f,25-34,706,Smear Positive
Congo,2001,sp,f,35-44,377,Smear Positive
Congo,2001,sp,f,45-54,177,Smear Positive
Congo,2001,sp,f,55-64,85,Smear Positive
Congo,2001,sp,f,65+,107,Smear Positive
Congo,2004,sp,m,0-14,9,Smear Positive
Congo,2004,sp,m,15-24,602,Smear Positive
Congo,2004,sp,m,25-34,887,Smear Positive
Congo,2004,sp,m,35-44,451,Smear Positive
Congo,2004,sp,m,45-54,251,Smear Positive
Congo,2004,sp,m,55-64,78,Smear Positive
Congo,2004,sp,m,65+,32,Smear Positive
Congo,2004,sp,f,0-14,38,Smear Positive
Congo,2004,sp,f,15-24,310,Smear Positive
Congo,2004,sp,f,25-34,800,Smear Positive
Congo,2004,sp,f,35-44,373,Smear Positive
Congo,2004,sp,f,45-54,156,Smear Positive
Congo,2004,sp,f,55-64,88,Smear Positive
Congo,2004,sp,f,65+,44,Smear Positive
Congo,2006,sp,m,0-14,32,Smear Positive
Congo,2006,sp,m,15-24,371,Smear Positive
Congo,2006,sp,m,25-34,656,Smear Positive
Congo,2006,sp,m,35-44,392,Smear Positive
Congo,2006,sp,m,45-54,174,Smear Positive
Congo,2006,sp,m,55-64,69,Smear Positive
Congo,2006,sp,m,65+,51,Smear Positive
Congo,2006,sp,f,0-14,44,Smear Positive
Congo,2006,sp,f,15-24,384,Smear Positive
Congo,2006,sp,f,25-34,500,Smear Positive
Congo,2006,sp,f,35-44,247,Smear Positive
Congo,2006,sp,f,45-54,138,Smear Positive
Congo,2006,sp,f,55-64,79,Smear Positive
Congo,2006,sp,f,65+,54,Smear Positive
Congo,2007,sp,m,0-14,28,Smear Positive
Congo,2007,sp,m,15-24,351,Smear Positive
Congo,2007,sp,m,25-34,635,Smear Positive
Congo,2007,sp,m,35-44,482,Smear Positive
Congo,2007,sp,m,45-54,233,Smear Positive
Congo,2007,sp,m,55-64,78,Smear Positive
Congo,2007,sp,m,65+,63,Smear Positive
Congo,2007,sp,f,0-14,45,Smear Positive
Congo,2007,sp,f,15-24,411,Smear Positive
Congo,2007,sp,f,25-34,608,Smear Positive
Congo,2007,sp,f,35-44,334,Smear Positive
Congo,2007,sp,f,45-54,153,Smear Positive
Congo,2007,sp,f,55-64,71,Smear Positive
Congo,2007,sp,f,65+,60,Smear Positive
Congo,2008,sp,m,0-14,31,Smear Positive
Congo,2008,sp,m,15-24,417,Smear Positive
Congo,2008,sp,m,25-34,606,Smear Positive
Congo,2008,sp,m,35-44,469,Smear Positive
Congo,2008,sp,m,45-54,195,Smear Positive
Congo,2008,sp,m,55-64,68,Smear Positive
Congo,2008,sp,m,65+,49,Smear Positive
Congo,2008,sp,f,0-14,56,Smear Positive
Congo,2008,sp,f,15-24,396,Smear Positive
Congo,2008,sp,f,25-34,505,Smear Positive
Congo,2008,sp,f,35-44,308,Smear Positive
Congo,2008,sp,f,45-54,135,Smear Positive
Congo,2008,sp,f,55-64,85,Smear Positive
Congo,2008,sp,f,65+,51,Smear Positive
Congo,2009,sp,m,0-14,50,Smear Positive
Congo,2009,sp,m,15-24,474,Smear Positive
Congo,2009,sp,m,25-34,644,Smear Positive
Congo,2009,sp,m,35-44,376,Smear Positive
Congo,2009,sp,m,45-54,220,Smear Positive
Congo,2009,sp,m,55-64,87,Smear Positive
Congo,2009,sp,m,65+,56,Smear Positive
Congo,2009,sp,f,0-14,65,Smear Positive
Congo,2009,sp,f,15-24,426,Smear Positive
Congo,2009,sp,f,25-34,493,Smear Positive
Congo,2009,sp,f,35-44,292,Smear Positive
Congo,2009,sp,f,45-54,127,Smear Positive
Congo,2009,sp,f,55-64,76,Smear Positive
Congo,2009,sp,f,65+,47,Smear Positive
Congo,2010,sp,m,0-14,41,Smear Positive
Congo,2010,sp,m,15-24,435,Smear Positive
Congo,2010,sp,m,25-34,672,Smear Positive
Congo,2010,sp,m,35-44,424,Smear Positive
Congo,2010,sp,m,45-54,203,Smear Positive
Congo,2010,sp,m,55-64,77,Smear Positive
Congo,2010,sp,m,65+,55,Smear Positive
Congo,2010,sp,f,0-14,49,Smear Positive
Congo,2010,sp,f,15-24,409,Smear Positive
Congo,2010,sp,f,25-34,510,Smear Positive
Congo,2010,sp,f,35-44,296,Smear Positive
Congo,2010,sp,f,45-54,152,Smear Positive
Congo,2010,sp,f,55-64,70,Smear Positive
Congo,2010,sp,f,65+,56,Smear Positive
Congo,2011,sp,m,0-14,58,Smear Positive
Congo,2011,sp,m,15-24,453,Smear Positive
Congo,2011,sp,m,25-34,705,Smear Positive
Congo,2011,sp,m,35-44,462,Smear Positive
Congo,2011,sp,m,45-54,222,Smear Positive
Congo,2011,sp,m,55-64,80,Smear Positive
Congo,2011,sp,m,65+,76,Smear Positive
Congo,2011,sp,f,0-14,72,Smear Positive
Congo,2011,sp,f,15-24,408,Smear Positive
Congo,2011,sp,f,25-34,463,Smear Positive
Congo,2011,sp,f,35-44,332,Smear Positive
Congo,2011,sp,f,45-54,200,Smear Positive
Congo,2011,sp,f,55-64,88,Smear Positive
Congo,2011,sp,f,65+,97,Smear Positive
Congo,2012,sp,m,0-14,46,Smear Positive
Congo,2012,sp,m,15-24,563,Smear Positive
Congo,2012,sp,m,25-34,716,Smear Positive
Congo,2012,sp,m,35-44,519,Smear Positive
Congo,2012,sp,m,45-54,276,Smear Positive
Congo,2012,sp,m,55-64,113,Smear Positive
Congo,2012,sp,m,65+,72,Smear Positive
Congo,2012,sp,f,0-14,63,Smear Positive
Congo,2012,sp,f,15-24,438,Smear Positive
Congo,2012,sp,f,25-34,482,Smear Positive
Congo,2012,sp,f,35-44,349,Smear Positive
Congo,2012,sp,f,45-54,171,Smear Positive
Congo,2012,sp,f,55-64,68,Smear Positive
Congo,2012,sp,f,65+,108,Smear Positive
Congo,2013,rel,m,0-14,35,Relapse
Congo,2013,rel,m,15-24,502,Relapse
Congo,2013,rel,m,25-34,803,Relapse
Congo,2013,rel,m,35-44,572,Relapse
Congo,2013,rel,m,45-54,246,Relapse
Congo,2013,rel,m,55-64,101,Relapse
Congo,2013,rel,m,65+,60,Relapse
Congo,2013,rel,f,0-14,46,Relapse
Congo,2013,rel,f,15-24,452,Relapse
Congo,2013,rel,f,25-34,475,Relapse
Congo,2013,rel,f,35-44,300,Relapse
Congo,2013,rel,f,45-54,156,Relapse
Congo,2013,rel,f,55-64,84,Relapse
Congo,2013,rel,f,65+,71,Relapse
Cook Islands,1980,sp,m,0-14,0,Smear Positive
Cook Islands,1980,sp,m,15-24,2,Smear Positive
Cook Islands,1980,sp,m,25-34,0,Smear Positive
Cook Islands,1980,sp,m,35-44,1,Smear Positive
Cook Islands,1980,sp,m,45-54,1,Smear Positive
Cook Islands,1980,sp,m,55-64,0,Smear Positive
Cook Islands,1980,sp,m,65+,0,Smear Positive
Cook Islands,1980,sp,f,0-14,0,Smear Positive
Cook Islands,1980,sp,f,15-24,3,Smear Positive
Cook Islands,1980,sp,f,25-34,0,Smear Positive
Cook Islands,1980,sp,f,35-44,0,Smear Positive
Cook Islands,1980,sp,f,45-54,1,Smear Positive
Cook Islands,1980,sp,f,55-64,0,Smear Positive
Cook Islands,1980,sp,f,65+,0,Smear Positive
Cook Islands,1981,sp,m,0-14,0,Smear Positive
Cook Islands,1981,sp,m,15-24,0,Smear Positive
Cook Islands,1981,sp,m,25-34,1,Smear Positive
Cook Islands,1981,sp,m,35-44,0,Smear Positive
Cook Islands,1981,sp,m,45-54,0,Smear Positive
Cook Islands,1981,sp,m,55-64,0,Smear Positive
Cook Islands,1981,sp,m,65+,0,Smear Positive
Cook Islands,1981,sp,f,0-14,0,Smear Positive
Cook Islands,1981,sp,f,15-24,0,Smear Positive
Cook Islands,1981,sp,f,25-34,0,Smear Positive
Cook Islands,1981,sp,f,35-44,0,Smear Positive
Cook Islands,1981,sp,f,45-54,0,Smear Positive
Cook Islands,1981,sp,f,55-64,1,Smear Positive
Cook Islands,1981,sp,f,65+,0,Smear Positive
Cook Islands,1982,sp,m,0-14,0,Smear Positive
Cook Islands,1982,sp,m,15-24,0,Smear Positive
Cook Islands,1982,sp,m,25-34,0,Smear Positive
Cook Islands,1982,sp,m,35-44,1,Smear Positive
Cook Islands,1982,sp,m,45-54,2,Smear Positive
Cook Islands,1982,sp,m,55-64,3,Smear Positive
Cook Islands,1982,sp,m,65+,1,Smear Positive
Cook Islands,1982,sp,f,0-14,0,Smear Positive
Cook Islands,1982,sp,f,15-24,2,Smear Positive
Cook Islands,1982,sp,f,25-34,0,Smear Positive
Cook Islands,1982,sp,f,35-44,3,Smear Positive
Cook Islands,1982,sp,f,45-54,0,Smear Positive
Cook Islands,1982,sp,f,55-64,0,Smear Positive
Cook Islands,1982,sp,f,65+,0,Smear Positive
Cook Islands,1983,sp,m,0-14,0,Smear Positive
Cook Islands,1983,sp,m,15-24,2,Smear Positive
Cook Islands,1983,sp,m,25-34,1,Smear Positive
Cook Islands,1983,sp,m,35-44,0,Smear Positive
Cook Islands,1983,sp,m,45-54,0,Smear Positive
Cook Islands,1983,sp,m,55-64,1,Smear Positive
Cook Islands,1983,sp,m,65+,1,Smear Positive
Cook Islands,1983,sp,f,0-14,0,Smear Positive
Cook Islands,1983,sp,f,15-24,4,Smear Positive
Cook Islands,1983,sp,f,25-34,0,Smear Positive
Cook Islands,1983,sp,f,35-44,3,Smear Positive
Cook Islands,1983,sp,f,45-54,1,Smear Positive
Cook Islands,1983,sp,f,55-64,2,Smear Positive
Cook Islands,1983,sp,f,65+,0,Smear Positive
Cook Islands,1984,sp,m,0-14,0,Smear Positive
Cook Islands,1984,sp,m,15-24,0,Smear Positive
Cook Islands,1984,sp,m,25-34,1,Smear Positive
Cook Islands,1984,sp,m,35-44,0,Smear Positive
Cook Islands,1984,sp,m,45-54,1,Smear Positive
Cook Islands,1984,sp,m,55-64,0,Smear Positive
Cook Islands,1984,sp,m,65+,1,Smear Positive
Cook Islands,1984,sp,f,0-14,0,Smear Positive
Cook Islands,1984,sp,f,15-24,0,Smear Positive
Cook Islands,1984,sp,f,25-34,0,Smear Positive
Cook Islands,1984,sp,f,35-44,0,Smear Positive
Cook Islands,1984,sp,f,45-54,0,Smear Positive
Cook Islands,1984,sp,f,55-64,0,Smear Positive
Cook Islands,1984,sp,f,65+,0,Smear Positive
Cook Islands,1985,sp,m,0-14,1,Smear Positive
Cook Islands,1985,sp,m,15-24,0,Smear Positive
Cook Islands,1985,sp,m,25-34,0,Smear Positive
Cook Islands,1985,sp,m,35-44,1,Smear Positive
Cook Islands,1985,sp,m,45-54,2,Smear Positive
Cook Islands,1985,sp,m,55-64,1,Smear Positive
Cook Islands,1985,sp,m,65+,0,Smear Positive
Cook Islands,1985,sp,f,0-14,0,Smear Positive
Cook Islands,1985,sp,f,15-24,1,Smear Positive
Cook Islands,1985,sp,f,25-34,1,Smear Positive
Cook Islands,1985,sp,f,35-44,0,Smear Positive
Cook Islands,1985,sp,f,45-54,0,Smear Positive
Cook Islands,1985,sp,f,55-64,1,Smear Positive
Cook Islands,1985,sp,f,65+,0,Smear Positive
Cook Islands,1986,sp,m,0-14,0,Smear Positive
Cook Islands,1986,sp,m,15-24,1,Smear Positive
Cook Islands,1986,sp,m,25-34,0,Smear Positive
Cook Islands,1986,sp,m,35-44,0,Smear Positive
Cook Islands,1986,sp,m,45-54,0,Smear Positive
Cook Islands,1986,sp,m,55-64,0,Smear Positive
Cook Islands,1986,sp,m,65+,0,Smear Positive
Cook Islands,1986,sp,f,0-14,1,Smear Positive
Cook Islands,1986,sp,f,15-24,0,Smear Positive
Cook Islands,1986,sp,f,25-34,0,Smear Positive
Cook Islands,1986,sp,f,35-44,0,Smear Positive
Cook Islands,1986,sp,f,45-54,0,Smear Positive
Cook Islands,1986,sp,f,55-64,0,Smear Positive
Cook Islands,1986,sp,f,65+,0,Smear Positive
Cook Islands,1987,sp,m,0-14,0,Smear Positive
Cook Islands,1987,sp,m,15-24,0,Smear Positive
Cook Islands,1987,sp,m,25-34,0,Smear Positive
Cook Islands,1987,sp,m,35-44,1,Smear Positive
Cook Islands,1987,sp,m,45-54,0,Smear Positive
Cook Islands,1987,sp,m,55-64,0,Smear Positive
Cook Islands,1987,sp,m,65+,0,Smear Positive
Cook Islands,1987,sp,f,0-14,1,Smear Positive
Cook Islands,1987,sp,f,15-24,0,Smear Positive
Cook Islands,1987,sp,f,25-34,0,Smear Positive
Cook Islands,1987,sp,f,35-44,0,Smear Positive
Cook Islands,1987,sp,f,45-54,0,Smear Positive
Cook Islands,1987,sp,f,55-64,0,Smear Positive
Cook Islands,1987,sp,f,65+,0,Smear Positive
Cook Islands,1989,sp,m,0-14,0,Smear Positive
Cook Islands,1989,sp,m,15-24,0,Smear Positive
Cook Islands,1989,sp,m,25-34,0,Smear Positive
Cook Islands,1989,sp,m,35-44,0,Smear Positive
Cook Islands,1989,sp,m,45-54,0,Smear Positive
Cook Islands,1989,sp,m,55-64,0,Smear Positive
Cook Islands,1989,sp,m,65+,1,Smear Positive
Cook Islands,1989,sp,f,0-14,1,Smear Positive
Cook Islands,1989,sp,f,15-24,0,Smear Positive
Cook Islands,1989,sp,f,25-34,0,Smear Positive
Cook Islands,1989,sp,f,35-44,0,Smear Positive
Cook Islands,1989,sp,f,45-54,0,Smear Positive
Cook Islands,1989,sp,f,55-64,0,Smear Positive
Cook Islands,1989,sp,f,65+,0,Smear Positive
Cook Islands,1991,sp,m,0-14,0,Smear Positive
Cook Islands,1991,sp,m,15-24,0,Smear Positive
Cook Islands,1991,sp,m,25-34,0,Smear Positive
Cook Islands,1991,sp,m,35-44,0,Smear Positive
Cook Islands,1991,sp,m,45-54,0,Smear Positive
Cook Islands,1991,sp,m,55-64,0,Smear Positive
Cook Islands,1991,sp,m,65+,0,Smear Positive
Cook Islands,1991,sp,f,0-14,0,Smear Positive
Cook Islands,1991,sp,f,15-24,1,Smear Positive
Cook Islands,1991,sp,f,25-34,0,Smear Positive
Cook Islands,1991,sp,f,35-44,0,Smear Positive
Cook Islands,1991,sp,f,45-54,0,Smear Positive
Cook Islands,1991,sp,f,55-64,0,Smear Positive
Cook Islands,1991,sp,f,65+,0,Smear Positive
Cook Islands,1992,sp,m,0-14,0,Smear Positive
Cook Islands,1992,sp,m,15-24,0,Smear Positive
Cook Islands,1992,sp,m,25-34,0,Smear Positive
Cook Islands,1992,sp,m,35-44,0,Smear Positive
Cook Islands,1992,sp,m,45-54,1,Smear Positive
Cook Islands,1992,sp,m,55-64,2,Smear Positive
Cook Islands,1992,sp,m,65+,0,Smear Positive
Cook Islands,1992,sp,f,0-14,0,Smear Positive
Cook Islands,1992,sp,f,15-24,0,Smear Positive
Cook Islands,1992,sp,f,25-34,0,Smear Positive
Cook Islands,1992,sp,f,35-44,1,Smear Positive
Cook Islands,1992,sp,f,45-54,0,Smear Positive
Cook Islands,1992,sp,f,55-64,1,Smear Positive
Cook Islands,1992,sp,f,65+,1,Smear Positive
Cook Islands,1993,sp,m,0-14,0,Smear Positive
Cook Islands,1993,sp,m,15-24,0,Smear Positive
Cook Islands,1993,sp,m,25-34,0,Smear Positive
Cook Islands,1993,sp,m,35-44,0,Smear Positive
Cook Islands,1993,sp,m,45-54,2,Smear Positive
Cook Islands,1993,sp,m,55-64,0,Smear Positive
Cook Islands,1993,sp,m,65+,0,Smear Positive
Cook Islands,1993,sp,f,0-14,0,Smear Positive
Cook Islands,1993,sp,f,15-24,0,Smear Positive
Cook Islands,1993,sp,f,25-34,1,Smear Positive
Cook Islands,1993,sp,f,35-44,0,Smear Positive
Cook Islands,1993,sp,f,45-54,0,Smear Positive
Cook Islands,1993,sp,f,55-64,1,Smear Positive
Cook Islands,1993,sp,f,65+,0,Smear Positive
Cook Islands,1994,sp,m,0-14,0,Smear Positive
Cook Islands,1994,sp,m,15-24,0,Smear Positive
Cook Islands,1994,sp,m,25-34,0,Smear Positive
Cook Islands,1994,sp,m,35-44,0,Smear Positive
Cook Islands,1994,sp,m,45-54,0,Smear Positive
Cook Islands,1994,sp,m,55-64,3,Smear Positive
Cook Islands,1994,sp,m,65+,1,Smear Positive
Cook Islands,1994,sp,f,0-14,1,Smear Positive
Cook Islands,1994,sp,f,15-24,0,Smear Positive
Cook Islands,1994,sp,f,25-34,0,Smear Positive
Cook Islands,1994,sp,f,35-44,0,Smear Positive
Cook Islands,1994,sp,f,45-54,0,Smear Positive
Cook Islands,1994,sp,f,55-64,0,Smear Positive
Cook Islands,1994,sp,f,65+,0,Smear Positive
Cook Islands,1995,sp,m,0-14,0,Smear Positive
Cook Islands,1995,sp,m,15-24,0,Smear Positive
Cook Islands,1995,sp,m,25-34,0,Smear Positive
Cook Islands,1995,sp,m,35-44,0,Smear Positive
Cook Islands,1995,sp,m,45-54,0,Smear Positive
Cook Islands,1995,sp,m,55-64,1,Smear Positive
Cook Islands,1995,sp,m,65+,0,Smear Positive
Cook Islands,1995,sp,f,0-14,0,Smear Positive
Cook Islands,1995,sp,f,15-24,0,Smear Positive
Cook Islands,1995,sp,f,25-34,0,Smear Positive
Cook Islands,1995,sp,f,35-44,0,Smear Positive
Cook Islands,1995,sp,f,45-54,1,Smear Positive
Cook Islands,1995,sp,f,55-64,0,Smear Positive
Cook Islands,1995,sp,f,65+,0,Smear Positive
Cook Islands,1996,sp,m,0-14,0,Smear Positive
Cook Islands,1996,sp,m,15-24,0,Smear Positive
Cook Islands,1996,sp,m,25-34,0,Smear Positive
Cook Islands,1996,sp,m,35-44,0,Smear Positive
Cook Islands,1996,sp,m,45-54,0,Smear Positive
Cook Islands,1996,sp,m,55-64,0,Smear Positive
Cook Islands,1996,sp,m,65+,0,Smear Positive
Cook Islands,1996,sp,f,0-14,0,Smear Positive
Cook Islands,1996,sp,f,15-24,0,Smear Positive
Cook Islands,1996,sp,f,25-34,0,Smear Positive
Cook Islands,1996,sp,f,35-44,0,Smear Positive
Cook Islands,1996,sp,f,45-54,0,Smear Positive
Cook Islands,1996,sp,f,55-64,1,Smear Positive
Cook Islands,1996,sp,f,65+,0,Smear Positive
Cook Islands,1997,sp,m,0-14,0,Smear Positive
Cook Islands,1997,sp,m,15-24,0,Smear Positive
Cook Islands,1997,sp,m,25-34,0,Smear Positive
Cook Islands,1997,sp,m,35-44,0,Smear Positive
Cook Islands,1997,sp,m,45-54,0,Smear Positive
Cook Islands,1997,sp,m,55-64,1,Smear Positive
Cook Islands,1997,sp,m,65+,0,Smear Positive
Cook Islands,1997,sp,f,0-14,0,Smear Positive
Cook Islands,1997,sp,f,15-24,0,Smear Positive
Cook Islands,1997,sp,f,25-34,0,Smear Positive
Cook Islands,1997,sp,f,35-44,1,Smear Positive
Cook Islands,1997,sp,f,45-54,0,Smear Positive
Cook Islands,1997,sp,f,55-64,0,Smear Positive
Cook Islands,1997,sp,f,65+,0,Smear Positive
Cook Islands,1998,sp,m,0-14,0,Smear Positive
Cook Islands,1998,sp,m,15-24,0,Smear Positive
Cook Islands,1998,sp,m,25-34,0,Smear Positive
Cook Islands,1998,sp,m,35-44,0,Smear Positive
Cook Islands,1998,sp,m,45-54,0,Smear Positive
Cook Islands,1998,sp,m,55-64,0,Smear Positive
Cook Islands,1998,sp,m,65+,0,Smear Positive
Cook Islands,1998,sp,f,0-14,0,Smear Positive
Cook Islands,1998,sp,f,15-24,0,Smear Positive
Cook Islands,1998,sp,f,25-34,0,Smear Positive
Cook Islands,1998,sp,f,35-44,0,Smear Positive
Cook Islands,1998,sp,f,45-54,0,Smear Positive
Cook Islands,1998,sp,f,55-64,0,Smear Positive
Cook Islands,1998,sp,f,65+,0,Smear Positive
Cook Islands,2000,sp,m,0-14,0,Smear Positive
Cook Islands,2000,sp,m,15-24,0,Smear Positive
Cook Islands,2000,sp,m,25-34,0,Smear Positive
Cook Islands,2000,sp,m,35-44,0,Smear Positive
Cook Islands,2000,sp,m,45-54,0,Smear Positive
Cook Islands,2000,sp,m,55-64,0,Smear Positive
Cook Islands,2000,sp,m,65+,0,Smear Positive
Cook Islands,2000,sp,f,0-14,0,Smear Positive
Cook Islands,2000,sp,f,15-24,0,Smear Positive
Cook Islands,2000,sp,f,25-34,0,Smear Positive
Cook Islands,2000,sp,f,35-44,0,Smear Positive
Cook Islands,2000,sp,f,45-54,0,Smear Positive
Cook Islands,2000,sp,f,55-64,0,Smear Positive
Cook Islands,2000,sp,f,65+,0,Smear Positive
Cook Islands,2001,sp,m,0-14,0,Smear Positive
Cook Islands,2001,sp,m,15-24,0,Smear Positive
Cook Islands,2001,sp,m,25-34,0,Smear Positive
Cook Islands,2001,sp,m,35-44,0,Smear Positive
Cook Islands,2001,sp,m,45-54,0,Smear Positive
Cook Islands,2001,sp,m,55-64,1,Smear Positive
Cook Islands,2001,sp,m,65+,1,Smear Positive
Cook Islands,2001,sp,f,0-14,0,Smear Positive
Cook Islands,2001,sp,f,15-24,0,Smear Positive
Cook Islands,2001,sp,f,25-34,0,Smear Positive
Cook Islands,2001,sp,f,35-44,0,Smear Positive
Cook Islands,2001,sp,f,45-54,0,Smear Positive
Cook Islands,2001,sp,f,55-64,0,Smear Positive
Cook Islands,2001,sp,f,65+,0,Smear Positive
Cook Islands,2002,sp,m,0-14,0,Smear Positive
Cook Islands,2002,sp,m,15-24,0,Smear Positive
Cook Islands,2002,sp,m,25-34,0,Smear Positive
Cook Islands,2002,sp,m,35-44,0,Smear Positive
Cook Islands,2002,sp,m,45-54,0,Smear Positive
Cook Islands,2002,sp,m,55-64,1,Smear Positive
Cook Islands,2002,sp,m,65+,0,Smear Positive
Cook Islands,2002,sp,f,0-14,0,Smear Positive
Cook Islands,2002,sp,f,15-24,0,Smear Positive
Cook Islands,2002,sp,f,25-34,0,Smear Positive
Cook Islands,2002,sp,f,35-44,0,Smear Positive
Cook Islands,2002,sp,f,45-54,0,Smear Positive
Cook Islands,2002,sp,f,55-64,0,Smear Positive
Cook Islands,2002,sp,f,65+,0,Smear Positive
Cook Islands,2003,sp,m,0-14,0,Smear Positive
Cook Islands,2003,sp,m,15-24,0,Smear Positive
Cook Islands,2003,sp,m,25-34,0,Smear Positive
Cook Islands,2003,sp,m,35-44,0,Smear Positive
Cook Islands,2003,sp,m,45-54,0,Smear Positive
Cook Islands,2003,sp,m,55-64,0,Smear Positive
Cook Islands,2003,sp,m,65+,0,Smear Positive
Cook Islands,2003,sp,f,0-14,0,Smear Positive
Cook Islands,2003,sp,f,15-24,0,Smear Positive
Cook Islands,2003,sp,f,25-34,0,Smear Positive
Cook Islands,2003,sp,f,35-44,0,Smear Positive
Cook Islands,2003,sp,f,45-54,0,Smear Positive
Cook Islands,2003,sp,f,55-64,0,Smear Positive
Cook Islands,2003,sp,f,65+,0,Smear Positive
Cook Islands,2004,sp,m,0-14,0,Smear Positive
Cook Islands,2004,sp,m,15-24,0,Smear Positive
Cook Islands,2004,sp,m,25-34,0,Smear Positive
Cook Islands,2004,sp,m,35-44,0,Smear Positive
Cook Islands,2004,sp,m,45-54,0,Smear Positive
Cook Islands,2004,sp,m,55-64,0,Smear Positive
Cook Islands,2004,sp,m,65+,1,Smear Positive
Cook Islands,2004,sp,f,0-14,0,Smear Positive
Cook Islands,2004,sp,f,15-24,0,Smear Positive
Cook Islands,2004,sp,f,25-34,0,Smear Positive
Cook Islands,2004,sp,f,35-44,0,Smear Positive
Cook Islands,2004,sp,f,45-54,0,Smear Positive
Cook Islands,2004,sp,f,55-64,0,Smear Positive
Cook Islands,2004,sp,f,65+,0,Smear Positive
Cook Islands,2005,sp,m,0-14,0,Smear Positive
Cook Islands,2005,sp,m,15-24,1,Smear Positive
Cook Islands,2005,sp,m,25-34,0,Smear Positive
Cook Islands,2005,sp,m,35-44,0,Smear Positive
Cook Islands,2005,sp,m,45-54,0,Smear Positive
Cook Islands,2005,sp,m,55-64,0,Smear Positive
Cook Islands,2005,sp,m,65+,0,Smear Positive
Cook Islands,2005,sp,f,0-14,0,Smear Positive
Cook Islands,2005,sp,f,15-24,0,Smear Positive
Cook Islands,2005,sp,f,25-34,0,Smear Positive
Cook Islands,2005,sp,f,35-44,0,Smear Positive
Cook Islands,2005,sp,f,45-54,0,Smear Positive
Cook Islands,2005,sp,f,55-64,0,Smear Positive
Cook Islands,2005,sp,f,65+,0,Smear Positive
Cook Islands,2006,sp,m,0-14,0,Smear Positive
Cook Islands,2006,sp,m,15-24,0,Smear Positive
Cook Islands,2006,sp,m,25-34,0,Smear Positive
Cook Islands,2006,sp,m,35-44,0,Smear Positive
Cook Islands,2006,sp,m,45-54,0,Smear Positive
Cook Islands,2006,sp,m,55-64,0,Smear Positive
Cook Islands,2006,sp,m,65+,0,Smear Positive
Cook Islands,2006,sp,f,0-14,0,Smear Positive
Cook Islands,2006,sp,f,15-24,0,Smear Positive
Cook Islands,2006,sp,f,25-34,0,Smear Positive
Cook Islands,2006,sp,f,35-44,0,Smear Positive
Cook Islands,2006,sp,f,45-54,0,Smear Positive
Cook Islands,2006,sp,f,55-64,0,Smear Positive
Cook Islands,2006,sp,f,65+,0,Smear Positive
Cook Islands,2006,sn,m,0-14,0,Smear Negative
Cook Islands,2006,sn,m,15-24,0,Smear Negative
Cook Islands,2006,sn,m,25-34,0,Smear Negative
Cook Islands,2006,sn,m,35-44,0,Smear Negative
Cook Islands,2006,sn,m,45-54,0,Smear Negative
Cook Islands,2006,sn,m,55-64,0,Smear Negative
Cook Islands,2006,sn,m,65+,0,Smear Negative
Cook Islands,2006,sn,f,0-14,0,Smear Negative
Cook Islands,2006,sn,f,15-24,0,Smear Negative
Cook Islands,2006,sn,f,25-34,0,Smear Negative
Cook Islands,2006,sn,f,35-44,0,Smear Negative
Cook Islands,2006,sn,f,45-54,0,Smear Negative
Cook Islands,2006,sn,f,55-64,0,Smear Negative
Cook Islands,2006,sn,f,65+,0,Smear Negative
Cook Islands,2006,ep,m,0-14,0,Extrapulmonary
Cook Islands,2006,ep,m,15-24,0,Extrapulmonary
Cook Islands,2006,ep,m,25-34,0,Extrapulmonary
Cook Islands,2006,ep,m,35-44,0,Extrapulmonary
Cook Islands,2006,ep,m,45-54,0,Extrapulmonary
Cook Islands,2006,ep,m,55-64,0,Extrapulmonary
Cook Islands,2006,ep,m,65+,0,Extrapulmonary
Cook Islands,2006,ep,f,0-14,0,Extrapulmonary
Cook Islands,2006,ep,f,15-24,0,Extrapulmonary
Cook Islands,2006,ep,f,25-34,0,Extrapulmonary
Cook Islands,2006,ep,f,35-44,0,Extrapulmonary
Cook Islands,2006,ep,f,45-54,0,Extrapulmonary
Cook Islands,2006,ep,f,55-64,0,Extrapulmonary
Cook Islands,2006,ep,f,65+,0,Extrapulmonary
Cook Islands,2008,sp,m,35-44,1,Smear Positive
Cook Islands,2008,sp,m,55-64,1,Smear Positive
Cook Islands,2008,sn,m,0-14,0,Smear Negative
Cook Islands,2008,sn,m,15-24,0,Smear Negative
Cook Islands,2008,sn,m,25-34,0,Smear Negative
Cook Islands,2008,sn,m,35-44,0,Smear Negative
Cook Islands,2008,sn,m,45-54,0,Smear Negative
Cook Islands,2008,sn,m,55-64,0,Smear Negative
Cook Islands,2008,sn,m,65+,0,Smear Negative
Cook Islands,2008,sn,f,0-14,0,Smear Negative
Cook Islands,2008,sn,f,15-24,0,Smear Negative
Cook Islands,2008,sn,f,25-34,0,Smear Negative
Cook Islands,2008,sn,f,35-44,0,Smear Negative
Cook Islands,2008,sn,f,45-54,0,Smear Negative
Cook Islands,2008,sn,f,55-64,0,Smear Negative
Cook Islands,2008,sn,f,65+,0,Smear Negative
Cook Islands,2008,ep,m,0-14,0,Extrapulmonary
Cook Islands,2008,ep,m,15-24,0,Extrapulmonary
Cook Islands,2008,ep,m,25-34,0,Extrapulmonary
Cook Islands,2008,ep,m,35-44,0,Extrapulmonary
Cook Islands,2008,ep,m,45-54,0,Extrapulmonary
Cook Islands,2008,ep,m,55-64,0,Extrapulmonary
Cook Islands,2008,ep,m,65+,0,Extrapulmonary
Cook Islands,2008,ep,f,0-14,0,Extrapulmonary
Cook Islands,2008,ep,f,15-24,0,Extrapulmonary
Cook Islands,2008,ep,f,25-34,0,Extrapulmonary
Cook Islands,2008,ep,f,35-44,0,Extrapulmonary
Cook Islands,2008,ep,f,45-54,0,Extrapulmonary
Cook Islands,2008,ep,f,55-64,0,Extrapulmonary
Cook Islands,2008,ep,f,65+,0,Extrapulmonary
Cook Islands,2009,sp,m,0-14,0,Smear Positive
Cook Islands,2009,sp,m,15-24,0,Smear Positive
Cook Islands,2009,sp,m,25-34,0,Smear Positive
Cook Islands,2009,sp,m,35-44,0,Smear Positive
Cook Islands,2009,sp,m,45-54,0,Smear Positive
Cook Islands,2009,sp,m,55-64,1,Smear Positive
Cook Islands,2009,sp,m,65+,0,Smear Positive
Cook Islands,2009,sp,f,0-14,0,Smear Positive
Cook Islands,2009,sp,f,15-24,0,Smear Positive
Cook Islands,2009,sp,f,25-34,0,Smear Positive
Cook Islands,2009,sp,f,35-44,0,Smear Positive
Cook Islands,2009,sp,f,45-54,0,Smear Positive
Cook Islands,2009,sp,f,55-64,0,Smear Positive
Cook Islands,2009,sp,f,65+,0,Smear Positive
Cook Islands,2009,sn,m,0-14,0,Smear Negative
Cook Islands,2009,sn,m,15-24,0,Smear Negative
Cook Islands,2009,sn,m,25-34,0,Smear Negative
Cook Islands,2009,sn,m,35-44,0,Smear Negative
Cook Islands,2009,sn,m,45-54,0,Smear Negative
Cook Islands,2009,sn,m,55-64,1,Smear Negative
Cook Islands,2009,sn,m,65+,0,Smear Negative
Cook Islands,2009,sn,f,0-14,0,Smear Negative
Cook Islands,2009,sn,f,15-24,0,Smear Negative
Cook Islands,2009,sn,f,25-34,0,Smear Negative
Cook Islands,2009,sn,f,35-44,0,Smear Negative
Cook Islands,2009,sn,f,45-54,0,Smear Negative
Cook Islands,2009,sn,f,55-64,0,Smear Negative
Cook Islands,2009,sn,f,65+,0,Smear Negative
Cook Islands,2009,ep,m,0-14,0,Extrapulmonary
Cook Islands,2009,ep,m,15-24,0,Extrapulmonary
Cook Islands,2009,ep,m,25-34,0,Extrapulmonary
Cook Islands,2009,ep,m,35-44,0,Extrapulmonary
Cook Islands,2009,ep,m,45-54,0,Extrapulmonary
Cook Islands,2009,ep,m,55-64,0,Extrapulmonary
Cook Islands,2009,ep,m,65+,0,Extrapulmonary
Cook Islands,2009,ep,f,0-14,0,Extrapulmonary
Cook Islands,2009,ep,f,15-24,0,Extrapulmonary
Cook Islands,2009,ep,f,25-34,0,Extrapulmonary
Cook Islands,2009,ep,f,35-44,0,Extrapulmonary
Cook Islands,2009,ep,f,45-54,0,Extrapulmonary
Cook Islands,2009,ep,f,55-64,0,Extrapulmonary
Cook Islands,2009,ep,f,65+,0,Extrapulmonary
Cook Islands,2010,sp,m,0-14,0,Smear Positive
Cook Islands,2010,sp,m,15-24,0,Smear Positive
Cook Islands,2010,sp,m,25-34,0,Smear Positive
Cook Islands,2010,sp,m,35-44,0,Smear Positive
Cook Islands,2010,sp,m,45-54,0,Smear Positive
Cook Islands,2010,sp,m,55-64,0,Smear Positive
Cook Islands,2010,sp,m,65+,0,Smear Positive
Cook Islands,2010,sp,f,0-14,0,Smear Positive
Cook Islands,2010,sp,f,15-24,0,Smear Positive
Cook Islands,2010,sp,f,25-34,0,Smear Positive
Cook Islands,2010,sp,f,35-44,0,Smear Positive
Cook Islands,2010,sp,f,45-54,0,Smear Positive
Cook Islands,2010,sp,f,55-64,0,Smear Positive
Cook Islands,2010,sp,f,65+,0,Smear Positive
Cook Islands,2010,sn,m,0-14,0,Smear Negative
Cook Islands,2010,sn,m,15-24,0,Smear Negative
Cook Islands,2010,sn,m,25-34,0,Smear Negative
Cook Islands,2010,sn,m,35-44,0,Smear Negative
Cook Islands,2010,sn,m,45-54,0,Smear Negative
Cook Islands,2010,sn,m,55-64,0,Smear Negative
Cook Islands,2010,sn,m,65+,0,Smear Negative
Cook Islands,2010,sn,f,0-14,0,Smear Negative
Cook Islands,2010,sn,f,15-24,0,Smear Negative
Cook Islands,2010,sn,f,25-34,0,Smear Negative
Cook Islands,2010,sn,f,35-44,0,Smear Negative
Cook Islands,2010,sn,f,45-54,0,Smear Negative
Cook Islands,2010,sn,f,55-64,0,Smear Negative
Cook Islands,2010,sn,f,65+,0,Smear Negative
Cook Islands,2010,ep,m,0-14,0,Extrapulmonary
Cook Islands,2010,ep,m,15-24,0,Extrapulmonary
Cook Islands,2010,ep,m,25-34,0,Extrapulmonary
Cook Islands,2010,ep,m,35-44,0,Extrapulmonary
Cook Islands,2010,ep,m,45-54,0,Extrapulmonary
Cook Islands,2010,ep,m,55-64,0,Extrapulmonary
Cook Islands,2010,ep,m,65+,0,Extrapulmonary
Cook Islands,2010,ep,f,0-14,0,Extrapulmonary
Cook Islands,2010,ep,f,15-24,0,Extrapulmonary
Cook Islands,2010,ep,f,25-34,0,Extrapulmonary
Cook Islands,2010,ep,f,35-44,0,Extrapulmonary
Cook Islands,2010,ep,f,45-54,0,Extrapulmonary
Cook Islands,2010,ep,f,55-64,0,Extrapulmonary
Cook Islands,2010,ep,f,65+,0,Extrapulmonary
Cook Islands,2011,sp,m,0-14,0,Smear Positive
Cook Islands,2011,sp,m,15-24,0,Smear Positive
Cook Islands,2011,sp,m,25-34,0,Smear Positive
Cook Islands,2011,sp,m,35-44,0,Smear Positive
Cook Islands,2011,sp,m,45-54,0,Smear Positive
Cook Islands,2011,sp,m,55-64,0,Smear Positive
Cook Islands,2011,sp,m,65+,0,Smear Positive
Cook Islands,2011,sp,f,0-14,0,Smear Positive
Cook Islands,2011,sp,f,15-24,1,Smear Positive
Cook Islands,2011,sp,f,25-34,0,Smear Positive
Cook Islands,2011,sp,f,35-44,0,Smear Positive
Cook Islands,2011,sp,f,45-54,0,Smear Positive
Cook Islands,2011,sp,f,55-64,0,Smear Positive
Cook Islands,2011,sp,f,65+,0,Smear Positive
Cook Islands,2011,sn,m,0-14,0,Smear Negative
Cook Islands,2011,sn,m,15-24,0,Smear Negative
Cook Islands,2011,sn,m,25-34,0,Smear Negative
Cook Islands,2011,sn,m,35-44,0,Smear Negative
Cook Islands,2011,sn,m,45-54,0,Smear Negative
Cook Islands,2011,sn,m,55-64,0,Smear Negative
Cook Islands,2011,sn,m,65+,0,Smear Negative
Cook Islands,2011,sn,f,0-14,0,Smear Negative
Cook Islands,2011,sn,f,15-24,0,Smear Negative
Cook Islands,2011,sn,f,25-34,0,Smear Negative
Cook Islands,2011,sn,f,35-44,0,Smear Negative
Cook Islands,2011,sn,f,45-54,0,Smear Negative
Cook Islands,2011,sn,f,55-64,0,Smear Negative
Cook Islands,2011,sn,f,65+,0,Smear Negative
Cook Islands,2011,ep,m,0-14,0,Extrapulmonary
Cook Islands,2011,ep,m,15-24,0,Extrapulmonary
Cook Islands,2011,ep,m,25-34,0,Extrapulmonary
Cook Islands,2011,ep,m,35-44,0,Extrapulmonary
Cook Islands,2011,ep,m,45-54,0,Extrapulmonary
Cook Islands,2011,ep,m,55-64,0,Extrapulmonary
Cook Islands,2011,ep,m,65+,0,Extrapulmonary
Cook Islands,2011,ep,f,0-14,0,Extrapulmonary
Cook Islands,2011,ep,f,15-24,0,Extrapulmonary
Cook Islands,2011,ep,f,25-34,0,Extrapulmonary
Cook Islands,2011,ep,f,35-44,0,Extrapulmonary
Cook Islands,2011,ep,f,45-54,0,Extrapulmonary
Cook Islands,2011,ep,f,55-64,0,Extrapulmonary
Cook Islands,2011,ep,f,65+,0,Extrapulmonary
Cook Islands,2012,sp,m,0-14,0,Smear Positive
Cook Islands,2012,sp,m,15-24,0,Smear Positive
Cook Islands,2012,sp,m,25-34,0,Smear Positive
Cook Islands,2012,sp,m,35-44,0,Smear Positive
Cook Islands,2012,sp,m,45-54,0,Smear Positive
Cook Islands,2012,sp,m,55-64,0,Smear Positive
Cook Islands,2012,sp,m,65+,0,Smear Positive
Cook Islands,2012,sp,f,0-14,0,Smear Positive
Cook Islands,2012,sp,f,15-24,0,Smear Positive
Cook Islands,2012,sp,f,25-34,0,Smear Positive
Cook Islands,2012,sp,f,35-44,0,Smear Positive
Cook Islands,2012,sp,f,45-54,0,Smear Positive
Cook Islands,2012,sp,f,55-64,0,Smear Positive
Cook Islands,2012,sp,f,65+,0,Smear Positive
Cook Islands,2012,sn,m,0-14,0,Smear Negative
Cook Islands,2012,sn,m,15-24,0,Smear Negative
Cook Islands,2012,sn,m,25-34,0,Smear Negative
Cook Islands,2012,sn,m,35-44,0,Smear Negative
Cook Islands,2012,sn,m,45-54,0,Smear Negative
Cook Islands,2012,sn,m,55-64,0,Smear Negative
Cook Islands,2012,sn,m,65+,0,Smear Negative
Cook Islands,2012,sn,f,0-14,0,Smear Negative
Cook Islands,2012,sn,f,15-24,0,Smear Negative
Cook Islands,2012,sn,f,25-34,0,Smear Negative
Cook Islands,2012,sn,f,35-44,0,Smear Negative
Cook Islands,2012,sn,f,45-54,0,Smear Negative
Cook Islands,2012,sn,f,55-64,0,Smear Negative
Cook Islands,2012,sn,f,65+,0,Smear Negative
Cook Islands,2012,ep,m,0-14,0,Extrapulmonary
Cook Islands,2012,ep,m,15-24,0,Extrapulmonary
Cook Islands,2012,ep,m,25-34,0,Extrapulmonary
Cook Islands,2012,ep,m,35-44,0,Extrapulmonary
Cook Islands,2012,ep,m,45-54,0,Extrapulmonary
Cook Islands,2012,ep,m,55-64,0,Extrapulmonary
Cook Islands,2012,ep,m,65+,0,Extrapulmonary
Cook Islands,2012,ep,f,0-14,0,Extrapulmonary
Cook Islands,2012,ep,f,15-24,0,Extrapulmonary
Cook Islands,2012,ep,f,25-34,0,Extrapulmonary
Cook Islands,2012,ep,f,35-44,0,Extrapulmonary
Cook Islands,2012,ep,f,45-54,0,Extrapulmonary
Cook Islands,2012,ep,f,55-64,0,Extrapulmonary
Cook Islands,2012,ep,f,65+,0,Extrapulmonary
Cook Islands,2013,rel,m,0-14,0,Relapse
Cook Islands,2013,rel,m,15-24,0,Relapse
Cook Islands,2013,rel,m,25-34,0,Relapse
Cook Islands,2013,rel,m,35-44,0,Relapse
Cook Islands,2013,rel,m,45-54,0,Relapse
Cook Islands,2013,rel,m,55-64,1,Relapse
Cook Islands,2013,rel,m,65+,1,Relapse
Cook Islands,2013,rel,f,0-14,0,Relapse
Cook Islands,2013,rel,f,15-24,0,Relapse
Cook Islands,2013,rel,f,25-34,0,Relapse
Cook Islands,2013,rel,f,35-44,0,Relapse
Cook Islands,2013,rel,f,45-54,0,Relapse
Cook Islands,2013,rel,f,55-64,0,Relapse
Cook Islands,2013,rel,f,65+,0,Relapse
Costa Rica,1995,sp,m,0-14,1,Smear Positive
Costa Rica,1995,sp,m,15-24,17,Smear Positive
Costa Rica,1995,sp,m,25-34,38,Smear Positive
Costa Rica,1995,sp,m,35-44,24,Smear Positive
Costa Rica,1995,sp,m,45-54,19,Smear Positive
Costa Rica,1995,sp,m,55-64,23,Smear Positive
Costa Rica,1995,sp,m,65+,22,Smear Positive
Costa Rica,1995,sp,f,0-14,2,Smear Positive
Costa Rica,1995,sp,f,15-24,17,Smear Positive
Costa Rica,1995,sp,f,25-34,15,Smear Positive
Costa Rica,1995,sp,f,35-44,11,Smear Positive
Costa Rica,1995,sp,f,45-54,7,Smear Positive
Costa Rica,1995,sp,f,55-64,9,Smear Positive
Costa Rica,1995,sp,f,65+,14,Smear Positive
Costa Rica,1996,sp,m,0-14,0,Smear Positive
Costa Rica,1996,sp,m,15-24,11,Smear Positive
Costa Rica,1996,sp,m,25-34,11,Smear Positive
Costa Rica,1996,sp,m,35-44,19,Smear Positive
Costa Rica,1996,sp,m,45-54,15,Smear Positive
Costa Rica,1996,sp,m,55-64,19,Smear Positive
Costa Rica,1996,sp,m,65+,15,Smear Positive
Costa Rica,1996,sp,f,0-14,0,Smear Positive
Costa Rica,1996,sp,f,15-24,4,Smear Positive
Costa Rica,1996,sp,f,25-34,9,Smear Positive
Costa Rica,1996,sp,f,35-44,7,Smear Positive
Costa Rica,1996,sp,f,45-54,3,Smear Positive
Costa Rica,1996,sp,f,55-64,4,Smear Positive
Costa Rica,1996,sp,f,65+,5,Smear Positive
Costa Rica,1997,sp,m,0-14,37,Smear Positive
Costa Rica,1997,sp,m,15-24,30,Smear Positive
Costa Rica,1997,sp,m,25-34,82,Smear Positive
Costa Rica,1997,sp,m,35-44,69,Smear Positive
Costa Rica,1997,sp,m,45-54,52,Smear Positive
Costa Rica,1997,sp,m,55-64,35,Smear Positive
Costa Rica,1997,sp,m,65+,45,Smear Positive
Costa Rica,1997,sp,f,0-14,31,Smear Positive
Costa Rica,1997,sp,f,15-24,28,Smear Positive
Costa Rica,1997,sp,f,25-34,45,Smear Positive
Costa Rica,1997,sp,f,35-44,40,Smear Positive
Costa Rica,1997,sp,f,45-54,30,Smear Positive
Costa Rica,1997,sp,f,55-64,24,Smear Positive
Costa Rica,1997,sp,f,65+,30,Smear Positive
Costa Rica,1998,sp,m,0-14,30,Smear Positive
Costa Rica,1998,sp,m,15-24,53,Smear Positive
Costa Rica,1998,sp,m,25-34,78,Smear Positive
Costa Rica,1998,sp,m,35-44,67,Smear Positive
Costa Rica,1998,sp,m,45-54,53,Smear Positive
Costa Rica,1998,sp,m,55-64,43,Smear Positive
Costa Rica,1998,sp,m,65+,36,Smear Positive
Costa Rica,1998,sp,f,0-14,23,Smear Positive
Costa Rica,1998,sp,f,15-24,19,Smear Positive
Costa Rica,1998,sp,f,25-34,43,Smear Positive
Costa Rica,1998,sp,f,35-44,47,Smear Positive
Costa Rica,1998,sp,f,45-54,27,Smear Positive
Costa Rica,1998,sp,f,55-64,17,Smear Positive
Costa Rica,1998,sp,f,65+,26,Smear Positive
Costa Rica,1999,sp,m,0-14,4,Smear Positive
Costa Rica,1999,sp,m,15-24,28,Smear Positive
Costa Rica,1999,sp,m,25-34,63,Smear Positive
Costa Rica,1999,sp,m,35-44,89,Smear Positive
Costa Rica,1999,sp,m,45-54,70,Smear Positive
Costa Rica,1999,sp,m,55-64,51,Smear Positive
Costa Rica,1999,sp,m,65+,73,Smear Positive
Costa Rica,1999,sp,f,0-14,10,Smear Positive
Costa Rica,1999,sp,f,15-24,23,Smear Positive
Costa Rica,1999,sp,f,25-34,42,Smear Positive
Costa Rica,1999,sp,f,35-44,37,Smear Positive
Costa Rica,1999,sp,f,45-54,32,Smear Positive
Costa Rica,1999,sp,f,55-64,33,Smear Positive
Costa Rica,1999,sp,f,65+,36,Smear Positive
Costa Rica,2000,sp,m,0-14,14,Smear Positive
Costa Rica,2000,sp,m,15-24,31,Smear Positive
Costa Rica,2000,sp,m,25-34,53,Smear Positive
Costa Rica,2000,sp,m,35-44,62,Smear Positive
Costa Rica,2000,sp,m,45-54,39,Smear Positive
Costa Rica,2000,sp,m,55-64,28,Smear Positive
Costa Rica,2000,sp,m,65+,49,Smear Positive
Costa Rica,2000,sp,f,0-14,13,Smear Positive
Costa Rica,2000,sp,f,15-24,21,Smear Positive
Costa Rica,2000,sp,f,25-34,33,Smear Positive
Costa Rica,2000,sp,f,35-44,24,Smear Positive
Costa Rica,2000,sp,f,45-54,20,Smear Positive
Costa Rica,2000,sp,f,55-64,23,Smear Positive
Costa Rica,2000,sp,f,65+,24,Smear Positive
Costa Rica,2001,sp,m,0-14,2,Smear Positive
Costa Rica,2001,sp,m,15-24,26,Smear Positive
Costa Rica,2001,sp,m,25-34,53,Smear Positive
Costa Rica,2001,sp,m,35-44,72,Smear Positive
Costa Rica,2001,sp,m,45-54,50,Smear Positive
Costa Rica,2001,sp,m,55-64,29,Smear Positive
Costa Rica,2001,sp,m,65+,36,Smear Positive
Costa Rica,2001,sp,f,0-14,1,Smear Positive
Costa Rica,2001,sp,f,15-24,18,Smear Positive
Costa Rica,2001,sp,f,25-34,31,Smear Positive
Costa Rica,2001,sp,f,35-44,20,Smear Positive
Costa Rica,2001,sp,f,45-54,16,Smear Positive
Costa Rica,2001,sp,f,55-64,16,Smear Positive
Costa Rica,2001,sp,f,65+,15,Smear Positive
Costa Rica,2002,sp,m,0-14,3,Smear Positive
Costa Rica,2002,sp,m,15-24,26,Smear Positive
Costa Rica,2002,sp,m,25-34,45,Smear Positive
Costa Rica,2002,sp,m,35-44,44,Smear Positive
Costa Rica,2002,sp,m,45-54,43,Smear Positive
Costa Rica,2002,sp,m,55-64,19,Smear Positive
Costa Rica,2002,sp,m,65+,38,Smear Positive
Costa Rica,2002,sp,f,0-14,6,Smear Positive
Costa Rica,2002,sp,f,15-24,13,Smear Positive
Costa Rica,2002,sp,f,25-34,24,Smear Positive
Costa Rica,2002,sp,f,35-44,19,Smear Positive
Costa Rica,2002,sp,f,45-54,14,Smear Positive
Costa Rica,2002,sp,f,55-64,15,Smear Positive
Costa Rica,2002,sp,f,65+,19,Smear Positive
Costa Rica,2003,sp,m,0-14,3,Smear Positive
Costa Rica,2003,sp,m,15-24,33,Smear Positive
Costa Rica,2003,sp,m,25-34,47,Smear Positive
Costa Rica,2003,sp,m,35-44,32,Smear Positive
Costa Rica,2003,sp,m,45-54,39,Smear Positive
Costa Rica,2003,sp,m,55-64,28,Smear Positive
Costa Rica,2003,sp,m,65+,33,Smear Positive
Costa Rica,2003,sp,f,0-14,4,Smear Positive
Costa Rica,2003,sp,f,15-24,25,Smear Positive
Costa Rica,2003,sp,f,25-34,24,Smear Positive
Costa Rica,2003,sp,f,35-44,21,Smear Positive
Costa Rica,2003,sp,f,45-54,30,Smear Positive
Costa Rica,2003,sp,f,55-64,11,Smear Positive
Costa Rica,2003,sp,f,65+,16,Smear Positive
Costa Rica,2004,sp,m,0-14,1,Smear Positive
Costa Rica,2004,sp,m,15-24,49,Smear Positive
Costa Rica,2004,sp,m,25-34,62,Smear Positive
Costa Rica,2004,sp,m,35-44,45,Smear Positive
Costa Rica,2004,sp,m,45-54,36,Smear Positive
Costa Rica,2004,sp,m,55-64,29,Smear Positive
Costa Rica,2004,sp,m,65+,43,Smear Positive
Costa Rica,2004,sp,f,0-14,5,Smear Positive
Costa Rica,2004,sp,f,15-24,35,Smear Positive
Costa Rica,2004,sp,f,25-34,29,Smear Positive
Costa Rica,2004,sp,f,35-44,34,Smear Positive
Costa Rica,2004,sp,f,45-54,11,Smear Positive
Costa Rica,2004,sp,f,55-64,18,Smear Positive
Costa Rica,2004,sp,f,65+,22,Smear Positive
Costa Rica,2005,sp,m,0-14,1,Smear Positive
Costa Rica,2005,sp,m,15-24,43,Smear Positive
Costa Rica,2005,sp,m,25-34,38,Smear Positive
Costa Rica,2005,sp,m,35-44,53,Smear Positive
Costa Rica,2005,sp,m,45-54,34,Smear Positive
Costa Rica,2005,sp,m,55-64,20,Smear Positive
Costa Rica,2005,sp,m,65+,34,Smear Positive
Costa Rica,2005,sp,f,0-14,1,Smear Positive
Costa Rica,2005,sp,f,15-24,21,Smear Positive
Costa Rica,2005,sp,f,25-34,31,Smear Positive
Costa Rica,2005,sp,f,35-44,18,Smear Positive
Costa Rica,2005,sp,f,45-54,16,Smear Positive
Costa Rica,2005,sp,f,55-64,6,Smear Positive
Costa Rica,2005,sp,f,65+,14,Smear Positive
Costa Rica,2006,sp,m,0-14,1,Smear Positive
Costa Rica,2006,sp,m,15-24,27,Smear Positive
Costa Rica,2006,sp,m,25-34,36,Smear Positive
Costa Rica,2006,sp,m,35-44,29,Smear Positive
Costa Rica,2006,sp,m,45-54,34,Smear Positive
Costa Rica,2006,sp,m,55-64,25,Smear Positive
Costa Rica,2006,sp,m,65+,24,Smear Positive
Costa Rica,2006,sp,f,0-14,4,Smear Positive
Costa Rica,2006,sp,f,15-24,27,Smear Positive
Costa Rica,2006,sp,f,25-34,24,Smear Positive
Costa Rica,2006,sp,f,35-44,20,Smear Positive
Costa Rica,2006,sp,f,45-54,15,Smear Positive
Costa Rica,2006,sp,f,55-64,8,Smear Positive
Costa Rica,2006,sp,f,65+,11,Smear Positive
Costa Rica,2006,sn,m,0-14,12,Smear Negative
Costa Rica,2006,sn,m,15-24,1,Smear Negative
Costa Rica,2006,sn,m,25-34,10,Smear Negative
Costa Rica,2006,sn,m,35-44,6,Smear Negative
Costa Rica,2006,sn,m,45-54,7,Smear Negative
Costa Rica,2006,sn,m,55-64,7,Smear Negative
Costa Rica,2006,sn,m,65+,9,Smear Negative
Costa Rica,2006,sn,f,0-14,9,Smear Negative
Costa Rica,2006,sn,f,15-24,5,Smear Negative
Costa Rica,2006,sn,f,25-34,5,Smear Negative
Costa Rica,2006,sn,f,35-44,8,Smear Negative
Costa Rica,2006,sn,f,45-54,8,Smear Negative
Costa Rica,2006,sn,f,55-64,3,Smear Negative
Costa Rica,2006,sn,f,65+,2,Smear Negative
Costa Rica,2006,ep,m,0-14,2,Extrapulmonary
Costa Rica,2006,ep,m,15-24,10,Extrapulmonary
Costa Rica,2006,ep,m,25-34,16,Extrapulmonary
Costa Rica,2006,ep,m,35-44,13,Extrapulmonary
Costa Rica,2006,ep,m,45-54,5,Extrapulmonary
Costa Rica,2006,ep,m,55-64,8,Extrapulmonary
Costa Rica,2006,ep,m,65+,5,Extrapulmonary
Costa Rica,2006,ep,f,0-14,3,Extrapulmonary
Costa Rica,2006,ep,f,15-24,4,Extrapulmonary
Costa Rica,2006,ep,f,25-34,7,Extrapulmonary
Costa Rica,2006,ep,f,35-44,7,Extrapulmonary
Costa Rica,2006,ep,f,45-54,5,Extrapulmonary
Costa Rica,2006,ep,f,55-64,6,Extrapulmonary
Costa Rica,2006,ep,f,65+,4,Extrapulmonary
Costa Rica,2007,sp,m,0-14,4,Smear Positive
Costa Rica,2007,sp,m,15-24,44,Smear Positive
Costa Rica,2007,sp,m,25-34,57,Smear Positive
Costa Rica,2007,sp,m,35-44,28,Smear Positive
Costa Rica,2007,sp,m,45-54,32,Smear Positive
Costa Rica,2007,sp,m,55-64,17,Smear Positive
Costa Rica,2007,sp,m,65+,31,Smear Positive
Costa Rica,2007,sp,f,0-14,3,Smear Positive
Costa Rica,2007,sp,f,15-24,16,Smear Positive
Costa Rica,2007,sp,f,25-34,24,Smear Positive
Costa Rica,2007,sp,f,35-44,19,Smear Positive
Costa Rica,2007,sp,f,45-54,16,Smear Positive
Costa Rica,2007,sp,f,55-64,16,Smear Positive
Costa Rica,2007,sp,f,65+,15,Smear Positive
Costa Rica,2007,sn,m,0-14,10,Smear Negative
Costa Rica,2007,sn,m,15-24,12,Smear Negative
Costa Rica,2007,sn,m,25-34,10,Smear Negative
Costa Rica,2007,sn,m,35-44,6,Smear Negative
Costa Rica,2007,sn,m,45-54,23,Smear Negative
Costa Rica,2007,sn,m,55-64,8,Smear Negative
Costa Rica,2007,sn,m,65+,8,Smear Negative
Costa Rica,2007,sn,f,0-14,7,Smear Negative
Costa Rica,2007,sn,f,15-24,3,Smear Negative
Costa Rica,2007,sn,f,25-34,5,Smear Negative
Costa Rica,2007,sn,f,35-44,4,Smear Negative
Costa Rica,2007,sn,f,45-54,5,Smear Negative
Costa Rica,2007,sn,f,55-64,6,Smear Negative
Costa Rica,2007,sn,f,65+,3,Smear Negative
Costa Rica,2007,ep,m,0-14,4,Extrapulmonary
Costa Rica,2007,ep,m,15-24,5,Extrapulmonary
Costa Rica,2007,ep,m,25-34,11,Extrapulmonary
Costa Rica,2007,ep,m,35-44,10,Extrapulmonary
Costa Rica,2007,ep,m,45-54,9,Extrapulmonary
Costa Rica,2007,ep,m,55-64,13,Extrapulmonary
Costa Rica,2007,ep,m,65+,8,Extrapulmonary
Costa Rica,2007,ep,f,0-14,3,Extrapulmonary
Costa Rica,2007,ep,f,15-24,4,Extrapulmonary
Costa Rica,2007,ep,f,25-34,1,Extrapulmonary
Costa Rica,2007,ep,f,35-44,4,Extrapulmonary
Costa Rica,2007,ep,f,45-54,5,Extrapulmonary
Costa Rica,2007,ep,f,55-64,6,Extrapulmonary
Costa Rica,2007,ep,f,65+,8,Extrapulmonary
Costa Rica,2008,sp,m,0-14,3,Smear Positive
Costa Rica,2008,sp,m,15-24,24,Smear Positive
Costa Rica,2008,sp,m,25-34,39,Smear Positive
Costa Rica,2008,sp,m,35-44,31,Smear Positive
Costa Rica,2008,sp,m,45-54,38,Smear Positive
Costa Rica,2008,sp,m,55-64,17,Smear Positive
Costa Rica,2008,sp,m,65+,29,Smear Positive
Costa Rica,2008,sp,f,0-14,2,Smear Positive
Costa Rica,2008,sp,f,15-24,19,Smear Positive
Costa Rica,2008,sp,f,25-34,31,Smear Positive
Costa Rica,2008,sp,f,35-44,20,Smear Positive
Costa Rica,2008,sp,f,45-54,14,Smear Positive
Costa Rica,2008,sp,f,55-64,6,Smear Positive
Costa Rica,2008,sp,f,65+,14,Smear Positive
Costa Rica,2008,sn,m,0-14,12,Smear Negative
Costa Rica,2008,sn,m,15-24,4,Smear Negative
Costa Rica,2008,sn,m,25-34,6,Smear Negative
Costa Rica,2008,sn,m,35-44,8,Smear Negative
Costa Rica,2008,sn,m,45-54,9,Smear Negative
Costa Rica,2008,sn,m,55-64,4,Smear Negative
Costa Rica,2008,sn,m,65+,11,Smear Negative
Costa Rica,2008,sn,f,0-14,20,Smear Negative
Costa Rica,2008,sn,f,15-24,3,Smear Negative
Costa Rica,2008,sn,f,35-44,4,Smear Negative
Costa Rica,2008,sn,f,45-54,5,Smear Negative
Costa Rica,2008,sn,f,55-64,3,Smear Negative
Costa Rica,2008,sn,f,65+,4,Smear Negative
Costa Rica,2008,ep,m,0-14,2,Extrapulmonary
Costa Rica,2008,ep,m,15-24,12,Extrapulmonary
Costa Rica,2008,ep,m,25-34,12,Extrapulmonary
Costa Rica,2008,ep,m,35-44,8,Extrapulmonary
Costa Rica,2008,ep,m,45-54,10,Extrapulmonary
Costa Rica,2008,ep,m,55-64,9,Extrapulmonary
Costa Rica,2008,ep,m,65+,13,Extrapulmonary
Costa Rica,2008,ep,f,0-14,4,Extrapulmonary
Costa Rica,2008,ep,f,15-24,9,Extrapulmonary
Costa Rica,2008,ep,f,25-34,3,Extrapulmonary
Costa Rica,2008,ep,f,35-44,10,Extrapulmonary
Costa Rica,2008,ep,f,45-54,8,Extrapulmonary
Costa Rica,2008,ep,f,55-64,5,Extrapulmonary
Costa Rica,2008,ep,f,65+,2,Extrapulmonary
Costa Rica,2009,sp,m,15-24,26,Smear Positive
Costa Rica,2009,sp,m,25-34,49,Smear Positive
Costa Rica,2009,sp,m,35-44,27,Smear Positive
Costa Rica,2009,sp,m,45-54,26,Smear Positive
Costa Rica,2009,sp,m,55-64,24,Smear Positive
Costa Rica,2009,sp,m,65+,29,Smear Positive
Costa Rica,2009,sp,f,15-24,27,Smear Positive
Costa Rica,2009,sp,f,25-34,22,Smear Positive
Costa Rica,2009,sp,f,35-44,12,Smear Positive
Costa Rica,2009,sp,f,45-54,10,Smear Positive
Costa Rica,2009,sp,f,55-64,8,Smear Positive
Costa Rica,2009,sp,f,65+,11,Smear Positive
Costa Rica,2009,sn,m,0-14,16,Smear Negative
Costa Rica,2009,sn,m,15-24,6,Smear Negative
Costa Rica,2009,sn,m,25-34,4,Smear Negative
Costa Rica,2009,sn,m,35-44,15,Smear Negative
Costa Rica,2009,sn,m,45-54,6,Smear Negative
Costa Rica,2009,sn,m,55-64,6,Smear Negative
Costa Rica,2009,sn,m,65+,15,Smear Negative
Costa Rica,2009,sn,f,0-14,20,Smear Negative
Costa Rica,2009,sn,f,15-24,3,Smear Negative
Costa Rica,2009,sn,f,25-34,7,Smear Negative
Costa Rica,2009,sn,f,35-44,4,Smear Negative
Costa Rica,2009,sn,f,45-54,6,Smear Negative
Costa Rica,2009,sn,f,55-64,2,Smear Negative
Costa Rica,2009,sn,f,65+,2,Smear Negative
Costa Rica,2009,ep,m,0-14,3,Extrapulmonary
Costa Rica,2009,ep,m,15-24,8,Extrapulmonary
Costa Rica,2009,ep,m,25-34,11,Extrapulmonary
Costa Rica,2009,ep,m,35-44,16,Extrapulmonary
Costa Rica,2009,ep,m,45-54,12,Extrapulmonary
Costa Rica,2009,ep,m,55-64,1,Extrapulmonary
Costa Rica,2009,ep,m,65+,8,Extrapulmonary
Costa Rica,2009,ep,f,0-14,4,Extrapulmonary
Costa Rica,2009,ep,f,15-24,4,Extrapulmonary
Costa Rica,2009,ep,f,25-34,8,Extrapulmonary
Costa Rica,2009,ep,f,35-44,4,Extrapulmonary
Costa Rica,2009,ep,f,45-54,3,Extrapulmonary
Costa Rica,2009,ep,f,55-64,5,Extrapulmonary
Costa Rica,2009,ep,f,65+,2,Extrapulmonary
Costa Rica,2010,sp,m,0-14,2,Smear Positive
Costa Rica,2010,sp,m,15-24,18,Smear Positive
Costa Rica,2010,sp,m,25-34,48,Smear Positive
Costa Rica,2010,sp,m,35-44,33,Smear Positive
Costa Rica,2010,sp,m,45-54,27,Smear Positive
Costa Rica,2010,sp,m,55-64,22,Smear Positive
Costa Rica,2010,sp,m,65+,28,Smear Positive
Costa Rica,2010,sp,f,0-14,0,Smear Positive
Costa Rica,2010,sp,f,15-24,18,Smear Positive
Costa Rica,2010,sp,f,25-34,20,Smear Positive
Costa Rica,2010,sp,f,35-44,12,Smear Positive
Costa Rica,2010,sp,f,45-54,14,Smear Positive
Costa Rica,2010,sp,f,55-64,15,Smear Positive
Costa Rica,2010,sp,f,65+,8,Smear Positive
Costa Rica,2010,sn,m,0-14,12,Smear Negative
Costa Rica,2010,sn,m,15-24,7,Smear Negative
Costa Rica,2010,sn,m,25-34,4,Smear Negative
Costa Rica,2010,sn,m,35-44,8,Smear Negative
Costa Rica,2010,sn,m,45-54,5,Smear Negative
Costa Rica,2010,sn,m,55-64,9,Smear Negative
Costa Rica,2010,sn,m,65+,12,Smear Negative
Costa Rica,2010,sn,f,0-14,13,Smear Negative
Costa Rica,2010,sn,f,15-24,4,Smear Negative
Costa Rica,2010,sn,f,25-34,1,Smear Negative
Costa Rica,2010,sn,f,35-44,2,Smear Negative
Costa Rica,2010,sn,f,45-54,3,Smear Negative
Costa Rica,2010,sn,f,55-64,2,Smear Negative
Costa Rica,2010,sn,f,65+,7,Smear Negative
Costa Rica,2010,ep,m,0-14,2,Extrapulmonary
Costa Rica,2010,ep,m,15-24,8,Extrapulmonary
Costa Rica,2010,ep,m,25-34,12,Extrapulmonary
Costa Rica,2010,ep,m,35-44,13,Extrapulmonary
Costa Rica,2010,ep,m,45-54,15,Extrapulmonary
Costa Rica,2010,ep,m,55-64,8,Extrapulmonary
Costa Rica,2010,ep,m,65+,18,Extrapulmonary
Costa Rica,2010,ep,f,0-14,1,Extrapulmonary
Costa Rica,2010,ep,f,15-24,0,Extrapulmonary
Costa Rica,2010,ep,f,25-34,9,Extrapulmonary
Costa Rica,2010,ep,f,35-44,6,Extrapulmonary
Costa Rica,2010,ep,f,45-54,3,Extrapulmonary
Costa Rica,2010,ep,f,55-64,6,Extrapulmonary
Costa Rica,2010,ep,f,65+,7,Extrapulmonary
Costa Rica,2011,sp,m,0-14,0,Smear Positive
Costa Rica,2011,sp,m,15-24,23,Smear Positive
Costa Rica,2011,sp,m,25-34,24,Smear Positive
Costa Rica,2011,sp,m,35-44,29,Smear Positive
Costa Rica,2011,sp,m,45-54,33,Smear Positive
Costa Rica,2011,sp,m,55-64,22,Smear Positive
Costa Rica,2011,sp,m,65+,36,Smear Positive
Costa Rica,2011,sp,f,0-14,2,Smear Positive
Costa Rica,2011,sp,f,15-24,18,Smear Positive
Costa Rica,2011,sp,f,25-34,27,Smear Positive
Costa Rica,2011,sp,f,35-44,23,Smear Positive
Costa Rica,2011,sp,f,45-54,19,Smear Positive
Costa Rica,2011,sp,f,55-64,12,Smear Positive
Costa Rica,2011,sp,f,65+,17,Smear Positive
Costa Rica,2011,sn,m,0-14,18,Smear Negative
Costa Rica,2011,sn,m,15-24,7,Smear Negative
Costa Rica,2011,sn,m,25-34,2,Smear Negative
Costa Rica,2011,sn,m,35-44,9,Smear Negative
Costa Rica,2011,sn,m,45-54,8,Smear Negative
Costa Rica,2011,sn,m,55-64,9,Smear Negative
Costa Rica,2011,sn,m,65+,25,Smear Negative
Costa Rica,2011,sn,f,0-14,15,Smear Negative
Costa Rica,2011,sn,f,15-24,10,Smear Negative
Costa Rica,2011,sn,f,25-34,5,Smear Negative
Costa Rica,2011,sn,f,35-44,4,Smear Negative
Costa Rica,2011,sn,f,45-54,9,Smear Negative
Costa Rica,2011,sn,f,55-64,1,Smear Negative
Costa Rica,2011,sn,f,65+,6,Smear Negative
Costa Rica,2011,ep,m,0-14,4,Extrapulmonary
Costa Rica,2011,ep,m,15-24,4,Extrapulmonary
Costa Rica,2011,ep,m,25-34,6,Extrapulmonary
Costa Rica,2011,ep,m,35-44,11,Extrapulmonary
Costa Rica,2011,ep,m,45-54,11,Extrapulmonary
Costa Rica,2011,ep,m,55-64,4,Extrapulmonary
Costa Rica,2011,ep,m,65+,11,Extrapulmonary
Costa Rica,2011,ep,f,0-14,3,Extrapulmonary
Costa Rica,2011,ep,f,15-24,3,Extrapulmonary
Costa Rica,2011,ep,f,25-34,6,Extrapulmonary
Costa Rica,2011,ep,f,35-44,5,Extrapulmonary
Costa Rica,2011,ep,f,45-54,7,Extrapulmonary
Costa Rica,2011,ep,f,55-64,4,Extrapulmonary
Costa Rica,2011,ep,f,65+,6,Extrapulmonary
Costa Rica,2012,sp,m,0-14,2,Smear Positive
Costa Rica,2012,sp,m,15-24,18,Smear Positive
Costa Rica,2012,sp,m,25-34,33,Smear Positive
Costa Rica,2012,sp,m,35-44,28,Smear Positive
Costa Rica,2012,sp,m,45-54,34,Smear Positive
Costa Rica,2012,sp,m,55-64,41,Smear Positive
Costa Rica,2012,sp,m,65+,23,Smear Positive
Costa Rica,2012,sp,f,0-14,2,Smear Positive
Costa Rica,2012,sp,f,15-24,11,Smear Positive
Costa Rica,2012,sp,f,25-34,24,Smear Positive
Costa Rica,2012,sp,f,35-44,11,Smear Positive
Costa Rica,2012,sp,f,45-54,12,Smear Positive
Costa Rica,2012,sp,f,55-64,8,Smear Positive
Costa Rica,2012,sp,f,65+,5,Smear Positive
Costa Rica,2012,sn,m,0-14,13,Smear Negative
Costa Rica,2012,sn,m,15-24,5,Smear Negative
Costa Rica,2012,sn,m,25-34,6,Smear Negative
Costa Rica,2012,sn,m,35-44,9,Smear Negative
Costa Rica,2012,sn,m,45-54,6,Smear Negative
Costa Rica,2012,sn,m,55-64,7,Smear Negative
Costa Rica,2012,sn,m,65+,9,Smear Negative
Costa Rica,2012,sn,f,0-14,9,Smear Negative
Costa Rica,2012,sn,f,15-24,2,Smear Negative
Costa Rica,2012,sn,f,25-34,5,Smear Negative
Costa Rica,2012,sn,f,35-44,12,Smear Negative
Costa Rica,2012,sn,f,45-54,6,Smear Negative
Costa Rica,2012,sn,f,55-64,5,Smear Negative
Costa Rica,2012,sn,f,65+,3,Smear Negative
Costa Rica,2012,ep,m,0-14,4,Extrapulmonary
Costa Rica,2012,ep,m,15-24,3,Extrapulmonary
Costa Rica,2012,ep,m,25-34,19,Extrapulmonary
Costa Rica,2012,ep,m,35-44,22,Extrapulmonary
Costa Rica,2012,ep,m,45-54,9,Extrapulmonary
Costa Rica,2012,ep,m,55-64,8,Extrapulmonary
Costa Rica,2012,ep,m,65+,10,Extrapulmonary
Costa Rica,2012,ep,f,0-14,3,Extrapulmonary
Costa Rica,2012,ep,f,15-24,5,Extrapulmonary
Costa Rica,2012,ep,f,25-34,8,Extrapulmonary
Costa Rica,2012,ep,f,35-44,3,Extrapulmonary
Costa Rica,2012,ep,f,45-54,4,Extrapulmonary
Costa Rica,2012,ep,f,55-64,2,Extrapulmonary
Costa Rica,2012,ep,f,65+,2,Extrapulmonary
Costa Rica,2013,rel,m,0-14,23,Relapse
Costa Rica,2013,rel,m,15-24,28,Relapse
Costa Rica,2013,rel,m,25-34,41,Relapse
Costa Rica,2013,rel,m,35-44,37,Relapse
Costa Rica,2013,rel,m,45-54,37,Relapse
Costa Rica,2013,rel,m,55-64,47,Relapse
Costa Rica,2013,rel,m,65+,46,Relapse
Costa Rica,2013,rel,f,0-14,9,Relapse
Costa Rica,2013,rel,f,15-24,15,Relapse
Costa Rica,2013,rel,f,25-34,35,Relapse
Costa Rica,2013,rel,f,35-44,23,Relapse
Costa Rica,2013,rel,f,45-54,13,Relapse
Costa Rica,2013,rel,f,55-64,11,Relapse
Costa Rica,2013,rel,f,65+,42,Relapse
Cote d'Ivoire,1995,sp,m,0-14,41,Smear Positive
Cote d'Ivoire,1995,sp,m,15-24,989,Smear Positive
Cote d'Ivoire,1995,sp,m,25-34,2092,Smear Positive
Cote d'Ivoire,1995,sp,m,35-44,1344,Smear Positive
Cote d'Ivoire,1995,sp,m,45-54,759,Smear Positive
Cote d'Ivoire,1995,sp,m,55-64,283,Smear Positive
Cote d'Ivoire,1995,sp,m,65+,130,Smear Positive
Cote d'Ivoire,1995,sp,f,0-14,99,Smear Positive
Cote d'Ivoire,1995,sp,f,15-24,810,Smear Positive
Cote d'Ivoire,1995,sp,f,25-34,813,Smear Positive
Cote d'Ivoire,1995,sp,f,35-44,497,Smear Positive
Cote d'Ivoire,1995,sp,f,45-54,273,Smear Positive
Cote d'Ivoire,1995,sp,f,55-64,105,Smear Positive
Cote d'Ivoire,1995,sp,f,65+,19,Smear Positive
Cote d'Ivoire,1996,sp,m,0-14,118,Smear Positive
Cote d'Ivoire,1996,sp,m,15-24,903,Smear Positive
Cote d'Ivoire,1996,sp,m,25-34,1670,Smear Positive
Cote d'Ivoire,1996,sp,m,35-44,1107,Smear Positive
Cote d'Ivoire,1996,sp,m,45-54,535,Smear Positive
Cote d'Ivoire,1996,sp,m,55-64,262,Smear Positive
Cote d'Ivoire,1996,sp,m,65+,178,Smear Positive
Cote d'Ivoire,1996,sp,f,0-14,139,Smear Positive
Cote d'Ivoire,1996,sp,f,15-24,803,Smear Positive
Cote d'Ivoire,1996,sp,f,25-34,836,Smear Positive
Cote d'Ivoire,1996,sp,f,35-44,409,Smear Positive
Cote d'Ivoire,1996,sp,f,45-54,194,Smear Positive
Cote d'Ivoire,1996,sp,f,55-64,158,Smear Positive
Cote d'Ivoire,1996,sp,f,65+,75,Smear Positive
Cote d'Ivoire,1997,sp,m,0-14,87,Smear Positive
Cote d'Ivoire,1997,sp,m,15-24,1140,Smear Positive
Cote d'Ivoire,1997,sp,m,25-34,1850,Smear Positive
Cote d'Ivoire,1997,sp,m,35-44,1326,Smear Positive
Cote d'Ivoire,1997,sp,m,45-54,662,Smear Positive
Cote d'Ivoire,1997,sp,m,55-64,398,Smear Positive
Cote d'Ivoire,1997,sp,m,65+,260,Smear Positive
Cote d'Ivoire,1997,sp,f,0-14,118,Smear Positive
Cote d'Ivoire,1997,sp,f,15-24,955,Smear Positive
Cote d'Ivoire,1997,sp,f,25-34,1123,Smear Positive
Cote d'Ivoire,1997,sp,f,35-44,548,Smear Positive
Cote d'Ivoire,1997,sp,f,45-54,291,Smear Positive
Cote d'Ivoire,1997,sp,f,55-64,184,Smear Positive
Cote d'Ivoire,1997,sp,f,65+,99,Smear Positive
Cote d'Ivoire,1998,sp,m,0-14,72,Smear Positive
Cote d'Ivoire,1998,sp,m,15-24,1173,Smear Positive
Cote d'Ivoire,1998,sp,m,25-34,1747,Smear Positive
Cote d'Ivoire,1998,sp,m,35-44,1471,Smear Positive
Cote d'Ivoire,1998,sp,m,45-54,795,Smear Positive
Cote d'Ivoire,1998,sp,m,55-64,433,Smear Positive
Cote d'Ivoire,1998,sp,m,65+,273,Smear Positive
Cote d'Ivoire,1998,sp,f,0-14,104,Smear Positive
Cote d'Ivoire,1998,sp,f,15-24,955,Smear Positive
Cote d'Ivoire,1998,sp,f,25-34,1087,Smear Positive
Cote d'Ivoire,1998,sp,f,35-44,703,Smear Positive
Cote d'Ivoire,1998,sp,f,45-54,347,Smear Positive
Cote d'Ivoire,1998,sp,f,55-64,126,Smear Positive
Cote d'Ivoire,1998,sp,f,65+,105,Smear Positive
Cote d'Ivoire,1999,sp,m,0-14,98,Smear Positive
Cote d'Ivoire,1999,sp,m,15-24,1069,Smear Positive
Cote d'Ivoire,1999,sp,m,25-34,1794,Smear Positive
Cote d'Ivoire,1999,sp,m,35-44,1240,Smear Positive
Cote d'Ivoire,1999,sp,m,45-54,629,Smear Positive
Cote d'Ivoire,1999,sp,m,55-64,378,Smear Positive
Cote d'Ivoire,1999,sp,m,65+,251,Smear Positive
Cote d'Ivoire,1999,sp,f,0-14,132,Smear Positive
Cote d'Ivoire,1999,sp,f,15-24,1022,Smear Positive
Cote d'Ivoire,1999,sp,f,25-34,1137,Smear Positive
Cote d'Ivoire,1999,sp,f,35-44,644,Smear Positive
Cote d'Ivoire,1999,sp,f,45-54,260,Smear Positive
Cote d'Ivoire,1999,sp,f,55-64,186,Smear Positive
Cote d'Ivoire,1999,sp,f,65+,112,Smear Positive
Cote d'Ivoire,2001,sp,m,0-14,108,Smear Positive
Cote d'Ivoire,2001,sp,m,15-24,1205,Smear Positive
Cote d'Ivoire,2001,sp,m,25-34,1818,Smear Positive
Cote d'Ivoire,2001,sp,m,35-44,1378,Smear Positive
Cote d'Ivoire,2001,sp,m,45-54,686,Smear Positive
Cote d'Ivoire,2001,sp,m,55-64,393,Smear Positive
Cote d'Ivoire,2001,sp,m,65+,302,Smear Positive
Cote d'Ivoire,2001,sp,f,0-14,127,Smear Positive
Cote d'Ivoire,2001,sp,f,15-24,1111,Smear Positive
Cote d'Ivoire,2001,sp,f,25-34,1345,Smear Positive
Cote d'Ivoire,2001,sp,f,35-44,735,Smear Positive
Cote d'Ivoire,2001,sp,f,45-54,342,Smear Positive
Cote d'Ivoire,2001,sp,f,55-64,239,Smear Positive
Cote d'Ivoire,2001,sp,f,65+,112,Smear Positive
Cote d'Ivoire,2002,sp,m,0-14,102,Smear Positive
Cote d'Ivoire,2002,sp,m,15-24,1271,Smear Positive
Cote d'Ivoire,2002,sp,m,25-34,2194,Smear Positive
Cote d'Ivoire,2002,sp,m,35-44,1490,Smear Positive
Cote d'Ivoire,2002,sp,m,45-54,833,Smear Positive
Cote d'Ivoire,2002,sp,m,55-64,385,Smear Positive
Cote d'Ivoire,2002,sp,m,65+,307,Smear Positive
Cote d'Ivoire,2002,sp,f,0-14,135,Smear Positive
Cote d'Ivoire,2002,sp,f,15-24,1151,Smear Positive
Cote d'Ivoire,2002,sp,f,25-34,1620,Smear Positive
Cote d'Ivoire,2002,sp,f,35-44,827,Smear Positive
Cote d'Ivoire,2002,sp,f,45-54,358,Smear Positive
Cote d'Ivoire,2002,sp,f,55-64,210,Smear Positive
Cote d'Ivoire,2002,sp,f,65+,142,Smear Positive
Cote d'Ivoire,2003,sp,m,0-14,116,Smear Positive
Cote d'Ivoire,2003,sp,m,15-24,1232,Smear Positive
Cote d'Ivoire,2003,sp,m,25-34,2075,Smear Positive
Cote d'Ivoire,2003,sp,m,35-44,1517,Smear Positive
Cote d'Ivoire,2003,sp,m,45-54,818,Smear Positive
Cote d'Ivoire,2003,sp,m,55-64,416,Smear Positive
Cote d'Ivoire,2003,sp,m,65+,366,Smear Positive
Cote d'Ivoire,2003,sp,f,0-14,154,Smear Positive
Cote d'Ivoire,2003,sp,f,15-24,1193,Smear Positive
Cote d'Ivoire,2003,sp,f,25-34,1617,Smear Positive
Cote d'Ivoire,2003,sp,f,35-44,878,Smear Positive
Cote d'Ivoire,2003,sp,f,45-54,443,Smear Positive
Cote d'Ivoire,2003,sp,f,55-64,222,Smear Positive
Cote d'Ivoire,2003,sp,f,65+,151,Smear Positive
Cote d'Ivoire,2004,sp,m,0-14,114,Smear Positive
Cote d'Ivoire,2004,sp,m,15-24,1418,Smear Positive
Cote d'Ivoire,2004,sp,m,25-34,2323,Smear Positive
Cote d'Ivoire,2004,sp,m,35-44,1530,Smear Positive
Cote d'Ivoire,2004,sp,m,45-54,875,Smear Positive
Cote d'Ivoire,2004,sp,m,55-64,474,Smear Positive
Cote d'Ivoire,2004,sp,m,65+,387,Smear Positive
Cote d'Ivoire,2004,sp,f,0-14,160,Smear Positive
Cote d'Ivoire,2004,sp,f,15-24,1266,Smear Positive
Cote d'Ivoire,2004,sp,f,25-34,1734,Smear Positive
Cote d'Ivoire,2004,sp,f,35-44,916,Smear Positive
Cote d'Ivoire,2004,sp,f,45-54,472,Smear Positive
Cote d'Ivoire,2004,sp,f,55-64,273,Smear Positive
Cote d'Ivoire,2004,sp,f,65+,194,Smear Positive
Cote d'Ivoire,2005,sp,m,0-14,128,Smear Positive
Cote d'Ivoire,2005,sp,m,15-24,1346,Smear Positive
Cote d'Ivoire,2005,sp,m,25-34,2449,Smear Positive
Cote d'Ivoire,2005,sp,m,35-44,1606,Smear Positive
Cote d'Ivoire,2005,sp,m,45-54,888,Smear Positive
Cote d'Ivoire,2005,sp,m,55-64,422,Smear Positive
Cote d'Ivoire,2005,sp,m,65+,385,Smear Positive
Cote d'Ivoire,2005,sp,f,0-14,193,Smear Positive
Cote d'Ivoire,2005,sp,f,15-24,1280,Smear Positive
Cote d'Ivoire,2005,sp,f,25-34,1756,Smear Positive
Cote d'Ivoire,2005,sp,f,35-44,989,Smear Positive
Cote d'Ivoire,2005,sp,f,45-54,528,Smear Positive
Cote d'Ivoire,2005,sp,f,55-64,232,Smear Positive
Cote d'Ivoire,2005,sp,f,65+,201,Smear Positive
Cote d'Ivoire,2006,sp,m,0-14,171,Smear Positive
Cote d'Ivoire,2006,sp,m,15-24,1467,Smear Positive
Cote d'Ivoire,2006,sp,m,25-34,2476,Smear Positive
Cote d'Ivoire,2006,sp,m,35-44,1614,Smear Positive
Cote d'Ivoire,2006,sp,m,45-54,915,Smear Positive
Cote d'Ivoire,2006,sp,m,55-64,564,Smear Positive
Cote d'Ivoire,2006,sp,m,65+,368,Smear Positive
Cote d'Ivoire,2006,sp,f,0-14,191,Smear Positive
Cote d'Ivoire,2006,sp,f,15-24,1327,Smear Positive
Cote d'Ivoire,2006,sp,f,25-34,1776,Smear Positive
Cote d'Ivoire,2006,sp,f,35-44,1069,Smear Positive
Cote d'Ivoire,2006,sp,f,45-54,445,Smear Positive
Cote d'Ivoire,2006,sp,f,55-64,275,Smear Positive
Cote d'Ivoire,2006,sp,f,65+,209,Smear Positive
Cote d'Ivoire,2007,sp,m,0-14,173,Smear Positive
Cote d'Ivoire,2007,sp,m,15-24,1576,Smear Positive
Cote d'Ivoire,2007,sp,m,25-34,2705,Smear Positive
Cote d'Ivoire,2007,sp,m,35-44,1817,Smear Positive
Cote d'Ivoire,2007,sp,m,45-54,981,Smear Positive
Cote d'Ivoire,2007,sp,m,55-64,532,Smear Positive
Cote d'Ivoire,2007,sp,m,65+,429,Smear Positive
Cote d'Ivoire,2007,sp,f,0-14,225,Smear Positive
Cote d'Ivoire,2007,sp,f,15-24,1349,Smear Positive
Cote d'Ivoire,2007,sp,f,25-34,1973,Smear Positive
Cote d'Ivoire,2007,sp,f,35-44,1126,Smear Positive
Cote d'Ivoire,2007,sp,f,45-54,596,Smear Positive
Cote d'Ivoire,2007,sp,f,55-64,354,Smear Positive
Cote d'Ivoire,2007,sp,f,65+,235,Smear Positive
Cote d'Ivoire,2008,sp,m,0-14,261,Smear Positive
Cote d'Ivoire,2008,sp,m,15-24,1764,Smear Positive
Cote d'Ivoire,2008,sp,m,25-34,2944,Smear Positive
Cote d'Ivoire,2008,sp,m,35-44,1842,Smear Positive
Cote d'Ivoire,2008,sp,m,45-54,1121,Smear Positive
Cote d'Ivoire,2008,sp,m,55-64,649,Smear Positive
Cote d'Ivoire,2008,sp,m,65+,482,Smear Positive
Cote d'Ivoire,2008,sp,f,0-14,277,Smear Positive
Cote d'Ivoire,2008,sp,f,15-24,1477,Smear Positive
Cote d'Ivoire,2008,sp,f,25-34,2085,Smear Positive
Cote d'Ivoire,2008,sp,f,35-44,1171,Smear Positive
Cote d'Ivoire,2008,sp,f,45-54,641,Smear Positive
Cote d'Ivoire,2008,sp,f,55-64,326,Smear Positive
Cote d'Ivoire,2008,sp,f,65+,254,Smear Positive
Cote d'Ivoire,2009,sp,m,0-14,199,Smear Positive
Cote d'Ivoire,2009,sp,m,15-24,1758,Smear Positive
Cote d'Ivoire,2009,sp,m,25-34,2886,Smear Positive
Cote d'Ivoire,2009,sp,m,35-44,1762,Smear Positive
Cote d'Ivoire,2009,sp,m,45-54,1048,Smear Positive
Cote d'Ivoire,2009,sp,m,55-64,527,Smear Positive
Cote d'Ivoire,2009,sp,m,65+,354,Smear Positive
Cote d'Ivoire,2009,sp,f,0-14,237,Smear Positive
Cote d'Ivoire,2009,sp,f,15-24,1473,Smear Positive
Cote d'Ivoire,2009,sp,f,25-34,1913,Smear Positive
Cote d'Ivoire,2009,sp,f,35-44,1073,Smear Positive
Cote d'Ivoire,2009,sp,f,45-54,559,Smear Positive
Cote d'Ivoire,2009,sp,f,55-64,301,Smear Positive
Cote d'Ivoire,2009,sp,f,65+,210,Smear Positive
Cote d'Ivoire,2010,sp,m,0-14,159,Smear Positive
Cote d'Ivoire,2010,sp,m,15-24,1751,Smear Positive
Cote d'Ivoire,2010,sp,m,25-34,2858,Smear Positive
Cote d'Ivoire,2010,sp,m,35-44,1882,Smear Positive
Cote d'Ivoire,2010,sp,m,45-54,1010,Smear Positive
Cote d'Ivoire,2010,sp,m,55-64,505,Smear Positive
Cote d'Ivoire,2010,sp,m,65+,375,Smear Positive
Cote d'Ivoire,2010,sp,f,0-14,246,Smear Positive
Cote d'Ivoire,2010,sp,f,15-24,1431,Smear Positive
Cote d'Ivoire,2010,sp,f,25-34,1819,Smear Positive
Cote d'Ivoire,2010,sp,f,35-44,1051,Smear Positive
Cote d'Ivoire,2010,sp,f,45-54,531,Smear Positive
Cote d'Ivoire,2010,sp,f,55-64,304,Smear Positive
Cote d'Ivoire,2010,sp,f,65+,209,Smear Positive
Cote d'Ivoire,2011,sp,m,0-14,189,Smear Positive
Cote d'Ivoire,2011,sp,m,15-24,1743,Smear Positive
Cote d'Ivoire,2011,sp,m,25-34,3043,Smear Positive
Cote d'Ivoire,2011,sp,m,35-44,1852,Smear Positive
Cote d'Ivoire,2011,sp,m,45-54,1072,Smear Positive
Cote d'Ivoire,2011,sp,m,55-64,601,Smear Positive
Cote d'Ivoire,2011,sp,m,65+,348,Smear Positive
Cote d'Ivoire,2011,sp,f,0-14,244,Smear Positive
Cote d'Ivoire,2011,sp,f,15-24,1358,Smear Positive
Cote d'Ivoire,2011,sp,f,25-34,1838,Smear Positive
Cote d'Ivoire,2011,sp,f,35-44,1044,Smear Positive
Cote d'Ivoire,2011,sp,f,45-54,560,Smear Positive
Cote d'Ivoire,2011,sp,f,55-64,301,Smear Positive
Cote d'Ivoire,2011,sp,f,65+,223,Smear Positive
Cote d'Ivoire,2012,sp,m,0-14,163,Smear Positive
Cote d'Ivoire,2012,sp,m,15-24,1743,Smear Positive
Cote d'Ivoire,2012,sp,m,25-34,3087,Smear Positive
Cote d'Ivoire,2012,sp,m,35-44,2017,Smear Positive
Cote d'Ivoire,2012,sp,m,45-54,1032,Smear Positive
Cote d'Ivoire,2012,sp,m,55-64,552,Smear Positive
Cote d'Ivoire,2012,sp,m,65+,430,Smear Positive
Cote d'Ivoire,2012,sp,f,0-14,204,Smear Positive
Cote d'Ivoire,2012,sp,f,15-24,1306,Smear Positive
Cote d'Ivoire,2012,sp,f,25-34,1870,Smear Positive
Cote d'Ivoire,2012,sp,f,35-44,1120,Smear Positive
Cote d'Ivoire,2012,sp,f,45-54,536,Smear Positive
Cote d'Ivoire,2012,sp,f,55-64,337,Smear Positive
Cote d'Ivoire,2012,sp,f,65+,263,Smear Positive
Cote d'Ivoire,2013,rel,m,0-14,148,Relapse
Cote d'Ivoire,2013,rel,m,15-24,1770,Relapse
Cote d'Ivoire,2013,rel,m,25-34,3270,Relapse
Cote d'Ivoire,2013,rel,m,35-44,2161,Relapse
Cote d'Ivoire,2013,rel,m,45-54,1134,Relapse
Cote d'Ivoire,2013,rel,m,55-64,588,Relapse
Cote d'Ivoire,2013,rel,m,65+,420,Relapse
Cote d'Ivoire,2013,rel,f,0-14,242,Relapse
Cote d'Ivoire,2013,rel,f,15-24,1416,Relapse
Cote d'Ivoire,2013,rel,f,25-34,1827,Relapse
Cote d'Ivoire,2013,rel,f,35-44,1111,Relapse
Cote d'Ivoire,2013,rel,f,45-54,560,Relapse
Cote d'Ivoire,2013,rel,f,55-64,314,Relapse
Cote d'Ivoire,2013,rel,f,65+,280,Relapse
Croatia,1995,sp,m,0-14,6,Smear Positive
Croatia,1995,sp,m,15-24,38,Smear Positive
Croatia,1995,sp,m,25-34,97,Smear Positive
Croatia,1995,sp,m,35-44,210,Smear Positive
Croatia,1995,sp,m,45-54,132,Smear Positive
Croatia,1995,sp,m,55-64,178,Smear Positive
Croatia,1995,sp,m,65+,141,Smear Positive
Croatia,1995,sp,f,0-14,10,Smear Positive
Croatia,1995,sp,f,15-24,50,Smear Positive
Croatia,1995,sp,f,25-34,57,Smear Positive
Croatia,1995,sp,f,35-44,57,Smear Positive
Croatia,1995,sp,f,45-54,38,Smear Positive
Croatia,1995,sp,f,55-64,60,Smear Positive
Croatia,1995,sp,f,65+,130,Smear Positive
Croatia,1997,sp,m,0-14,12,Smear Positive
Croatia,1997,sp,m,15-24,65,Smear Positive
Croatia,1997,sp,m,25-34,88,Smear Positive
Croatia,1997,sp,m,35-44,180,Smear Positive
Croatia,1997,sp,m,45-54,124,Smear Positive
Croatia,1997,sp,m,55-64,118,Smear Positive
Croatia,1997,sp,m,65+,117,Smear Positive
Croatia,1997,sp,f,0-14,13,Smear Positive
Croatia,1997,sp,f,15-24,43,Smear Positive
Croatia,1997,sp,f,25-34,43,Smear Positive
Croatia,1997,sp,f,35-44,54,Smear Positive
Croatia,1997,sp,f,45-54,28,Smear Positive
Croatia,1997,sp,f,55-64,52,Smear Positive
Croatia,1997,sp,f,65+,136,Smear Positive
Croatia,1998,sp,m,0-14,14,Smear Positive
Croatia,1998,sp,m,15-24,48,Smear Positive
Croatia,1998,sp,m,25-34,81,Smear Positive
Croatia,1998,sp,m,35-44,177,Smear Positive
Croatia,1998,sp,m,45-54,176,Smear Positive
Croatia,1998,sp,m,55-64,106,Smear Positive
Croatia,1998,sp,m,65+,129,Smear Positive
Croatia,1998,sp,f,0-14,19,Smear Positive
Croatia,1998,sp,f,15-24,44,Smear Positive
Croatia,1998,sp,f,25-34,64,Smear Positive
Croatia,1998,sp,f,35-44,54,Smear Positive
Croatia,1998,sp,f,45-54,38,Smear Positive
Croatia,1998,sp,f,55-64,48,Smear Positive
Croatia,1998,sp,f,65+,131,Smear Positive
Croatia,1999,sp,m,0-14,1,Smear Positive
Croatia,1999,sp,m,15-24,29,Smear Positive
Croatia,1999,sp,m,25-34,45,Smear Positive
Croatia,1999,sp,m,35-44,83,Smear Positive
Croatia,1999,sp,m,45-54,93,Smear Positive
Croatia,1999,sp,m,55-64,46,Smear Positive
Croatia,1999,sp,m,65+,45,Smear Positive
Croatia,1999,sp,f,0-14,2,Smear Positive
Croatia,1999,sp,f,15-24,14,Smear Positive
Croatia,1999,sp,f,25-34,18,Smear Positive
Croatia,1999,sp,f,35-44,15,Smear Positive
Croatia,1999,sp,f,45-54,15,Smear Positive
Croatia,1999,sp,f,55-64,16,Smear Positive
Croatia,1999,sp,f,65+,53,Smear Positive
Croatia,2001,sp,m,0-14,0,Smear Positive
Croatia,2001,sp,m,15-24,32,Smear Positive
Croatia,2001,sp,m,25-34,64,Smear Positive
Croatia,2001,sp,m,35-44,186,Smear Positive
Croatia,2001,sp,m,45-54,126,Smear Positive
Croatia,2001,sp,m,55-64,88,Smear Positive
Croatia,2001,sp,m,65+,64,Smear Positive
Croatia,2001,sp,f,0-14,2,Smear Positive
Croatia,2001,sp,f,15-24,32,Smear Positive
Croatia,2001,sp,f,25-34,36,Smear Positive
Croatia,2001,sp,f,35-44,54,Smear Positive
Croatia,2001,sp,f,45-54,34,Smear Positive
Croatia,2001,sp,f,55-64,28,Smear Positive
Croatia,2001,sp,f,65+,92,Smear Positive
Croatia,2002,sp,m,0-14,1,Smear Positive
Croatia,2002,sp,m,15-24,18,Smear Positive
Croatia,2002,sp,m,25-34,40,Smear Positive
Croatia,2002,sp,m,35-44,75,Smear Positive
Croatia,2002,sp,m,45-54,77,Smear Positive
Croatia,2002,sp,m,55-64,32,Smear Positive
Croatia,2002,sp,m,65+,43,Smear Positive
Croatia,2002,sp,f,0-14,0,Smear Positive
Croatia,2002,sp,f,15-24,18,Smear Positive
Croatia,2002,sp,f,25-34,18,Smear Positive
Croatia,2002,sp,f,35-44,20,Smear Positive
Croatia,2002,sp,f,45-54,19,Smear Positive
Croatia,2002,sp,f,55-64,16,Smear Positive
Croatia,2002,sp,f,65+,54,Smear Positive
Croatia,2003,sp,m,0-14,0,Smear Positive
Croatia,2003,sp,m,15-24,15,Smear Positive
Croatia,2003,sp,m,25-34,27,Smear Positive
Croatia,2003,sp,m,35-44,68,Smear Positive
Croatia,2003,sp,m,45-54,80,Smear Positive
Croatia,2003,sp,m,55-64,42,Smear Positive
Croatia,2003,sp,m,65+,60,Smear Positive
Croatia,2003,sp,f,0-14,1,Smear Positive
Croatia,2003,sp,f,15-24,14,Smear Positive
Croatia,2003,sp,f,25-34,19,Smear Positive
Croatia,2003,sp,f,35-44,18,Smear Positive
Croatia,2003,sp,f,45-54,10,Smear Positive
Croatia,2003,sp,f,55-64,15,Smear Positive
Croatia,2003,sp,f,65+,69,Smear Positive
Croatia,2004,sp,m,0-14,1,Smear Positive
Croatia,2004,sp,m,15-24,18,Smear Positive
Croatia,2004,sp,m,25-34,32,Smear Positive
Croatia,2004,sp,m,35-44,68,Smear Positive
Croatia,2004,sp,m,45-54,81,Smear Positive
Croatia,2004,sp,m,55-64,39,Smear Positive
Croatia,2004,sp,m,65+,53,Smear Positive
Croatia,2004,sp,f,0-14,3,Smear Positive
Croatia,2004,sp,f,15-24,18,Smear Positive
Croatia,2004,sp,f,25-34,17,Smear Positive
Croatia,2004,sp,f,35-44,11,Smear Positive
Croatia,2004,sp,f,45-54,12,Smear Positive
Croatia,2004,sp,f,55-64,7,Smear Positive
Croatia,2004,sp,f,65+,56,Smear Positive
Croatia,2005,sp,m,0-14,1,Smear Positive
Croatia,2005,sp,m,15-24,24,Smear Positive
Croatia,2005,sp,m,25-34,27,Smear Positive
Croatia,2005,sp,m,35-44,48,Smear Positive
Croatia,2005,sp,m,45-54,72,Smear Positive
Croatia,2005,sp,m,55-64,47,Smear Positive
Croatia,2005,sp,m,65+,34,Smear Positive
Croatia,2005,sp,f,0-14,1,Smear Positive
Croatia,2005,sp,f,15-24,12,Smear Positive
Croatia,2005,sp,f,25-34,18,Smear Positive
Croatia,2005,sp,f,35-44,15,Smear Positive
Croatia,2005,sp,f,45-54,11,Smear Positive
Croatia,2005,sp,f,55-64,6,Smear Positive
Croatia,2005,sp,f,65+,56,Smear Positive
Croatia,2006,sp,m,0-14,0,Smear Positive
Croatia,2006,sp,m,15-24,20,Smear Positive
Croatia,2006,sp,m,25-34,23,Smear Positive
Croatia,2006,sp,m,35-44,58,Smear Positive
Croatia,2006,sp,m,45-54,69,Smear Positive
Croatia,2006,sp,m,55-64,30,Smear Positive
Croatia,2006,sp,m,65+,48,Smear Positive
Croatia,2006,sp,f,0-14,2,Smear Positive
Croatia,2006,sp,f,15-24,16,Smear Positive
Croatia,2006,sp,f,25-34,26,Smear Positive
Croatia,2006,sp,f,35-44,16,Smear Positive
Croatia,2006,sp,f,45-54,22,Smear Positive
Croatia,2006,sp,f,55-64,7,Smear Positive
Croatia,2006,sp,f,65+,59,Smear Positive
Croatia,2006,sn,m,0-14,10,Smear Negative
Croatia,2006,sn,m,15-24,21,Smear Negative
Croatia,2006,sn,m,25-34,23,Smear Negative
Croatia,2006,sn,m,35-44,41,Smear Negative
Croatia,2006,sn,m,45-54,75,Smear Negative
Croatia,2006,sn,m,55-64,54,Smear Negative
Croatia,2006,sn,m,65+,99,Smear Negative
Croatia,2006,sn,f,0-14,12,Smear Negative
Croatia,2006,sn,f,15-24,9,Smear Negative
Croatia,2006,sn,f,25-34,19,Smear Negative
Croatia,2006,sn,f,35-44,31,Smear Negative
Croatia,2006,sn,f,45-54,15,Smear Negative
Croatia,2006,sn,f,55-64,21,Smear Negative
Croatia,2006,sn,f,65+,89,Smear Negative
Croatia,2006,ep,m,0-14,2,Extrapulmonary
Croatia,2006,ep,m,15-24,7,Extrapulmonary
Croatia,2006,ep,m,25-34,3,Extrapulmonary
Croatia,2006,ep,m,35-44,5,Extrapulmonary
Croatia,2006,ep,m,45-54,18,Extrapulmonary
Croatia,2006,ep,m,55-64,6,Extrapulmonary
Croatia,2006,ep,m,65+,15,Extrapulmonary
Croatia,2006,ep,f,0-14,2,Extrapulmonary
Croatia,2006,ep,f,15-24,5,Extrapulmonary
Croatia,2006,ep,f,25-34,1,Extrapulmonary
Croatia,2006,ep,f,35-44,7,Extrapulmonary
Croatia,2006,ep,f,45-54,12,Extrapulmonary
Croatia,2006,ep,f,55-64,9,Extrapulmonary
Croatia,2006,ep,f,65+,21,Extrapulmonary
Croatia,2007,sn,m,0-14,0,Smear Negative
Croatia,2007,sn,m,15-24,1,Smear Negative
Croatia,2007,sn,m,25-34,2,Smear Negative
Croatia,2007,sn,m,35-44,7,Smear Negative
Croatia,2007,sn,m,45-54,13,Smear Negative
Croatia,2007,sn,m,55-64,8,Smear Negative
Croatia,2007,sn,m,65+,15,Smear Negative
Croatia,2007,sn,f,0-14,0,Smear Negative
Croatia,2007,sn,f,15-24,2,Smear Negative
Croatia,2007,sn,f,25-34,3,Smear Negative
Croatia,2007,sn,f,35-44,2,Smear Negative
Croatia,2007,sn,f,45-54,4,Smear Negative
Croatia,2007,sn,f,55-64,1,Smear Negative
Croatia,2007,sn,f,65+,11,Smear Negative
Croatia,2007,ep,m,0-14,0,Extrapulmonary
Croatia,2007,ep,m,15-24,0,Extrapulmonary
Croatia,2007,ep,m,25-34,0,Extrapulmonary
Croatia,2007,ep,m,35-44,2,Extrapulmonary
Croatia,2007,ep,m,45-54,1,Extrapulmonary
Croatia,2007,ep,m,55-64,0,Extrapulmonary
Croatia,2007,ep,m,65+,2,Extrapulmonary
Croatia,2007,ep,f,0-14,0,Extrapulmonary
Croatia,2007,ep,f,15-24,0,Extrapulmonary
Croatia,2007,ep,f,25-34,0,Extrapulmonary
Croatia,2007,ep,f,35-44,0,Extrapulmonary
Croatia,2007,ep,f,45-54,0,Extrapulmonary
Croatia,2007,ep,f,55-64,0,Extrapulmonary
Croatia,2007,ep,f,65+,2,Extrapulmonary
Croatia,2008,sp,m,0-14,0,Smear Positive
Croatia,2008,sp,m,15-24,15,Smear Positive
Croatia,2008,sp,m,25-34,25,Smear Positive
Croatia,2008,sp,m,35-44,34,Smear Positive
Croatia,2008,sp,m,45-54,63,Smear Positive
Croatia,2008,sp,m,55-64,32,Smear Positive
Croatia,2008,sp,m,65+,47,Smear Positive
Croatia,2008,sp,f,0-14,1,Smear Positive
Croatia,2008,sp,f,15-24,11,Smear Positive
Croatia,2008,sp,f,25-34,16,Smear Positive
Croatia,2008,sp,f,35-44,13,Smear Positive
Croatia,2008,sp,f,45-54,15,Smear Positive
Croatia,2008,sp,f,55-64,12,Smear Positive
Croatia,2008,sp,f,65+,44,Smear Positive
Croatia,2008,sn,m,0-14,13,Smear Negative
Croatia,2008,sn,m,15-24,17,Smear Negative
Croatia,2008,sn,m,25-34,18,Smear Negative
Croatia,2008,sn,m,35-44,40,Smear Negative
Croatia,2008,sn,m,45-54,62,Smear Negative
Croatia,2008,sn,m,55-64,50,Smear Negative
Croatia,2008,sn,m,65+,88,Smear Negative
Croatia,2008,sn,f,0-14,10,Smear Negative
Croatia,2008,sn,f,15-24,16,Smear Negative
Croatia,2008,sn,f,25-34,23,Smear Negative
Croatia,2008,sn,f,35-44,17,Smear Negative
Croatia,2008,sn,f,45-54,21,Smear Negative
Croatia,2008,sn,f,55-64,26,Smear Negative
Croatia,2008,sn,f,65+,101,Smear Negative
Croatia,2008,ep,m,0-14,2,Extrapulmonary
Croatia,2008,ep,m,15-24,4,Extrapulmonary
Croatia,2008,ep,m,25-34,4,Extrapulmonary
Croatia,2008,ep,m,35-44,10,Extrapulmonary
Croatia,2008,ep,m,45-54,7,Extrapulmonary
Croatia,2008,ep,m,55-64,6,Extrapulmonary
Croatia,2008,ep,m,65+,19,Extrapulmonary
Croatia,2008,ep,f,0-14,1,Extrapulmonary
Croatia,2008,ep,f,15-24,1,Extrapulmonary
Croatia,2008,ep,f,25-34,3,Extrapulmonary
Croatia,2008,ep,f,35-44,3,Extrapulmonary
Croatia,2008,ep,f,45-54,13,Extrapulmonary
Croatia,2008,ep,f,55-64,3,Extrapulmonary
Croatia,2008,ep,f,65+,25,Extrapulmonary
Croatia,2009,sp,m,0-14,0,Smear Positive
Croatia,2009,sp,m,15-24,14,Smear Positive
Croatia,2009,sp,m,25-34,25,Smear Positive
Croatia,2009,sp,m,35-44,41,Smear Positive
Croatia,2009,sp,m,45-54,61,Smear Positive
Croatia,2009,sp,m,55-64,34,Smear Positive
Croatia,2009,sp,m,65+,38,Smear Positive
Croatia,2009,sp,f,0-14,0,Smear Positive
Croatia,2009,sp,f,15-24,12,Smear Positive
Croatia,2009,sp,f,25-34,8,Smear Positive
Croatia,2009,sp,f,35-44,14,Smear Positive
Croatia,2009,sp,f,45-54,5,Smear Positive
Croatia,2009,sp,f,55-64,10,Smear Positive
Croatia,2009,sp,f,65+,40,Smear Positive
Croatia,2009,sn,m,0-14,13,Smear Negative
Croatia,2009,sn,m,15-24,21,Smear Negative
Croatia,2009,sn,m,25-34,17,Smear Negative
Croatia,2009,sn,m,35-44,28,Smear Negative
Croatia,2009,sn,m,45-54,54,Smear Negative
Croatia,2009,sn,m,55-64,40,Smear Negative
Croatia,2009,sn,m,65+,76,Smear Negative
Croatia,2009,sn,f,0-14,11,Smear Negative
Croatia,2009,sn,f,15-24,13,Smear Negative
Croatia,2009,sn,f,25-34,18,Smear Negative
Croatia,2009,sn,f,35-44,12,Smear Negative
Croatia,2009,sn,f,45-54,16,Smear Negative
Croatia,2009,sn,f,55-64,18,Smear Negative
Croatia,2009,sn,f,65+,73,Smear Negative
Croatia,2009,ep,m,0-14,1,Extrapulmonary
Croatia,2009,ep,m,15-24,0,Extrapulmonary
Croatia,2009,ep,m,25-34,6,Extrapulmonary
Croatia,2009,ep,m,35-44,5,Extrapulmonary
Croatia,2009,ep,m,45-54,7,Extrapulmonary
Croatia,2009,ep,m,55-64,8,Extrapulmonary
Croatia,2009,ep,m,65+,16,Extrapulmonary
Croatia,2009,ep,f,0-14,0,Extrapulmonary
Croatia,2009,ep,f,15-24,1,Extrapulmonary
Croatia,2009,ep,f,25-34,1,Extrapulmonary
Croatia,2009,ep,f,35-44,4,Extrapulmonary
Croatia,2009,ep,f,45-54,6,Extrapulmonary
Croatia,2009,ep,f,55-64,5,Extrapulmonary
Croatia,2009,ep,f,65+,21,Extrapulmonary
Croatia,2010,sp,m,0-14,0,Smear Positive
Croatia,2010,sp,m,15-24,10,Smear Positive
Croatia,2010,sp,m,25-34,19,Smear Positive
Croatia,2010,sp,m,35-44,18,Smear Positive
Croatia,2010,sp,m,45-54,38,Smear Positive
Croatia,2010,sp,m,55-64,25,Smear Positive
Croatia,2010,sp,m,65+,24,Smear Positive
Croatia,2010,sp,f,0-14,1,Smear Positive
Croatia,2010,sp,f,15-24,3,Smear Positive
Croatia,2010,sp,f,25-34,8,Smear Positive
Croatia,2010,sp,f,35-44,4,Smear Positive
Croatia,2010,sp,f,45-54,2,Smear Positive
Croatia,2010,sp,f,55-64,1,Smear Positive
Croatia,2010,sp,f,65+,30,Smear Positive
Croatia,2010,sn,m,0-14,7,Smear Negative
Croatia,2010,sn,m,15-24,8,Smear Negative
Croatia,2010,sn,m,25-34,14,Smear Negative
Croatia,2010,sn,m,35-44,22,Smear Negative
Croatia,2010,sn,m,45-54,47,Smear Negative
Croatia,2010,sn,m,55-64,56,Smear Negative
Croatia,2010,sn,m,65+,80,Smear Negative
Croatia,2010,sn,f,0-14,10,Smear Negative
Croatia,2010,sn,f,15-24,13,Smear Negative
Croatia,2010,sn,f,25-34,15,Smear Negative
Croatia,2010,sn,f,35-44,21,Smear Negative
Croatia,2010,sn,f,45-54,15,Smear Negative
Croatia,2010,sn,f,55-64,14,Smear Negative
Croatia,2010,sn,f,65+,60,Smear Negative
Croatia,2010,ep,m,0-14,0,Extrapulmonary
Croatia,2010,ep,m,15-24,3,Extrapulmonary
Croatia,2010,ep,m,25-34,5,Extrapulmonary
Croatia,2010,ep,m,35-44,5,Extrapulmonary
Croatia,2010,ep,m,45-54,6,Extrapulmonary
Croatia,2010,ep,m,55-64,7,Extrapulmonary
Croatia,2010,ep,m,65+,12,Extrapulmonary
Croatia,2010,ep,f,0-14,0,Extrapulmonary
Croatia,2010,ep,f,15-24,0,Extrapulmonary
Croatia,2010,ep,f,25-34,4,Extrapulmonary
Croatia,2010,ep,f,35-44,6,Extrapulmonary
Croatia,2010,ep,f,45-54,9,Extrapulmonary
Croatia,2010,ep,f,55-64,6,Extrapulmonary
Croatia,2010,ep,f,65+,24,Extrapulmonary
Croatia,2011,sp,m,0-14,0,Smear Positive
Croatia,2011,sp,m,15-24,12,Smear Positive
Croatia,2011,sp,m,25-34,5,Smear Positive
Croatia,2011,sp,m,35-44,20,Smear Positive
Croatia,2011,sp,m,45-54,31,Smear Positive
Croatia,2011,sp,m,55-64,31,Smear Positive
Croatia,2011,sp,m,65+,21,Smear Positive
Croatia,2011,sp,f,0-14,0,Smear Positive
Croatia,2011,sp,f,15-24,12,Smear Positive
Croatia,2011,sp,f,25-34,14,Smear Positive
Croatia,2011,sp,f,35-44,14,Smear Positive
Croatia,2011,sp,f,45-54,8,Smear Positive
Croatia,2011,sp,f,55-64,7,Smear Positive
Croatia,2011,sp,f,65+,26,Smear Positive
Croatia,2011,sn,m,0-14,4,Smear Negative
Croatia,2011,sn,m,15-24,12,Smear Negative
Croatia,2011,sn,m,25-34,15,Smear Negative
Croatia,2011,sn,m,35-44,30,Smear Negative
Croatia,2011,sn,m,45-54,40,Smear Negative
Croatia,2011,sn,m,55-64,53,Smear Negative
Croatia,2011,sn,m,65+,45,Smear Negative
Croatia,2011,sn,f,0-14,7,Smear Negative
Croatia,2011,sn,f,15-24,10,Smear Negative
Croatia,2011,sn,f,25-34,10,Smear Negative
Croatia,2011,sn,f,35-44,16,Smear Negative
Croatia,2011,sn,f,45-54,14,Smear Negative
Croatia,2011,sn,f,55-64,24,Smear Negative
Croatia,2011,sn,f,65+,63,Smear Negative
Croatia,2011,ep,m,0-14,0,Extrapulmonary
Croatia,2011,ep,m,15-24,0,Extrapulmonary
Croatia,2011,ep,m,25-34,1,Extrapulmonary
Croatia,2011,ep,m,35-44,0,Extrapulmonary
Croatia,2011,ep,m,45-54,6,Extrapulmonary
Croatia,2011,ep,m,55-64,5,Extrapulmonary
Croatia,2011,ep,m,65+,14,Extrapulmonary
Croatia,2011,ep,f,0-14,2,Extrapulmonary
Croatia,2011,ep,f,15-24,2,Extrapulmonary
Croatia,2011,ep,f,25-34,5,Extrapulmonary
Croatia,2011,ep,f,35-44,2,Extrapulmonary
Croatia,2011,ep,f,45-54,7,Extrapulmonary
Croatia,2011,ep,f,55-64,9,Extrapulmonary
Croatia,2011,ep,f,65+,22,Extrapulmonary
Croatia,2012,sp,m,0-14,0,Smear Positive
Croatia,2012,sp,m,15-24,7,Smear Positive
Croatia,2012,sp,m,25-34,10,Smear Positive
Croatia,2012,sp,m,35-44,18,Smear Positive
Croatia,2012,sp,m,45-54,24,Smear Positive
Croatia,2012,sp,m,55-64,29,Smear Positive
Croatia,2012,sp,m,65+,14,Smear Positive
Croatia,2012,sp,f,0-14,0,Smear Positive
Croatia,2012,sp,f,15-24,0,Smear Positive
Croatia,2012,sp,f,25-34,10,Smear Positive
Croatia,2012,sp,f,35-44,2,Smear Positive
Croatia,2012,sp,f,45-54,2,Smear Positive
Croatia,2012,sp,f,55-64,3,Smear Positive
Croatia,2012,sp,f,65+,21,Smear Positive
Croatia,2012,sn,m,0-14,5,Smear Negative
Croatia,2012,sn,m,15-24,9,Smear Negative
Croatia,2012,sn,m,25-34,15,Smear Negative
Croatia,2012,sn,m,35-44,19,Smear Negative
Croatia,2012,sn,m,45-54,41,Smear Negative
Croatia,2012,sn,m,55-64,57,Smear Negative
Croatia,2012,sn,m,65+,49,Smear Negative
Croatia,2012,sn,f,0-14,5,Smear Negative
Croatia,2012,sn,f,15-24,4,Smear Negative
Croatia,2012,sn,f,25-34,16,Smear Negative
Croatia,2012,sn,f,35-44,19,Smear Negative
Croatia,2012,sn,f,45-54,14,Smear Negative
Croatia,2012,sn,f,55-64,23,Smear Negative
Croatia,2012,sn,f,65+,60,Smear Negative
Croatia,2012,ep,m,0-14,2,Extrapulmonary
Croatia,2012,ep,m,15-24,2,Extrapulmonary
Croatia,2012,ep,m,25-34,3,Extrapulmonary
Croatia,2012,ep,m,35-44,7,Extrapulmonary
Croatia,2012,ep,m,45-54,5,Extrapulmonary
Croatia,2012,ep,m,55-64,5,Extrapulmonary
Croatia,2012,ep,m,65+,11,Extrapulmonary
Croatia,2012,ep,f,0-14,0,Extrapulmonary
Croatia,2012,ep,f,15-24,2,Extrapulmonary
Croatia,2012,ep,f,25-34,1,Extrapulmonary
Croatia,2012,ep,f,35-44,3,Extrapulmonary
Croatia,2012,ep,f,45-54,4,Extrapulmonary
Croatia,2012,ep,f,55-64,6,Extrapulmonary
Croatia,2012,ep,f,65+,12,Extrapulmonary
Croatia,2013,rel,m,0-14,1,Relapse
Croatia,2013,rel,m,15-24,19,Relapse
Croatia,2013,rel,m,25-34,29,Relapse
Croatia,2013,rel,m,35-44,32,Relapse
Croatia,2013,rel,m,45-54,66,Relapse
Croatia,2013,rel,m,55-64,74,Relapse
Croatia,2013,rel,m,65+,93,Relapse
Croatia,2013,rel,f,0-14,3,Relapse
Croatia,2013,rel,f,15-24,11,Relapse
Croatia,2013,rel,f,25-34,18,Relapse
Croatia,2013,rel,f,35-44,17,Relapse
Croatia,2013,rel,f,45-54,32,Relapse
Croatia,2013,rel,f,55-64,25,Relapse
Croatia,2013,rel,f,65+,91,Relapse
Cuba,1995,sp,m,0-14,2,Smear Positive
Cuba,1995,sp,m,15-24,59,Smear Positive
Cuba,1995,sp,m,25-34,118,Smear Positive
Cuba,1995,sp,m,35-44,83,Smear Positive
Cuba,1995,sp,m,45-54,75,Smear Positive
Cuba,1995,sp,m,55-64,75,Smear Positive
Cuba,1995,sp,m,65+,156,Smear Positive
Cuba,1995,sp,f,0-14,1,Smear Positive
Cuba,1995,sp,f,15-24,17,Smear Positive
Cuba,1995,sp,f,25-34,52,Smear Positive
Cuba,1995,sp,f,35-44,29,Smear Positive
Cuba,1995,sp,f,45-54,39,Smear Positive
Cuba,1995,sp,f,55-64,48,Smear Positive
Cuba,1995,sp,f,65+,80,Smear Positive
Cuba,1996,sp,m,0-14,0,Smear Positive
Cuba,1996,sp,m,15-24,54,Smear Positive
Cuba,1996,sp,m,25-34,136,Smear Positive
Cuba,1996,sp,m,35-44,86,Smear Positive
Cuba,1996,sp,m,45-54,93,Smear Positive
Cuba,1996,sp,m,55-64,84,Smear Positive
Cuba,1996,sp,m,65+,138,Smear Positive
Cuba,1996,sp,f,0-14,1,Smear Positive
Cuba,1996,sp,f,15-24,29,Smear Positive
Cuba,1996,sp,f,25-34,44,Smear Positive
Cuba,1996,sp,f,35-44,20,Smear Positive
Cuba,1996,sp,f,45-54,45,Smear Positive
Cuba,1996,sp,f,55-64,42,Smear Positive
Cuba,1996,sp,f,65+,63,Smear Positive
Cuba,1997,sp,m,0-14,0,Smear Positive
Cuba,1997,sp,m,15-24,69,Smear Positive
Cuba,1997,sp,m,25-34,151,Smear Positive
Cuba,1997,sp,m,35-44,83,Smear Positive
Cuba,1997,sp,m,45-54,63,Smear Positive
Cuba,1997,sp,m,55-64,77,Smear Positive
Cuba,1997,sp,m,65+,116,Smear Positive
Cuba,1997,sp,f,0-14,2,Smear Positive
Cuba,1997,sp,f,15-24,16,Smear Positive
Cuba,1997,sp,f,25-34,49,Smear Positive
Cuba,1997,sp,f,35-44,33,Smear Positive
Cuba,1997,sp,f,45-54,32,Smear Positive
Cuba,1997,sp,f,55-64,28,Smear Positive
Cuba,1997,sp,f,65+,46,Smear Positive
Cuba,1998,sp,m,0-14,0,Smear Positive
Cuba,1998,sp,m,15-24,60,Smear Positive
Cuba,1998,sp,m,25-34,140,Smear Positive
Cuba,1998,sp,m,35-44,109,Smear Positive
Cuba,1998,sp,m,45-54,75,Smear Positive
Cuba,1998,sp,m,55-64,53,Smear Positive
Cuba,1998,sp,m,65+,102,Smear Positive
Cuba,1998,sp,f,0-14,1,Smear Positive
Cuba,1998,sp,f,15-24,17,Smear Positive
Cuba,1998,sp,f,25-34,48,Smear Positive
Cuba,1998,sp,f,35-44,23,Smear Positive
Cuba,1998,sp,f,45-54,30,Smear Positive
Cuba,1998,sp,f,55-64,31,Smear Positive
Cuba,1998,sp,f,65+,55,Smear Positive
Cuba,1999,sp,m,0-14,1,Smear Positive
Cuba,1999,sp,m,15-24,55,Smear Positive
Cuba,1999,sp,m,25-34,163,Smear Positive
Cuba,1999,sp,m,35-44,97,Smear Positive
Cuba,1999,sp,m,45-54,68,Smear Positive
Cuba,1999,sp,m,55-64,72,Smear Positive
Cuba,1999,sp,m,65+,100,Smear Positive
Cuba,1999,sp,f,0-14,2,Smear Positive
Cuba,1999,sp,f,15-24,15,Smear Positive
Cuba,1999,sp,f,25-34,37,Smear Positive
Cuba,1999,sp,f,35-44,27,Smear Positive
Cuba,1999,sp,f,45-54,20,Smear Positive
Cuba,1999,sp,f,55-64,28,Smear Positive
Cuba,1999,sp,f,65+,35,Smear Positive
Cuba,2000,sp,m,0-14,0,Smear Positive
Cuba,2000,sp,m,15-24,71,Smear Positive
Cuba,2000,sp,m,25-34,167,Smear Positive
Cuba,2000,sp,m,35-44,90,Smear Positive
Cuba,2000,sp,m,45-54,74,Smear Positive
Cuba,2000,sp,m,55-64,55,Smear Positive
Cuba,2000,sp,m,65+,75,Smear Positive
Cuba,2000,sp,f,0-14,2,Smear Positive
Cuba,2000,sp,f,15-24,9,Smear Positive
Cuba,2000,sp,f,25-34,22,Smear Positive
Cuba,2000,sp,f,35-44,26,Smear Positive
Cuba,2000,sp,f,45-54,22,Smear Positive
Cuba,2000,sp,f,55-64,23,Smear Positive
Cuba,2000,sp,f,65+,39,Smear Positive
Cuba,2001,sp,m,0-14,0,Smear Positive
Cuba,2001,sp,m,15-24,36,Smear Positive
Cuba,2001,sp,m,25-34,136,Smear Positive
Cuba,2001,sp,m,35-44,87,Smear Positive
Cuba,2001,sp,m,45-54,39,Smear Positive
Cuba,2001,sp,m,55-64,54,Smear Positive
Cuba,2001,sp,m,65+,67,Smear Positive
Cuba,2001,sp,f,0-14,1,Smear Positive
Cuba,2001,sp,f,15-24,24,Smear Positive
Cuba,2001,sp,f,25-34,17,Smear Positive
Cuba,2001,sp,f,35-44,22,Smear Positive
Cuba,2001,sp,f,45-54,17,Smear Positive
Cuba,2001,sp,f,55-64,20,Smear Positive
Cuba,2001,sp,f,65+,39,Smear Positive
Cuba,2002,sp,m,0-14,0,Smear Positive
Cuba,2002,sp,m,15-24,21,Smear Positive
Cuba,2002,sp,m,25-34,104,Smear Positive
Cuba,2002,sp,m,35-44,83,Smear Positive
Cuba,2002,sp,m,45-54,67,Smear Positive
Cuba,2002,sp,m,55-64,45,Smear Positive
Cuba,2002,sp,m,65+,77,Smear Positive
Cuba,2002,sp,f,0-14,3,Smear Positive
Cuba,2002,sp,f,15-24,15,Smear Positive
Cuba,2002,sp,f,25-34,28,Smear Positive
Cuba,2002,sp,f,35-44,22,Smear Positive
Cuba,2002,sp,f,45-54,21,Smear Positive
Cuba,2002,sp,f,55-64,20,Smear Positive
Cuba,2002,sp,f,65+,34,Smear Positive
Cuba,2003,sp,m,0-14,2,Smear Positive
Cuba,2003,sp,m,15-24,23,Smear Positive
Cuba,2003,sp,m,25-34,90,Smear Positive
Cuba,2003,sp,m,35-44,91,Smear Positive
Cuba,2003,sp,m,45-54,62,Smear Positive
Cuba,2003,sp,m,55-64,51,Smear Positive
Cuba,2003,sp,m,65+,78,Smear Positive
Cuba,2003,sp,f,0-14,0,Smear Positive
Cuba,2003,sp,f,15-24,11,Smear Positive
Cuba,2003,sp,f,25-34,14,Smear Positive
Cuba,2003,sp,f,35-44,20,Smear Positive
Cuba,2003,sp,f,45-54,23,Smear Positive
Cuba,2003,sp,f,55-64,13,Smear Positive
Cuba,2003,sp,f,65+,29,Smear Positive
Cuba,2004,sp,m,0-14,0,Smear Positive
Cuba,2004,sp,m,15-24,17,Smear Positive
Cuba,2004,sp,m,25-34,68,Smear Positive
Cuba,2004,sp,m,35-44,95,Smear Positive
Cuba,2004,sp,m,45-54,63,Smear Positive
Cuba,2004,sp,m,55-64,45,Smear Positive
Cuba,2004,sp,m,65+,50,Smear Positive
Cuba,2004,sp,f,0-14,0,Smear Positive
Cuba,2004,sp,f,15-24,16,Smear Positive
Cuba,2004,sp,f,25-34,20,Smear Positive
Cuba,2004,sp,f,35-44,15,Smear Positive
Cuba,2004,sp,f,45-54,16,Smear Positive
Cuba,2004,sp,f,55-64,20,Smear Positive
Cuba,2004,sp,f,65+,29,Smear Positive
Cuba,2005,sp,m,0-14,2,Smear Positive
Cuba,2005,sp,m,15-24,20,Smear Positive
Cuba,2005,sp,m,25-34,73,Smear Positive
Cuba,2005,sp,m,35-44,90,Smear Positive
Cuba,2005,sp,m,45-54,50,Smear Positive
Cuba,2005,sp,m,55-64,58,Smear Positive
Cuba,2005,sp,m,65+,51,Smear Positive
Cuba,2005,sp,f,0-14,2,Smear Positive
Cuba,2005,sp,f,15-24,14,Smear Positive
Cuba,2005,sp,f,25-34,17,Smear Positive
Cuba,2005,sp,f,35-44,26,Smear Positive
Cuba,2005,sp,f,45-54,13,Smear Positive
Cuba,2005,sp,f,55-64,22,Smear Positive
Cuba,2005,sp,f,65+,29,Smear Positive
Cuba,2006,sp,m,15-24,22,Smear Positive
Cuba,2006,sp,m,25-34,73,Smear Positive
Cuba,2006,sp,m,35-44,93,Smear Positive
Cuba,2006,sp,m,45-54,50,Smear Positive
Cuba,2006,sp,m,55-64,47,Smear Positive
Cuba,2006,sp,m,65+,50,Smear Positive
Cuba,2006,sp,f,15-24,8,Smear Positive
Cuba,2006,sp,f,25-34,18,Smear Positive
Cuba,2006,sp,f,35-44,22,Smear Positive
Cuba,2006,sp,f,45-54,12,Smear Positive
Cuba,2006,sp,f,55-64,14,Smear Positive
Cuba,2006,sp,f,65+,23,Smear Positive
Cuba,2006,sn,m,0-14,2,Smear Negative
Cuba,2006,sn,m,15-24,4,Smear Negative
Cuba,2006,sn,m,25-34,20,Smear Negative
Cuba,2006,sn,m,35-44,31,Smear Negative
Cuba,2006,sn,m,45-54,27,Smear Negative
Cuba,2006,sn,m,55-64,32,Smear Negative
Cuba,2006,sn,m,65+,24,Smear Negative
Cuba,2006,sn,f,0-14,2,Smear Negative
Cuba,2006,sn,f,15-24,4,Smear Negative
Cuba,2006,sn,f,25-34,4,Smear Negative
Cuba,2006,sn,f,35-44,8,Smear Negative
Cuba,2006,sn,f,45-54,6,Smear Negative
Cuba,2006,sn,f,55-64,14,Smear Negative
Cuba,2006,sn,f,65+,10,Smear Negative
Cuba,2006,ep,m,0-14,1,Extrapulmonary
Cuba,2006,ep,m,15-24,6,Extrapulmonary
Cuba,2006,ep,m,25-34,24,Extrapulmonary
Cuba,2006,ep,m,35-44,23,Extrapulmonary
Cuba,2006,ep,m,45-54,10,Extrapulmonary
Cuba,2006,ep,m,55-64,7,Extrapulmonary
Cuba,2006,ep,m,65+,3,Extrapulmonary
Cuba,2006,ep,f,0-14,2,Extrapulmonary
Cuba,2006,ep,f,15-24,4,Extrapulmonary
Cuba,2006,ep,f,25-34,3,Extrapulmonary
Cuba,2006,ep,f,35-44,5,Extrapulmonary
Cuba,2006,ep,f,45-54,4,Extrapulmonary
Cuba,2006,ep,f,65+,4,Extrapulmonary
Cuba,2008,sp,m,0-14,2,Smear Positive
Cuba,2008,sp,m,15-24,30,Smear Positive
Cuba,2008,sp,m,25-34,66,Smear Positive
Cuba,2008,sp,m,35-44,108,Smear Positive
Cuba,2008,sp,m,45-54,67,Smear Positive
Cuba,2008,sp,m,55-64,59,Smear Positive
Cuba,2008,sp,m,65+,53,Smear Positive
Cuba,2008,sp,f,0-14,3,Smear Positive
Cuba,2008,sp,f,15-24,11,Smear Positive
Cuba,2008,sp,f,25-34,14,Smear Positive
Cuba,2008,sp,f,35-44,22,Smear Positive
Cuba,2008,sp,f,45-54,18,Smear Positive
Cuba,2008,sp,f,55-64,11,Smear Positive
Cuba,2008,sp,f,65+,34,Smear Positive
Cuba,2008,sn,m,0-14,9,Smear Negative
Cuba,2008,sn,m,15-24,8,Smear Negative
Cuba,2008,sn,m,25-34,18,Smear Negative
Cuba,2008,sn,m,35-44,30,Smear Negative
Cuba,2008,sn,m,45-54,15,Smear Negative
Cuba,2008,sn,m,55-64,17,Smear Negative
Cuba,2008,sn,m,65+,19,Smear Negative
Cuba,2008,sn,f,0-14,4,Smear Negative
Cuba,2008,sn,f,15-24,5,Smear Negative
Cuba,2008,sn,f,25-34,4,Smear Negative
Cuba,2008,sn,f,35-44,8,Smear Negative
Cuba,2008,sn,f,45-54,10,Smear Negative
Cuba,2008,sn,f,55-64,7,Smear Negative
Cuba,2008,sn,f,65+,13,Smear Negative
Cuba,2008,ep,m,0-14,1,Extrapulmonary
Cuba,2008,ep,m,15-24,11,Extrapulmonary
Cuba,2008,ep,m,25-34,20,Extrapulmonary
Cuba,2008,ep,m,35-44,23,Extrapulmonary
Cuba,2008,ep,m,45-54,14,Extrapulmonary
Cuba,2008,ep,m,55-64,9,Extrapulmonary
Cuba,2008,ep,m,65+,6,Extrapulmonary
Cuba,2008,ep,f,0-14,0,Extrapulmonary
Cuba,2008,ep,f,15-24,3,Extrapulmonary
Cuba,2008,ep,f,25-34,2,Extrapulmonary
Cuba,2008,ep,f,35-44,6,Extrapulmonary
Cuba,2008,ep,f,45-54,3,Extrapulmonary
Cuba,2008,ep,f,55-64,4,Extrapulmonary
Cuba,2008,ep,f,65+,4,Extrapulmonary
Cuba,2009,sp,m,15-24,16,Smear Positive
Cuba,2009,sp,m,25-34,57,Smear Positive
Cuba,2009,sp,m,35-44,72,Smear Positive
Cuba,2009,sp,m,45-54,70,Smear Positive
Cuba,2009,sp,m,55-64,42,Smear Positive
Cuba,2009,sp,m,65+,65,Smear Positive
Cuba,2009,sp,f,15-24,10,Smear Positive
Cuba,2009,sp,f,25-34,13,Smear Positive
Cuba,2009,sp,f,35-44,16,Smear Positive
Cuba,2009,sp,f,45-54,13,Smear Positive
Cuba,2009,sp,f,55-64,14,Smear Positive
Cuba,2009,sp,f,65+,30,Smear Positive
Cuba,2009,sn,m,0-14,7,Smear Negative
Cuba,2009,sn,m,15-24,9,Smear Negative
Cuba,2009,sn,m,25-34,14,Smear Negative
Cuba,2009,sn,m,35-44,21,Smear Negative
Cuba,2009,sn,m,45-54,23,Smear Negative
Cuba,2009,sn,m,55-64,17,Smear Negative
Cuba,2009,sn,m,65+,19,Smear Negative
Cuba,2009,sn,f,0-14,5,Smear Negative
Cuba,2009,sn,f,15-24,3,Smear Negative
Cuba,2009,sn,f,25-34,2,Smear Negative
Cuba,2009,sn,f,35-44,6,Smear Negative
Cuba,2009,sn,f,45-54,7,Smear Negative
Cuba,2009,sn,f,55-64,8,Smear Negative
Cuba,2009,sn,f,65+,9,Smear Negative
Cuba,2009,ep,m,0-14,1,Extrapulmonary
Cuba,2009,ep,m,15-24,13,Extrapulmonary
Cuba,2009,ep,m,25-34,18,Extrapulmonary
Cuba,2009,ep,m,35-44,14,Extrapulmonary
Cuba,2009,ep,m,45-54,9,Extrapulmonary
Cuba,2009,ep,m,55-64,4,Extrapulmonary
Cuba,2009,ep,m,65+,10,Extrapulmonary
Cuba,2009,ep,f,15-24,2,Extrapulmonary
Cuba,2009,ep,f,25-34,5,Extrapulmonary
Cuba,2009,ep,f,35-44,5,Extrapulmonary
Cuba,2009,ep,f,45-54,5,Extrapulmonary
Cuba,2009,ep,f,55-64,3,Extrapulmonary
Cuba,2009,ep,f,65+,2,Extrapulmonary
Cuba,2010,sp,m,0-14,3,Smear Positive
Cuba,2010,sp,m,15-24,17,Smear Positive
Cuba,2010,sp,m,25-34,61,Smear Positive
Cuba,2010,sp,m,35-44,89,Smear Positive
Cuba,2010,sp,m,45-54,78,Smear Positive
Cuba,2010,sp,m,55-64,53,Smear Positive
Cuba,2010,sp,m,65+,57,Smear Positive
Cuba,2010,sp,f,0-14,1,Smear Positive
Cuba,2010,sp,f,15-24,15,Smear Positive
Cuba,2010,sp,f,25-34,15,Smear Positive
Cuba,2010,sp,f,35-44,14,Smear Positive
Cuba,2010,sp,f,45-54,16,Smear Positive
Cuba,2010,sp,f,55-64,17,Smear Positive
Cuba,2010,sp,f,65+,26,Smear Positive
Cuba,2010,sn,m,0-14,11,Smear Negative
Cuba,2010,sn,m,15-24,5,Smear Negative
Cuba,2010,sn,m,25-34,17,Smear Negative
Cuba,2010,sn,m,35-44,29,Smear Negative
Cuba,2010,sn,m,45-54,30,Smear Negative
Cuba,2010,sn,m,55-64,29,Smear Negative
Cuba,2010,sn,m,65+,39,Smear Negative
Cuba,2010,sn,f,0-14,5,Smear Negative
Cuba,2010,sn,f,15-24,2,Smear Negative
Cuba,2010,sn,f,25-34,2,Smear Negative
Cuba,2010,sn,f,35-44,6,Smear Negative
Cuba,2010,sn,f,45-54,11,Smear Negative
Cuba,2010,sn,f,55-64,10,Smear Negative
Cuba,2010,sn,f,65+,16,Smear Negative
Cuba,2010,ep,m,0-14,0,Extrapulmonary
Cuba,2010,ep,m,15-24,5,Extrapulmonary
Cuba,2010,ep,m,25-34,16,Extrapulmonary
Cuba,2010,ep,m,35-44,19,Extrapulmonary
Cuba,2010,ep,m,45-54,11,Extrapulmonary
Cuba,2010,ep,m,55-64,15,Extrapulmonary
Cuba,2010,ep,m,65+,4,Extrapulmonary
Cuba,2010,ep,f,0-14,1,Extrapulmonary
Cuba,2010,ep,f,15-24,6,Extrapulmonary
Cuba,2010,ep,f,25-34,2,Extrapulmonary
Cuba,2010,ep,f,35-44,8,Extrapulmonary
Cuba,2010,ep,f,45-54,3,Extrapulmonary
Cuba,2010,ep,f,55-64,4,Extrapulmonary
Cuba,2010,ep,f,65+,4,Extrapulmonary
Cuba,2011,sp,m,0-14,2,Smear Positive
Cuba,2011,sp,m,15-24,14,Smear Positive
Cuba,2011,sp,m,25-34,51,Smear Positive
Cuba,2011,sp,m,35-44,83,Smear Positive
Cuba,2011,sp,m,45-54,86,Smear Positive
Cuba,2011,sp,m,55-64,50,Smear Positive
Cuba,2011,sp,m,65+,48,Smear Positive
Cuba,2011,sp,f,0-14,1,Smear Positive
Cuba,2011,sp,f,15-24,6,Smear Positive
Cuba,2011,sp,f,25-34,18,Smear Positive
Cuba,2011,sp,f,35-44,18,Smear Positive
Cuba,2011,sp,f,45-54,17,Smear Positive
Cuba,2011,sp,f,55-64,17,Smear Positive
Cuba,2011,sp,f,65+,26,Smear Positive
Cuba,2011,sn,m,0-14,5,Smear Negative
Cuba,2011,sn,m,15-24,5,Smear Negative
Cuba,2011,sn,m,25-34,19,Smear Negative
Cuba,2011,sn,m,35-44,20,Smear Negative
Cuba,2011,sn,m,45-54,37,Smear Negative
Cuba,2011,sn,m,55-64,25,Smear Negative
Cuba,2011,sn,m,65+,49,Smear Negative
Cuba,2011,sn,f,0-14,4,Smear Negative
Cuba,2011,sn,f,15-24,3,Smear Negative
Cuba,2011,sn,f,25-34,6,Smear Negative
Cuba,2011,sn,f,35-44,10,Smear Negative
Cuba,2011,sn,f,45-54,6,Smear Negative
Cuba,2011,sn,f,55-64,5,Smear Negative
Cuba,2011,sn,f,65+,25,Smear Negative
Cuba,2011,ep,m,0-14,1,Extrapulmonary
Cuba,2011,ep,m,15-24,5,Extrapulmonary
Cuba,2011,ep,m,25-34,13,Extrapulmonary
Cuba,2011,ep,m,35-44,18,Extrapulmonary
Cuba,2011,ep,m,45-54,11,Extrapulmonary
Cuba,2011,ep,m,55-64,3,Extrapulmonary
Cuba,2011,ep,m,65+,6,Extrapulmonary
Cuba,2011,ep,f,0-14,0,Extrapulmonary
Cuba,2011,ep,f,15-24,4,Extrapulmonary
Cuba,2011,ep,f,25-34,4,Extrapulmonary
Cuba,2011,ep,f,35-44,4,Extrapulmonary
Cuba,2011,ep,f,45-54,9,Extrapulmonary
Cuba,2011,ep,f,55-64,5,Extrapulmonary
Cuba,2011,ep,f,65+,3,Extrapulmonary
Cuba,2012,sp,m,0-14,1,Smear Positive
Cuba,2012,sp,m,15-24,15,Smear Positive
Cuba,2012,sp,m,25-34,45,Smear Positive
Cuba,2012,sp,m,35-44,83,Smear Positive
Cuba,2012,sp,m,45-54,70,Smear Positive
Cuba,2012,sp,m,55-64,45,Smear Positive
Cuba,2012,sp,m,65+,36,Smear Positive
Cuba,2012,sp,f,0-14,0,Smear Positive
Cuba,2012,sp,f,15-24,13,Smear Positive
Cuba,2012,sp,f,25-34,12,Smear Positive
Cuba,2012,sp,f,35-44,16,Smear Positive
Cuba,2012,sp,f,45-54,12,Smear Positive
Cuba,2012,sp,f,55-64,13,Smear Positive
Cuba,2012,sp,f,65+,13,Smear Positive
Cuba,2012,sn,m,0-14,6,Smear Negative
Cuba,2012,sn,m,15-24,4,Smear Negative
Cuba,2012,sn,m,25-34,18,Smear Negative
Cuba,2012,sn,m,35-44,30,Smear Negative
Cuba,2012,sn,m,45-54,32,Smear Negative
Cuba,2012,sn,m,55-64,23,Smear Negative
Cuba,2012,sn,m,65+,26,Smear Negative
Cuba,2012,sn,f,0-14,8,Smear Negative
Cuba,2012,sn,f,15-24,4,Smear Negative
Cuba,2012,sn,f,25-34,4,Smear Negative
Cuba,2012,sn,f,35-44,9,Smear Negative
Cuba,2012,sn,f,45-54,7,Smear Negative
Cuba,2012,sn,f,55-64,14,Smear Negative
Cuba,2012,sn,f,65+,15,Smear Negative
Cuba,2012,ep,m,0-14,0,Extrapulmonary
Cuba,2012,ep,m,15-24,13,Extrapulmonary
Cuba,2012,ep,m,25-34,18,Extrapulmonary
Cuba,2012,ep,m,35-44,13,Extrapulmonary
Cuba,2012,ep,m,45-54,14,Extrapulmonary
Cuba,2012,ep,m,55-64,10,Extrapulmonary
Cuba,2012,ep,m,65+,12,Extrapulmonary
Cuba,2012,ep,f,0-14,3,Extrapulmonary
Cuba,2012,ep,f,15-24,3,Extrapulmonary
Cuba,2012,ep,f,25-34,6,Extrapulmonary
Cuba,2012,ep,f,35-44,4,Extrapulmonary
Cuba,2012,ep,f,45-54,6,Extrapulmonary
Cuba,2012,ep,f,55-64,2,Extrapulmonary
Cuba,2012,ep,f,65+,8,Extrapulmonary
Cuba,2013,rel,m,0-14,5,Relapse
Cuba,2013,rel,m,15-24,23,Relapse
Cuba,2013,rel,m,25-34,82,Relapse
Cuba,2013,rel,m,35-44,136,Relapse
Cuba,2013,rel,m,45-54,145,Relapse
Cuba,2013,rel,m,55-64,89,Relapse
Cuba,2013,rel,m,65+,94,Relapse
Cuba,2013,rel,f,0-14,4,Relapse
Cuba,2013,rel,f,15-24,15,Relapse
Cuba,2013,rel,f,25-34,31,Relapse
Cuba,2013,rel,f,35-44,30,Relapse
Cuba,2013,rel,f,45-54,31,Relapse
Cuba,2013,rel,f,55-64,28,Relapse
Cuba,2013,rel,f,65+,44,Relapse
Curacao,2010,sp,m,0-14,0,Smear Positive
Curacao,2010,sp,m,15-24,0,Smear Positive
Curacao,2010,sp,m,25-34,0,Smear Positive
Curacao,2010,sp,m,35-44,2,Smear Positive
Curacao,2010,sp,m,45-54,1,Smear Positive
Curacao,2010,sp,m,55-64,0,Smear Positive
Curacao,2010,sp,m,65+,0,Smear Positive
Curacao,2010,sp,f,0-14,0,Smear Positive
Curacao,2010,sp,f,15-24,1,Smear Positive
Curacao,2010,sp,f,25-34,1,Smear Positive
Curacao,2010,sp,f,35-44,0,Smear Positive
Curacao,2010,sp,f,45-54,0,Smear Positive
Curacao,2010,sp,f,55-64,0,Smear Positive
Curacao,2010,sp,f,65+,0,Smear Positive
Curacao,2010,sn,m,0-14,0,Smear Negative
Curacao,2010,sn,m,15-24,0,Smear Negative
Curacao,2010,sn,m,25-34,0,Smear Negative
Curacao,2010,sn,m,35-44,0,Smear Negative
Curacao,2010,sn,m,45-54,0,Smear Negative
Curacao,2010,sn,m,55-64,0,Smear Negative
Curacao,2010,sn,m,65+,0,Smear Negative
Curacao,2010,sn,f,0-14,0,Smear Negative
Curacao,2010,sn,f,15-24,0,Smear Negative
Curacao,2010,sn,f,25-34,0,Smear Negative
Curacao,2010,sn,f,35-44,0,Smear Negative
Curacao,2010,sn,f,45-54,0,Smear Negative
Curacao,2010,sn,f,55-64,0,Smear Negative
Curacao,2010,sn,f,65+,0,Smear Negative
Curacao,2010,ep,m,0-14,0,Extrapulmonary
Curacao,2010,ep,m,15-24,0,Extrapulmonary
Curacao,2010,ep,m,25-34,0,Extrapulmonary
Curacao,2010,ep,m,35-44,0,Extrapulmonary
Curacao,2010,ep,m,45-54,0,Extrapulmonary
Curacao,2010,ep,m,55-64,0,Extrapulmonary
Curacao,2010,ep,m,65+,0,Extrapulmonary
Curacao,2010,ep,f,0-14,0,Extrapulmonary
Curacao,2010,ep,f,15-24,0,Extrapulmonary
Curacao,2010,ep,f,25-34,0,Extrapulmonary
Curacao,2010,ep,f,35-44,0,Extrapulmonary
Curacao,2010,ep,f,45-54,0,Extrapulmonary
Curacao,2010,ep,f,55-64,0,Extrapulmonary
Curacao,2010,ep,f,65+,0,Extrapulmonary
Curacao,2011,sp,m,0-14,0,Smear Positive
Curacao,2011,sp,m,15-24,0,Smear Positive
Curacao,2011,sp,m,25-34,0,Smear Positive
Curacao,2011,sp,m,35-44,0,Smear Positive
Curacao,2011,sp,m,45-54,0,Smear Positive
Curacao,2011,sp,m,55-64,0,Smear Positive
Curacao,2011,sp,m,65+,0,Smear Positive
Curacao,2011,sp,f,0-14,0,Smear Positive
Curacao,2011,sp,f,15-24,0,Smear Positive
Curacao,2011,sp,f,25-34,0,Smear Positive
Curacao,2011,sp,f,35-44,0,Smear Positive
Curacao,2011,sp,f,45-54,0,Smear Positive
Curacao,2011,sp,f,55-64,0,Smear Positive
Curacao,2011,sp,f,65+,0,Smear Positive
Curacao,2011,sn,m,0-14,0,Smear Negative
Curacao,2011,sn,m,15-24,0,Smear Negative
Curacao,2011,sn,m,25-34,0,Smear Negative
Curacao,2011,sn,m,35-44,0,Smear Negative
Curacao,2011,sn,m,45-54,0,Smear Negative
Curacao,2011,sn,m,55-64,0,Smear Negative
Curacao,2011,sn,m,65+,0,Smear Negative
Curacao,2011,sn,f,0-14,1,Smear Negative
Curacao,2011,sn,f,15-24,0,Smear Negative
Curacao,2011,sn,f,25-34,0,Smear Negative
Curacao,2011,sn,f,35-44,0,Smear Negative
Curacao,2011,sn,f,45-54,0,Smear Negative
Curacao,2011,sn,f,55-64,0,Smear Negative
Curacao,2011,sn,f,65+,0,Smear Negative
Curacao,2011,ep,m,0-14,0,Extrapulmonary
Curacao,2011,ep,m,15-24,0,Extrapulmonary
Curacao,2011,ep,m,25-34,0,Extrapulmonary
Curacao,2011,ep,m,35-44,0,Extrapulmonary
Curacao,2011,ep,m,45-54,0,Extrapulmonary
Curacao,2011,ep,m,55-64,0,Extrapulmonary
Curacao,2011,ep,m,65+,0,Extrapulmonary
Curacao,2011,ep,f,0-14,0,Extrapulmonary
Curacao,2011,ep,f,15-24,0,Extrapulmonary
Curacao,2011,ep,f,25-34,0,Extrapulmonary
Curacao,2011,ep,f,35-44,0,Extrapulmonary
Curacao,2011,ep,f,45-54,0,Extrapulmonary
Curacao,2011,ep,f,55-64,0,Extrapulmonary
Curacao,2011,ep,f,65+,0,Extrapulmonary
Curacao,2012,sp,m,0-14,0,Smear Positive
Curacao,2012,sp,m,15-24,0,Smear Positive
Curacao,2012,sp,m,25-34,0,Smear Positive
Curacao,2012,sp,m,35-44,0,Smear Positive
Curacao,2012,sp,m,45-54,0,Smear Positive
Curacao,2012,sp,m,55-64,0,Smear Positive
Curacao,2012,sp,m,65+,0,Smear Positive
Curacao,2012,sp,f,0-14,0,Smear Positive
Curacao,2012,sp,f,15-24,1,Smear Positive
Curacao,2012,sp,f,25-34,0,Smear Positive
Curacao,2012,sp,f,35-44,0,Smear Positive
Curacao,2012,sp,f,45-54,0,Smear Positive
Curacao,2012,sp,f,55-64,0,Smear Positive
Curacao,2012,sp,f,65+,0,Smear Positive
Curacao,2012,sn,m,0-14,0,Smear Negative
Curacao,2012,sn,m,15-24,0,Smear Negative
Curacao,2012,sn,m,25-34,0,Smear Negative
Curacao,2012,sn,m,35-44,0,Smear Negative
Curacao,2012,sn,m,45-54,0,Smear Negative
Curacao,2012,sn,m,55-64,0,Smear Negative
Curacao,2012,sn,m,65+,0,Smear Negative
Curacao,2012,sn,f,0-14,0,Smear Negative
Curacao,2012,sn,f,15-24,0,Smear Negative
Curacao,2012,sn,f,25-34,0,Smear Negative
Curacao,2012,sn,f,35-44,0,Smear Negative
Curacao,2012,sn,f,45-54,0,Smear Negative
Curacao,2012,sn,f,55-64,0,Smear Negative
Curacao,2012,sn,f,65+,0,Smear Negative
Curacao,2012,ep,m,0-14,0,Extrapulmonary
Curacao,2012,ep,m,15-24,0,Extrapulmonary
Curacao,2012,ep,m,25-34,0,Extrapulmonary
Curacao,2012,ep,m,35-44,0,Extrapulmonary
Curacao,2012,ep,m,45-54,0,Extrapulmonary
Curacao,2012,ep,m,55-64,0,Extrapulmonary
Curacao,2012,ep,m,65+,0,Extrapulmonary
Curacao,2012,ep,f,0-14,0,Extrapulmonary
Curacao,2012,ep,f,15-24,0,Extrapulmonary
Curacao,2012,ep,f,25-34,0,Extrapulmonary
Curacao,2012,ep,f,35-44,0,Extrapulmonary
Curacao,2012,ep,f,45-54,0,Extrapulmonary
Curacao,2012,ep,f,55-64,0,Extrapulmonary
Curacao,2012,ep,f,65+,0,Extrapulmonary
Curacao,2013,rel,m,0-14,0,Relapse
Curacao,2013,rel,m,15-24,0,Relapse
Curacao,2013,rel,m,25-34,0,Relapse
Curacao,2013,rel,m,35-44,0,Relapse
Curacao,2013,rel,m,45-54,0,Relapse
Curacao,2013,rel,m,55-64,1,Relapse
Curacao,2013,rel,m,65+,0,Relapse
Curacao,2013,rel,f,0-14,0,Relapse
Curacao,2013,rel,f,15-24,0,Relapse
Curacao,2013,rel,f,25-34,0,Relapse
Curacao,2013,rel,f,35-44,1,Relapse
Curacao,2013,rel,f,45-54,0,Relapse
Curacao,2013,rel,f,55-64,0,Relapse
Curacao,2013,rel,f,65+,0,Relapse
Cyprus,1995,sp,m,0-14,0,Smear Positive
Cyprus,1995,sp,m,15-24,1,Smear Positive
Cyprus,1995,sp,m,25-34,1,Smear Positive
Cyprus,1995,sp,m,35-44,0,Smear Positive
Cyprus,1995,sp,m,45-54,1,Smear Positive
Cyprus,1995,sp,m,55-64,1,Smear Positive
Cyprus,1995,sp,m,65+,2,Smear Positive
Cyprus,1995,sp,f,0-14,0,Smear Positive
Cyprus,1995,sp,f,15-24,1,Smear Positive
Cyprus,1995,sp,f,25-34,1,Smear Positive
Cyprus,1995,sp,f,35-44,1,Smear Positive
Cyprus,1995,sp,f,45-54,2,Smear Positive
Cyprus,1995,sp,f,55-64,0,Smear Positive
Cyprus,1995,sp,f,65+,1,Smear Positive
Cyprus,1996,sp,m,0-14,0,Smear Positive
Cyprus,1996,sp,m,15-24,0,Smear Positive
Cyprus,1996,sp,m,25-34,0,Smear Positive
Cyprus,1996,sp,m,35-44,0,Smear Positive
Cyprus,1996,sp,m,45-54,0,Smear Positive
Cyprus,1996,sp,m,55-64,1,Smear Positive
Cyprus,1996,sp,m,65+,0,Smear Positive
Cyprus,1996,sp,f,0-14,0,Smear Positive
Cyprus,1996,sp,f,15-24,2,Smear Positive
Cyprus,1996,sp,f,25-34,0,Smear Positive
Cyprus,1996,sp,f,35-44,0,Smear Positive
Cyprus,1996,sp,f,45-54,0,Smear Positive
Cyprus,1996,sp,f,55-64,0,Smear Positive
Cyprus,1996,sp,f,65+,0,Smear Positive
Cyprus,1998,sp,m,0-14,0,Smear Positive
Cyprus,1998,sp,m,15-24,0,Smear Positive
Cyprus,1998,sp,m,25-34,1,Smear Positive
Cyprus,1998,sp,m,35-44,0,Smear Positive
Cyprus,1998,sp,m,45-54,0,Smear Positive
Cyprus,1998,sp,m,55-64,0,Smear Positive
Cyprus,1998,sp,m,65+,1,Smear Positive
Cyprus,1998,sp,f,0-14,0,Smear Positive
Cyprus,1998,sp,f,15-24,1,Smear Positive
Cyprus,1998,sp,f,25-34,3,Smear Positive
Cyprus,1998,sp,f,35-44,0,Smear Positive
Cyprus,1998,sp,f,45-54,0,Smear Positive
Cyprus,1998,sp,f,55-64,0,Smear Positive
Cyprus,1998,sp,f,65+,0,Smear Positive
Cyprus,1999,sp,m,0-14,5,Smear Positive
Cyprus,1999,sp,m,15-24,1,Smear Positive
Cyprus,1999,sp,m,25-34,6,Smear Positive
Cyprus,1999,sp,m,35-44,2,Smear Positive
Cyprus,1999,sp,m,45-54,2,Smear Positive
Cyprus,1999,sp,m,55-64,10,Smear Positive
Cyprus,1999,sp,m,65+,0,Smear Positive
Cyprus,1999,sp,f,0-14,4,Smear Positive
Cyprus,1999,sp,f,15-24,1,Smear Positive
Cyprus,1999,sp,f,25-34,2,Smear Positive
Cyprus,1999,sp,f,35-44,3,Smear Positive
Cyprus,1999,sp,f,45-54,1,Smear Positive
Cyprus,1999,sp,f,55-64,2,Smear Positive
Cyprus,1999,sp,f,65+,0,Smear Positive
Cyprus,2002,sp,m,0-14,0,Smear Positive
Cyprus,2002,sp,m,15-24,2,Smear Positive
Cyprus,2002,sp,m,25-34,1,Smear Positive
Cyprus,2002,sp,m,35-44,1,Smear Positive
Cyprus,2002,sp,m,45-54,1,Smear Positive
Cyprus,2002,sp,m,55-64,0,Smear Positive
Cyprus,2002,sp,m,65+,2,Smear Positive
Cyprus,2002,sp,f,0-14,0,Smear Positive
Cyprus,2002,sp,f,15-24,1,Smear Positive
Cyprus,2002,sp,f,25-34,0,Smear Positive
Cyprus,2002,sp,f,35-44,0,Smear Positive
Cyprus,2002,sp,f,45-54,0,Smear Positive
Cyprus,2002,sp,f,55-64,0,Smear Positive
Cyprus,2002,sp,f,65+,0,Smear Positive
Cyprus,2003,sp,m,0-14,0,Smear Positive
Cyprus,2003,sp,m,15-24,1,Smear Positive
Cyprus,2003,sp,m,25-34,4,Smear Positive
Cyprus,2003,sp,m,35-44,3,Smear Positive
Cyprus,2003,sp,m,45-54,0,Smear Positive
Cyprus,2003,sp,m,55-64,0,Smear Positive
Cyprus,2003,sp,m,65+,1,Smear Positive
Cyprus,2003,sp,f,0-14,0,Smear Positive
Cyprus,2003,sp,f,15-24,0,Smear Positive
Cyprus,2003,sp,f,25-34,2,Smear Positive
Cyprus,2003,sp,f,35-44,2,Smear Positive
Cyprus,2003,sp,f,45-54,1,Smear Positive
Cyprus,2003,sp,f,55-64,0,Smear Positive
Cyprus,2003,sp,f,65+,0,Smear Positive
Cyprus,2004,sp,m,0-14,0,Smear Positive
Cyprus,2004,sp,m,15-24,3,Smear Positive
Cyprus,2004,sp,m,25-34,3,Smear Positive
Cyprus,2004,sp,m,35-44,0,Smear Positive
Cyprus,2004,sp,m,45-54,1,Smear Positive
Cyprus,2004,sp,m,55-64,1,Smear Positive
Cyprus,2004,sp,m,65+,1,Smear Positive
Cyprus,2004,sp,f,0-14,0,Smear Positive
Cyprus,2004,sp,f,15-24,1,Smear Positive
Cyprus,2004,sp,f,25-34,0,Smear Positive
Cyprus,2004,sp,f,35-44,0,Smear Positive
Cyprus,2004,sp,f,45-54,0,Smear Positive
Cyprus,2004,sp,f,55-64,0,Smear Positive
Cyprus,2004,sp,f,65+,0,Smear Positive
Cyprus,2005,sp,m,0-14,0,Smear Positive
Cyprus,2005,sp,m,15-24,3,Smear Positive
Cyprus,2005,sp,m,25-34,1,Smear Positive
Cyprus,2005,sp,m,35-44,1,Smear Positive
Cyprus,2005,sp,m,45-54,1,Smear Positive
Cyprus,2005,sp,m,55-64,0,Smear Positive
Cyprus,2005,sp,m,65+,1,Smear Positive
Cyprus,2005,sp,f,0-14,0,Smear Positive
Cyprus,2005,sp,f,15-24,1,Smear Positive
Cyprus,2005,sp,f,25-34,0,Smear Positive
Cyprus,2005,sp,f,35-44,0,Smear Positive
Cyprus,2005,sp,f,45-54,0,Smear Positive
Cyprus,2005,sp,f,55-64,0,Smear Positive
Cyprus,2005,sp,f,65+,0,Smear Positive
Cyprus,2006,sp,m,0-14,0,Smear Positive
Cyprus,2006,sp,m,15-24,0,Smear Positive
Cyprus,2006,sp,m,25-34,1,Smear Positive
Cyprus,2006,sp,m,35-44,1,Smear Positive
Cyprus,2006,sp,m,45-54,0,Smear Positive
Cyprus,2006,sp,m,55-64,1,Smear Positive
Cyprus,2006,sp,m,65+,0,Smear Positive
Cyprus,2006,sp,f,0-14,0,Smear Positive
Cyprus,2006,sp,f,15-24,2,Smear Positive
Cyprus,2006,sp,f,25-34,3,Smear Positive
Cyprus,2006,sp,f,35-44,0,Smear Positive
Cyprus,2006,sp,f,45-54,0,Smear Positive
Cyprus,2006,sp,f,55-64,0,Smear Positive
Cyprus,2006,sp,f,65+,0,Smear Positive
Cyprus,2006,sn,m,0-14,0,Smear Negative
Cyprus,2006,sn,m,15-24,0,Smear Negative
Cyprus,2006,sn,m,25-34,0,Smear Negative
Cyprus,2006,sn,m,35-44,0,Smear Negative
Cyprus,2006,sn,m,45-54,0,Smear Negative
Cyprus,2006,sn,m,55-64,2,Smear Negative
Cyprus,2006,sn,m,65+,2,Smear Negative
Cyprus,2006,sn,f,0-14,2,Smear Negative
Cyprus,2006,sn,f,15-24,4,Smear Negative
Cyprus,2006,sn,f,25-34,5,Smear Negative
Cyprus,2006,sn,f,35-44,6,Smear Negative
Cyprus,2006,sn,f,45-54,1,Smear Negative
Cyprus,2006,sn,f,55-64,0,Smear Negative
Cyprus,2006,sn,f,65+,0,Smear Negative
Cyprus,2006,ep,m,0-14,1,Extrapulmonary
Cyprus,2006,ep,m,15-24,0,Extrapulmonary
Cyprus,2006,ep,m,25-34,0,Extrapulmonary
Cyprus,2006,ep,m,35-44,0,Extrapulmonary
Cyprus,2006,ep,m,45-54,0,Extrapulmonary
Cyprus,2006,ep,m,55-64,0,Extrapulmonary
Cyprus,2006,ep,m,65+,1,Extrapulmonary
Cyprus,2006,ep,f,0-14,0,Extrapulmonary
Cyprus,2006,ep,f,15-24,0,Extrapulmonary
Cyprus,2006,ep,f,25-34,2,Extrapulmonary
Cyprus,2006,ep,f,35-44,1,Extrapulmonary
Cyprus,2006,ep,f,45-54,0,Extrapulmonary
Cyprus,2006,ep,f,55-64,0,Extrapulmonary
Cyprus,2006,ep,f,65+,1,Extrapulmonary
Cyprus,2007,sp,m,0-14,0,Smear Positive
Cyprus,2007,sp,m,15-24,2,Smear Positive
Cyprus,2007,sp,m,25-34,1,Smear Positive
Cyprus,2007,sp,m,35-44,0,Smear Positive
Cyprus,2007,sp,m,45-54,0,Smear Positive
Cyprus,2007,sp,m,55-64,0,Smear Positive
Cyprus,2007,sp,m,65+,0,Smear Positive
Cyprus,2007,sp,f,0-14,0,Smear Positive
Cyprus,2007,sp,f,15-24,1,Smear Positive
Cyprus,2007,sp,f,25-34,3,Smear Positive
Cyprus,2007,sp,f,35-44,1,Smear Positive
Cyprus,2007,sp,f,45-54,0,Smear Positive
Cyprus,2007,sp,f,55-64,0,Smear Positive
Cyprus,2007,sp,f,65+,0,Smear Positive
Cyprus,2007,sn,m,0-14,0,Smear Negative
Cyprus,2007,sn,m,15-24,6,Smear Negative
Cyprus,2007,sn,m,25-34,6,Smear Negative
Cyprus,2007,sn,m,35-44,1,Smear Negative
Cyprus,2007,sn,m,45-54,1,Smear Negative
Cyprus,2007,sn,m,55-64,2,Smear Negative
Cyprus,2007,sn,f,0-14,0,Smear Negative
Cyprus,2007,sn,f,15-24,3,Smear Negative
Cyprus,2007,sn,f,25-34,5,Smear Negative
Cyprus,2007,sn,f,35-44,1,Smear Negative
Cyprus,2007,sn,f,45-54,0,Smear Negative
Cyprus,2007,ep,m,0-14,0,Extrapulmonary
Cyprus,2007,ep,m,15-24,0,Extrapulmonary
Cyprus,2007,ep,m,25-34,1,Extrapulmonary
Cyprus,2007,ep,m,35-44,0,Extrapulmonary
Cyprus,2007,ep,m,45-54,0,Extrapulmonary
Cyprus,2007,ep,m,55-64,0,Extrapulmonary
Cyprus,2007,ep,m,65+,0,Extrapulmonary
Cyprus,2007,ep,f,0-14,1,Extrapulmonary
Cyprus,2007,ep,f,15-24,0,Extrapulmonary
Cyprus,2007,ep,f,25-34,3,Extrapulmonary
Cyprus,2007,ep,f,35-44,0,Extrapulmonary
Cyprus,2007,ep,f,45-54,1,Extrapulmonary
Cyprus,2007,ep,f,55-64,0,Extrapulmonary
Cyprus,2007,ep,f,65+,0,Extrapulmonary
Cyprus,2008,sp,m,0-14,0,Smear Positive
Cyprus,2008,sp,m,15-24,1,Smear Positive
Cyprus,2008,sp,m,25-34,0,Smear Positive
Cyprus,2008,sp,m,35-44,0,Smear Positive
Cyprus,2008,sp,m,45-54,1,Smear Positive
Cyprus,2008,sp,m,55-64,0,Smear Positive
Cyprus,2008,sp,m,65+,0,Smear Positive
Cyprus,2008,sp,f,0-14,0,Smear Positive
Cyprus,2008,sp,f,15-24,1,Smear Positive
Cyprus,2008,sp,f,25-34,2,Smear Positive
Cyprus,2008,sp,f,35-44,1,Smear Positive
Cyprus,2008,sp,f,45-54,0,Smear Positive
Cyprus,2008,sp,f,55-64,0,Smear Positive
Cyprus,2008,sp,f,65+,0,Smear Positive
Cyprus,2008,sn,m,0-14,1,Smear Negative
Cyprus,2008,sn,m,15-24,2,Smear Negative
Cyprus,2008,sn,m,25-34,7,Smear Negative
Cyprus,2008,sn,m,35-44,3,Smear Negative
Cyprus,2008,sn,m,45-54,2,Smear Negative
Cyprus,2008,sn,m,55-64,0,Smear Negative
Cyprus,2008,sn,m,65+,0,Smear Negative
Cyprus,2008,sn,f,0-14,0,Smear Negative
Cyprus,2008,sn,f,15-24,3,Smear Negative
Cyprus,2008,sn,f,25-34,6,Smear Negative
Cyprus,2008,sn,f,35-44,2,Smear Negative
Cyprus,2008,sn,f,45-54,1,Smear Negative
Cyprus,2008,sn,f,55-64,0,Smear Negative
Cyprus,2008,sn,f,65+,1,Smear Negative
Cyprus,2008,ep,m,0-14,1,Extrapulmonary
Cyprus,2008,ep,m,15-24,0,Extrapulmonary
Cyprus,2008,ep,m,25-34,1,Extrapulmonary
Cyprus,2008,ep,m,35-44,0,Extrapulmonary
Cyprus,2008,ep,m,45-54,0,Extrapulmonary
Cyprus,2008,ep,m,55-64,0,Extrapulmonary
Cyprus,2008,ep,m,65+,1,Extrapulmonary
Cyprus,2008,ep,f,0-14,1,Extrapulmonary
Cyprus,2008,ep,f,15-24,0,Extrapulmonary
Cyprus,2008,ep,f,25-34,2,Extrapulmonary
Cyprus,2008,ep,f,35-44,1,Extrapulmonary
Cyprus,2008,ep,f,45-54,0,Extrapulmonary
Cyprus,2008,ep,f,55-64,0,Extrapulmonary
Cyprus,2008,ep,f,65+,0,Extrapulmonary
Cyprus,2009,sp,m,0-14,0,Smear Positive
Cyprus,2009,sp,m,15-24,1,Smear Positive
Cyprus,2009,sp,m,25-34,4,Smear Positive
Cyprus,2009,sp,m,35-44,0,Smear Positive
Cyprus,2009,sp,m,45-54,1,Smear Positive
Cyprus,2009,sp,m,55-64,1,Smear Positive
Cyprus,2009,sp,m,65+,1,Smear Positive
Cyprus,2009,sp,f,0-14,0,Smear Positive
Cyprus,2009,sp,f,15-24,1,Smear Positive
Cyprus,2009,sp,f,25-34,2,Smear Positive
Cyprus,2009,sp,f,35-44,2,Smear Positive
Cyprus,2009,sp,f,45-54,0,Smear Positive
Cyprus,2009,sp,f,55-64,0,Smear Positive
Cyprus,2009,sp,f,65+,0,Smear Positive
Cyprus,2009,sn,m,0-14,0,Smear Negative
Cyprus,2009,sn,m,15-24,2,Smear Negative
Cyprus,2009,sn,m,25-34,3,Smear Negative
Cyprus,2009,sn,m,35-44,1,Smear Negative
Cyprus,2009,sn,m,45-54,0,Smear Negative
Cyprus,2009,sn,m,55-64,1,Smear Negative
Cyprus,2009,sn,m,65+,2,Smear Negative
Cyprus,2009,sn,f,0-14,0,Smear Negative
Cyprus,2009,sn,f,15-24,2,Smear Negative
Cyprus,2009,sn,f,25-34,1,Smear Negative
Cyprus,2009,sn,f,35-44,2,Smear Negative
Cyprus,2009,sn,f,45-54,0,Smear Negative
Cyprus,2009,sn,f,55-64,0,Smear Negative
Cyprus,2009,sn,f,65+,1,Smear Negative
Cyprus,2009,ep,m,0-14,1,Extrapulmonary
Cyprus,2009,ep,m,15-24,1,Extrapulmonary
Cyprus,2009,ep,m,25-34,2,Extrapulmonary
Cyprus,2009,ep,m,35-44,0,Extrapulmonary
Cyprus,2009,ep,m,45-54,0,Extrapulmonary
Cyprus,2009,ep,m,55-64,0,Extrapulmonary
Cyprus,2009,ep,m,65+,1,Extrapulmonary
Cyprus,2009,ep,f,0-14,0,Extrapulmonary
Cyprus,2009,ep,f,15-24,0,Extrapulmonary
Cyprus,2009,ep,f,25-34,3,Extrapulmonary
Cyprus,2009,ep,f,35-44,3,Extrapulmonary
Cyprus,2009,ep,f,45-54,1,Extrapulmonary
Cyprus,2009,ep,f,55-64,0,Extrapulmonary
Cyprus,2009,ep,f,65+,0,Extrapulmonary
Cyprus,2010,sp,m,0-14,0,Smear Positive
Cyprus,2010,sp,m,15-24,2,Smear Positive
Cyprus,2010,sp,m,25-34,1,Smear Positive
Cyprus,2010,sp,m,35-44,0,Smear Positive
Cyprus,2010,sp,m,45-54,0,Smear Positive
Cyprus,2010,sp,m,55-64,0,Smear Positive
Cyprus,2010,sp,m,65+,0,Smear Positive
Cyprus,2010,sp,f,0-14,0,Smear Positive
Cyprus,2010,sp,f,15-24,0,Smear Positive
Cyprus,2010,sp,f,25-34,3,Smear Positive
Cyprus,2010,sp,f,35-44,1,Smear Positive
Cyprus,2010,sp,f,45-54,0,Smear Positive
Cyprus,2010,sp,f,55-64,0,Smear Positive
Cyprus,2010,sp,f,65+,0,Smear Positive
Cyprus,2010,sn,m,0-14,2,Smear Negative
Cyprus,2010,sn,m,15-24,4,Smear Negative
Cyprus,2010,sn,m,25-34,2,Smear Negative
Cyprus,2010,sn,m,35-44,0,Smear Negative
Cyprus,2010,sn,m,45-54,0,Smear Negative
Cyprus,2010,sn,m,55-64,1,Smear Negative
Cyprus,2010,sn,m,65+,0,Smear Negative
Cyprus,2010,sn,f,0-14,0,Smear Negative
Cyprus,2010,sn,f,15-24,0,Smear Negative
Cyprus,2010,sn,f,25-34,2,Smear Negative
Cyprus,2010,sn,f,35-44,0,Smear Negative
Cyprus,2010,sn,f,45-54,1,Smear Negative
Cyprus,2010,sn,f,55-64,0,Smear Negative
Cyprus,2010,sn,f,65+,0,Smear Negative
Cyprus,2010,ep,m,0-14,0,Extrapulmonary
Cyprus,2010,ep,m,15-24,0,Extrapulmonary
Cyprus,2010,ep,m,25-34,3,Extrapulmonary
Cyprus,2010,ep,m,35-44,0,Extrapulmonary
Cyprus,2010,ep,m,45-54,1,Extrapulmonary
Cyprus,2010,ep,m,55-64,1,Extrapulmonary
Cyprus,2010,ep,m,65+,0,Extrapulmonary
Cyprus,2010,ep,f,0-14,0,Extrapulmonary
Cyprus,2010,ep,f,15-24,0,Extrapulmonary
Cyprus,2010,ep,f,25-34,5,Extrapulmonary
Cyprus,2010,ep,f,35-44,2,Extrapulmonary
Cyprus,2010,ep,f,45-54,0,Extrapulmonary
Cyprus,2010,ep,f,55-64,0,Extrapulmonary
Cyprus,2010,ep,f,65+,1,Extrapulmonary
Cyprus,2011,sp,m,0-14,0,Smear Positive
Cyprus,2011,sp,m,15-24,0,Smear Positive
Cyprus,2011,sp,m,25-34,3,Smear Positive
Cyprus,2011,sp,m,35-44,4,Smear Positive
Cyprus,2011,sp,m,45-54,0,Smear Positive
Cyprus,2011,sp,m,55-64,0,Smear Positive
Cyprus,2011,sp,m,65+,1,Smear Positive
Cyprus,2011,sp,f,0-14,0,Smear Positive
Cyprus,2011,sp,f,15-24,1,Smear Positive
Cyprus,2011,sp,f,25-34,0,Smear Positive
Cyprus,2011,sp,f,35-44,2,Smear Positive
Cyprus,2011,sp,f,45-54,0,Smear Positive
Cyprus,2011,sp,f,55-64,0,Smear Positive
Cyprus,2011,sp,f,65+,0,Smear Positive
Cyprus,2011,sn,m,0-14,0,Smear Negative
Cyprus,2011,sn,m,15-24,1,Smear Negative
Cyprus,2011,sn,m,25-34,1,Smear Negative
Cyprus,2011,sn,m,35-44,0,Smear Negative
Cyprus,2011,sn,m,45-54,0,Smear Negative
Cyprus,2011,sn,m,55-64,1,Smear Negative
Cyprus,2011,sn,m,65+,3,Smear Negative
Cyprus,2011,sn,f,0-14,0,Smear Negative
Cyprus,2011,sn,f,15-24,2,Smear Negative
Cyprus,2011,sn,f,25-34,3,Smear Negative
Cyprus,2011,sn,f,35-44,2,Smear Negative
Cyprus,2011,sn,f,45-54,0,Smear Negative
Cyprus,2011,sn,f,55-64,0,Smear Negative
Cyprus,2011,sn,f,65+,1,Smear Negative
Cyprus,2011,ep,m,0-14,0,Extrapulmonary
Cyprus,2011,ep,m,15-24,1,Extrapulmonary
Cyprus,2011,ep,m,25-34,0,Extrapulmonary
Cyprus,2011,ep,m,35-44,1,Extrapulmonary
Cyprus,2011,ep,m,45-54,0,Extrapulmonary
Cyprus,2011,ep,m,55-64,0,Extrapulmonary
Cyprus,2011,ep,m,65+,0,Extrapulmonary
Cyprus,2011,ep,f,0-14,0,Extrapulmonary
Cyprus,2011,ep,f,15-24,0,Extrapulmonary
Cyprus,2011,ep,f,25-34,1,Extrapulmonary
Cyprus,2011,ep,f,35-44,1,Extrapulmonary
Cyprus,2011,ep,f,45-54,0,Extrapulmonary
Cyprus,2011,ep,f,55-64,0,Extrapulmonary
Cyprus,2011,ep,f,65+,1,Extrapulmonary
Cyprus,2012,sp,m,0-14,0,Smear Positive
Cyprus,2012,sp,m,15-24,0,Smear Positive
Cyprus,2012,sp,m,25-34,4,Smear Positive
Cyprus,2012,sp,m,35-44,2,Smear Positive
Cyprus,2012,sp,m,45-54,1,Smear Positive
Cyprus,2012,sp,m,55-64,1,Smear Positive
Cyprus,2012,sp,m,65+,0,Smear Positive
Cyprus,2012,sp,f,0-14,0,Smear Positive
Cyprus,2012,sp,f,15-24,3,Smear Positive
Cyprus,2012,sp,f,25-34,2,Smear Positive
Cyprus,2012,sp,f,35-44,1,Smear Positive
Cyprus,2012,sp,f,45-54,0,Smear Positive
Cyprus,2012,sp,f,55-64,0,Smear Positive
Cyprus,2012,sp,f,65+,1,Smear Positive
Cyprus,2012,sn,m,0-14,1,Smear Negative
Cyprus,2012,sn,m,15-24,2,Smear Negative
Cyprus,2012,sn,m,25-34,6,Smear Negative
Cyprus,2012,sn,m,35-44,0,Smear Negative
Cyprus,2012,sn,m,45-54,5,Smear Negative
Cyprus,2012,sn,m,55-64,4,Smear Negative
Cyprus,2012,sn,m,65+,0,Smear Negative
Cyprus,2012,sn,f,0-14,0,Smear Negative
Cyprus,2012,sn,f,15-24,2,Smear Negative
Cyprus,2012,sn,f,25-34,4,Smear Negative
Cyprus,2012,sn,f,35-44,1,Smear Negative
Cyprus,2012,sn,f,45-54,2,Smear Negative
Cyprus,2012,sn,f,55-64,0,Smear Negative
Cyprus,2012,sn,f,65+,1,Smear Negative
Cyprus,2012,ep,m,0-14,0,Extrapulmonary
Cyprus,2012,ep,m,15-24,0,Extrapulmonary
Cyprus,2012,ep,m,25-34,1,Extrapulmonary
Cyprus,2012,ep,m,35-44,0,Extrapulmonary
Cyprus,2012,ep,m,45-54,2,Extrapulmonary
Cyprus,2012,ep,m,55-64,1,Extrapulmonary
Cyprus,2012,ep,m,65+,1,Extrapulmonary
Cyprus,2012,ep,f,0-14,0,Extrapulmonary
Cyprus,2012,ep,f,15-24,0,Extrapulmonary
Cyprus,2012,ep,f,25-34,4,Extrapulmonary
Cyprus,2012,ep,f,35-44,0,Extrapulmonary
Cyprus,2012,ep,f,45-54,0,Extrapulmonary
Cyprus,2012,ep,f,55-64,0,Extrapulmonary
Cyprus,2012,ep,f,65+,2,Extrapulmonary
Cyprus,2013,rel,m,0-14,0,Relapse
Cyprus,2013,rel,m,15-24,3,Relapse
Cyprus,2013,rel,m,25-34,6,Relapse
Cyprus,2013,rel,m,35-44,4,Relapse
Cyprus,2013,rel,m,45-54,2,Relapse
Cyprus,2013,rel,m,55-64,4,Relapse
Cyprus,2013,rel,m,65+,3,Relapse
Cyprus,2013,rel,f,0-14,0,Relapse
Cyprus,2013,rel,f,15-24,1,Relapse
Cyprus,2013,rel,f,25-34,9,Relapse
Cyprus,2013,rel,f,35-44,6,Relapse
Cyprus,2013,rel,f,45-54,1,Relapse
Cyprus,2013,rel,f,55-64,0,Relapse
Cyprus,2013,rel,f,65+,2,Relapse
Czech Republic,1995,sp,m,0-14,2,Smear Positive
Czech Republic,1995,sp,m,15-24,10,Smear Positive
Czech Republic,1995,sp,m,25-34,22,Smear Positive
Czech Republic,1995,sp,m,35-44,83,Smear Positive
Czech Republic,1995,sp,m,45-54,88,Smear Positive
Czech Republic,1995,sp,m,55-64,53,Smear Positive
Czech Republic,1995,sp,m,65+,90,Smear Positive
Czech Republic,1995,sp,f,0-14,0,Smear Positive
Czech Republic,1995,sp,f,15-24,9,Smear Positive
Czech Republic,1995,sp,f,25-34,11,Smear Positive
Czech Republic,1995,sp,f,35-44,20,Smear Positive
Czech Republic,1995,sp,f,45-54,13,Smear Positive
Czech Republic,1995,sp,f,55-64,19,Smear Positive
Czech Republic,1995,sp,f,65+,88,Smear Positive
Czech Republic,1996,sp,m,0-14,1,Smear Positive
Czech Republic,1996,sp,m,15-24,10,Smear Positive
Czech Republic,1996,sp,m,25-34,40,Smear Positive
Czech Republic,1996,sp,m,35-44,77,Smear Positive
Czech Republic,1996,sp,m,45-54,121,Smear Positive
Czech Republic,1996,sp,m,55-64,66,Smear Positive
Czech Republic,1996,sp,m,65+,90,Smear Positive
Czech Republic,1996,sp,f,0-14,1,Smear Positive
Czech Republic,1996,sp,f,15-24,10,Smear Positive
Czech Republic,1996,sp,f,25-34,17,Smear Positive
Czech Republic,1996,sp,f,35-44,11,Smear Positive
Czech Republic,1996,sp,f,45-54,21,Smear Positive
Czech Republic,1996,sp,f,55-64,20,Smear Positive
Czech Republic,1996,sp,f,65+,89,Smear Positive
Czech Republic,1997,sp,m,0-14,0,Smear Positive
Czech Republic,1997,sp,m,15-24,5,Smear Positive
Czech Republic,1997,sp,m,25-34,25,Smear Positive
Czech Republic,1997,sp,m,35-44,71,Smear Positive
Czech Republic,1997,sp,m,45-54,94,Smear Positive
Czech Republic,1997,sp,m,55-64,64,Smear Positive
Czech Republic,1997,sp,m,65+,83,Smear Positive
Czech Republic,1997,sp,f,0-14,0,Smear Positive
Czech Republic,1997,sp,f,15-24,12,Smear Positive
Czech Republic,1997,sp,f,25-34,8,Smear Positive
Czech Republic,1997,sp,f,35-44,12,Smear Positive
Czech Republic,1997,sp,f,45-54,17,Smear Positive
Czech Republic,1997,sp,f,55-64,18,Smear Positive
Czech Republic,1997,sp,f,65+,72,Smear Positive
Czech Republic,1998,sp,m,0-14,0,Smear Positive
Czech Republic,1998,sp,m,15-24,7,Smear Positive
Czech Republic,1998,sp,m,25-34,37,Smear Positive
Czech Republic,1998,sp,m,35-44,88,Smear Positive
Czech Republic,1998,sp,m,45-54,104,Smear Positive
Czech Republic,1998,sp,m,55-64,67,Smear Positive
Czech Republic,1998,sp,m,65+,95,Smear Positive
Czech Republic,1998,sp,f,0-14,1,Smear Positive
Czech Republic,1998,sp,f,15-24,6,Smear Positive
Czech Republic,1998,sp,f,25-34,17,Smear Positive
Czech Republic,1998,sp,f,35-44,12,Smear Positive
Czech Republic,1998,sp,f,45-54,18,Smear Positive
Czech Republic,1998,sp,f,55-64,11,Smear Positive
Czech Republic,1998,sp,f,65+,82,Smear Positive
Czech Republic,1999,sp,m,0-14,2,Smear Positive
Czech Republic,1999,sp,m,15-24,13,Smear Positive
Czech Republic,1999,sp,m,25-34,27,Smear Positive
Czech Republic,1999,sp,m,35-44,62,Smear Positive
Czech Republic,1999,sp,m,45-54,98,Smear Positive
Czech Republic,1999,sp,m,55-64,45,Smear Positive
Czech Republic,1999,sp,m,65+,75,Smear Positive
Czech Republic,1999,sp,f,0-14,1,Smear Positive
Czech Republic,1999,sp,f,15-24,5,Smear Positive
Czech Republic,1999,sp,f,25-34,14,Smear Positive
Czech Republic,1999,sp,f,35-44,18,Smear Positive
Czech Republic,1999,sp,f,45-54,15,Smear Positive
Czech Republic,1999,sp,f,55-64,3,Smear Positive
Czech Republic,1999,sp,f,65+,71,Smear Positive
Czech Republic,2000,sp,m,0-14,0,Smear Positive
Czech Republic,2000,sp,m,15-24,7,Smear Positive
Czech Republic,2000,sp,m,25-34,31,Smear Positive
Czech Republic,2000,sp,m,35-44,52,Smear Positive
Czech Republic,2000,sp,m,45-54,89,Smear Positive
Czech Republic,2000,sp,m,55-64,61,Smear Positive
Czech Republic,2000,sp,m,65+,59,Smear Positive
Czech Republic,2000,sp,f,0-14,0,Smear Positive
Czech Republic,2000,sp,f,15-24,15,Smear Positive
Czech Republic,2000,sp,f,25-34,13,Smear Positive
Czech Republic,2000,sp,f,35-44,9,Smear Positive
Czech Republic,2000,sp,f,45-54,10,Smear Positive
Czech Republic,2000,sp,f,55-64,7,Smear Positive
Czech Republic,2000,sp,f,65+,57,Smear Positive
Czech Republic,2001,sp,m,0-14,0,Smear Positive
Czech Republic,2001,sp,m,15-24,18,Smear Positive
Czech Republic,2001,sp,m,25-34,39,Smear Positive
Czech Republic,2001,sp,m,35-44,47,Smear Positive
Czech Republic,2001,sp,m,45-54,85,Smear Positive
Czech Republic,2001,sp,m,55-64,43,Smear Positive
Czech Republic,2001,sp,m,65+,50,Smear Positive
Czech Republic,2001,sp,f,0-14,0,Smear Positive
Czech Republic,2001,sp,f,15-24,10,Smear Positive
Czech Republic,2001,sp,f,25-34,17,Smear Positive
Czech Republic,2001,sp,f,35-44,8,Smear Positive
Czech Republic,2001,sp,f,45-54,11,Smear Positive
Czech Republic,2001,sp,f,55-64,9,Smear Positive
Czech Republic,2001,sp,f,65+,54,Smear Positive
Czech Republic,2002,sp,m,0-14,0,Smear Positive
Czech Republic,2002,sp,m,15-24,14,Smear Positive
Czech Republic,2002,sp,m,25-34,28,Smear Positive
Czech Republic,2002,sp,m,35-44,39,Smear Positive
Czech Republic,2002,sp,m,45-54,89,Smear Positive
Czech Republic,2002,sp,m,55-64,38,Smear Positive
Czech Republic,2002,sp,m,65+,40,Smear Positive
Czech Republic,2002,sp,f,0-14,0,Smear Positive
Czech Republic,2002,sp,f,15-24,6,Smear Positive
Czech Republic,2002,sp,f,25-34,10,Smear Positive
Czech Republic,2002,sp,f,35-44,8,Smear Positive
Czech Republic,2002,sp,f,45-54,8,Smear Positive
Czech Republic,2002,sp,f,55-64,6,Smear Positive
Czech Republic,2002,sp,f,65+,43,Smear Positive
Czech Republic,2003,sp,m,0-14,0,Smear Positive
Czech Republic,2003,sp,m,15-24,11,Smear Positive
Czech Republic,2003,sp,m,25-34,28,Smear Positive
Czech Republic,2003,sp,m,35-44,42,Smear Positive
Czech Republic,2003,sp,m,45-54,67,Smear Positive
Czech Republic,2003,sp,m,55-64,48,Smear Positive
Czech Republic,2003,sp,m,65+,50,Smear Positive
Czech Republic,2003,sp,f,0-14,0,Smear Positive
Czech Republic,2003,sp,f,15-24,9,Smear Positive
Czech Republic,2003,sp,f,25-34,15,Smear Positive
Czech Republic,2003,sp,f,35-44,15,Smear Positive
Czech Republic,2003,sp,f,45-54,12,Smear Positive
Czech Republic,2003,sp,f,55-64,7,Smear Positive
Czech Republic,2003,sp,f,65+,34,Smear Positive
Czech Republic,2004,sp,m,0-14,0,Smear Positive
Czech Republic,2004,sp,m,15-24,10,Smear Positive
Czech Republic,2004,sp,m,25-34,28,Smear Positive
Czech Republic,2004,sp,m,35-44,36,Smear Positive
Czech Republic,2004,sp,m,45-54,71,Smear Positive
Czech Republic,2004,sp,m,55-64,30,Smear Positive
Czech Republic,2004,sp,m,65+,35,Smear Positive
Czech Republic,2004,sp,f,0-14,0,Smear Positive
Czech Republic,2004,sp,f,15-24,11,Smear Positive
Czech Republic,2004,sp,f,25-34,17,Smear Positive
Czech Republic,2004,sp,f,35-44,9,Smear Positive
Czech Republic,2004,sp,f,45-54,13,Smear Positive
Czech Republic,2004,sp,f,55-64,13,Smear Positive
Czech Republic,2004,sp,f,65+,29,Smear Positive
Czech Republic,2005,sp,m,0-14,0,Smear Positive
Czech Republic,2005,sp,m,15-24,8,Smear Positive
Czech Republic,2005,sp,m,25-34,24,Smear Positive
Czech Republic,2005,sp,m,35-44,57,Smear Positive
Czech Republic,2005,sp,m,45-54,55,Smear Positive
Czech Republic,2005,sp,m,55-64,45,Smear Positive
Czech Republic,2005,sp,m,65+,46,Smear Positive
Czech Republic,2005,sp,f,0-14,0,Smear Positive
Czech Republic,2005,sp,f,15-24,3,Smear Positive
Czech Republic,2005,sp,f,25-34,14,Smear Positive
Czech Republic,2005,sp,f,35-44,16,Smear Positive
Czech Republic,2005,sp,f,45-54,7,Smear Positive
Czech Republic,2005,sp,f,55-64,5,Smear Positive
Czech Republic,2005,sp,f,65+,28,Smear Positive
Czech Republic,2006,sp,m,0-14,0,Smear Positive
Czech Republic,2006,sp,m,15-24,6,Smear Positive
Czech Republic,2006,sp,m,25-34,19,Smear Positive
Czech Republic,2006,sp,m,35-44,39,Smear Positive
Czech Republic,2006,sp,m,45-54,56,Smear Positive
Czech Republic,2006,sp,m,55-64,38,Smear Positive
Czech Republic,2006,sp,m,65+,25,Smear Positive
Czech Republic,2006,sp,f,0-14,0,Smear Positive
Czech Republic,2006,sp,f,15-24,4,Smear Positive
Czech Republic,2006,sp,f,25-34,12,Smear Positive
Czech Republic,2006,sp,f,35-44,12,Smear Positive
Czech Republic,2006,sp,f,45-54,10,Smear Positive
Czech Republic,2006,sp,f,55-64,6,Smear Positive
Czech Republic,2006,sp,f,65+,30,Smear Positive
Czech Republic,2006,sn,m,0-14,0,Smear Negative
Czech Republic,2006,sn,m,15-24,3,Smear Negative
Czech Republic,2006,sn,m,25-34,31,Smear Negative
Czech Republic,2006,sn,m,35-44,36,Smear Negative
Czech Republic,2006,sn,m,45-54,59,Smear Negative
Czech Republic,2006,sn,m,55-64,73,Smear Negative
Czech Republic,2006,sn,m,65+,89,Smear Negative
Czech Republic,2006,sn,f,0-14,2,Smear Negative
Czech Republic,2006,sn,f,15-24,7,Smear Negative
Czech Republic,2006,sn,f,25-34,18,Smear Negative
Czech Republic,2006,sn,f,35-44,13,Smear Negative
Czech Republic,2006,sn,f,45-54,25,Smear Negative
Czech Republic,2006,sn,f,55-64,25,Smear Negative
Czech Republic,2006,sn,f,65+,99,Smear Negative
Czech Republic,2006,ep,m,0-14,1,Extrapulmonary
Czech Republic,2006,ep,m,15-24,4,Extrapulmonary
Czech Republic,2006,ep,m,25-34,9,Extrapulmonary
Czech Republic,2006,ep,m,35-44,10,Extrapulmonary
Czech Republic,2006,ep,m,45-54,13,Extrapulmonary
Czech Republic,2006,ep,m,55-64,23,Extrapulmonary
Czech Republic,2006,ep,m,65+,51,Extrapulmonary
Czech Republic,2006,ep,f,0-14,1,Extrapulmonary
Czech Republic,2006,ep,f,15-24,6,Extrapulmonary
Czech Republic,2006,ep,f,25-34,2,Extrapulmonary
Czech Republic,2006,ep,f,35-44,6,Extrapulmonary
Czech Republic,2006,ep,f,45-54,14,Extrapulmonary
Czech Republic,2006,ep,f,55-64,14,Extrapulmonary
Czech Republic,2006,ep,f,65+,50,Extrapulmonary
Czech Republic,2007,sp,m,0-14,0,Smear Positive
Czech Republic,2007,sp,m,15-24,14,Smear Positive
Czech Republic,2007,sp,m,25-34,26,Smear Positive
Czech Republic,2007,sp,m,35-44,35,Smear Positive
Czech Republic,2007,sp,m,45-54,63,Smear Positive
Czech Republic,2007,sp,m,55-64,39,Smear Positive
Czech Republic,2007,sp,m,65+,29,Smear Positive
Czech Republic,2007,sp,f,0-14,0,Smear Positive
Czech Republic,2007,sp,f,15-24,6,Smear Positive
Czech Republic,2007,sp,f,25-34,8,Smear Positive
Czech Republic,2007,sp,f,35-44,5,Smear Positive
Czech Republic,2007,sp,f,45-54,9,Smear Positive
Czech Republic,2007,sp,f,55-64,5,Smear Positive
Czech Republic,2007,sp,f,65+,28,Smear Positive
Czech Republic,2007,sn,m,0-14,0,Smear Negative
Czech Republic,2007,sn,m,15-24,11,Smear Negative
Czech Republic,2007,sn,m,25-34,32,Smear Negative
Czech Republic,2007,sn,m,35-44,38,Smear Negative
Czech Republic,2007,sn,m,45-54,58,Smear Negative
Czech Republic,2007,sn,m,55-64,57,Smear Negative
Czech Republic,2007,sn,m,65+,82,Smear Negative
Czech Republic,2007,sn,f,0-14,2,Smear Negative
Czech Republic,2007,sn,f,15-24,3,Smear Negative
Czech Republic,2007,sn,f,25-34,16,Smear Negative
Czech Republic,2007,sn,f,35-44,13,Smear Negative
Czech Republic,2007,sn,f,45-54,16,Smear Negative
Czech Republic,2007,sn,f,55-64,20,Smear Negative
Czech Republic,2007,sn,f,65+,59,Smear Negative
Czech Republic,2007,ep,m,0-14,1,Extrapulmonary
Czech Republic,2007,ep,m,15-24,3,Extrapulmonary
Czech Republic,2007,ep,m,25-34,6,Extrapulmonary
Czech Republic,2007,ep,m,35-44,4,Extrapulmonary
Czech Republic,2007,ep,m,45-54,7,Extrapulmonary
Czech Republic,2007,ep,m,55-64,14,Extrapulmonary
Czech Republic,2007,ep,m,65+,28,Extrapulmonary
Czech Republic,2007,ep,f,0-14,1,Extrapulmonary
Czech Republic,2007,ep,f,15-24,3,Extrapulmonary
Czech Republic,2007,ep,f,25-34,6,Extrapulmonary
Czech Republic,2007,ep,f,35-44,3,Extrapulmonary
Czech Republic,2007,ep,f,45-54,2,Extrapulmonary
Czech Republic,2007,ep,f,55-64,11,Extrapulmonary
Czech Republic,2007,ep,f,65+,27,Extrapulmonary
Czech Republic,2008,sp,m,0-14,0,Smear Positive
Czech Republic,2008,sp,m,15-24,7,Smear Positive
Czech Republic,2008,sp,m,25-34,29,Smear Positive
Czech Republic,2008,sp,m,35-44,39,Smear Positive
Czech Republic,2008,sp,m,45-54,44,Smear Positive
Czech Republic,2008,sp,m,55-64,35,Smear Positive
Czech Republic,2008,sp,m,65+,31,Smear Positive
Czech Republic,2008,sp,f,0-14,0,Smear Positive
Czech Republic,2008,sp,f,15-24,4,Smear Positive
Czech Republic,2008,sp,f,25-34,14,Smear Positive
Czech Republic,2008,sp,f,35-44,8,Smear Positive
Czech Republic,2008,sp,f,45-54,5,Smear Positive
Czech Republic,2008,sp,f,55-64,10,Smear Positive
Czech Republic,2008,sp,f,65+,23,Smear Positive
Czech Republic,2008,sn,m,0-14,0,Smear Negative
Czech Republic,2008,sn,m,15-24,21,Smear Negative
Czech Republic,2008,sn,m,25-34,34,Smear Negative
Czech Republic,2008,sn,m,35-44,36,Smear Negative
Czech Republic,2008,sn,m,45-54,48,Smear Negative
Czech Republic,2008,sn,m,55-64,57,Smear Negative
Czech Republic,2008,sn,m,65+,67,Smear Negative
Czech Republic,2008,sn,f,0-14,0,Smear Negative
Czech Republic,2008,sn,f,15-24,14,Smear Negative
Czech Republic,2008,sn,f,25-34,18,Smear Negative
Czech Republic,2008,sn,f,35-44,21,Smear Negative
Czech Republic,2008,sn,f,45-54,22,Smear Negative
Czech Republic,2008,sn,f,55-64,17,Smear Negative
Czech Republic,2008,sn,f,65+,77,Smear Negative
Czech Republic,2008,ep,m,0-14,2,Extrapulmonary
Czech Republic,2008,ep,m,15-24,4,Extrapulmonary
Czech Republic,2008,ep,m,25-34,13,Extrapulmonary
Czech Republic,2008,ep,m,35-44,7,Extrapulmonary
Czech Republic,2008,ep,m,45-54,6,Extrapulmonary
Czech Republic,2008,ep,m,55-64,14,Extrapulmonary
Czech Republic,2008,ep,m,65+,20,Extrapulmonary
Czech Republic,2008,ep,f,0-14,2,Extrapulmonary
Czech Republic,2008,ep,f,15-24,1,Extrapulmonary
Czech Republic,2008,ep,f,25-34,5,Extrapulmonary
Czech Republic,2008,ep,f,35-44,6,Extrapulmonary
Czech Republic,2008,ep,f,45-54,2,Extrapulmonary
Czech Republic,2008,ep,f,55-64,10,Extrapulmonary
Czech Republic,2008,ep,f,65+,34,Extrapulmonary
Czech Republic,2009,sp,m,0-14,0,Smear Positive
Czech Republic,2009,sp,m,15-24,11,Smear Positive
Czech Republic,2009,sp,m,25-34,29,Smear Positive
Czech Republic,2009,sp,m,35-44,25,Smear Positive
Czech Republic,2009,sp,m,45-54,39,Smear Positive
Czech Republic,2009,sp,m,55-64,44,Smear Positive
Czech Republic,2009,sp,m,65+,29,Smear Positive
Czech Republic,2009,sp,f,0-14,0,Smear Positive
Czech Republic,2009,sp,f,15-24,3,Smear Positive
Czech Republic,2009,sp,f,25-34,6,Smear Positive
Czech Republic,2009,sp,f,35-44,7,Smear Positive
Czech Republic,2009,sp,f,45-54,5,Smear Positive
Czech Republic,2009,sp,f,55-64,4,Smear Positive
Czech Republic,2009,sp,f,65+,15,Smear Positive
Czech Republic,2009,sn,m,0-14,2,Smear Negative
Czech Republic,2009,sn,m,15-24,12,Smear Negative
Czech Republic,2009,sn,m,25-34,19,Smear Negative
Czech Republic,2009,sn,m,35-44,17,Smear Negative
Czech Republic,2009,sn,m,45-54,38,Smear Negative
Czech Republic,2009,sn,m,55-64,40,Smear Negative
Czech Republic,2009,sn,m,65+,76,Smear Negative
Czech Republic,2009,sn,f,0-14,1,Smear Negative
Czech Republic,2009,sn,f,15-24,7,Smear Negative
Czech Republic,2009,sn,f,25-34,18,Smear Negative
Czech Republic,2009,sn,f,35-44,10,Smear Negative
Czech Republic,2009,sn,f,45-54,17,Smear Negative
Czech Republic,2009,sn,f,55-64,10,Smear Negative
Czech Republic,2009,sn,f,65+,51,Smear Negative
Czech Republic,2009,ep,m,0-14,2,Extrapulmonary
Czech Republic,2009,ep,m,15-24,2,Extrapulmonary
Czech Republic,2009,ep,m,25-34,3,Extrapulmonary
Czech Republic,2009,ep,m,35-44,4,Extrapulmonary
Czech Republic,2009,ep,m,45-54,7,Extrapulmonary
Czech Republic,2009,ep,m,55-64,7,Extrapulmonary
Czech Republic,2009,ep,m,65+,20,Extrapulmonary
Czech Republic,2009,ep,f,0-14,2,Extrapulmonary
Czech Republic,2009,ep,f,15-24,3,Extrapulmonary
Czech Republic,2009,ep,f,25-34,8,Extrapulmonary
Czech Republic,2009,ep,f,35-44,5,Extrapulmonary
Czech Republic,2009,ep,f,45-54,6,Extrapulmonary
Czech Republic,2009,ep,f,55-64,6,Extrapulmonary
Czech Republic,2009,ep,f,65+,22,Extrapulmonary
Czech Republic,2010,sp,m,0-14,0,Smear Positive
Czech Republic,2010,sp,m,15-24,12,Smear Positive
Czech Republic,2010,sp,m,25-34,19,Smear Positive
Czech Republic,2010,sp,m,35-44,36,Smear Positive
Czech Republic,2010,sp,m,45-54,29,Smear Positive
Czech Republic,2010,sp,m,55-64,29,Smear Positive
Czech Republic,2010,sp,m,65+,19,Smear Positive
Czech Republic,2010,sp,f,0-14,0,Smear Positive
Czech Republic,2010,sp,f,15-24,6,Smear Positive
Czech Republic,2010,sp,f,25-34,10,Smear Positive
Czech Republic,2010,sp,f,35-44,11,Smear Positive
Czech Republic,2010,sp,f,45-54,7,Smear Positive
Czech Republic,2010,sp,f,55-64,2,Smear Positive
Czech Republic,2010,sp,f,65+,20,Smear Positive
Czech Republic,2010,sn,m,0-14,3,Smear Negative
Czech Republic,2010,sn,m,15-24,5,Smear Negative
Czech Republic,2010,sn,m,25-34,32,Smear Negative
Czech Republic,2010,sn,m,35-44,28,Smear Negative
Czech Republic,2010,sn,m,45-54,54,Smear Negative
Czech Republic,2010,sn,m,55-64,40,Smear Negative
Czech Republic,2010,sn,m,65+,54,Smear Negative
Czech Republic,2010,sn,f,0-14,0,Smear Negative
Czech Republic,2010,sn,f,15-24,3,Smear Negative
Czech Republic,2010,sn,f,25-34,17,Smear Negative
Czech Republic,2010,sn,f,35-44,12,Smear Negative
Czech Republic,2010,sn,f,45-54,8,Smear Negative
Czech Republic,2010,sn,f,55-64,21,Smear Negative
Czech Republic,2010,sn,f,65+,48,Smear Negative
Czech Republic,2010,ep,m,0-14,0,Extrapulmonary
Czech Republic,2010,ep,m,15-24,1,Extrapulmonary
Czech Republic,2010,ep,m,25-34,5,Extrapulmonary
Czech Republic,2010,ep,m,35-44,6,Extrapulmonary
Czech Republic,2010,ep,m,45-54,11,Extrapulmonary
Czech Republic,2010,ep,m,55-64,9,Extrapulmonary
Czech Republic,2010,ep,m,65+,18,Extrapulmonary
Czech Republic,2010,ep,f,0-14,0,Extrapulmonary
Czech Republic,2010,ep,f,15-24,4,Extrapulmonary
Czech Republic,2010,ep,f,25-34,3,Extrapulmonary
Czech Republic,2010,ep,f,35-44,2,Extrapulmonary
Czech Republic,2010,ep,f,45-54,1,Extrapulmonary
Czech Republic,2010,ep,f,55-64,4,Extrapulmonary
Czech Republic,2010,ep,f,65+,30,Extrapulmonary
Czech Republic,2011,sp,m,0-14,0,Smear Positive
Czech Republic,2011,sp,m,15-24,10,Smear Positive
Czech Republic,2011,sp,m,25-34,29,Smear Positive
Czech Republic,2011,sp,m,35-44,20,Smear Positive
Czech Republic,2011,sp,m,45-54,38,Smear Positive
Czech Republic,2011,sp,m,55-64,28,Smear Positive
Czech Republic,2011,sp,m,65+,24,Smear Positive
Czech Republic,2011,sp,f,0-14,0,Smear Positive
Czech Republic,2011,sp,f,15-24,4,Smear Positive
Czech Republic,2011,sp,f,25-34,9,Smear Positive
Czech Republic,2011,sp,f,35-44,4,Smear Positive
Czech Republic,2011,sp,f,45-54,4,Smear Positive
Czech Republic,2011,sp,f,55-64,3,Smear Positive
Czech Republic,2011,sp,f,65+,15,Smear Positive
Czech Republic,2011,sn,m,0-14,3,Smear Negative
Czech Republic,2011,sn,m,15-24,7,Smear Negative
Czech Republic,2011,sn,m,25-34,23,Smear Negative
Czech Republic,2011,sn,m,35-44,33,Smear Negative
Czech Republic,2011,sn,m,45-54,38,Smear Negative
Czech Republic,2011,sn,m,55-64,49,Smear Negative
Czech Republic,2011,sn,m,65+,56,Smear Negative
Czech Republic,2011,sn,f,0-14,2,Smear Negative
Czech Republic,2011,sn,f,15-24,6,Smear Negative
Czech Republic,2011,sn,f,25-34,7,Smear Negative
Czech Republic,2011,sn,f,35-44,11,Smear Negative
Czech Republic,2011,sn,f,45-54,18,Smear Negative
Czech Republic,2011,sn,f,55-64,9,Smear Negative
Czech Republic,2011,sn,f,65+,44,Smear Negative
Czech Republic,2011,ep,m,0-14,1,Extrapulmonary
Czech Republic,2011,ep,m,15-24,6,Extrapulmonary
Czech Republic,2011,ep,m,25-34,7,Extrapulmonary
Czech Republic,2011,ep,m,35-44,2,Extrapulmonary
Czech Republic,2011,ep,m,45-54,6,Extrapulmonary
Czech Republic,2011,ep,m,55-64,9,Extrapulmonary
Czech Republic,2011,ep,m,65+,13,Extrapulmonary
Czech Republic,2011,ep,f,0-14,0,Extrapulmonary
Czech Republic,2011,ep,f,15-24,0,Extrapulmonary
Czech Republic,2011,ep,f,25-34,0,Extrapulmonary
Czech Republic,2011,ep,f,35-44,3,Extrapulmonary
Czech Republic,2011,ep,f,45-54,3,Extrapulmonary
Czech Republic,2011,ep,f,55-64,7,Extrapulmonary
Czech Republic,2011,ep,f,65+,17,Extrapulmonary
Czech Republic,2012,sp,m,0-14,0,Smear Positive
Czech Republic,2012,sp,m,15-24,7,Smear Positive
Czech Republic,2012,sp,m,25-34,21,Smear Positive
Czech Republic,2012,sp,m,35-44,24,Smear Positive
Czech Republic,2012,sp,m,45-54,42,Smear Positive
Czech Republic,2012,sp,m,55-64,33,Smear Positive
Czech Republic,2012,sp,m,65+,22,Smear Positive
Czech Republic,2012,sp,f,0-14,1,Smear Positive
Czech Republic,2012,sp,f,15-24,3,Smear Positive
Czech Republic,2012,sp,f,25-34,11,Smear Positive
Czech Republic,2012,sp,f,35-44,8,Smear Positive
Czech Republic,2012,sp,f,45-54,3,Smear Positive
Czech Republic,2012,sp,f,55-64,7,Smear Positive
Czech Republic,2012,sp,f,65+,26,Smear Positive
Czech Republic,2012,sn,m,0-14,1,Smear Negative
Czech Republic,2012,sn,m,15-24,6,Smear Negative
Czech Republic,2012,sn,m,25-34,13,Smear Negative
Czech Republic,2012,sn,m,35-44,26,Smear Negative
Czech Republic,2012,sn,m,45-54,26,Smear Negative
Czech Republic,2012,sn,m,55-64,47,Smear Negative
Czech Republic,2012,sn,m,65+,48,Smear Negative
Czech Republic,2012,sn,f,0-14,2,Smear Negative
Czech Republic,2012,sn,f,15-24,5,Smear Negative
Czech Republic,2012,sn,f,25-34,12,Smear Negative
Czech Republic,2012,sn,f,35-44,7,Smear Negative
Czech Republic,2012,sn,f,45-54,11,Smear Negative
Czech Republic,2012,sn,f,55-64,13,Smear Negative
Czech Republic,2012,sn,f,65+,51,Smear Negative
Czech Republic,2012,ep,m,0-14,1,Extrapulmonary
Czech Republic,2012,ep,m,15-24,0,Extrapulmonary
Czech Republic,2012,ep,m,25-34,6,Extrapulmonary
Czech Republic,2012,ep,m,35-44,3,Extrapulmonary
Czech Republic,2012,ep,m,45-54,10,Extrapulmonary
Czech Republic,2012,ep,m,55-64,9,Extrapulmonary
Czech Republic,2012,ep,m,65+,23,Extrapulmonary
Czech Republic,2012,ep,f,0-14,0,Extrapulmonary
Czech Republic,2012,ep,f,15-24,2,Extrapulmonary
Czech Republic,2012,ep,f,25-34,10,Extrapulmonary
Czech Republic,2012,ep,f,35-44,3,Extrapulmonary
Czech Republic,2012,ep,f,45-54,4,Extrapulmonary
Czech Republic,2012,ep,f,55-64,4,Extrapulmonary
Czech Republic,2012,ep,f,65+,14,Extrapulmonary
Czech Republic,2013,rel,m,0-14,3,Relapse
Czech Republic,2013,rel,m,15-24,13,Relapse
Czech Republic,2013,rel,m,25-34,37,Relapse
Czech Republic,2013,rel,m,35-44,47,Relapse
Czech Republic,2013,rel,m,45-54,59,Relapse
Czech Republic,2013,rel,m,55-64,75,Relapse
Czech Republic,2013,rel,m,65+,83,Relapse
Czech Republic,2013,rel,f,0-14,2,Relapse
Czech Republic,2013,rel,f,15-24,17,Relapse
Czech Republic,2013,rel,f,25-34,19,Relapse
Czech Republic,2013,rel,f,35-44,19,Relapse
Czech Republic,2013,rel,f,45-54,16,Relapse
Czech Republic,2013,rel,f,55-64,16,Relapse
Czech Republic,2013,rel,f,65+,65,Relapse
Democratic People's Republic of Korea,1997,sp,m,0-14,5,Smear Positive
Democratic People's Republic of Korea,1997,sp,m,15-24,375,Smear Positive
Democratic People's Republic of Korea,1997,sp,m,25-34,430,Smear Positive
Democratic People's Republic of Korea,1997,sp,m,35-44,640,Smear Positive
Democratic People's Republic of Korea,1997,sp,m,45-54,620,Smear Positive
Democratic People's Republic of Korea,1997,sp,m,55-64,430,Smear Positive
Democratic People's Republic of Korea,1997,sp,m,65+,240,Smear Positive
Democratic People's Republic of Korea,1997,sp,f,0-14,2,Smear Positive
Democratic People's Republic of Korea,1997,sp,f,15-24,205,Smear Positive
Democratic People's Republic of Korea,1997,sp,f,25-34,295,Smear Positive
Democratic People's Republic of Korea,1997,sp,f,35-44,210,Smear Positive
Democratic People's Republic of Korea,1997,sp,f,45-54,205,Smear Positive
Democratic People's Republic of Korea,1997,sp,f,55-64,175,Smear Positive
Democratic People's Republic of Korea,1997,sp,f,65+,148,Smear Positive
Democratic People's Republic of Korea,1998,sp,m,0-14,0,Smear Positive
Democratic People's Republic of Korea,1998,sp,m,15-24,21,Smear Positive
Democratic People's Republic of Korea,1998,sp,m,25-34,36,Smear Positive
Democratic People's Republic of Korea,1998,sp,m,35-44,34,Smear Positive
Democratic People's Republic of Korea,1998,sp,m,45-54,36,Smear Positive
Democratic People's Republic of Korea,1998,sp,m,55-64,31,Smear Positive
Democratic People's Republic of Korea,1998,sp,m,65+,25,Smear Positive
Democratic People's Republic of Korea,1998,sp,f,0-14,0,Smear Positive
Democratic People's Republic of Korea,1998,sp,f,15-24,11,Smear Positive
Democratic People's Republic of Korea,1998,sp,f,25-34,24,Smear Positive
Democratic People's Republic of Korea,1998,sp,f,35-44,24,Smear Positive
Democratic People's Republic of Korea,1998,sp,f,45-54,25,Smear Positive
Democratic People's Republic of Korea,1998,sp,f,55-64,20,Smear Positive
Democratic People's Republic of Korea,1998,sp,f,65+,15,Smear Positive
Democratic People's Republic of Korea,1999,sp,m,0-14,14,Smear Positive
Democratic People's Republic of Korea,1999,sp,m,15-24,294,Smear Positive
Democratic People's Republic of Korea,1999,sp,m,25-34,438,Smear Positive
Democratic People's Republic of Korea,1999,sp,m,35-44,401,Smear Positive
Democratic People's Republic of Korea,1999,sp,m,45-54,294,Smear Positive
Democratic People's Republic of Korea,1999,sp,m,55-64,151,Smear Positive
Democratic People's Republic of Korea,1999,sp,m,65+,30,Smear Positive
Democratic People's Republic of Korea,1999,sp,f,0-14,10,Smear Positive
Democratic People's Republic of Korea,1999,sp,f,15-24,162,Smear Positive
Democratic People's Republic of Korea,1999,sp,f,25-34,235,Smear Positive
Democratic People's Republic of Korea,1999,sp,f,35-44,327,Smear Positive
Democratic People's Republic of Korea,1999,sp,f,45-54,237,Smear Positive
Democratic People's Republic of Korea,1999,sp,f,55-64,68,Smear Positive
Democratic People's Republic of Korea,1999,sp,f,65+,12,Smear Positive
Democratic People's Republic of Korea,2000,sp,m,0-14,293,Smear Positive
Democratic People's Republic of Korea,2000,sp,m,15-24,928,Smear Positive
Democratic People's Republic of Korea,2000,sp,m,25-34,1508,Smear Positive
Democratic People's Republic of Korea,2000,sp,m,35-44,2927,Smear Positive
Democratic People's Republic of Korea,2000,sp,m,45-54,2519,Smear Positive
Democratic People's Republic of Korea,2000,sp,m,55-64,1167,Smear Positive
Democratic People's Republic of Korea,2000,sp,m,65+,651,Smear Positive
Democratic People's Republic of Korea,2000,sp,f,0-14,167,Smear Positive
Democratic People's Republic of Korea,2000,sp,f,15-24,683,Smear Positive
Democratic People's Republic of Korea,2000,sp,f,25-34,1121,Smear Positive
Democratic People's Republic of Korea,2000,sp,f,35-44,2004,Smear Positive
Democratic People's Republic of Korea,2000,sp,f,45-54,1524,Smear Positive
Democratic People's Republic of Korea,2000,sp,f,55-64,591,Smear Positive
Democratic People's Republic of Korea,2000,sp,f,65+,357,Smear Positive
Democratic People's Republic of Korea,2001,sp,m,0-14,207,Smear Positive
Democratic People's Republic of Korea,2001,sp,m,15-24,1081,Smear Positive
Democratic People's Republic of Korea,2001,sp,m,25-34,1593,Smear Positive
Democratic People's Republic of Korea,2001,sp,m,35-44,2276,Smear Positive
Democratic People's Republic of Korea,2001,sp,m,45-54,2208,Smear Positive
Democratic People's Republic of Korea,2001,sp,m,55-64,1149,Smear Positive
Democratic People's Republic of Korea,2001,sp,m,65+,606,Smear Positive
Democratic People's Republic of Korea,2001,sp,f,0-14,123,Smear Positive
Democratic People's Republic of Korea,2001,sp,f,15-24,690,Smear Positive
Democratic People's Republic of Korea,2001,sp,f,25-34,1132,Smear Positive
Democratic People's Republic of Korea,2001,sp,f,35-44,1354,Smear Positive
Democratic People's Republic of Korea,2001,sp,f,45-54,1120,Smear Positive
Democratic People's Republic of Korea,2001,sp,f,55-64,553,Smear Positive
Democratic People's Republic of Korea,2001,sp,f,65+,336,Smear Positive
Democratic People's Republic of Korea,2002,sp,m,0-14,199,Smear Positive
Democratic People's Republic of Korea,2002,sp,m,15-24,1444,Smear Positive
Democratic People's Republic of Korea,2002,sp,m,25-34,2282,Smear Positive
Democratic People's Republic of Korea,2002,sp,m,35-44,2584,Smear Positive
Democratic People's Republic of Korea,2002,sp,m,45-54,2618,Smear Positive
Democratic People's Republic of Korea,2002,sp,m,55-64,1235,Smear Positive
Democratic People's Republic of Korea,2002,sp,m,65+,745,Smear Positive
Democratic People's Republic of Korea,2002,sp,f,0-14,140,Smear Positive
Democratic People's Republic of Korea,2002,sp,f,15-24,1049,Smear Positive
Democratic People's Republic of Korea,2002,sp,f,25-34,1720,Smear Positive
Democratic People's Republic of Korea,2002,sp,f,35-44,1642,Smear Positive
Democratic People's Republic of Korea,2002,sp,f,45-54,1505,Smear Positive
Democratic People's Republic of Korea,2002,sp,f,55-64,892,Smear Positive
Democratic People's Republic of Korea,2002,sp,f,65+,521,Smear Positive
Democratic People's Republic of Korea,2003,sp,m,0-14,86,Smear Positive
Democratic People's Republic of Korea,2003,sp,m,15-24,1154,Smear Positive
Democratic People's Republic of Korea,2003,sp,m,25-34,2279,Smear Positive
Democratic People's Republic of Korea,2003,sp,m,35-44,2678,Smear Positive
Democratic People's Republic of Korea,2003,sp,m,45-54,2469,Smear Positive
Democratic People's Republic of Korea,2003,sp,m,55-64,1412,Smear Positive
Democratic People's Republic of Korea,2003,sp,m,65+,634,Smear Positive
Democratic People's Republic of Korea,2003,sp,f,0-14,93,Smear Positive
Democratic People's Republic of Korea,2003,sp,f,15-24,823,Smear Positive
Democratic People's Republic of Korea,2003,sp,f,25-34,1623,Smear Positive
Democratic People's Republic of Korea,2003,sp,f,35-44,1607,Smear Positive
Democratic People's Republic of Korea,2003,sp,f,45-54,1395,Smear Positive
Democratic People's Republic of Korea,2003,sp,f,55-64,769,Smear Positive
Democratic People's Republic of Korea,2003,sp,f,65+,370,Smear Positive
Democratic People's Republic of Korea,2004,sp,m,0-14,175,Smear Positive
Democratic People's Republic of Korea,2004,sp,m,15-24,1284,Smear Positive
Democratic People's Republic of Korea,2004,sp,m,25-34,2559,Smear Positive
Democratic People's Republic of Korea,2004,sp,m,35-44,2991,Smear Positive
Democratic People's Republic of Korea,2004,sp,m,45-54,2858,Smear Positive
Democratic People's Republic of Korea,2004,sp,m,55-64,1464,Smear Positive
Democratic People's Republic of Korea,2004,sp,m,65+,460,Smear Positive
Democratic People's Republic of Korea,2004,sp,f,0-14,118,Smear Positive
Democratic People's Republic of Korea,2004,sp,f,15-24,887,Smear Positive
Democratic People's Republic of Korea,2004,sp,f,25-34,1577,Smear Positive
Democratic People's Republic of Korea,2004,sp,f,35-44,1640,Smear Positive
Democratic People's Republic of Korea,2004,sp,f,45-54,1473,Smear Positive
Democratic People's Republic of Korea,2004,sp,f,55-64,724,Smear Positive
Democratic People's Republic of Korea,2004,sp,f,65+,269,Smear Positive
Democratic People's Republic of Korea,2005,sp,m,0-14,167,Smear Positive
Democratic People's Republic of Korea,2005,sp,m,15-24,1409,Smear Positive
Democratic People's Republic of Korea,2005,sp,m,25-34,2422,Smear Positive
Democratic People's Republic of Korea,2005,sp,m,35-44,2688,Smear Positive
Democratic People's Republic of Korea,2005,sp,m,45-54,2040,Smear Positive
Democratic People's Republic of Korea,2005,sp,m,55-64,1185,Smear Positive
Democratic People's Republic of Korea,2005,sp,m,65+,485,Smear Positive
Democratic People's Republic of Korea,2005,sp,f,0-14,166,Smear Positive
Democratic People's Republic of Korea,2005,sp,f,15-24,1127,Smear Positive
Democratic People's Republic of Korea,2005,sp,f,25-34,1756,Smear Positive
Democratic People's Republic of Korea,2005,sp,f,35-44,1890,Smear Positive
Democratic People's Republic of Korea,2005,sp,f,45-54,1381,Smear Positive
Democratic People's Republic of Korea,2005,sp,f,55-64,764,Smear Positive
Democratic People's Republic of Korea,2005,sp,f,65+,336,Smear Positive
Democratic People's Republic of Korea,2006,sp,m,0-14,157,Smear Positive
Democratic People's Republic of Korea,2006,sp,m,15-24,1498,Smear Positive
Democratic People's Republic of Korea,2006,sp,m,25-34,2393,Smear Positive
Democratic People's Republic of Korea,2006,sp,m,35-44,3219,Smear Positive
Democratic People's Republic of Korea,2006,sp,m,45-54,2301,Smear Positive
Democratic People's Republic of Korea,2006,sp,m,55-64,1479,Smear Positive
Democratic People's Republic of Korea,2006,sp,m,65+,591,Smear Positive
Democratic People's Republic of Korea,2006,sp,f,0-14,87,Smear Positive
Democratic People's Republic of Korea,2006,sp,f,15-24,725,Smear Positive
Democratic People's Republic of Korea,2006,sp,f,25-34,1373,Smear Positive
Democratic People's Republic of Korea,2006,sp,f,35-44,2051,Smear Positive
Democratic People's Republic of Korea,2006,sp,f,45-54,1373,Smear Positive
Democratic People's Republic of Korea,2006,sp,f,55-64,791,Smear Positive
Democratic People's Republic of Korea,2006,sp,f,65+,397,Smear Positive
Democratic People's Republic of Korea,2007,sp,m,0-14,353,Smear Positive
Democratic People's Republic of Korea,2007,sp,m,15-24,1947,Smear Positive
Democratic People's Republic of Korea,2007,sp,m,25-34,2748,Smear Positive
Democratic People's Republic of Korea,2007,sp,m,35-44,3717,Smear Positive
Democratic People's Republic of Korea,2007,sp,m,45-54,2831,Smear Positive
Democratic People's Republic of Korea,2007,sp,m,55-64,2093,Smear Positive
Democratic People's Republic of Korea,2007,sp,m,65+,674,Smear Positive
Democratic People's Republic of Korea,2007,sp,f,0-14,406,Smear Positive
Democratic People's Republic of Korea,2007,sp,f,15-24,1233,Smear Positive
Democratic People's Republic of Korea,2007,sp,f,25-34,1682,Smear Positive
Democratic People's Republic of Korea,2007,sp,f,35-44,2672,Smear Positive
Democratic People's Republic of Korea,2007,sp,f,45-54,1723,Smear Positive
Democratic People's Republic of Korea,2007,sp,f,55-64,1056,Smear Positive
Democratic People's Republic of Korea,2007,sp,f,65+,440,Smear Positive
Democratic People's Republic of Korea,2008,sp,m,0-14,441,Smear Positive
Democratic People's Republic of Korea,2008,sp,m,15-24,2341,Smear Positive
Democratic People's Republic of Korea,2008,sp,m,25-34,3320,Smear Positive
Democratic People's Republic of Korea,2008,sp,m,35-44,4263,Smear Positive
Democratic People's Republic of Korea,2008,sp,m,45-54,3988,Smear Positive
Democratic People's Republic of Korea,2008,sp,m,55-64,2704,Smear Positive
Democratic People's Republic of Korea,2008,sp,m,65+,948,Smear Positive
Democratic People's Republic of Korea,2008,sp,f,0-14,479,Smear Positive
Democratic People's Republic of Korea,2008,sp,f,15-24,1259,Smear Positive
Democratic People's Republic of Korea,2008,sp,f,25-34,1792,Smear Positive
Democratic People's Republic of Korea,2008,sp,f,35-44,2428,Smear Positive
Democratic People's Republic of Korea,2008,sp,f,45-54,2282,Smear Positive
Democratic People's Republic of Korea,2008,sp,f,55-64,1177,Smear Positive
Democratic People's Republic of Korea,2008,sp,f,65+,604,Smear Positive
Democratic People's Republic of Korea,2008,sn,m,0-14,1188,Smear Negative
Democratic People's Republic of Korea,2008,sn,m,15-24,2506,Smear Negative
Democratic People's Republic of Korea,2008,sn,m,25-34,3858,Smear Negative
Democratic People's Republic of Korea,2008,sn,m,35-44,4566,Smear Negative
Democratic People's Republic of Korea,2008,sn,m,45-54,3800,Smear Negative
Democratic People's Republic of Korea,2008,sn,m,55-64,2533,Smear Negative
Democratic People's Republic of Korea,2008,sn,m,65+,1037,Smear Negative
Democratic People's Republic of Korea,2008,sn,f,0-14,1102,Smear Negative
Democratic People's Republic of Korea,2008,sn,f,15-24,1737,Smear Negative
Democratic People's Republic of Korea,2008,sn,f,25-34,2089,Smear Negative
Democratic People's Republic of Korea,2008,sn,f,35-44,3067,Smear Negative
Democratic People's Republic of Korea,2008,sn,f,45-54,2058,Smear Negative
Democratic People's Republic of Korea,2008,sn,f,55-64,1334,Smear Negative
Democratic People's Republic of Korea,2008,sn,f,65+,569,Smear Negative
Democratic People's Republic of Korea,2008,ep,m,0-14,387,Extrapulmonary
Democratic People's Republic of Korea,2008,ep,m,15-24,889,Extrapulmonary
Democratic People's Republic of Korea,2008,ep,m,25-34,1386,Extrapulmonary
Democratic People's Republic of Korea,2008,ep,m,35-44,1485,Extrapulmonary
Democratic People's Republic of Korea,2008,ep,m,45-54,1218,Extrapulmonary
Democratic People's Republic of Korea,2008,ep,m,55-64,674,Extrapulmonary
Democratic People's Republic of Korea,2008,ep,m,65+,204,Extrapulmonary
Democratic People's Republic of Korea,2008,ep,f,0-14,319,Extrapulmonary
Democratic People's Republic of Korea,2008,ep,f,15-24,786,Extrapulmonary
Democratic People's Republic of Korea,2008,ep,f,25-34,1048,Extrapulmonary
Democratic People's Republic of Korea,2008,ep,f,35-44,1027,Extrapulmonary
Democratic People's Republic of Korea,2008,ep,f,45-54,846,Extrapulmonary
Democratic People's Republic of Korea,2008,ep,f,55-64,513,Extrapulmonary
Democratic People's Republic of Korea,2008,ep,f,65+,132,Extrapulmonary
Democratic People's Republic of Korea,2009,sp,m,0-14,364,Smear Positive
Democratic People's Republic of Korea,2009,sp,m,15-24,2359,Smear Positive
Democratic People's Republic of Korea,2009,sp,m,25-34,3607,Smear Positive
Democratic People's Republic of Korea,2009,sp,m,35-44,4211,Smear Positive
Democratic People's Republic of Korea,2009,sp,m,45-54,3927,Smear Positive
Democratic People's Republic of Korea,2009,sp,m,55-64,2879,Smear Positive
Democratic People's Republic of Korea,2009,sp,m,65+,1061,Smear Positive
Democratic People's Republic of Korea,2009,sp,f,0-14,474,Smear Positive
Democratic People's Republic of Korea,2009,sp,f,15-24,1408,Smear Positive
Democratic People's Republic of Korea,2009,sp,f,25-34,2067,Smear Positive
Democratic People's Republic of Korea,2009,sp,f,35-44,2660,Smear Positive
Democratic People's Republic of Korea,2009,sp,f,45-54,2370,Smear Positive
Democratic People's Republic of Korea,2009,sp,f,55-64,1479,Smear Positive
Democratic People's Republic of Korea,2009,sp,f,65+,500,Smear Positive
Democratic People's Republic of Korea,2009,sn,m,0-14,1277,Smear Negative
Democratic People's Republic of Korea,2009,sn,m,15-24,2358,Smear Negative
Democratic People's Republic of Korea,2009,sn,m,25-34,3734,Smear Negative
Democratic People's Republic of Korea,2009,sn,m,35-44,4324,Smear Negative
Democratic People's Republic of Korea,2009,sn,m,45-54,3931,Smear Negative
Democratic People's Republic of Korea,2009,sn,m,55-64,2756,Smear Negative
Democratic People's Republic of Korea,2009,sn,m,65+,1277,Smear Negative
Democratic People's Republic of Korea,2009,sn,f,0-14,1006,Smear Negative
Democratic People's Republic of Korea,2009,sn,f,15-24,1796,Smear Negative
Democratic People's Republic of Korea,2009,sn,f,25-34,2370,Smear Negative
Democratic People's Republic of Korea,2009,sn,f,35-44,2951,Smear Negative
Democratic People's Republic of Korea,2009,sn,f,45-54,2438,Smear Negative
Democratic People's Republic of Korea,2009,sn,f,55-64,1542,Smear Negative
Democratic People's Republic of Korea,2009,sn,f,65+,731,Smear Negative
Democratic People's Republic of Korea,2009,ep,m,0-14,417,Extrapulmonary
Democratic People's Republic of Korea,2009,ep,m,15-24,1143,Extrapulmonary
Democratic People's Republic of Korea,2009,ep,m,25-34,1476,Extrapulmonary
Democratic People's Republic of Korea,2009,ep,m,35-44,1580,Extrapulmonary
Democratic People's Republic of Korea,2009,ep,m,45-54,1304,Extrapulmonary
Democratic People's Republic of Korea,2009,ep,m,55-64,686,Extrapulmonary
Democratic People's Republic of Korea,2009,ep,m,65+,348,Extrapulmonary
Democratic People's Republic of Korea,2009,ep,f,0-14,381,Extrapulmonary
Democratic People's Republic of Korea,2009,ep,f,15-24,902,Extrapulmonary
Democratic People's Republic of Korea,2009,ep,f,25-34,1100,Extrapulmonary
Democratic People's Republic of Korea,2009,ep,f,35-44,1205,Extrapulmonary
Democratic People's Republic of Korea,2009,ep,f,45-54,942,Extrapulmonary
Democratic People's Republic of Korea,2009,ep,f,55-64,475,Extrapulmonary
Democratic People's Republic of Korea,2009,ep,f,65+,273,Extrapulmonary
Democratic People's Republic of Korea,2010,sp,m,0-14,447,Smear Positive
Democratic People's Republic of Korea,2010,sp,m,15-24,2524,Smear Positive
Democratic People's Republic of Korea,2010,sp,m,25-34,4046,Smear Positive
Democratic People's Republic of Korea,2010,sp,m,35-44,4849,Smear Positive
Democratic People's Republic of Korea,2010,sp,m,45-54,4061,Smear Positive
Democratic People's Republic of Korea,2010,sp,m,55-64,2629,Smear Positive
Democratic People's Republic of Korea,2010,sp,m,65+,1153,Smear Positive
Democratic People's Republic of Korea,2010,sp,f,0-14,407,Smear Positive
Democratic People's Republic of Korea,2010,sp,f,15-24,1493,Smear Positive
Democratic People's Republic of Korea,2010,sp,f,25-34,2461,Smear Positive
Democratic People's Republic of Korea,2010,sp,f,35-44,2910,Smear Positive
Democratic People's Republic of Korea,2010,sp,f,45-54,2276,Smear Positive
Democratic People's Republic of Korea,2010,sp,f,55-64,1347,Smear Positive
Democratic People's Republic of Korea,2010,sp,f,65+,637,Smear Positive
Democratic People's Republic of Korea,2010,sn,m,0-14,970,Smear Negative
Democratic People's Republic of Korea,2010,sn,m,15-24,2712,Smear Negative
Democratic People's Republic of Korea,2010,sn,m,25-34,4412,Smear Negative
Democratic People's Republic of Korea,2010,sn,m,35-44,5382,Smear Negative
Democratic People's Republic of Korea,2010,sn,m,45-54,4811,Smear Negative
Democratic People's Republic of Korea,2010,sn,m,55-64,2785,Smear Negative
Democratic People's Republic of Korea,2010,sn,m,65+,1249,Smear Negative
Democratic People's Republic of Korea,2010,sn,f,0-14,787,Smear Negative
Democratic People's Republic of Korea,2010,sn,f,15-24,1643,Smear Negative
Democratic People's Republic of Korea,2010,sn,f,25-34,2774,Smear Negative
Democratic People's Republic of Korea,2010,sn,f,35-44,3487,Smear Negative
Democratic People's Republic of Korea,2010,sn,f,45-54,2838,Smear Negative
Democratic People's Republic of Korea,2010,sn,f,55-64,1725,Smear Negative
Democratic People's Republic of Korea,2010,sn,f,65+,710,Smear Negative
Democratic People's Republic of Korea,2010,ep,m,0-14,695,Extrapulmonary
Democratic People's Republic of Korea,2010,ep,m,15-24,1096,Extrapulmonary
Democratic People's Republic of Korea,2010,ep,m,25-34,1618,Extrapulmonary
Democratic People's Republic of Korea,2010,ep,m,35-44,1857,Extrapulmonary
Democratic People's Republic of Korea,2010,ep,m,45-54,1533,Extrapulmonary
Democratic People's Republic of Korea,2010,ep,m,55-64,867,Extrapulmonary
Democratic People's Republic of Korea,2010,ep,m,65+,401,Extrapulmonary
Democratic People's Republic of Korea,2010,ep,f,0-14,598,Extrapulmonary
Democratic People's Republic of Korea,2010,ep,f,15-24,776,Extrapulmonary
Democratic People's Republic of Korea,2010,ep,f,25-34,1089,Extrapulmonary
Democratic People's Republic of Korea,2010,ep,f,35-44,1324,Extrapulmonary
Democratic People's Republic of Korea,2010,ep,f,45-54,992,Extrapulmonary
Democratic People's Republic of Korea,2010,ep,f,55-64,571,Extrapulmonary
Democratic People's Republic of Korea,2010,ep,f,65+,298,Extrapulmonary
Democratic People's Republic of Korea,2011,sp,m,0-14,314,Smear Positive
Democratic People's Republic of Korea,2011,sp,m,15-24,2218,Smear Positive
Democratic People's Republic of Korea,2011,sp,m,25-34,4066,Smear Positive
Democratic People's Republic of Korea,2011,sp,m,35-44,5493,Smear Positive
Democratic People's Republic of Korea,2011,sp,m,45-54,4542,Smear Positive
Democratic People's Republic of Korea,2011,sp,m,55-64,2474,Smear Positive
Democratic People's Republic of Korea,2011,sp,m,65+,1024,Smear Positive
Democratic People's Republic of Korea,2011,sp,f,0-14,227,Smear Positive
Democratic People's Republic of Korea,2011,sp,f,15-24,1390,Smear Positive
Democratic People's Republic of Korea,2011,sp,f,25-34,2264,Smear Positive
Democratic People's Republic of Korea,2011,sp,f,35-44,3093,Smear Positive
Democratic People's Republic of Korea,2011,sp,f,45-54,2409,Smear Positive
Democratic People's Republic of Korea,2011,sp,f,55-64,1271,Smear Positive
Democratic People's Republic of Korea,2011,sp,f,65+,494,Smear Positive
Democratic People's Republic of Korea,2011,sn,m,0-14,1138,Smear Negative
Democratic People's Republic of Korea,2011,sn,m,15-24,2843,Smear Negative
Democratic People's Republic of Korea,2011,sn,m,25-34,4535,Smear Negative
Democratic People's Republic of Korea,2011,sn,m,35-44,5944,Smear Negative
Democratic People's Republic of Korea,2011,sn,m,45-54,4968,Smear Negative
Democratic People's Republic of Korea,2011,sn,m,55-64,2899,Smear Negative
Democratic People's Republic of Korea,2011,sn,m,65+,1217,Smear Negative
Democratic People's Republic of Korea,2011,sn,f,0-14,876,Smear Negative
Democratic People's Republic of Korea,2011,sn,f,15-24,1818,Smear Negative
Democratic People's Republic of Korea,2011,sn,f,25-34,2856,Smear Negative
Democratic People's Republic of Korea,2011,sn,f,35-44,3528,Smear Negative
Democratic People's Republic of Korea,2011,sn,f,45-54,2727,Smear Negative
Democratic People's Republic of Korea,2011,sn,f,55-64,1481,Smear Negative
Democratic People's Republic of Korea,2011,sn,f,65+,627,Smear Negative
Democratic People's Republic of Korea,2011,ep,m,0-14,949,Extrapulmonary
Democratic People's Republic of Korea,2011,ep,m,15-24,1381,Extrapulmonary
Democratic People's Republic of Korea,2011,ep,m,25-34,2017,Extrapulmonary
Democratic People's Republic of Korea,2011,ep,m,35-44,2314,Extrapulmonary
Democratic People's Republic of Korea,2011,ep,m,45-54,1775,Extrapulmonary
Democratic People's Republic of Korea,2011,ep,m,55-64,975,Extrapulmonary
Democratic People's Republic of Korea,2011,ep,m,65+,452,Extrapulmonary
Democratic People's Republic of Korea,2011,ep,f,0-14,935,Extrapulmonary
Democratic People's Republic of Korea,2011,ep,f,15-24,1049,Extrapulmonary
Democratic People's Republic of Korea,2011,ep,f,25-34,1347,Extrapulmonary
Democratic People's Republic of Korea,2011,ep,f,35-44,1514,Extrapulmonary
Democratic People's Republic of Korea,2011,ep,f,45-54,1203,Extrapulmonary
Democratic People's Republic of Korea,2011,ep,f,55-64,631,Extrapulmonary
Democratic People's Republic of Korea,2011,ep,f,65+,286,Extrapulmonary
Democratic People's Republic of Korea,2012,sp,m,0-14,293,Smear Positive
Democratic People's Republic of Korea,2012,sp,m,15-24,2439,Smear Positive
Democratic People's Republic of Korea,2012,sp,m,25-34,4015,Smear Positive
Democratic People's Republic of Korea,2012,sp,m,35-44,5055,Smear Positive
Democratic People's Republic of Korea,2012,sp,m,45-54,4373,Smear Positive
Democratic People's Republic of Korea,2012,sp,m,55-64,2699,Smear Positive
Democratic People's Republic of Korea,2012,sp,m,65+,1150,Smear Positive
Democratic People's Republic of Korea,2012,sp,f,0-14,227,Smear Positive
Democratic People's Republic of Korea,2012,sp,f,15-24,1447,Smear Positive
Democratic People's Republic of Korea,2012,sp,f,25-34,2475,Smear Positive
Democratic People's Republic of Korea,2012,sp,f,35-44,3005,Smear Positive
Democratic People's Republic of Korea,2012,sp,f,45-54,2623,Smear Positive
Democratic People's Republic of Korea,2012,sp,f,55-64,1527,Smear Positive
Democratic People's Republic of Korea,2012,sp,f,65+,576,Smear Positive
Democratic People's Republic of Korea,2012,sn,m,0-14,988,Smear Negative
Democratic People's Republic of Korea,2012,sn,m,15-24,2880,Smear Negative
Democratic People's Republic of Korea,2012,sn,m,25-34,4531,Smear Negative
Democratic People's Republic of Korea,2012,sn,m,35-44,5484,Smear Negative
Democratic People's Republic of Korea,2012,sn,m,45-54,4498,Smear Negative
Democratic People's Republic of Korea,2012,sn,m,55-64,2726,Smear Negative
Democratic People's Republic of Korea,2012,sn,m,65+,1104,Smear Negative
Democratic People's Republic of Korea,2012,sn,f,0-14,821,Smear Negative
Democratic People's Republic of Korea,2012,sn,f,15-24,1790,Smear Negative
Democratic People's Republic of Korea,2012,sn,f,25-34,2792,Smear Negative
Democratic People's Republic of Korea,2012,sn,f,35-44,3343,Smear Negative
Democratic People's Republic of Korea,2012,sn,f,45-54,2724,Smear Negative
Democratic People's Republic of Korea,2012,sn,f,55-64,1587,Smear Negative
Democratic People's Republic of Korea,2012,sn,f,65+,691,Smear Negative
Democratic People's Republic of Korea,2012,ep,m,0-14,1020,Extrapulmonary
Democratic People's Republic of Korea,2012,ep,m,15-24,1473,Extrapulmonary
Democratic People's Republic of Korea,2012,ep,m,25-34,2187,Extrapulmonary
Democratic People's Republic of Korea,2012,ep,m,35-44,2357,Extrapulmonary
Democratic People's Republic of Korea,2012,ep,m,45-54,1765,Extrapulmonary
Democratic People's Republic of Korea,2012,ep,m,55-64,985,Extrapulmonary
Democratic People's Republic of Korea,2012,ep,m,65+,482,Extrapulmonary
Democratic People's Republic of Korea,2012,ep,f,0-14,980,Extrapulmonary
Democratic People's Republic of Korea,2012,ep,f,15-24,1043,Extrapulmonary
Democratic People's Republic of Korea,2012,ep,f,25-34,1452,Extrapulmonary
Democratic People's Republic of Korea,2012,ep,f,35-44,1513,Extrapulmonary
Democratic People's Republic of Korea,2012,ep,f,45-54,1135,Extrapulmonary
Democratic People's Republic of Korea,2012,ep,f,55-64,614,Extrapulmonary
Democratic People's Republic of Korea,2012,ep,f,65+,315,Extrapulmonary
Democratic People's Republic of Korea,2013,rel,m,0-14,2874,Relapse
Democratic People's Republic of Korea,2013,rel,m,15-24,7057,Relapse
Democratic People's Republic of Korea,2013,rel,m,25-34,11239,Relapse
Democratic People's Republic of Korea,2013,rel,m,35-44,13618,Relapse
Democratic People's Republic of Korea,2013,rel,m,45-54,11382,Relapse
Democratic People's Republic of Korea,2013,rel,m,55-64,6674,Relapse
Democratic People's Republic of Korea,2013,rel,m,65+,2653,Relapse
Democratic People's Republic of Korea,2013,rel,f,0-14,2365,Relapse
Democratic People's Republic of Korea,2013,rel,f,15-24,4717,Relapse
Democratic People's Republic of Korea,2013,rel,f,25-34,7094,Relapse
Democratic People's Republic of Korea,2013,rel,f,35-44,8611,Relapse
Democratic People's Republic of Korea,2013,rel,f,45-54,6916,Relapse
Democratic People's Republic of Korea,2013,rel,f,55-64,3762,Relapse
Democratic People's Republic of Korea,2013,rel,f,65+,1629,Relapse
Democratic Republic of the Congo,1995,sp,m,0-14,373,Smear Positive
Democratic Republic of the Congo,1995,sp,m,15-24,1572,Smear Positive
Democratic Republic of the Congo,1995,sp,m,25-34,2382,Smear Positive
Democratic Republic of the Congo,1995,sp,m,35-44,1890,Smear Positive
Democratic Republic of the Congo,1995,sp,m,45-54,1184,Smear Positive
Democratic Republic of the Congo,1995,sp,m,55-64,634,Smear Positive
Democratic Republic of the Congo,1995,sp,m,65+,289,Smear Positive
Democratic Republic of the Congo,1995,sp,f,0-14,331,Smear Positive
Democratic Republic of the Congo,1995,sp,f,15-24,1223,Smear Positive
Democratic Republic of the Congo,1995,sp,f,25-34,1532,Smear Positive
Democratic Republic of the Congo,1995,sp,f,35-44,1232,Smear Positive
Democratic Republic of the Congo,1995,sp,f,45-54,863,Smear Positive
Democratic Republic of the Congo,1995,sp,f,55-64,427,Smear Positive
Democratic Republic of the Congo,1995,sp,f,65+,137,Smear Positive
Democratic Republic of the Congo,1996,sp,m,0-14,228,Smear Positive
Democratic Republic of the Congo,1996,sp,m,15-24,1040,Smear Positive
Democratic Republic of the Congo,1996,sp,m,25-34,1627,Smear Positive
Democratic Republic of the Congo,1996,sp,m,35-44,1492,Smear Positive
Democratic Republic of the Congo,1996,sp,m,45-54,998,Smear Positive
Democratic Republic of the Congo,1996,sp,m,55-64,548,Smear Positive
Democratic Republic of the Congo,1996,sp,m,65+,285,Smear Positive
Democratic Republic of the Congo,1996,sp,f,0-14,292,Smear Positive
Democratic Republic of the Congo,1996,sp,f,15-24,1153,Smear Positive
Democratic Republic of the Congo,1996,sp,f,25-34,1528,Smear Positive
Democratic Republic of the Congo,1996,sp,f,35-44,1142,Smear Positive
Democratic Republic of the Congo,1996,sp,f,45-54,728,Smear Positive
Democratic Republic of the Congo,1996,sp,f,55-64,377,Smear Positive
Democratic Republic of the Congo,1996,sp,f,65+,149,Smear Positive
Democratic Republic of the Congo,1997,sp,m,0-14,259,Smear Positive
Democratic Republic of the Congo,1997,sp,m,15-24,1401,Smear Positive
Democratic Republic of the Congo,1997,sp,m,25-34,1996,Smear Positive
Democratic Republic of the Congo,1997,sp,m,35-44,1599,Smear Positive
Democratic Republic of the Congo,1997,sp,m,45-54,996,Smear Positive
Democratic Republic of the Congo,1997,sp,m,55-64,614,Smear Positive
Democratic Republic of the Congo,1997,sp,m,65+,276,Smear Positive
Democratic Republic of the Congo,1997,sp,f,0-14,321,Smear Positive
Democratic Republic of the Congo,1997,sp,f,15-24,1376,Smear Positive
Democratic Republic of the Congo,1997,sp,f,25-34,1874,Smear Positive
Democratic Republic of the Congo,1997,sp,f,35-44,1271,Smear Positive
Democratic Republic of the Congo,1997,sp,f,45-54,723,Smear Positive
Democratic Republic of the Congo,1997,sp,f,55-64,386,Smear Positive
Democratic Republic of the Congo,1997,sp,f,65+,150,Smear Positive
Democratic Republic of the Congo,1998,sp,m,0-14,455,Smear Positive
Democratic Republic of the Congo,1998,sp,m,15-24,3684,Smear Positive
Democratic Republic of the Congo,1998,sp,m,25-34,5073,Smear Positive
Democratic Republic of the Congo,1998,sp,m,35-44,3578,Smear Positive
Democratic Republic of the Congo,1998,sp,m,45-54,2002,Smear Positive
Democratic Republic of the Congo,1998,sp,m,55-64,997,Smear Positive
Democratic Republic of the Congo,1998,sp,m,65+,518,Smear Positive
Democratic Republic of the Congo,1998,sp,f,0-14,651,Smear Positive
Democratic Republic of the Congo,1998,sp,f,15-24,4074,Smear Positive
Democratic Republic of the Congo,1998,sp,f,25-34,4536,Smear Positive
Democratic Republic of the Congo,1998,sp,f,35-44,2716,Smear Positive
Democratic Republic of the Congo,1998,sp,f,45-54,1295,Smear Positive
Democratic Republic of the Congo,1998,sp,f,55-64,722,Smear Positive
Democratic Republic of the Congo,1998,sp,f,65+,272,Smear Positive
Democratic Republic of the Congo,1999,sp,m,0-14,474,Smear Positive
Democratic Republic of the Congo,1999,sp,m,15-24,4061,Smear Positive
Democratic Republic of the Congo,1999,sp,m,25-34,5886,Smear Positive
Democratic Republic of the Congo,1999,sp,m,35-44,4191,Smear Positive
Democratic Republic of the Congo,1999,sp,m,45-54,2250,Smear Positive
Democratic Republic of the Congo,1999,sp,m,55-64,1279,Smear Positive
Democratic Republic of the Congo,1999,sp,m,65+,626,Smear Positive
Democratic Republic of the Congo,1999,sp,f,0-14,708,Smear Positive
Democratic Republic of the Congo,1999,sp,f,15-24,4472,Smear Positive
Democratic Republic of the Congo,1999,sp,f,25-34,4991,Smear Positive
Democratic Republic of the Congo,1999,sp,f,35-44,3117,Smear Positive
Democratic Republic of the Congo,1999,sp,f,45-54,1725,Smear Positive
Democratic Republic of the Congo,1999,sp,f,55-64,836,Smear Positive
Democratic Republic of the Congo,1999,sp,f,65+,305,Smear Positive
Democratic Republic of the Congo,2000,sp,m,0-14,485,Smear Positive
Democratic Republic of the Congo,2000,sp,m,15-24,4048,Smear Positive
Democratic Republic of the Congo,2000,sp,m,25-34,5833,Smear Positive
Democratic Republic of the Congo,2000,sp,m,35-44,4151,Smear Positive
Democratic Republic of the Congo,2000,sp,m,45-54,2549,Smear Positive
Democratic Republic of the Congo,2000,sp,m,55-64,1295,Smear Positive
Democratic Republic of the Congo,2000,sp,m,65+,602,Smear Positive
Democratic Republic of the Congo,2000,sp,f,0-14,718,Smear Positive
Democratic Republic of the Congo,2000,sp,f,15-24,4422,Smear Positive
Democratic Republic of the Congo,2000,sp,f,25-34,5146,Smear Positive
Democratic Republic of the Congo,2000,sp,f,35-44,3309,Smear Positive
Democratic Republic of the Congo,2000,sp,f,45-54,1724,Smear Positive
Democratic Republic of the Congo,2000,sp,f,55-64,855,Smear Positive
Democratic Republic of the Congo,2000,sp,f,65+,351,Smear Positive
Democratic Republic of the Congo,2001,sp,m,0-14,581,Smear Positive
Democratic Republic of the Congo,2001,sp,m,15-24,4651,Smear Positive
Democratic Republic of the Congo,2001,sp,m,25-34,6794,Smear Positive
Democratic Republic of the Congo,2001,sp,m,35-44,4817,Smear Positive
Democratic Republic of the Congo,2001,sp,m,45-54,2876,Smear Positive
Democratic Republic of the Congo,2001,sp,m,55-64,1384,Smear Positive
Democratic Republic of the Congo,2001,sp,m,65+,724,Smear Positive
Democratic Republic of the Congo,2001,sp,f,0-14,842,Smear Positive
Democratic Republic of the Congo,2001,sp,f,15-24,4922,Smear Positive
Democratic Republic of the Congo,2001,sp,f,25-34,5586,Smear Positive
Democratic Republic of the Congo,2001,sp,f,35-44,3704,Smear Positive
Democratic Republic of the Congo,2001,sp,f,45-54,2057,Smear Positive
Democratic Republic of the Congo,2001,sp,f,55-64,1042,Smear Positive
Democratic Republic of the Congo,2001,sp,f,65+,470,Smear Positive
Democratic Republic of the Congo,2002,sp,m,0-14,649,Smear Positive
Democratic Republic of the Congo,2002,sp,m,15-24,4965,Smear Positive
Democratic Republic of the Congo,2002,sp,m,25-34,7414,Smear Positive
Democratic Republic of the Congo,2002,sp,m,35-44,4994,Smear Positive
Democratic Republic of the Congo,2002,sp,m,45-54,3065,Smear Positive
Democratic Republic of the Congo,2002,sp,m,55-64,1388,Smear Positive
Democratic Republic of the Congo,2002,sp,m,65+,791,Smear Positive
Democratic Republic of the Congo,2002,sp,f,0-14,874,Smear Positive
Democratic Republic of the Congo,2002,sp,f,15-24,5378,Smear Positive
Democratic Republic of the Congo,2002,sp,f,25-34,6230,Smear Positive
Democratic Republic of the Congo,2002,sp,f,35-44,3939,Smear Positive
Democratic Republic of the Congo,2002,sp,f,45-54,2262,Smear Positive
Democratic Republic of the Congo,2002,sp,f,55-64,1055,Smear Positive
Democratic Republic of the Congo,2002,sp,f,65+,476,Smear Positive
Democratic Republic of the Congo,2003,sp,m,0-14,854,Smear Positive
Democratic Republic of the Congo,2003,sp,m,15-24,5885,Smear Positive
Democratic Republic of the Congo,2003,sp,m,25-34,8427,Smear Positive
Democratic Republic of the Congo,2003,sp,m,35-44,6193,Smear Positive
Democratic Republic of the Congo,2003,sp,m,45-54,3776,Smear Positive
Democratic Republic of the Congo,2003,sp,m,55-64,1836,Smear Positive
Democratic Republic of the Congo,2003,sp,m,65+,1047,Smear Positive
Democratic Republic of the Congo,2003,sp,f,0-14,1233,Smear Positive
Democratic Republic of the Congo,2003,sp,f,15-24,6630,Smear Positive
Democratic Republic of the Congo,2003,sp,f,25-34,7711,Smear Positive
Democratic Republic of the Congo,2003,sp,f,35-44,4826,Smear Positive
Democratic Republic of the Congo,2003,sp,f,45-54,2866,Smear Positive
Democratic Republic of the Congo,2003,sp,f,55-64,1457,Smear Positive
Democratic Republic of the Congo,2003,sp,f,65+,592,Smear Positive
Democratic Republic of the Congo,2004,sp,m,0-14,1195,Smear Positive
Democratic Republic of the Congo,2004,sp,m,15-24,7007,Smear Positive
Democratic Republic of the Congo,2004,sp,m,25-34,9467,Smear Positive
Democratic Republic of the Congo,2004,sp,m,35-44,7114,Smear Positive
Democratic Republic of the Congo,2004,sp,m,45-54,4442,Smear Positive
Democratic Republic of the Congo,2004,sp,m,55-64,2376,Smear Positive
Democratic Republic of the Congo,2004,sp,m,65+,1229,Smear Positive
Democratic Republic of the Congo,2004,sp,f,0-14,1679,Smear Positive
Democratic Republic of the Congo,2004,sp,f,15-24,7630,Smear Positive
Democratic Republic of the Congo,2004,sp,f,25-34,8540,Smear Positive
Democratic Republic of the Congo,2004,sp,f,35-44,5529,Smear Positive
Democratic Republic of the Congo,2004,sp,f,45-54,3413,Smear Positive
Democratic Republic of the Congo,2004,sp,f,55-64,1850,Smear Positive
Democratic Republic of the Congo,2004,sp,f,65+,721,Smear Positive
Democratic Republic of the Congo,2005,sp,m,0-14,1321,Smear Positive
Democratic Republic of the Congo,2005,sp,m,15-24,6675,Smear Positive
Democratic Republic of the Congo,2005,sp,m,25-34,9808,Smear Positive
Democratic Republic of the Congo,2005,sp,m,35-44,7577,Smear Positive
Democratic Republic of the Congo,2005,sp,m,45-54,5022,Smear Positive
Democratic Republic of the Congo,2005,sp,m,55-64,2637,Smear Positive
Democratic Republic of the Congo,2005,sp,m,65+,1499,Smear Positive
Democratic Republic of the Congo,2005,sp,f,0-14,1695,Smear Positive
Democratic Republic of the Congo,2005,sp,f,15-24,7570,Smear Positive
Democratic Republic of the Congo,2005,sp,f,25-34,8501,Smear Positive
Democratic Republic of the Congo,2005,sp,f,35-44,5832,Smear Positive
Democratic Republic of the Congo,2005,sp,f,45-54,3898,Smear Positive
Democratic Republic of the Congo,2005,sp,f,55-64,2054,Smear Positive
Democratic Republic of the Congo,2005,sp,f,65+,951,Smear Positive
Democratic Republic of the Congo,2006,sp,m,0-14,1122,Smear Positive
Democratic Republic of the Congo,2006,sp,m,15-24,6391,Smear Positive
Democratic Republic of the Congo,2006,sp,m,25-34,9486,Smear Positive
Democratic Republic of the Congo,2006,sp,m,35-44,7321,Smear Positive
Democratic Republic of the Congo,2006,sp,m,45-54,5011,Smear Positive
Democratic Republic of the Congo,2006,sp,m,55-64,2657,Smear Positive
Democratic Republic of the Congo,2006,sp,m,65+,1504,Smear Positive
Democratic Republic of the Congo,2006,sp,f,0-14,1517,Smear Positive
Democratic Republic of the Congo,2006,sp,f,15-24,7236,Smear Positive
Democratic Republic of the Congo,2006,sp,f,25-34,8522,Smear Positive
Democratic Republic of the Congo,2006,sp,f,35-44,5621,Smear Positive
Democratic Republic of the Congo,2006,sp,f,45-54,3762,Smear Positive
Democratic Republic of the Congo,2006,sp,f,55-64,2019,Smear Positive
Democratic Republic of the Congo,2006,sp,f,65+,975,Smear Positive
Democratic Republic of the Congo,2007,sp,m,0-14,1343,Smear Positive
Democratic Republic of the Congo,2007,sp,m,15-24,6485,Smear Positive
Democratic Republic of the Congo,2007,sp,m,25-34,9548,Smear Positive
Democratic Republic of the Congo,2007,sp,m,35-44,7925,Smear Positive
Democratic Republic of the Congo,2007,sp,m,45-54,5341,Smear Positive
Democratic Republic of the Congo,2007,sp,m,55-64,2801,Smear Positive
Democratic Republic of the Congo,2007,sp,m,65+,1752,Smear Positive
Democratic Republic of the Congo,2007,sp,f,0-14,1842,Smear Positive
Democratic Republic of the Congo,2007,sp,f,15-24,7130,Smear Positive
Democratic Republic of the Congo,2007,sp,f,25-34,8415,Smear Positive
Democratic Republic of the Congo,2007,sp,f,35-44,5939,Smear Positive
Democratic Republic of the Congo,2007,sp,f,45-54,4127,Smear Positive
Democratic Republic of the Congo,2007,sp,f,55-64,2352,Smear Positive
Democratic Republic of the Congo,2007,sp,f,65+,1099,Smear Positive
Democratic Republic of the Congo,2008,sp,m,0-14,1515,Smear Positive
Democratic Republic of the Congo,2008,sp,m,15-24,6497,Smear Positive
Democratic Republic of the Congo,2008,sp,m,25-34,9988,Smear Positive
Democratic Republic of the Congo,2008,sp,m,35-44,8552,Smear Positive
Democratic Republic of the Congo,2008,sp,m,45-54,5756,Smear Positive
Democratic Republic of the Congo,2008,sp,m,55-64,3131,Smear Positive
Democratic Republic of the Congo,2008,sp,m,65+,1686,Smear Positive
Democratic Republic of the Congo,2008,sp,f,0-14,1828,Smear Positive
Democratic Republic of the Congo,2008,sp,f,15-24,7304,Smear Positive
Democratic Republic of the Congo,2008,sp,f,25-34,8995,Smear Positive
Democratic Republic of the Congo,2008,sp,f,35-44,6393,Smear Positive
Democratic Republic of the Congo,2008,sp,f,45-54,4104,Smear Positive
Democratic Republic of the Congo,2008,sp,f,55-64,2516,Smear Positive
Democratic Republic of the Congo,2008,sp,f,65+,1212,Smear Positive
Democratic Republic of the Congo,2009,sp,m,0-14,1453,Smear Positive
Democratic Republic of the Congo,2009,sp,m,15-24,6587,Smear Positive
Democratic Republic of the Congo,2009,sp,m,25-34,9964,Smear Positive
Democratic Republic of the Congo,2009,sp,m,35-44,8475,Smear Positive
Democratic Republic of the Congo,2009,sp,m,45-54,6155,Smear Positive
Democratic Republic of the Congo,2009,sp,m,55-64,3393,Smear Positive
Democratic Republic of the Congo,2009,sp,m,65+,1821,Smear Positive
Democratic Republic of the Congo,2009,sp,f,0-14,1773,Smear Positive
Democratic Republic of the Congo,2009,sp,f,15-24,7091,Smear Positive
Democratic Republic of the Congo,2009,sp,f,25-34,8753,Smear Positive
Democratic Republic of the Congo,2009,sp,f,35-44,6477,Smear Positive
Democratic Republic of the Congo,2009,sp,f,45-54,4556,Smear Positive
Democratic Republic of the Congo,2009,sp,f,55-64,2655,Smear Positive
Democratic Republic of the Congo,2009,sp,f,65+,1336,Smear Positive
Democratic Republic of the Congo,2010,sp,m,0-14,1707,Smear Positive
Democratic Republic of the Congo,2010,sp,m,15-24,6859,Smear Positive
Democratic Republic of the Congo,2010,sp,m,25-34,10412,Smear Positive
Democratic Republic of the Congo,2010,sp,m,35-44,9134,Smear Positive
Democratic Republic of the Congo,2010,sp,m,45-54,6464,Smear Positive
Democratic Republic of the Congo,2010,sp,m,55-64,3641,Smear Positive
Democratic Republic of the Congo,2010,sp,m,65+,1907,Smear Positive
Democratic Republic of the Congo,2010,sp,f,0-14,1987,Smear Positive
Democratic Republic of the Congo,2010,sp,f,15-24,7199,Smear Positive
Democratic Republic of the Congo,2010,sp,f,25-34,9120,Smear Positive
Democratic Republic of the Congo,2010,sp,f,35-44,6721,Smear Positive
Democratic Republic of the Congo,2010,sp,f,45-54,4579,Smear Positive
Democratic Republic of the Congo,2010,sp,f,55-64,2612,Smear Positive
Democratic Republic of the Congo,2010,sp,f,65+,1311,Smear Positive
Democratic Republic of the Congo,2011,sp,m,0-14,1579,Smear Positive
Democratic Republic of the Congo,2011,sp,m,15-24,6640,Smear Positive
Democratic Republic of the Congo,2011,sp,m,25-34,9872,Smear Positive
Democratic Republic of the Congo,2011,sp,m,35-44,8932,Smear Positive
Democratic Republic of the Congo,2011,sp,m,45-54,6415,Smear Positive
Democratic Republic of the Congo,2011,sp,m,55-64,3584,Smear Positive
Democratic Republic of the Congo,2011,sp,m,65+,1911,Smear Positive
Democratic Republic of the Congo,2011,sp,f,0-14,1800,Smear Positive
Democratic Republic of the Congo,2011,sp,f,15-24,6802,Smear Positive
Democratic Republic of the Congo,2011,sp,f,25-34,8742,Smear Positive
Democratic Republic of the Congo,2011,sp,f,35-44,6541,Smear Positive
Democratic Republic of the Congo,2011,sp,f,45-54,4537,Smear Positive
Democratic Republic of the Congo,2011,sp,f,55-64,2671,Smear Positive
Democratic Republic of the Congo,2011,sp,f,65+,1295,Smear Positive
Democratic Republic of the Congo,2012,sp,m,0-14,1439,Smear Positive
Democratic Republic of the Congo,2012,sp,m,15-24,6612,Smear Positive
Democratic Republic of the Congo,2012,sp,m,25-34,10274,Smear Positive
Democratic Republic of the Congo,2012,sp,m,35-44,9361,Smear Positive
Democratic Republic of the Congo,2012,sp,m,45-54,6612,Smear Positive
Democratic Republic of the Congo,2012,sp,m,55-64,3698,Smear Positive
Democratic Republic of the Congo,2012,sp,m,65+,1941,Smear Positive
Democratic Republic of the Congo,2012,sp,f,0-14,1699,Smear Positive
Democratic Republic of the Congo,2012,sp,f,15-24,6598,Smear Positive
Democratic Republic of the Congo,2012,sp,f,25-34,8406,Smear Positive
Democratic Republic of the Congo,2012,sp,f,35-44,6471,Smear Positive
Democratic Republic of the Congo,2012,sp,f,45-54,4131,Smear Positive
Democratic Republic of the Congo,2012,sp,f,55-64,2625,Smear Positive
Democratic Republic of the Congo,2012,sp,f,65+,1257,Smear Positive
Democratic Republic of the Congo,2013,rel,m,0-14,1380,Relapse
Democratic Republic of the Congo,2013,rel,m,15-24,6776,Relapse
Democratic Republic of the Congo,2013,rel,m,25-34,10218,Relapse
Democratic Republic of the Congo,2013,rel,m,35-44,9280,Relapse
Democratic Republic of the Congo,2013,rel,m,45-54,6587,Relapse
Democratic Republic of the Congo,2013,rel,m,55-64,3841,Relapse
Democratic Republic of the Congo,2013,rel,m,65+,2016,Relapse
Democratic Republic of the Congo,2013,rel,f,0-14,1706,Relapse
Democratic Republic of the Congo,2013,rel,f,15-24,6376,Relapse
Democratic Republic of the Congo,2013,rel,f,25-34,8352,Relapse
Democratic Republic of the Congo,2013,rel,f,35-44,6472,Relapse
Democratic Republic of the Congo,2013,rel,f,45-54,4402,Relapse
Democratic Republic of the Congo,2013,rel,f,55-64,2551,Relapse
Democratic Republic of the Congo,2013,rel,f,65+,1263,Relapse
Denmark,1995,sp,m,0-14,0,Smear Positive
Denmark,1995,sp,m,15-24,7,Smear Positive
Denmark,1995,sp,m,25-34,16,Smear Positive
Denmark,1995,sp,m,35-44,28,Smear Positive
Denmark,1995,sp,m,45-54,18,Smear Positive
Denmark,1995,sp,m,55-64,9,Smear Positive
Denmark,1995,sp,m,65+,11,Smear Positive
Denmark,1995,sp,f,0-14,2,Smear Positive
Denmark,1995,sp,f,15-24,7,Smear Positive
Denmark,1995,sp,f,25-34,13,Smear Positive
Denmark,1995,sp,f,35-44,8,Smear Positive
Denmark,1995,sp,f,45-54,4,Smear Positive
Denmark,1995,sp,f,55-64,3,Smear Positive
Denmark,1995,sp,f,65+,2,Smear Positive
Denmark,1996,sp,m,0-14,0,Smear Positive
Denmark,1996,sp,m,15-24,4,Smear Positive
Denmark,1996,sp,m,25-34,16,Smear Positive
Denmark,1996,sp,m,35-44,13,Smear Positive
Denmark,1996,sp,m,45-54,13,Smear Positive
Denmark,1996,sp,m,55-64,8,Smear Positive
Denmark,1996,sp,m,65+,6,Smear Positive
Denmark,1996,sp,f,0-14,0,Smear Positive
Denmark,1996,sp,f,15-24,5,Smear Positive
Denmark,1996,sp,f,25-34,9,Smear Positive
Denmark,1996,sp,f,35-44,8,Smear Positive
Denmark,1996,sp,f,45-54,4,Smear Positive
Denmark,1996,sp,f,55-64,3,Smear Positive
Denmark,1996,sp,f,65+,8,Smear Positive
Denmark,1997,sp,m,0-14,1,Smear Positive
Denmark,1997,sp,m,15-24,11,Smear Positive
Denmark,1997,sp,m,25-34,19,Smear Positive
Denmark,1997,sp,m,35-44,23,Smear Positive
Denmark,1997,sp,m,45-54,16,Smear Positive
Denmark,1997,sp,m,55-64,6,Smear Positive
Denmark,1997,sp,m,65+,6,Smear Positive
Denmark,1997,sp,f,0-14,1,Smear Positive
Denmark,1997,sp,f,15-24,6,Smear Positive
Denmark,1997,sp,f,25-34,8,Smear Positive
Denmark,1997,sp,f,35-44,2,Smear Positive
Denmark,1997,sp,f,45-54,5,Smear Positive
Denmark,1997,sp,f,55-64,2,Smear Positive
Denmark,1997,sp,f,65+,8,Smear Positive
Denmark,1998,sp,m,0-14,0,Smear Positive
Denmark,1998,sp,m,15-24,7,Smear Positive
Denmark,1998,sp,m,25-34,20,Smear Positive
Denmark,1998,sp,m,35-44,21,Smear Positive
Denmark,1998,sp,m,45-54,18,Smear Positive
Denmark,1998,sp,m,55-64,7,Smear Positive
Denmark,1998,sp,m,65+,9,Smear Positive
Denmark,1998,sp,f,0-14,1,Smear Positive
Denmark,1998,sp,f,15-24,6,Smear Positive
Denmark,1998,sp,f,25-34,16,Smear Positive
Denmark,1998,sp,f,35-44,8,Smear Positive
Denmark,1998,sp,f,45-54,7,Smear Positive
Denmark,1998,sp,f,55-64,6,Smear Positive
Denmark,1998,sp,f,65+,6,Smear Positive
Denmark,1999,sp,m,0-14,4,Smear Positive
Denmark,1999,sp,m,15-24,9,Smear Positive
Denmark,1999,sp,m,25-34,29,Smear Positive
Denmark,1999,sp,m,35-44,23,Smear Positive
Denmark,1999,sp,m,45-54,21,Smear Positive
Denmark,1999,sp,m,55-64,8,Smear Positive
Denmark,1999,sp,m,65+,9,Smear Positive
Denmark,1999,sp,f,0-14,1,Smear Positive
Denmark,1999,sp,f,15-24,11,Smear Positive
Denmark,1999,sp,f,25-34,18,Smear Positive
Denmark,1999,sp,f,35-44,11,Smear Positive
Denmark,1999,sp,f,45-54,7,Smear Positive
Denmark,1999,sp,f,55-64,8,Smear Positive
Denmark,1999,sp,f,65+,11,Smear Positive
Denmark,2000,sp,m,0-14,5,Smear Positive
Denmark,2000,sp,m,15-24,10,Smear Positive
Denmark,2000,sp,m,25-34,20,Smear Positive
Denmark,2000,sp,m,35-44,24,Smear Positive
Denmark,2000,sp,m,45-54,16,Smear Positive
Denmark,2000,sp,m,55-64,11,Smear Positive
Denmark,2000,sp,m,65+,14,Smear Positive
Denmark,2000,sp,f,0-14,5,Smear Positive
Denmark,2000,sp,f,15-24,16,Smear Positive
Denmark,2000,sp,f,25-34,15,Smear Positive
Denmark,2000,sp,f,35-44,14,Smear Positive
Denmark,2000,sp,f,45-54,6,Smear Positive
Denmark,2000,sp,f,55-64,7,Smear Positive
Denmark,2000,sp,f,65+,8,Smear Positive
Denmark,2001,sp,m,0-14,1,Smear Positive
Denmark,2001,sp,m,15-24,10,Smear Positive
Denmark,2001,sp,m,25-34,15,Smear Positive
Denmark,2001,sp,m,35-44,20,Smear Positive
Denmark,2001,sp,m,45-54,15,Smear Positive
Denmark,2001,sp,m,55-64,4,Smear Positive
Denmark,2001,sp,m,65+,9,Smear Positive
Denmark,2001,sp,f,0-14,5,Smear Positive
Denmark,2001,sp,f,15-24,5,Smear Positive
Denmark,2001,sp,f,25-34,12,Smear Positive
Denmark,2001,sp,f,35-44,13,Smear Positive
Denmark,2001,sp,f,45-54,7,Smear Positive
Denmark,2001,sp,f,55-64,5,Smear Positive
Denmark,2001,sp,f,65+,3,Smear Positive
Denmark,2002,sp,m,0-14,2,Smear Positive
Denmark,2002,sp,m,15-24,11,Smear Positive
Denmark,2002,sp,m,25-34,8,Smear Positive
Denmark,2002,sp,m,35-44,25,Smear Positive
Denmark,2002,sp,m,45-54,14,Smear Positive
Denmark,2002,sp,m,55-64,6,Smear Positive
Denmark,2002,sp,m,65+,9,Smear Positive
Denmark,2002,sp,f,0-14,1,Smear Positive
Denmark,2002,sp,f,15-24,14,Smear Positive
Denmark,2002,sp,f,25-34,17,Smear Positive
Denmark,2002,sp,f,35-44,11,Smear Positive
Denmark,2002,sp,f,45-54,10,Smear Positive
Denmark,2002,sp,f,55-64,2,Smear Positive
Denmark,2002,sp,f,65+,5,Smear Positive
Denmark,2003,sp,m,0-14,3,Smear Positive
Denmark,2003,sp,m,15-24,11,Smear Positive
Denmark,2003,sp,m,25-34,20,Smear Positive
Denmark,2003,sp,m,35-44,23,Smear Positive
Denmark,2003,sp,m,45-54,22,Smear Positive
Denmark,2003,sp,m,55-64,12,Smear Positive
Denmark,2003,sp,m,65+,9,Smear Positive
Denmark,2003,sp,f,0-14,0,Smear Positive
Denmark,2003,sp,f,15-24,6,Smear Positive
Denmark,2003,sp,f,25-34,13,Smear Positive
Denmark,2003,sp,f,35-44,12,Smear Positive
Denmark,2003,sp,f,45-54,6,Smear Positive
Denmark,2003,sp,f,55-64,2,Smear Positive
Denmark,2003,sp,f,65+,4,Smear Positive
Denmark,2004,sp,m,0-14,1,Smear Positive
Denmark,2004,sp,m,15-24,6,Smear Positive
Denmark,2004,sp,m,25-34,12,Smear Positive
Denmark,2004,sp,m,35-44,17,Smear Positive
Denmark,2004,sp,m,45-54,27,Smear Positive
Denmark,2004,sp,m,55-64,15,Smear Positive
Denmark,2004,sp,m,65+,12,Smear Positive
Denmark,2004,sp,f,0-14,2,Smear Positive
Denmark,2004,sp,f,15-24,10,Smear Positive
Denmark,2004,sp,f,25-34,16,Smear Positive
Denmark,2004,sp,f,35-44,10,Smear Positive
Denmark,2004,sp,f,45-54,9,Smear Positive
Denmark,2004,sp,f,55-64,7,Smear Positive
Denmark,2004,sp,f,65+,2,Smear Positive
Denmark,2005,sp,m,0-14,0,Smear Positive
Denmark,2005,sp,m,15-24,12,Smear Positive
Denmark,2005,sp,m,25-34,12,Smear Positive
Denmark,2005,sp,m,35-44,18,Smear Positive
Denmark,2005,sp,m,45-54,23,Smear Positive
Denmark,2005,sp,m,55-64,9,Smear Positive
Denmark,2005,sp,m,65+,7,Smear Positive
Denmark,2005,sp,f,0-14,2,Smear Positive
Denmark,2005,sp,f,15-24,11,Smear Positive
Denmark,2005,sp,f,25-34,5,Smear Positive
Denmark,2005,sp,f,35-44,13,Smear Positive
Denmark,2005,sp,f,45-54,9,Smear Positive
Denmark,2005,sp,f,55-64,3,Smear Positive
Denmark,2005,sp,f,65+,5,Smear Positive
Denmark,2006,sp,m,0-14,0,Smear Positive
Denmark,2006,sp,m,15-24,8,Smear Positive
Denmark,2006,sp,m,25-34,13,Smear Positive
Denmark,2006,sp,m,35-44,15,Smear Positive
Denmark,2006,sp,m,45-54,27,Smear Positive
Denmark,2006,sp,m,55-64,10,Smear Positive
Denmark,2006,sp,m,65+,8,Smear Positive
Denmark,2006,sp,f,0-14,1,Smear Positive
Denmark,2006,sp,f,15-24,6,Smear Positive
Denmark,2006,sp,f,25-34,12,Smear Positive
Denmark,2006,sp,f,35-44,9,Smear Positive
Denmark,2006,sp,f,45-54,5,Smear Positive
Denmark,2006,sp,f,55-64,5,Smear Positive
Denmark,2006,sp,f,65+,4,Smear Positive
Denmark,2006,sn,m,0-14,9,Smear Negative
Denmark,2006,sn,m,15-24,14,Smear Negative
Denmark,2006,sn,m,25-34,8,Smear Negative
Denmark,2006,sn,m,35-44,17,Smear Negative
Denmark,2006,sn,m,45-54,13,Smear Negative
Denmark,2006,sn,m,55-64,6,Smear Negative
Denmark,2006,sn,m,65+,8,Smear Negative
Denmark,2006,sn,f,0-14,4,Smear Negative
Denmark,2006,sn,f,15-24,9,Smear Negative
Denmark,2006,sn,f,25-34,7,Smear Negative
Denmark,2006,sn,f,35-44,13,Smear Negative
Denmark,2006,sn,f,45-54,7,Smear Negative
Denmark,2006,sn,f,55-64,4,Smear Negative
Denmark,2006,sn,f,65+,4,Smear Negative
Denmark,2006,ep,m,0-14,3,Extrapulmonary
Denmark,2006,ep,m,15-24,12,Extrapulmonary
Denmark,2006,ep,m,25-34,9,Extrapulmonary
Denmark,2006,ep,m,35-44,10,Extrapulmonary
Denmark,2006,ep,m,45-54,6,Extrapulmonary
Denmark,2006,ep,m,55-64,1,Extrapulmonary
Denmark,2006,ep,m,65+,7,Extrapulmonary
Denmark,2006,ep,f,0-14,5,Extrapulmonary
Denmark,2006,ep,f,15-24,8,Extrapulmonary
Denmark,2006,ep,f,25-34,7,Extrapulmonary
Denmark,2006,ep,f,35-44,10,Extrapulmonary
Denmark,2006,ep,f,45-54,6,Extrapulmonary
Denmark,2006,ep,f,55-64,2,Extrapulmonary
Denmark,2006,ep,f,65+,9,Extrapulmonary
Denmark,2007,sp,m,0-14,0,Smear Positive
Denmark,2007,sp,m,15-24,6,Smear Positive
Denmark,2007,sp,m,25-34,12,Smear Positive
Denmark,2007,sp,m,35-44,20,Smear Positive
Denmark,2007,sp,m,45-54,29,Smear Positive
Denmark,2007,sp,m,55-64,16,Smear Positive
Denmark,2007,sp,m,65+,6,Smear Positive
Denmark,2007,sp,f,0-14,1,Smear Positive
Denmark,2007,sp,f,15-24,8,Smear Positive
Denmark,2007,sp,f,25-34,12,Smear Positive
Denmark,2007,sp,f,35-44,8,Smear Positive
Denmark,2007,sp,f,45-54,4,Smear Positive
Denmark,2007,sp,f,55-64,5,Smear Positive
Denmark,2007,sp,f,65+,8,Smear Positive
Denmark,2007,sn,m,0-14,9,Smear Negative
Denmark,2007,sn,m,15-24,13,Smear Negative
Denmark,2007,sn,m,25-34,14,Smear Negative
Denmark,2007,sn,m,35-44,10,Smear Negative
Denmark,2007,sn,m,45-54,17,Smear Negative
Denmark,2007,sn,m,55-64,6,Smear Negative
Denmark,2007,sn,m,65+,8,Smear Negative
Denmark,2007,sn,f,0-14,8,Smear Negative
Denmark,2007,sn,f,15-24,10,Smear Negative
Denmark,2007,sn,f,25-34,13,Smear Negative
Denmark,2007,sn,f,35-44,6,Smear Negative
Denmark,2007,sn,f,45-54,7,Smear Negative
Denmark,2007,sn,f,55-64,10,Smear Negative
Denmark,2007,sn,f,65+,6,Smear Negative
Denmark,2007,ep,m,0-14,1,Extrapulmonary
Denmark,2007,ep,m,15-24,10,Extrapulmonary
Denmark,2007,ep,m,25-34,10,Extrapulmonary
Denmark,2007,ep,m,35-44,10,Extrapulmonary
Denmark,2007,ep,m,45-54,5,Extrapulmonary
Denmark,2007,ep,m,55-64,3,Extrapulmonary
Denmark,2007,ep,m,65+,2,Extrapulmonary
Denmark,2007,ep,f,0-14,6,Extrapulmonary
Denmark,2007,ep,f,15-24,6,Extrapulmonary
Denmark,2007,ep,f,25-34,16,Extrapulmonary
Denmark,2007,ep,f,35-44,4,Extrapulmonary
Denmark,2007,ep,f,45-54,4,Extrapulmonary
Denmark,2007,ep,f,55-64,2,Extrapulmonary
Denmark,2007,ep,f,65+,4,Extrapulmonary
Denmark,2008,sp,m,0-14,0,Smear Positive
Denmark,2008,sp,m,15-24,8,Smear Positive
Denmark,2008,sp,m,25-34,15,Smear Positive
Denmark,2008,sp,m,35-44,9,Smear Positive
Denmark,2008,sp,m,45-54,24,Smear Positive
Denmark,2008,sp,m,55-64,10,Smear Positive
Denmark,2008,sp,m,65+,8,Smear Positive
Denmark,2008,sp,f,0-14,2,Smear Positive
Denmark,2008,sp,f,15-24,5,Smear Positive
Denmark,2008,sp,f,25-34,7,Smear Positive
Denmark,2008,sp,f,35-44,5,Smear Positive
Denmark,2008,sp,f,45-54,8,Smear Positive
Denmark,2008,sp,f,55-64,4,Smear Positive
Denmark,2008,sp,f,65+,1,Smear Positive
Denmark,2008,sn,m,0-14,7,Smear Negative
Denmark,2008,sn,m,15-24,12,Smear Negative
Denmark,2008,sn,m,25-34,13,Smear Negative
Denmark,2008,sn,m,35-44,16,Smear Negative
Denmark,2008,sn,m,45-54,12,Smear Negative
Denmark,2008,sn,m,55-64,9,Smear Negative
Denmark,2008,sn,m,65+,11,Smear Negative
Denmark,2008,sn,f,0-14,9,Smear Negative
Denmark,2008,sn,f,15-24,7,Smear Negative
Denmark,2008,sn,f,25-34,4,Smear Negative
Denmark,2008,sn,f,35-44,9,Smear Negative
Denmark,2008,sn,f,45-54,13,Smear Negative
Denmark,2008,sn,f,55-64,6,Smear Negative
Denmark,2008,sn,f,65+,12,Smear Negative
Denmark,2008,ep,m,0-14,2,Extrapulmonary
Denmark,2008,ep,m,15-24,7,Extrapulmonary
Denmark,2008,ep,m,25-34,12,Extrapulmonary
Denmark,2008,ep,m,35-44,9,Extrapulmonary
Denmark,2008,ep,m,45-54,5,Extrapulmonary
Denmark,2008,ep,m,55-64,4,Extrapulmonary
Denmark,2008,ep,m,65+,5,Extrapulmonary
Denmark,2008,ep,f,0-14,1,Extrapulmonary
Denmark,2008,ep,f,15-24,3,Extrapulmonary
Denmark,2008,ep,f,25-34,13,Extrapulmonary
Denmark,2008,ep,f,35-44,12,Extrapulmonary
Denmark,2008,ep,f,45-54,4,Extrapulmonary
Denmark,2008,ep,f,55-64,2,Extrapulmonary
Denmark,2008,ep,f,65+,4,Extrapulmonary
Denmark,2009,sp,m,0-14,0,Smear Positive
Denmark,2009,sp,m,15-24,7,Smear Positive
Denmark,2009,sp,m,25-34,7,Smear Positive
Denmark,2009,sp,m,35-44,13,Smear Positive
Denmark,2009,sp,m,45-54,15,Smear Positive
Denmark,2009,sp,m,55-64,12,Smear Positive
Denmark,2009,sp,m,65+,5,Smear Positive
Denmark,2009,sp,f,0-14,2,Smear Positive
Denmark,2009,sp,f,15-24,7,Smear Positive
Denmark,2009,sp,f,25-34,16,Smear Positive
Denmark,2009,sp,f,35-44,7,Smear Positive
Denmark,2009,sp,f,45-54,8,Smear Positive
Denmark,2009,sp,f,55-64,2,Smear Positive
Denmark,2009,sp,f,65+,1,Smear Positive
Denmark,2009,sn,m,0-14,10,Smear Negative
Denmark,2009,sn,m,15-24,7,Smear Negative
Denmark,2009,sn,m,25-34,9,Smear Negative
Denmark,2009,sn,m,35-44,17,Smear Negative
Denmark,2009,sn,m,45-54,18,Smear Negative
Denmark,2009,sn,m,55-64,6,Smear Negative
Denmark,2009,sn,m,65+,11,Smear Negative
Denmark,2009,sn,f,0-14,5,Smear Negative
Denmark,2009,sn,f,15-24,8,Smear Negative
Denmark,2009,sn,f,25-34,12,Smear Negative
Denmark,2009,sn,f,35-44,4,Smear Negative
Denmark,2009,sn,f,45-54,9,Smear Negative
Denmark,2009,sn,f,55-64,3,Smear Negative
Denmark,2009,sn,f,65+,6,Smear Negative
Denmark,2009,ep,m,0-14,0,Extrapulmonary
Denmark,2009,ep,m,15-24,6,Extrapulmonary
Denmark,2009,ep,m,25-34,13,Extrapulmonary
Denmark,2009,ep,m,35-44,4,Extrapulmonary
Denmark,2009,ep,m,45-54,5,Extrapulmonary
Denmark,2009,ep,m,55-64,1,Extrapulmonary
Denmark,2009,ep,m,65+,3,Extrapulmonary
Denmark,2009,ep,f,0-14,4,Extrapulmonary
Denmark,2009,ep,f,15-24,8,Extrapulmonary
Denmark,2009,ep,f,25-34,5,Extrapulmonary
Denmark,2009,ep,f,35-44,8,Extrapulmonary
Denmark,2009,ep,f,45-54,3,Extrapulmonary
Denmark,2009,ep,f,55-64,2,Extrapulmonary
Denmark,2009,ep,f,65+,1,Extrapulmonary
Denmark,2010,sp,m,0-14,0,Smear Positive
Denmark,2010,sp,m,15-24,8,Smear Positive
Denmark,2010,sp,m,25-34,22,Smear Positive
Denmark,2010,sp,m,35-44,10,Smear Positive
Denmark,2010,sp,m,45-54,13,Smear Positive
Denmark,2010,sp,m,55-64,16,Smear Positive
Denmark,2010,sp,m,65+,2,Smear Positive
Denmark,2010,sp,f,0-14,0,Smear Positive
Denmark,2010,sp,f,15-24,4,Smear Positive
Denmark,2010,sp,f,25-34,6,Smear Positive
Denmark,2010,sp,f,35-44,15,Smear Positive
Denmark,2010,sp,f,45-54,8,Smear Positive
Denmark,2010,sp,f,55-64,9,Smear Positive
Denmark,2010,sp,f,65+,4,Smear Positive
Denmark,2010,sn,m,0-14,5,Smear Negative
Denmark,2010,sn,m,15-24,5,Smear Negative
Denmark,2010,sn,m,25-34,14,Smear Negative
Denmark,2010,sn,m,35-44,12,Smear Negative
Denmark,2010,sn,m,45-54,11,Smear Negative
Denmark,2010,sn,m,55-64,6,Smear Negative
Denmark,2010,sn,m,65+,5,Smear Negative
Denmark,2010,sn,f,0-14,3,Smear Negative
Denmark,2010,sn,f,15-24,3,Smear Negative
Denmark,2010,sn,f,25-34,9,Smear Negative
Denmark,2010,sn,f,35-44,11,Smear Negative
Denmark,2010,sn,f,45-54,14,Smear Negative
Denmark,2010,sn,f,55-64,3,Smear Negative
Denmark,2010,sn,f,65+,5,Smear Negative
Denmark,2010,ep,m,0-14,0,Extrapulmonary
Denmark,2010,ep,m,15-24,2,Extrapulmonary
Denmark,2010,ep,m,25-34,9,Extrapulmonary
Denmark,2010,ep,m,35-44,5,Extrapulmonary
Denmark,2010,ep,m,45-54,2,Extrapulmonary
Denmark,2010,ep,m,55-64,1,Extrapulmonary
Denmark,2010,ep,m,65+,3,Extrapulmonary
Denmark,2010,ep,f,0-14,1,Extrapulmonary
Denmark,2010,ep,f,15-24,0,Extrapulmonary
Denmark,2010,ep,f,25-34,5,Extrapulmonary
Denmark,2010,ep,f,35-44,5,Extrapulmonary
Denmark,2010,ep,f,45-54,2,Extrapulmonary
Denmark,2010,ep,f,55-64,2,Extrapulmonary
Denmark,2010,ep,f,65+,4,Extrapulmonary
Denmark,2011,sp,m,0-14,0,Smear Positive
Denmark,2011,sp,m,15-24,5,Smear Positive
Denmark,2011,sp,m,25-34,14,Smear Positive
Denmark,2011,sp,m,35-44,18,Smear Positive
Denmark,2011,sp,m,45-54,32,Smear Positive
Denmark,2011,sp,m,55-64,16,Smear Positive
Denmark,2011,sp,m,65+,4,Smear Positive
Denmark,2011,sp,f,0-14,0,Smear Positive
Denmark,2011,sp,f,15-24,5,Smear Positive
Denmark,2011,sp,f,25-34,5,Smear Positive
Denmark,2011,sp,f,35-44,9,Smear Positive
Denmark,2011,sp,f,45-54,7,Smear Positive
Denmark,2011,sp,f,55-64,2,Smear Positive
Denmark,2011,sp,f,65+,7,Smear Positive
Denmark,2011,sn,m,0-14,2,Smear Negative
Denmark,2011,sn,m,15-24,4,Smear Negative
Denmark,2011,sn,m,25-34,11,Smear Negative
Denmark,2011,sn,m,35-44,9,Smear Negative
Denmark,2011,sn,m,45-54,13,Smear Negative
Denmark,2011,sn,m,55-64,5,Smear Negative
Denmark,2011,sn,m,65+,10,Smear Negative
Denmark,2011,sn,f,0-14,5,Smear Negative
Denmark,2011,sn,f,15-24,4,Smear Negative
Denmark,2011,sn,f,25-34,4,Smear Negative
Denmark,2011,sn,f,35-44,7,Smear Negative
Denmark,2011,sn,f,45-54,11,Smear Negative
Denmark,2011,sn,f,55-64,8,Smear Negative
Denmark,2011,sn,f,65+,7,Smear Negative
Denmark,2011,ep,m,0-14,2,Extrapulmonary
Denmark,2011,ep,m,15-24,3,Extrapulmonary
Denmark,2011,ep,m,25-34,6,Extrapulmonary
Denmark,2011,ep,m,35-44,8,Extrapulmonary
Denmark,2011,ep,m,45-54,3,Extrapulmonary
Denmark,2011,ep,m,55-64,2,Extrapulmonary
Denmark,2011,ep,m,65+,0,Extrapulmonary
Denmark,2011,ep,f,0-14,1,Extrapulmonary
Denmark,2011,ep,f,15-24,4,Extrapulmonary
Denmark,2011,ep,f,25-34,7,Extrapulmonary
Denmark,2011,ep,f,35-44,6,Extrapulmonary
Denmark,2011,ep,f,45-54,1,Extrapulmonary
Denmark,2011,ep,f,55-64,0,Extrapulmonary
Denmark,2011,ep,f,65+,2,Extrapulmonary
Denmark,2012,sp,m,0-14,0,Smear Positive
Denmark,2012,sp,m,15-24,7,Smear Positive
Denmark,2012,sp,m,25-34,9,Smear Positive
Denmark,2012,sp,m,35-44,25,Smear Positive
Denmark,2012,sp,m,45-54,19,Smear Positive
Denmark,2012,sp,m,55-64,15,Smear Positive
Denmark,2012,sp,m,65+,6,Smear Positive
Denmark,2012,sp,f,0-14,3,Smear Positive
Denmark,2012,sp,f,15-24,2,Smear Positive
Denmark,2012,sp,f,25-34,7,Smear Positive
Denmark,2012,sp,f,35-44,3,Smear Positive
Denmark,2012,sp,f,45-54,7,Smear Positive
Denmark,2012,sp,f,55-64,3,Smear Positive
Denmark,2012,sp,f,65+,1,Smear Positive
Denmark,2012,sn,m,0-14,6,Smear Negative
Denmark,2012,sn,m,15-24,10,Smear Negative
Denmark,2012,sn,m,25-34,17,Smear Negative
Denmark,2012,sn,m,35-44,10,Smear Negative
Denmark,2012,sn,m,45-54,27,Smear Negative
Denmark,2012,sn,m,55-64,17,Smear Negative
Denmark,2012,sn,m,65+,11,Smear Negative
Denmark,2012,sn,f,0-14,7,Smear Negative
Denmark,2012,sn,f,15-24,7,Smear Negative
Denmark,2012,sn,f,25-34,11,Smear Negative
Denmark,2012,sn,f,35-44,5,Smear Negative
Denmark,2012,sn,f,45-54,10,Smear Negative
Denmark,2012,sn,f,55-64,11,Smear Negative
Denmark,2012,sn,f,65+,7,Smear Negative
Denmark,2012,ep,m,0-14,0,Extrapulmonary
Denmark,2012,ep,m,15-24,4,Extrapulmonary
Denmark,2012,ep,m,25-34,12,Extrapulmonary
Denmark,2012,ep,m,35-44,8,Extrapulmonary
Denmark,2012,ep,m,45-54,4,Extrapulmonary
Denmark,2012,ep,m,55-64,8,Extrapulmonary
Denmark,2012,ep,m,65+,1,Extrapulmonary
Denmark,2012,ep,f,0-14,1,Extrapulmonary
Denmark,2012,ep,f,15-24,6,Extrapulmonary
Denmark,2012,ep,f,25-34,13,Extrapulmonary
Denmark,2012,ep,f,35-44,7,Extrapulmonary
Denmark,2012,ep,f,45-54,4,Extrapulmonary
Denmark,2012,ep,f,55-64,5,Extrapulmonary
Denmark,2012,ep,f,65+,1,Extrapulmonary
Denmark,2013,rel,m,0-14,14,Relapse
Denmark,2013,rel,m,15-24,30,Relapse
Denmark,2013,rel,m,25-34,42,Relapse
Denmark,2013,rel,m,35-44,37,Relapse
Denmark,2013,rel,m,45-54,51,Relapse
Denmark,2013,rel,m,55-64,26,Relapse
Denmark,2013,rel,m,65+,17,Relapse
Denmark,2013,rel,f,0-14,8,Relapse
Denmark,2013,rel,f,15-24,9,Relapse
Denmark,2013,rel,f,25-34,27,Relapse
Denmark,2013,rel,f,35-44,17,Relapse
Denmark,2013,rel,f,45-54,26,Relapse
Denmark,2013,rel,f,55-64,20,Relapse
Denmark,2013,rel,f,65+,6,Relapse
Djibouti,1996,sp,m,0-14,30,Smear Positive
Djibouti,1996,sp,m,15-24,421,Smear Positive
Djibouti,1996,sp,m,25-34,429,Smear Positive
Djibouti,1996,sp,m,35-44,139,Smear Positive
Djibouti,1996,sp,m,45-54,77,Smear Positive
Djibouti,1996,sp,m,55-64,52,Smear Positive
Djibouti,1996,sp,m,65+,27,Smear Positive
Djibouti,1996,sp,f,0-14,31,Smear Positive
Djibouti,1996,sp,f,15-24,247,Smear Positive
Djibouti,1996,sp,f,25-34,212,Smear Positive
Djibouti,1996,sp,f,35-44,67,Smear Positive
Djibouti,1996,sp,f,45-54,38,Smear Positive
Djibouti,1996,sp,f,55-64,21,Smear Positive
Djibouti,1996,sp,f,65+,5,Smear Positive
Djibouti,1997,sp,m,0-14,52,Smear Positive
Djibouti,1997,sp,m,15-24,428,Smear Positive
Djibouti,1997,sp,m,25-34,442,Smear Positive
Djibouti,1997,sp,m,35-44,167,Smear Positive
Djibouti,1997,sp,m,45-54,115,Smear Positive
Djibouti,1997,sp,m,55-64,66,Smear Positive
Djibouti,1997,sp,m,65+,23,Smear Positive
Djibouti,1997,sp,f,0-14,51,Smear Positive
Djibouti,1997,sp,f,15-24,202,Smear Positive
Djibouti,1997,sp,f,25-34,225,Smear Positive
Djibouti,1997,sp,f,35-44,75,Smear Positive
Djibouti,1997,sp,f,45-54,38,Smear Positive
Djibouti,1997,sp,f,55-64,17,Smear Positive
Djibouti,1997,sp,f,65+,4,Smear Positive
Djibouti,1998,sp,m,0-14,23,Smear Positive
Djibouti,1998,sp,m,15-24,348,Smear Positive
Djibouti,1998,sp,m,25-34,396,Smear Positive
Djibouti,1998,sp,m,35-44,191,Smear Positive
Djibouti,1998,sp,m,45-54,81,Smear Positive
Djibouti,1998,sp,m,55-64,57,Smear Positive
Djibouti,1998,sp,m,65+,23,Smear Positive
Djibouti,1998,sp,f,0-14,28,Smear Positive
Djibouti,1998,sp,f,15-24,208,Smear Positive
Djibouti,1998,sp,f,25-34,197,Smear Positive
Djibouti,1998,sp,f,35-44,76,Smear Positive
Djibouti,1998,sp,f,45-54,43,Smear Positive
Djibouti,1998,sp,f,55-64,17,Smear Positive
Djibouti,1998,sp,f,65+,9,Smear Positive
Djibouti,1999,sp,m,0-14,25,Smear Positive
Djibouti,1999,sp,m,15-24,348,Smear Positive
Djibouti,1999,sp,m,25-34,371,Smear Positive
Djibouti,1999,sp,m,35-44,159,Smear Positive
Djibouti,1999,sp,m,45-54,87,Smear Positive
Djibouti,1999,sp,m,55-64,67,Smear Positive
Djibouti,1999,sp,m,65+,22,Smear Positive
Djibouti,1999,sp,f,0-14,20,Smear Positive
Djibouti,1999,sp,f,15-24,158,Smear Positive
Djibouti,1999,sp,f,25-34,168,Smear Positive
Djibouti,1999,sp,f,35-44,84,Smear Positive
Djibouti,1999,sp,f,45-54,38,Smear Positive
Djibouti,1999,sp,f,55-64,20,Smear Positive
Djibouti,1999,sp,f,65+,3,Smear Positive
Djibouti,2000,sp,m,0-14,17,Smear Positive
Djibouti,2000,sp,m,15-24,302,Smear Positive
Djibouti,2000,sp,m,25-34,347,Smear Positive
Djibouti,2000,sp,m,35-44,139,Smear Positive
Djibouti,2000,sp,m,45-54,67,Smear Positive
Djibouti,2000,sp,m,55-64,60,Smear Positive
Djibouti,2000,sp,m,65+,42,Smear Positive
Djibouti,2000,sp,f,0-14,12,Smear Positive
Djibouti,2000,sp,f,15-24,147,Smear Positive
Djibouti,2000,sp,f,25-34,156,Smear Positive
Djibouti,2000,sp,f,35-44,47,Smear Positive
Djibouti,2000,sp,f,45-54,31,Smear Positive
Djibouti,2000,sp,f,55-64,17,Smear Positive
Djibouti,2000,sp,f,65+,10,Smear Positive
Djibouti,2001,sp,m,0-14,17,Smear Positive
Djibouti,2001,sp,m,15-24,267,Smear Positive
Djibouti,2001,sp,m,25-34,331,Smear Positive
Djibouti,2001,sp,m,35-44,125,Smear Positive
Djibouti,2001,sp,m,45-54,65,Smear Positive
Djibouti,2001,sp,m,55-64,51,Smear Positive
Djibouti,2001,sp,m,65+,23,Smear Positive
Djibouti,2001,sp,f,0-14,17,Smear Positive
Djibouti,2001,sp,f,15-24,156,Smear Positive
Djibouti,2001,sp,f,25-34,134,Smear Positive
Djibouti,2001,sp,f,35-44,59,Smear Positive
Djibouti,2001,sp,f,45-54,44,Smear Positive
Djibouti,2001,sp,f,55-64,15,Smear Positive
Djibouti,2001,sp,f,65+,8,Smear Positive
Djibouti,2002,sp,m,0-14,20,Smear Positive
Djibouti,2002,sp,m,15-24,256,Smear Positive
Djibouti,2002,sp,m,25-34,320,Smear Positive
Djibouti,2002,sp,m,35-44,124,Smear Positive
Djibouti,2002,sp,m,45-54,58,Smear Positive
Djibouti,2002,sp,m,55-64,55,Smear Positive
Djibouti,2002,sp,m,65+,25,Smear Positive
Djibouti,2002,sp,f,0-14,18,Smear Positive
Djibouti,2002,sp,f,15-24,142,Smear Positive
Djibouti,2002,sp,f,25-34,136,Smear Positive
Djibouti,2002,sp,f,35-44,48,Smear Positive
Djibouti,2002,sp,f,45-54,28,Smear Positive
Djibouti,2002,sp,f,55-64,19,Smear Positive
Djibouti,2002,sp,f,65+,4,Smear Positive
Djibouti,2003,sp,m,0-14,10,Smear Positive
Djibouti,2003,sp,m,15-24,222,Smear Positive
Djibouti,2003,sp,m,25-34,288,Smear Positive
Djibouti,2003,sp,m,35-44,132,Smear Positive
Djibouti,2003,sp,m,45-54,76,Smear Positive
Djibouti,2003,sp,m,55-64,42,Smear Positive
Djibouti,2003,sp,m,65+,24,Smear Positive
Djibouti,2003,sp,f,0-14,19,Smear Positive
Djibouti,2003,sp,f,15-24,127,Smear Positive
Djibouti,2003,sp,f,25-34,123,Smear Positive
Djibouti,2003,sp,f,35-44,55,Smear Positive
Djibouti,2003,sp,f,45-54,38,Smear Positive
Djibouti,2003,sp,f,55-64,28,Smear Positive
Djibouti,2003,sp,f,65+,8,Smear Positive
Djibouti,2004,sp,m,0-14,19,Smear Positive
Djibouti,2004,sp,m,15-24,217,Smear Positive
Djibouti,2004,sp,m,25-34,225,Smear Positive
Djibouti,2004,sp,m,35-44,142,Smear Positive
Djibouti,2004,sp,m,45-54,68,Smear Positive
Djibouti,2004,sp,m,55-64,38,Smear Positive
Djibouti,2004,sp,m,65+,28,Smear Positive
Djibouti,2004,sp,f,0-14,16,Smear Positive
Djibouti,2004,sp,f,15-24,111,Smear Positive
Djibouti,2004,sp,f,25-34,115,Smear Positive
Djibouti,2004,sp,f,35-44,49,Smear Positive
Djibouti,2004,sp,f,45-54,23,Smear Positive
Djibouti,2004,sp,f,55-64,25,Smear Positive
Djibouti,2004,sp,f,65+,10,Smear Positive
Djibouti,2005,sp,m,0-14,18,Smear Positive
Djibouti,2005,sp,m,15-24,220,Smear Positive
Djibouti,2005,sp,m,25-34,252,Smear Positive
Djibouti,2005,sp,m,35-44,119,Smear Positive
Djibouti,2005,sp,m,45-54,62,Smear Positive
Djibouti,2005,sp,m,55-64,47,Smear Positive
Djibouti,2005,sp,m,65+,29,Smear Positive
Djibouti,2005,sp,f,0-14,23,Smear Positive
Djibouti,2005,sp,f,15-24,123,Smear Positive
Djibouti,2005,sp,f,25-34,117,Smear Positive
Djibouti,2005,sp,f,35-44,66,Smear Positive
Djibouti,2005,sp,f,45-54,23,Smear Positive
Djibouti,2005,sp,f,55-64,13,Smear Positive
Djibouti,2005,sp,f,65+,8,Smear Positive
Djibouti,2006,sp,m,0-14,14,Smear Positive
Djibouti,2006,sp,m,15-24,225,Smear Positive
Djibouti,2006,sp,m,25-34,246,Smear Positive
Djibouti,2006,sp,m,35-44,165,Smear Positive
Djibouti,2006,sp,m,45-54,63,Smear Positive
Djibouti,2006,sp,m,55-64,33,Smear Positive
Djibouti,2006,sp,m,65+,20,Smear Positive
Djibouti,2006,sp,f,0-14,24,Smear Positive
Djibouti,2006,sp,f,15-24,117,Smear Positive
Djibouti,2006,sp,f,25-34,129,Smear Positive
Djibouti,2006,sp,f,35-44,59,Smear Positive
Djibouti,2006,sp,f,45-54,35,Smear Positive
Djibouti,2006,sp,f,55-64,18,Smear Positive
Djibouti,2006,sp,f,65+,5,Smear Positive
Djibouti,2007,sp,m,0-14,14,Smear Positive
Djibouti,2007,sp,m,15-24,241,Smear Positive
Djibouti,2007,sp,m,25-34,264,Smear Positive
Djibouti,2007,sp,m,35-44,142,Smear Positive
Djibouti,2007,sp,m,45-54,83,Smear Positive
Djibouti,2007,sp,m,55-64,44,Smear Positive
Djibouti,2007,sp,m,65+,23,Smear Positive
Djibouti,2007,sp,f,0-14,8,Smear Positive
Djibouti,2007,sp,f,15-24,129,Smear Positive
Djibouti,2007,sp,f,25-34,131,Smear Positive
Djibouti,2007,sp,f,35-44,62,Smear Positive
Djibouti,2007,sp,f,45-54,35,Smear Positive
Djibouti,2007,sp,f,55-64,14,Smear Positive
Djibouti,2007,sp,f,65+,18,Smear Positive
Djibouti,2007,sn,m,0-14,5,Smear Negative
Djibouti,2007,sn,m,15-24,49,Smear Negative
Djibouti,2007,sn,m,25-34,31,Smear Negative
Djibouti,2007,sn,m,35-44,18,Smear Negative
Djibouti,2007,sn,m,45-54,11,Smear Negative
Djibouti,2007,sn,m,55-64,5,Smear Negative
Djibouti,2007,sn,m,65+,10,Smear Negative
Djibouti,2007,sn,f,0-14,6,Smear Negative
Djibouti,2007,sn,f,15-24,42,Smear Negative
Djibouti,2007,sn,f,25-34,44,Smear Negative
Djibouti,2007,sn,f,35-44,36,Smear Negative
Djibouti,2007,sn,f,45-54,11,Smear Negative
Djibouti,2007,sn,f,55-64,13,Smear Negative
Djibouti,2007,sn,f,65+,8,Smear Negative
Djibouti,2007,ep,m,0-14,260,Extrapulmonary
Djibouti,2007,ep,m,15-24,143,Extrapulmonary
Djibouti,2007,ep,m,25-34,134,Extrapulmonary
Djibouti,2007,ep,m,35-44,80,Extrapulmonary
Djibouti,2007,ep,m,45-54,33,Extrapulmonary
Djibouti,2007,ep,m,55-64,20,Extrapulmonary
Djibouti,2007,ep,m,65+,12,Extrapulmonary
Djibouti,2007,ep,f,0-14,229,Extrapulmonary
Djibouti,2007,ep,f,15-24,124,Extrapulmonary
Djibouti,2007,ep,f,25-34,130,Extrapulmonary
Djibouti,2007,ep,f,35-44,72,Extrapulmonary
Djibouti,2007,ep,f,45-54,52,Extrapulmonary
Djibouti,2007,ep,f,55-64,24,Extrapulmonary
Djibouti,2007,ep,f,65+,16,Extrapulmonary
Djibouti,2008,sp,m,0-14,17,Smear Positive
Djibouti,2008,sp,m,15-24,232,Smear Positive
Djibouti,2008,sp,m,25-34,275,Smear Positive
Djibouti,2008,sp,m,35-44,180,Smear Positive
Djibouti,2008,sp,m,45-54,93,Smear Positive
Djibouti,2008,sp,m,55-64,56,Smear Positive
Djibouti,2008,sp,m,65+,46,Smear Positive
Djibouti,2008,sp,f,0-14,22,Smear Positive
Djibouti,2008,sp,f,15-24,138,Smear Positive
Djibouti,2008,sp,f,25-34,159,Smear Positive
Djibouti,2008,sp,f,35-44,79,Smear Positive
Djibouti,2008,sp,f,45-54,53,Smear Positive
Djibouti,2008,sp,f,55-64,15,Smear Positive
Djibouti,2008,sp,f,65+,10,Smear Positive
Djibouti,2009,sp,m,0-14,18,Smear Positive
Djibouti,2009,sp,m,15-24,230,Smear Positive
Djibouti,2009,sp,m,25-34,295,Smear Positive
Djibouti,2009,sp,m,35-44,183,Smear Positive
Djibouti,2009,sp,m,45-54,90,Smear Positive
Djibouti,2009,sp,m,55-64,49,Smear Positive
Djibouti,2009,sp,m,65+,24,Smear Positive
Djibouti,2009,sp,f,0-14,18,Smear Positive
Djibouti,2009,sp,f,15-24,139,Smear Positive
Djibouti,2009,sp,f,25-34,154,Smear Positive
Djibouti,2009,sp,f,35-44,85,Smear Positive
Djibouti,2009,sp,f,45-54,52,Smear Positive
Djibouti,2009,sp,f,55-64,29,Smear Positive
Djibouti,2009,sp,f,65+,11,Smear Positive
Djibouti,2010,sp,m,0-14,28,Smear Positive
Djibouti,2010,sp,m,15-24,211,Smear Positive
Djibouti,2010,sp,m,25-34,243,Smear Positive
Djibouti,2010,sp,m,35-44,151,Smear Positive
Djibouti,2010,sp,m,45-54,67,Smear Positive
Djibouti,2010,sp,m,55-64,49,Smear Positive
Djibouti,2010,sp,m,65+,20,Smear Positive
Djibouti,2010,sp,f,0-14,20,Smear Positive
Djibouti,2010,sp,f,15-24,104,Smear Positive
Djibouti,2010,sp,f,25-34,120,Smear Positive
Djibouti,2010,sp,f,35-44,89,Smear Positive
Djibouti,2010,sp,f,45-54,36,Smear Positive
Djibouti,2010,sp,f,55-64,24,Smear Positive
Djibouti,2010,sp,f,65+,19,Smear Positive
Djibouti,2011,sp,m,0-14,35,Smear Positive
Djibouti,2011,sp,m,15-24,212,Smear Positive
Djibouti,2011,sp,m,25-34,265,Smear Positive
Djibouti,2011,sp,m,35-44,149,Smear Positive
Djibouti,2011,sp,m,45-54,97,Smear Positive
Djibouti,2011,sp,m,55-64,45,Smear Positive
Djibouti,2011,sp,m,65+,33,Smear Positive
Djibouti,2011,sp,f,0-14,31,Smear Positive
Djibouti,2011,sp,f,15-24,139,Smear Positive
Djibouti,2011,sp,f,25-34,118,Smear Positive
Djibouti,2011,sp,f,35-44,104,Smear Positive
Djibouti,2011,sp,f,45-54,57,Smear Positive
Djibouti,2011,sp,f,55-64,30,Smear Positive
Djibouti,2011,sp,f,65+,21,Smear Positive
Djibouti,2012,sp,m,0-14,22,Smear Positive
Djibouti,2012,sp,m,15-24,208,Smear Positive
Djibouti,2012,sp,m,25-34,240,Smear Positive
Djibouti,2012,sp,m,35-44,147,Smear Positive
Djibouti,2012,sp,m,45-54,81,Smear Positive
Djibouti,2012,sp,m,55-64,47,Smear Positive
Djibouti,2012,sp,m,65+,26,Smear Positive
Djibouti,2012,sp,f,0-14,20,Smear Positive
Djibouti,2012,sp,f,15-24,132,Smear Positive
Djibouti,2012,sp,f,25-34,94,Smear Positive
Djibouti,2012,sp,f,35-44,73,Smear Positive
Djibouti,2012,sp,f,45-54,36,Smear Positive
Djibouti,2012,sp,f,55-64,26,Smear Positive
Djibouti,2012,sp,f,65+,18,Smear Positive
Djibouti,2013,rel,m,0-14,24,Relapse
Djibouti,2013,rel,m,15-24,202,Relapse
Djibouti,2013,rel,m,25-34,215,Relapse
Djibouti,2013,rel,m,35-44,137,Relapse
Djibouti,2013,rel,m,45-54,73,Relapse
Djibouti,2013,rel,m,55-64,46,Relapse
Djibouti,2013,rel,m,65+,35,Relapse
Djibouti,2013,rel,f,0-14,21,Relapse
Djibouti,2013,rel,f,15-24,130,Relapse
Djibouti,2013,rel,f,25-34,113,Relapse
Djibouti,2013,rel,f,35-44,55,Relapse
Djibouti,2013,rel,f,45-54,59,Relapse
Djibouti,2013,rel,f,55-64,23,Relapse
Djibouti,2013,rel,f,65+,17,Relapse
Dominica,1996,sp,m,0-14,0,Smear Positive
Dominica,1996,sp,m,15-24,0,Smear Positive
Dominica,1996,sp,m,25-34,1,Smear Positive
Dominica,1996,sp,m,35-44,2,Smear Positive
Dominica,1996,sp,m,45-54,1,Smear Positive
Dominica,1996,sp,m,55-64,1,Smear Positive
Dominica,1996,sp,m,65+,0,Smear Positive
Dominica,1996,sp,f,0-14,0,Smear Positive
Dominica,1996,sp,f,15-24,0,Smear Positive
Dominica,1996,sp,f,25-34,1,Smear Positive
Dominica,1996,sp,f,35-44,0,Smear Positive
Dominica,1996,sp,f,45-54,1,Smear Positive
Dominica,1996,sp,f,55-64,0,Smear Positive
Dominica,1996,sp,f,65+,0,Smear Positive
Dominica,1997,sp,m,0-14,0,Smear Positive
Dominica,1997,sp,m,15-24,0,Smear Positive
Dominica,1997,sp,m,25-34,0,Smear Positive
Dominica,1997,sp,m,35-44,0,Smear Positive
Dominica,1997,sp,m,45-54,1,Smear Positive
Dominica,1997,sp,m,55-64,1,Smear Positive
Dominica,1997,sp,m,65+,1,Smear Positive
Dominica,1997,sp,f,0-14,0,Smear Positive
Dominica,1997,sp,f,15-24,0,Smear Positive
Dominica,1997,sp,f,25-34,0,Smear Positive
Dominica,1997,sp,f,35-44,0,Smear Positive
Dominica,1997,sp,f,45-54,1,Smear Positive
Dominica,1997,sp,f,55-64,1,Smear Positive
Dominica,1997,sp,f,65+,0,Smear Positive
Dominica,1998,sp,m,0-14,0,Smear Positive
Dominica,1998,sp,m,15-24,0,Smear Positive
Dominica,1998,sp,m,25-34,0,Smear Positive
Dominica,1998,sp,m,35-44,0,Smear Positive
Dominica,1998,sp,m,45-54,1,Smear Positive
Dominica,1998,sp,m,55-64,0,Smear Positive
Dominica,1998,sp,m,65+,0,Smear Positive
Dominica,1998,sp,f,0-14,0,Smear Positive
Dominica,1998,sp,f,15-24,2,Smear Positive
Dominica,1998,sp,f,25-34,0,Smear Positive
Dominica,1998,sp,f,35-44,1,Smear Positive
Dominica,1998,sp,f,45-54,0,Smear Positive
Dominica,1998,sp,f,55-64,1,Smear Positive
Dominica,1998,sp,f,65+,0,Smear Positive
Dominica,2002,sp,m,55-64,1,Smear Positive
Dominica,2002,sp,f,35-44,1,Smear Positive
Dominica,2006,sp,m,0-14,0,Smear Positive
Dominica,2006,sp,m,15-24,0,Smear Positive
Dominica,2006,sp,m,25-34,1,Smear Positive
Dominica,2006,sp,m,35-44,1,Smear Positive
Dominica,2006,sp,m,45-54,0,Smear Positive
Dominica,2006,sp,m,55-64,1,Smear Positive
Dominica,2006,sp,m,65+,1,Smear Positive
Dominica,2006,sp,f,0-14,0,Smear Positive
Dominica,2006,sp,f,15-24,1,Smear Positive
Dominica,2006,sp,f,25-34,0,Smear Positive
Dominica,2006,sp,f,35-44,1,Smear Positive
Dominica,2006,sp,f,45-54,1,Smear Positive
Dominica,2006,sp,f,55-64,1,Smear Positive
Dominica,2006,sp,f,65+,0,Smear Positive
Dominica,2006,sn,m,0-14,0,Smear Negative
Dominica,2006,sn,m,15-24,0,Smear Negative
Dominica,2006,sn,m,25-34,0,Smear Negative
Dominica,2006,sn,m,35-44,2,Smear Negative
Dominica,2006,sn,m,45-54,0,Smear Negative
Dominica,2006,sn,m,55-64,0,Smear Negative
Dominica,2006,sn,m,65+,2,Smear Negative
Dominica,2006,sn,f,0-14,0,Smear Negative
Dominica,2006,sn,f,15-24,0,Smear Negative
Dominica,2006,sn,f,25-34,0,Smear Negative
Dominica,2006,sn,f,35-44,3,Smear Negative
Dominica,2006,sn,f,45-54,0,Smear Negative
Dominica,2006,sn,f,55-64,1,Smear Negative
Dominica,2006,sn,f,65+,3,Smear Negative
Dominica,2006,ep,m,0-14,0,Extrapulmonary
Dominica,2006,ep,m,15-24,0,Extrapulmonary
Dominica,2006,ep,m,25-34,0,Extrapulmonary
Dominica,2006,ep,m,35-44,0,Extrapulmonary
Dominica,2006,ep,m,45-54,0,Extrapulmonary
Dominica,2006,ep,m,55-64,0,Extrapulmonary
Dominica,2006,ep,m,65+,0,Extrapulmonary
Dominica,2006,ep,f,0-14,0,Extrapulmonary
Dominica,2006,ep,f,15-24,0,Extrapulmonary
Dominica,2006,ep,f,25-34,0,Extrapulmonary
Dominica,2006,ep,f,35-44,0,Extrapulmonary
Dominica,2006,ep,f,45-54,0,Extrapulmonary
Dominica,2006,ep,f,55-64,0,Extrapulmonary
Dominica,2006,ep,f,65+,0,Extrapulmonary
Dominica,2007,sp,m,0-14,0,Smear Positive
Dominica,2007,sp,m,15-24,0,Smear Positive
Dominica,2007,sp,m,25-34,0,Smear Positive
Dominica,2007,sp,m,35-44,1,Smear Positive
Dominica,2007,sp,m,45-54,0,Smear Positive
Dominica,2007,sp,m,55-64,1,Smear Positive
Dominica,2007,sp,m,65+,0,Smear Positive
Dominica,2007,sp,f,0-14,0,Smear Positive
Dominica,2007,sp,f,15-24,0,Smear Positive
Dominica,2007,sp,f,25-34,0,Smear Positive
Dominica,2007,sp,f,35-44,0,Smear Positive
Dominica,2007,sp,f,45-54,0,Smear Positive
Dominica,2007,sp,f,55-64,1,Smear Positive
Dominica,2007,sp,f,65+,0,Smear Positive
Dominica,2007,sn,m,0-14,0,Smear Negative
Dominica,2007,sn,m,15-24,0,Smear Negative
Dominica,2007,sn,m,25-34,0,Smear Negative
Dominica,2007,sn,m,35-44,0,Smear Negative
Dominica,2007,sn,m,45-54,0,Smear Negative
Dominica,2007,sn,m,55-64,0,Smear Negative
Dominica,2007,sn,m,65+,0,Smear Negative
Dominica,2007,sn,f,0-14,0,Smear Negative
Dominica,2007,sn,f,15-24,0,Smear Negative
Dominica,2007,sn,f,25-34,0,Smear Negative
Dominica,2007,sn,f,35-44,0,Smear Negative
Dominica,2007,sn,f,45-54,0,Smear Negative
Dominica,2007,sn,f,55-64,0,Smear Negative
Dominica,2007,sn,f,65+,0,Smear Negative
Dominica,2007,ep,m,0-14,0,Extrapulmonary
Dominica,2007,ep,m,15-24,0,Extrapulmonary
Dominica,2007,ep,m,25-34,0,Extrapulmonary
Dominica,2007,ep,m,35-44,0,Extrapulmonary
Dominica,2007,ep,m,45-54,0,Extrapulmonary
Dominica,2007,ep,m,55-64,0,Extrapulmonary
Dominica,2007,ep,m,65+,0,Extrapulmonary
Dominica,2007,ep,f,0-14,0,Extrapulmonary
Dominica,2007,ep,f,15-24,0,Extrapulmonary
Dominica,2007,ep,f,25-34,0,Extrapulmonary
Dominica,2007,ep,f,35-44,0,Extrapulmonary
Dominica,2007,ep,f,45-54,0,Extrapulmonary
Dominica,2007,ep,f,55-64,0,Extrapulmonary
Dominica,2007,ep,f,65+,0,Extrapulmonary
Dominica,2008,sp,m,0-14,0,Smear Positive
Dominica,2008,sp,m,15-24,0,Smear Positive
Dominica,2008,sp,m,25-34,0,Smear Positive
Dominica,2008,sp,m,35-44,1,Smear Positive
Dominica,2008,sp,m,45-54,2,Smear Positive
Dominica,2008,sp,m,55-64,0,Smear Positive
Dominica,2008,sp,m,65+,0,Smear Positive
Dominica,2008,sp,f,0-14,0,Smear Positive
Dominica,2008,sp,f,15-24,0,Smear Positive
Dominica,2008,sp,f,25-34,0,Smear Positive
Dominica,2008,sp,f,35-44,0,Smear Positive
Dominica,2008,sp,f,45-54,0,Smear Positive
Dominica,2008,sp,f,55-64,0,Smear Positive
Dominica,2008,sp,f,65+,0,Smear Positive
Dominica,2008,sn,m,0-14,0,Smear Negative
Dominica,2008,sn,m,15-24,0,Smear Negative
Dominica,2008,sn,m,25-34,1,Smear Negative
Dominica,2008,sn,m,35-44,1,Smear Negative
Dominica,2008,sn,m,45-54,5,Smear Negative
Dominica,2008,sn,m,55-64,1,Smear Negative
Dominica,2008,sn,m,65+,1,Smear Negative
Dominica,2008,sn,f,0-14,0,Smear Negative
Dominica,2008,sn,f,15-24,0,Smear Negative
Dominica,2008,sn,f,25-34,0,Smear Negative
Dominica,2008,sn,f,35-44,0,Smear Negative
Dominica,2008,sn,f,45-54,0,Smear Negative
Dominica,2008,sn,f,55-64,0,Smear Negative
Dominica,2008,sn,f,65+,0,Smear Negative
Dominica,2008,ep,m,0-14,0,Extrapulmonary
Dominica,2008,ep,m,15-24,0,Extrapulmonary
Dominica,2008,ep,m,25-34,0,Extrapulmonary
Dominica,2008,ep,m,35-44,0,Extrapulmonary
Dominica,2008,ep,m,45-54,0,Extrapulmonary
Dominica,2008,ep,m,55-64,0,Extrapulmonary
Dominica,2008,ep,m,65+,0,Extrapulmonary
Dominica,2008,ep,f,0-14,0,Extrapulmonary
Dominica,2008,ep,f,15-24,0,Extrapulmonary
Dominica,2008,ep,f,25-34,0,Extrapulmonary
Dominica,2008,ep,f,35-44,0,Extrapulmonary
Dominica,2008,ep,f,45-54,0,Extrapulmonary
Dominica,2008,ep,f,55-64,0,Extrapulmonary
Dominica,2008,ep,f,65+,0,Extrapulmonary
Dominica,2009,sp,m,0-14,0,Smear Positive
Dominica,2009,sp,m,15-24,0,Smear Positive
Dominica,2009,sp,m,25-34,1,Smear Positive
Dominica,2009,sp,m,35-44,1,Smear Positive
Dominica,2009,sp,m,45-54,0,Smear Positive
Dominica,2009,sp,m,55-64,0,Smear Positive
Dominica,2009,sp,m,65+,1,Smear Positive
Dominica,2009,sp,f,0-14,0,Smear Positive
Dominica,2009,sp,f,15-24,0,Smear Positive
Dominica,2009,sp,f,25-34,0,Smear Positive
Dominica,2009,sp,f,35-44,0,Smear Positive
Dominica,2009,sp,f,45-54,0,Smear Positive
Dominica,2009,sp,f,55-64,0,Smear Positive
Dominica,2009,sp,f,65+,1,Smear Positive
Dominica,2009,sn,m,0-14,0,Smear Negative
Dominica,2009,sn,m,15-24,0,Smear Negative
Dominica,2009,sn,m,25-34,0,Smear Negative
Dominica,2009,sn,m,35-44,0,Smear Negative
Dominica,2009,sn,m,45-54,0,Smear Negative
Dominica,2009,sn,m,55-64,0,Smear Negative
Dominica,2009,sn,m,65+,0,Smear Negative
Dominica,2009,sn,f,0-14,0,Smear Negative
Dominica,2009,sn,f,15-24,0,Smear Negative
Dominica,2009,sn,f,25-34,0,Smear Negative
Dominica,2009,sn,f,35-44,0,Smear Negative
Dominica,2009,sn,f,45-54,0,Smear Negative
Dominica,2009,sn,f,55-64,0,Smear Negative
Dominica,2009,sn,f,65+,0,Smear Negative
Dominica,2009,ep,m,0-14,0,Extrapulmonary
Dominica,2009,ep,m,15-24,0,Extrapulmonary
Dominica,2009,ep,m,25-34,0,Extrapulmonary
Dominica,2009,ep,m,35-44,0,Extrapulmonary
Dominica,2009,ep,m,45-54,0,Extrapulmonary
Dominica,2009,ep,m,55-64,0,Extrapulmonary
Dominica,2009,ep,m,65+,0,Extrapulmonary
Dominica,2009,ep,f,0-14,0,Extrapulmonary
Dominica,2009,ep,f,15-24,0,Extrapulmonary
Dominica,2009,ep,f,25-34,0,Extrapulmonary
Dominica,2009,ep,f,35-44,0,Extrapulmonary
Dominica,2009,ep,f,45-54,0,Extrapulmonary
Dominica,2009,ep,f,55-64,0,Extrapulmonary
Dominica,2009,ep,f,65+,0,Extrapulmonary
Dominica,2010,sp,m,0-14,0,Smear Positive
Dominica,2010,sp,m,15-24,0,Smear Positive
Dominica,2010,sp,m,25-34,0,Smear Positive
Dominica,2010,sp,m,35-44,0,Smear Positive
Dominica,2010,sp,m,45-54,0,Smear Positive
Dominica,2010,sp,m,55-64,3,Smear Positive
Dominica,2010,sp,m,65+,1,Smear Positive
Dominica,2010,sp,f,0-14,0,Smear Positive
Dominica,2010,sp,f,15-24,0,Smear Positive
Dominica,2010,sp,f,25-34,0,Smear Positive
Dominica,2010,sp,f,35-44,1,Smear Positive
Dominica,2010,sp,f,45-54,2,Smear Positive
Dominica,2010,sp,f,55-64,1,Smear Positive
Dominica,2010,sp,f,65+,0,Smear Positive
Dominica,2010,sn,m,0-14,0,Smear Negative
Dominica,2010,sn,m,15-24,0,Smear Negative
Dominica,2010,sn,m,25-34,0,Smear Negative
Dominica,2010,sn,m,35-44,0,Smear Negative
Dominica,2010,sn,m,45-54,0,Smear Negative
Dominica,2010,sn,m,55-64,0,Smear Negative
Dominica,2010,sn,m,65+,0,Smear Negative
Dominica,2010,sn,f,0-14,0,Smear Negative
Dominica,2010,sn,f,15-24,0,Smear Negative
Dominica,2010,sn,f,25-34,0,Smear Negative
Dominica,2010,sn,f,35-44,0,Smear Negative
Dominica,2010,sn,f,45-54,0,Smear Negative
Dominica,2010,sn,f,55-64,0,Smear Negative
Dominica,2010,sn,f,65+,0,Smear Negative
Dominica,2010,ep,m,0-14,0,Extrapulmonary
Dominica,2010,ep,m,15-24,0,Extrapulmonary
Dominica,2010,ep,m,25-34,0,Extrapulmonary
Dominica,2010,ep,m,35-44,0,Extrapulmonary
Dominica,2010,ep,m,45-54,0,Extrapulmonary
Dominica,2010,ep,m,55-64,0,Extrapulmonary
Dominica,2010,ep,m,65+,0,Extrapulmonary
Dominica,2010,ep,f,0-14,0,Extrapulmonary
Dominica,2010,ep,f,15-24,0,Extrapulmonary
Dominica,2010,ep,f,25-34,0,Extrapulmonary
Dominica,2010,ep,f,35-44,0,Extrapulmonary
Dominica,2010,ep,f,45-54,0,Extrapulmonary
Dominica,2010,ep,f,55-64,0,Extrapulmonary
Dominica,2010,ep,f,65+,0,Extrapulmonary
Dominica,2011,sp,m,0-14,0,Smear Positive
Dominica,2011,sp,m,15-24,0,Smear Positive
Dominica,2011,sp,m,35-44,2,Smear Positive
Dominica,2011,sp,m,45-54,0,Smear Positive
Dominica,2011,sp,m,55-64,0,Smear Positive
Dominica,2011,sp,m,65+,0,Smear Positive
Dominica,2011,sp,f,0-14,0,Smear Positive
Dominica,2011,sp,f,15-24,0,Smear Positive
Dominica,2011,sp,f,25-34,0,Smear Positive
Dominica,2011,sp,f,35-44,0,Smear Positive
Dominica,2011,sp,f,45-54,0,Smear Positive
Dominica,2011,sp,f,55-64,0,Smear Positive
Dominica,2011,sp,f,65+,0,Smear Positive
Dominica,2011,sn,m,0-14,0,Smear Negative
Dominica,2011,sn,m,15-24,0,Smear Negative
Dominica,2011,sn,m,25-34,0,Smear Negative
Dominica,2011,sn,m,35-44,0,Smear Negative
Dominica,2011,sn,m,45-54,0,Smear Negative
Dominica,2011,sn,m,55-64,0,Smear Negative
Dominica,2011,sn,m,65+,0,Smear Negative
Dominica,2011,sn,f,0-14,0,Smear Negative
Dominica,2011,sn,f,15-24,0,Smear Negative
Dominica,2011,sn,f,25-34,0,Smear Negative
Dominica,2011,sn,f,35-44,0,Smear Negative
Dominica,2011,sn,f,45-54,0,Smear Negative
Dominica,2011,sn,f,55-64,0,Smear Negative
Dominica,2011,sn,f,65+,0,Smear Negative
Dominica,2011,ep,m,0-14,0,Extrapulmonary
Dominica,2011,ep,m,15-24,0,Extrapulmonary
Dominica,2011,ep,m,25-34,0,Extrapulmonary
Dominica,2011,ep,m,35-44,0,Extrapulmonary
Dominica,2011,ep,m,45-54,0,Extrapulmonary
Dominica,2011,ep,m,55-64,0,Extrapulmonary
Dominica,2011,ep,m,65+,0,Extrapulmonary
Dominica,2011,ep,f,0-14,0,Extrapulmonary
Dominica,2011,ep,f,15-24,0,Extrapulmonary
Dominica,2011,ep,f,25-34,0,Extrapulmonary
Dominica,2011,ep,f,35-44,0,Extrapulmonary
Dominica,2011,ep,f,45-54,0,Extrapulmonary
Dominica,2011,ep,f,55-64,0,Extrapulmonary
Dominica,2011,ep,f,65+,0,Extrapulmonary
Dominica,2012,sp,m,0-14,0,Smear Positive
Dominica,2012,sp,m,15-24,2,Smear Positive
Dominica,2012,sp,m,25-34,0,Smear Positive
Dominica,2012,sp,m,35-44,0,Smear Positive
Dominica,2012,sp,m,45-54,1,Smear Positive
Dominica,2012,sp,m,55-64,2,Smear Positive
Dominica,2012,sp,m,65+,0,Smear Positive
Dominica,2012,sp,f,0-14,0,Smear Positive
Dominica,2012,sp,f,15-24,0,Smear Positive
Dominica,2012,sp,f,25-34,0,Smear Positive
Dominica,2012,sp,f,35-44,0,Smear Positive
Dominica,2012,sp,f,45-54,0,Smear Positive
Dominica,2012,sp,f,55-64,0,Smear Positive
Dominica,2012,sp,f,65+,0,Smear Positive
Dominica,2012,sn,m,0-14,0,Smear Negative
Dominica,2012,sn,m,15-24,0,Smear Negative
Dominica,2012,sn,m,25-34,0,Smear Negative
Dominica,2012,sn,m,35-44,0,Smear Negative
Dominica,2012,sn,m,45-54,1,Smear Negative
Dominica,2012,sn,m,55-64,0,Smear Negative
Dominica,2012,sn,m,65+,0,Smear Negative
Dominica,2012,sn,f,0-14,0,Smear Negative
Dominica,2012,sn,f,15-24,0,Smear Negative
Dominica,2012,sn,f,25-34,0,Smear Negative
Dominica,2012,sn,f,35-44,0,Smear Negative
Dominica,2012,sn,f,45-54,0,Smear Negative
Dominica,2012,sn,f,55-64,0,Smear Negative
Dominica,2012,sn,f,65+,0,Smear Negative
Dominica,2012,ep,m,0-14,0,Extrapulmonary
Dominica,2012,ep,m,15-24,0,Extrapulmonary
Dominica,2012,ep,m,25-34,0,Extrapulmonary
Dominica,2012,ep,m,35-44,0,Extrapulmonary
Dominica,2012,ep,m,45-54,0,Extrapulmonary
Dominica,2012,ep,m,55-64,0,Extrapulmonary
Dominica,2012,ep,m,65+,0,Extrapulmonary
Dominica,2012,ep,f,0-14,0,Extrapulmonary
Dominica,2012,ep,f,15-24,0,Extrapulmonary
Dominica,2012,ep,f,25-34,0,Extrapulmonary
Dominica,2012,ep,f,35-44,0,Extrapulmonary
Dominica,2012,ep,f,45-54,0,Extrapulmonary
Dominica,2012,ep,f,55-64,0,Extrapulmonary
Dominica,2012,ep,f,65+,0,Extrapulmonary
Dominica,2013,rel,m,0-14,0,Relapse
Dominica,2013,rel,m,15-24,0,Relapse
Dominica,2013,rel,m,25-34,0,Relapse
Dominica,2013,rel,m,35-44,2,Relapse
Dominica,2013,rel,m,45-54,1,Relapse
Dominica,2013,rel,m,55-64,0,Relapse
Dominica,2013,rel,m,65+,0,Relapse
Dominica,2013,rel,f,0-14,0,Relapse
Dominica,2013,rel,f,15-24,0,Relapse
Dominica,2013,rel,f,25-34,0,Relapse
Dominica,2013,rel,f,35-44,0,Relapse
Dominica,2013,rel,f,45-54,0,Relapse
Dominica,2013,rel,f,55-64,0,Relapse
Dominica,2013,rel,f,65+,0,Relapse
Dominican Republic,1996,sp,m,0-14,17,Smear Positive
Dominican Republic,1996,sp,m,15-24,231,Smear Positive
Dominican Republic,1996,sp,m,25-34,262,Smear Positive
Dominican Republic,1996,sp,m,35-44,128,Smear Positive
Dominican Republic,1996,sp,m,45-54,79,Smear Positive
Dominican Republic,1996,sp,m,55-64,45,Smear Positive
Dominican Republic,1996,sp,m,65+,42,Smear Positive
Dominican Republic,1996,sp,f,0-14,21,Smear Positive
Dominican Republic,1996,sp,f,15-24,178,Smear Positive
Dominican Republic,1996,sp,f,25-34,147,Smear Positive
Dominican Republic,1996,sp,f,35-44,61,Smear Positive
Dominican Republic,1996,sp,f,45-54,44,Smear Positive
Dominican Republic,1996,sp,f,55-64,23,Smear Positive
Dominican Republic,1996,sp,f,65+,22,Smear Positive
Dominican Republic,1997,sp,m,0-14,76,Smear Positive
Dominican Republic,1997,sp,m,15-24,450,Smear Positive
Dominican Republic,1997,sp,m,25-34,471,Smear Positive
Dominican Republic,1997,sp,m,35-44,246,Smear Positive
Dominican Republic,1997,sp,m,45-54,145,Smear Positive
Dominican Republic,1997,sp,m,55-64,111,Smear Positive
Dominican Republic,1997,sp,m,65+,81,Smear Positive
Dominican Republic,1997,sp,f,0-14,53,Smear Positive
Dominican Republic,1997,sp,f,15-24,314,Smear Positive
Dominican Republic,1997,sp,f,25-34,329,Smear Positive
Dominican Republic,1997,sp,f,35-44,171,Smear Positive
Dominican Republic,1997,sp,f,45-54,102,Smear Positive
Dominican Republic,1997,sp,f,55-64,77,Smear Positive
Dominican Republic,1997,sp,f,65+,56,Smear Positive
Dominican Republic,1998,sp,m,0-14,62,Smear Positive
Dominican Republic,1998,sp,m,15-24,340,Smear Positive
Dominican Republic,1998,sp,m,25-34,416,Smear Positive
Dominican Republic,1998,sp,m,35-44,184,Smear Positive
Dominican Republic,1998,sp,m,45-54,130,Smear Positive
Dominican Republic,1998,sp,m,55-64,114,Smear Positive
Dominican Republic,1998,sp,m,65+,50,Smear Positive
Dominican Republic,1998,sp,f,0-14,60,Smear Positive
Dominican Republic,1998,sp,f,15-24,265,Smear Positive
Dominican Republic,1998,sp,f,25-34,247,Smear Positive
Dominican Republic,1998,sp,f,35-44,141,Smear Positive
Dominican Republic,1998,sp,f,45-54,79,Smear Positive
Dominican Republic,1998,sp,f,55-64,73,Smear Positive
Dominican Republic,1998,sp,f,65+,33,Smear Positive
Dominican Republic,1999,sp,m,0-14,90,Smear Positive
Dominican Republic,1999,sp,m,15-24,507,Smear Positive
Dominican Republic,1999,sp,m,25-34,485,Smear Positive
Dominican Republic,1999,sp,m,35-44,356,Smear Positive
Dominican Republic,1999,sp,m,45-54,238,Smear Positive
Dominican Republic,1999,sp,m,55-64,166,Smear Positive
Dominican Republic,1999,sp,m,65+,183,Smear Positive
Dominican Republic,1999,sp,f,0-14,99,Smear Positive
Dominican Republic,1999,sp,f,15-24,363,Smear Positive
Dominican Republic,1999,sp,f,25-34,359,Smear Positive
Dominican Republic,1999,sp,f,35-44,226,Smear Positive
Dominican Republic,1999,sp,f,45-54,160,Smear Positive
Dominican Republic,1999,sp,f,55-64,121,Smear Positive
Dominican Republic,1999,sp,f,65+,136,Smear Positive
Dominican Republic,2000,sp,m,0-14,73,Smear Positive
Dominican Republic,2000,sp,m,15-24,410,Smear Positive
Dominican Republic,2000,sp,m,25-34,481,Smear Positive
Dominican Republic,2000,sp,m,35-44,344,Smear Positive
Dominican Republic,2000,sp,m,45-54,173,Smear Positive
Dominican Republic,2000,sp,m,55-64,125,Smear Positive
Dominican Republic,2000,sp,m,65+,113,Smear Positive
Dominican Republic,2000,sp,f,0-14,65,Smear Positive
Dominican Republic,2000,sp,f,15-24,317,Smear Positive
Dominican Republic,2000,sp,f,25-34,325,Smear Positive
Dominican Republic,2000,sp,f,35-44,212,Smear Positive
Dominican Republic,2000,sp,f,45-54,115,Smear Positive
Dominican Republic,2000,sp,f,55-64,79,Smear Positive
Dominican Republic,2000,sp,f,65+,75,Smear Positive
Dominican Republic,2002,sp,m,0-14,39,Smear Positive
Dominican Republic,2002,sp,m,15-24,295,Smear Positive
Dominican Republic,2002,sp,m,25-34,417,Smear Positive
Dominican Republic,2002,sp,m,35-44,270,Smear Positive
Dominican Republic,2002,sp,m,45-54,145,Smear Positive
Dominican Republic,2002,sp,m,55-64,86,Smear Positive
Dominican Republic,2002,sp,m,65+,71,Smear Positive
Dominican Republic,2002,sp,f,0-14,35,Smear Positive
Dominican Republic,2002,sp,f,15-24,251,Smear Positive
Dominican Republic,2002,sp,f,25-34,241,Smear Positive
Dominican Republic,2002,sp,f,35-44,137,Smear Positive
Dominican Republic,2002,sp,f,45-54,81,Smear Positive
Dominican Republic,2002,sp,f,55-64,49,Smear Positive
Dominican Republic,2002,sp,f,65+,62,Smear Positive
Dominican Republic,2003,sp,m,0-14,52,Smear Positive
Dominican Republic,2003,sp,m,15-24,364,Smear Positive
Dominican Republic,2003,sp,m,25-34,518,Smear Positive
Dominican Republic,2003,sp,m,35-44,331,Smear Positive
Dominican Republic,2003,sp,m,45-54,194,Smear Positive
Dominican Republic,2003,sp,m,55-64,116,Smear Positive
Dominican Republic,2003,sp,m,65+,112,Smear Positive
Dominican Republic,2003,sp,f,0-14,48,Smear Positive
Dominican Republic,2003,sp,f,15-24,301,Smear Positive
Dominican Republic,2003,sp,f,25-34,288,Smear Positive
Dominican Republic,2003,sp,f,35-44,211,Smear Positive
Dominican Republic,2003,sp,f,45-54,116,Smear Positive
Dominican Republic,2003,sp,f,55-64,82,Smear Positive
Dominican Republic,2003,sp,f,65+,73,Smear Positive
Dominican Republic,2004,sp,m,0-14,45,Smear Positive
Dominican Republic,2004,sp,m,15-24,391,Smear Positive
Dominican Republic,2004,sp,m,25-34,502,Smear Positive
Dominican Republic,2004,sp,m,35-44,363,Smear Positive
Dominican Republic,2004,sp,m,45-54,180,Smear Positive
Dominican Republic,2004,sp,m,55-64,122,Smear Positive
Dominican Republic,2004,sp,m,65+,104,Smear Positive
Dominican Republic,2004,sp,f,0-14,39,Smear Positive
Dominican Republic,2004,sp,f,15-24,301,Smear Positive
Dominican Republic,2004,sp,f,25-34,288,Smear Positive
Dominican Republic,2004,sp,f,35-44,177,Smear Positive
Dominican Republic,2004,sp,f,45-54,104,Smear Positive
Dominican Republic,2004,sp,f,55-64,60,Smear Positive
Dominican Republic,2004,sp,f,65+,44,Smear Positive
Dominican Republic,2005,sp,m,0-14,43,Smear Positive
Dominican Republic,2005,sp,m,15-24,399,Smear Positive
Dominican Republic,2005,sp,m,25-34,483,Smear Positive
Dominican Republic,2005,sp,m,35-44,386,Smear Positive
Dominican Republic,2005,sp,m,45-54,228,Smear Positive
Dominican Republic,2005,sp,m,55-64,123,Smear Positive
Dominican Republic,2005,sp,m,65+,105,Smear Positive
Dominican Republic,2005,sp,f,0-14,57,Smear Positive
Dominican Republic,2005,sp,f,15-24,339,Smear Positive
Dominican Republic,2005,sp,f,25-34,332,Smear Positive
Dominican Republic,2005,sp,f,35-44,209,Smear Positive
Dominican Republic,2005,sp,f,45-54,119,Smear Positive
Dominican Republic,2005,sp,f,55-64,72,Smear Positive
Dominican Republic,2005,sp,f,65+,54,Smear Positive
Dominican Republic,2006,sp,m,0-14,25,Smear Positive
Dominican Republic,2006,sp,m,15-24,342,Smear Positive
Dominican Republic,2006,sp,m,25-34,480,Smear Positive
Dominican Republic,2006,sp,m,35-44,340,Smear Positive
Dominican Republic,2006,sp,m,45-54,207,Smear Positive
Dominican Republic,2006,sp,m,55-64,111,Smear Positive
Dominican Republic,2006,sp,m,65+,92,Smear Positive
Dominican Republic,2006,sp,f,0-14,38,Smear Positive
Dominican Republic,2006,sp,f,15-24,287,Smear Positive
Dominican Republic,2006,sp,f,25-34,320,Smear Positive
Dominican Republic,2006,sp,f,35-44,189,Smear Positive
Dominican Republic,2006,sp,f,45-54,106,Smear Positive
Dominican Republic,2006,sp,f,55-64,63,Smear Positive
Dominican Republic,2006,sp,f,65+,58,Smear Positive
Dominican Republic,2007,sp,m,0-14,23,Smear Positive
Dominican Republic,2007,sp,m,15-24,290,Smear Positive
Dominican Republic,2007,sp,m,25-34,403,Smear Positive
Dominican Republic,2007,sp,m,35-44,362,Smear Positive
Dominican Republic,2007,sp,m,45-54,209,Smear Positive
Dominican Republic,2007,sp,m,55-64,108,Smear Positive
Dominican Republic,2007,sp,m,65+,85,Smear Positive
Dominican Republic,2007,sp,f,0-14,29,Smear Positive
Dominican Republic,2007,sp,f,15-24,249,Smear Positive
Dominican Republic,2007,sp,f,25-34,242,Smear Positive
Dominican Republic,2007,sp,f,35-44,174,Smear Positive
Dominican Republic,2007,sp,f,45-54,103,Smear Positive
Dominican Republic,2007,sp,f,55-64,53,Smear Positive
Dominican Republic,2007,sp,f,65+,43,Smear Positive
Dominican Republic,2007,sn,m,0-14,0,Smear Negative
Dominican Republic,2007,sn,m,15-24,0,Smear Negative
Dominican Republic,2007,sn,m,25-34,0,Smear Negative
Dominican Republic,2007,sn,m,35-44,0,Smear Negative
Dominican Republic,2007,sn,m,45-54,0,Smear Negative
Dominican Republic,2007,sn,m,55-64,0,Smear Negative
Dominican Republic,2007,sn,m,65+,0,Smear Negative
Dominican Republic,2007,sn,f,0-14,0,Smear Negative
Dominican Republic,2007,sn,f,15-24,0,Smear Negative
Dominican Republic,2007,sn,f,25-34,0,Smear Negative
Dominican Republic,2007,sn,f,35-44,0,Smear Negative
Dominican Republic,2007,sn,f,45-54,0,Smear Negative
Dominican Republic,2007,sn,f,55-64,0,Smear Negative
Dominican Republic,2007,sn,f,65+,0,Smear Negative
Dominican Republic,2007,ep,m,0-14,0,Extrapulmonary
Dominican Republic,2007,ep,m,15-24,0,Extrapulmonary
Dominican Republic,2007,ep,m,25-34,0,Extrapulmonary
Dominican Republic,2007,ep,m,35-44,0,Extrapulmonary
Dominican Republic,2007,ep,m,45-54,0,Extrapulmonary
Dominican Republic,2007,ep,m,55-64,0,Extrapulmonary
Dominican Republic,2007,ep,m,65+,0,Extrapulmonary
Dominican Republic,2007,ep,f,0-14,0,Extrapulmonary
Dominican Republic,2007,ep,f,15-24,0,Extrapulmonary
Dominican Republic,2007,ep,f,25-34,0,Extrapulmonary
Dominican Republic,2007,ep,f,35-44,0,Extrapulmonary
Dominican Republic,2007,ep,f,45-54,0,Extrapulmonary
Dominican Republic,2007,ep,f,55-64,0,Extrapulmonary
Dominican Republic,2007,ep,f,65+,0,Extrapulmonary
Dominican Republic,2008,sp,m,0-14,16,Smear Positive
Dominican Republic,2008,sp,m,15-24,322,Smear Positive
Dominican Republic,2008,sp,m,25-34,398,Smear Positive
Dominican Republic,2008,sp,m,35-44,337,Smear Positive
Dominican Republic,2008,sp,m,45-54,198,Smear Positive
Dominican Republic,2008,sp,m,55-64,122,Smear Positive
Dominican Republic,2008,sp,m,65+,105,Smear Positive
Dominican Republic,2008,sp,f,0-14,34,Smear Positive
Dominican Republic,2008,sp,f,15-24,288,Smear Positive
Dominican Republic,2008,sp,f,25-34,272,Smear Positive
Dominican Republic,2008,sp,f,35-44,163,Smear Positive
Dominican Republic,2008,sp,f,45-54,96,Smear Positive
Dominican Republic,2008,sp,f,55-64,55,Smear Positive
Dominican Republic,2008,sp,f,65+,52,Smear Positive
Dominican Republic,2009,sp,m,0-14,30,Smear Positive
Dominican Republic,2009,sp,m,15-24,344,Smear Positive
Dominican Republic,2009,sp,m,25-34,428,Smear Positive
Dominican Republic,2009,sp,m,35-44,284,Smear Positive
Dominican Republic,2009,sp,m,45-54,217,Smear Positive
Dominican Republic,2009,sp,m,55-64,116,Smear Positive
Dominican Republic,2009,sp,m,65+,88,Smear Positive
Dominican Republic,2009,sp,f,0-14,28,Smear Positive
Dominican Republic,2009,sp,f,15-24,278,Smear Positive
Dominican Republic,2009,sp,f,25-34,271,Smear Positive
Dominican Republic,2009,sp,f,35-44,160,Smear Positive
Dominican Republic,2009,sp,f,45-54,92,Smear Positive
Dominican Republic,2009,sp,f,55-64,49,Smear Positive
Dominican Republic,2009,sp,f,65+,56,Smear Positive
Dominican Republic,2009,sn,m,0-14,0,Smear Negative
Dominican Republic,2009,sn,m,15-24,0,Smear Negative
Dominican Republic,2009,sn,m,25-34,0,Smear Negative
Dominican Republic,2009,sn,m,35-44,0,Smear Negative
Dominican Republic,2009,sn,m,45-54,0,Smear Negative
Dominican Republic,2009,sn,m,55-64,0,Smear Negative
Dominican Republic,2009,sn,m,65+,0,Smear Negative
Dominican Republic,2009,sn,f,0-14,0,Smear Negative
Dominican Republic,2009,sn,f,15-24,0,Smear Negative
Dominican Republic,2009,sn,f,25-34,0,Smear Negative
Dominican Republic,2009,sn,f,35-44,0,Smear Negative
Dominican Republic,2009,sn,f,45-54,0,Smear Negative
Dominican Republic,2009,sn,f,55-64,0,Smear Negative
Dominican Republic,2009,sn,f,65+,0,Smear Negative
Dominican Republic,2009,ep,m,0-14,0,Extrapulmonary
Dominican Republic,2009,ep,m,15-24,0,Extrapulmonary
Dominican Republic,2009,ep,m,25-34,0,Extrapulmonary
Dominican Republic,2009,ep,m,35-44,0,Extrapulmonary
Dominican Republic,2009,ep,m,45-54,0,Extrapulmonary
Dominican Republic,2009,ep,m,55-64,0,Extrapulmonary
Dominican Republic,2009,ep,m,65+,0,Extrapulmonary
Dominican Republic,2009,ep,f,0-14,0,Extrapulmonary
Dominican Republic,2009,ep,f,15-24,0,Extrapulmonary
Dominican Republic,2009,ep,f,25-34,0,Extrapulmonary
Dominican Republic,2009,ep,f,35-44,0,Extrapulmonary
Dominican Republic,2009,ep,f,45-54,0,Extrapulmonary
Dominican Republic,2009,ep,f,55-64,0,Extrapulmonary
Dominican Republic,2009,ep,f,65+,0,Extrapulmonary
Dominican Republic,2010,sp,m,0-14,29,Smear Positive
Dominican Republic,2010,sp,m,15-24,276,Smear Positive
Dominican Republic,2010,sp,m,25-34,346,Smear Positive
Dominican Republic,2010,sp,m,35-44,292,Smear Positive
Dominican Republic,2010,sp,m,45-54,170,Smear Positive
Dominican Republic,2010,sp,m,55-64,112,Smear Positive
Dominican Republic,2010,sp,m,65+,85,Smear Positive
Dominican Republic,2010,sp,f,0-14,43,Smear Positive
Dominican Republic,2010,sp,f,15-24,239,Smear Positive
Dominican Republic,2010,sp,f,25-34,207,Smear Positive
Dominican Republic,2010,sp,f,35-44,142,Smear Positive
Dominican Republic,2010,sp,f,45-54,102,Smear Positive
Dominican Republic,2010,sp,f,55-64,54,Smear Positive
Dominican Republic,2010,sp,f,65+,62,Smear Positive
Dominican Republic,2010,sn,m,0-14,0,Smear Negative
Dominican Republic,2010,sn,m,15-24,0,Smear Negative
Dominican Republic,2010,sn,m,25-34,0,Smear Negative
Dominican Republic,2010,sn,m,35-44,0,Smear Negative
Dominican Republic,2010,sn,m,45-54,0,Smear Negative
Dominican Republic,2010,sn,m,55-64,0,Smear Negative
Dominican Republic,2010,sn,m,65+,0,Smear Negative
Dominican Republic,2010,sn,f,0-14,0,Smear Negative
Dominican Republic,2010,sn,f,15-24,0,Smear Negative
Dominican Republic,2010,sn,f,25-34,0,Smear Negative
Dominican Republic,2010,sn,f,35-44,0,Smear Negative
Dominican Republic,2010,sn,f,45-54,0,Smear Negative
Dominican Republic,2010,sn,f,55-64,0,Smear Negative
Dominican Republic,2010,sn,f,65+,0,Smear Negative
Dominican Republic,2010,ep,m,0-14,0,Extrapulmonary
Dominican Republic,2010,ep,m,15-24,0,Extrapulmonary
Dominican Republic,2010,ep,m,25-34,0,Extrapulmonary
Dominican Republic,2010,ep,m,35-44,0,Extrapulmonary
Dominican Republic,2010,ep,m,45-54,0,Extrapulmonary
Dominican Republic,2010,ep,m,55-64,0,Extrapulmonary
Dominican Republic,2010,ep,m,65+,0,Extrapulmonary
Dominican Republic,2010,ep,f,0-14,0,Extrapulmonary
Dominican Republic,2010,ep,f,15-24,0,Extrapulmonary
Dominican Republic,2010,ep,f,25-34,0,Extrapulmonary
Dominican Republic,2010,ep,f,35-44,0,Extrapulmonary
Dominican Republic,2010,ep,f,45-54,0,Extrapulmonary
Dominican Republic,2010,ep,f,55-64,0,Extrapulmonary
Dominican Republic,2010,ep,f,65+,0,Extrapulmonary
Dominican Republic,2011,sp,m,0-14,20,Smear Positive
Dominican Republic,2011,sp,m,15-24,333,Smear Positive
Dominican Republic,2011,sp,m,25-34,406,Smear Positive
Dominican Republic,2011,sp,m,35-44,318,Smear Positive
Dominican Republic,2011,sp,m,45-54,200,Smear Positive
Dominican Republic,2011,sp,m,55-64,133,Smear Positive
Dominican Republic,2011,sp,m,65+,112,Smear Positive
Dominican Republic,2011,sp,f,0-14,30,Smear Positive
Dominican Republic,2011,sp,f,15-24,242,Smear Positive
Dominican Republic,2011,sp,f,25-34,274,Smear Positive
Dominican Republic,2011,sp,f,35-44,159,Smear Positive
Dominican Republic,2011,sp,f,45-54,103,Smear Positive
Dominican Republic,2011,sp,f,55-64,66,Smear Positive
Dominican Republic,2011,sp,f,65+,58,Smear Positive
Dominican Republic,2012,sp,m,0-14,15,Smear Positive
Dominican Republic,2012,sp,m,15-24,317,Smear Positive
Dominican Republic,2012,sp,m,25-34,489,Smear Positive
Dominican Republic,2012,sp,m,35-44,315,Smear Positive
Dominican Republic,2012,sp,m,45-54,197,Smear Positive
Dominican Republic,2012,sp,m,55-64,126,Smear Positive
Dominican Republic,2012,sp,m,65+,111,Smear Positive
Dominican Republic,2012,sp,f,0-14,26,Smear Positive
Dominican Republic,2012,sp,f,15-24,230,Smear Positive
Dominican Republic,2012,sp,f,25-34,260,Smear Positive
Dominican Republic,2012,sp,f,35-44,148,Smear Positive
Dominican Republic,2012,sp,f,45-54,119,Smear Positive
Dominican Republic,2012,sp,f,55-64,62,Smear Positive
Dominican Republic,2012,sp,f,65+,68,Smear Positive
Dominican Republic,2013,rel,m,0-14,22,Relapse
Dominican Republic,2013,rel,m,15-24,388,Relapse
Dominican Republic,2013,rel,m,25-34,477,Relapse
Dominican Republic,2013,rel,m,35-44,333,Relapse
Dominican Republic,2013,rel,m,45-54,244,Relapse
Dominican Republic,2013,rel,m,55-64,158,Relapse
Dominican Republic,2013,rel,m,65+,113,Relapse
Dominican Republic,2013,rel,f,0-14,30,Relapse
Dominican Republic,2013,rel,f,15-24,246,Relapse
Dominican Republic,2013,rel,f,25-34,240,Relapse
Dominican Republic,2013,rel,f,35-44,166,Relapse
Dominican Republic,2013,rel,f,45-54,130,Relapse
Dominican Republic,2013,rel,f,55-64,66,Relapse
Dominican Republic,2013,rel,f,65+,62,Relapse
Ecuador,1998,sp,m,0-14,169,Smear Positive
Ecuador,1998,sp,m,15-24,402,Smear Positive
Ecuador,1998,sp,m,25-34,286,Smear Positive
Ecuador,1998,sp,m,35-44,58,Smear Positive
Ecuador,1998,sp,f,0-14,44,Smear Positive
Ecuador,1998,sp,f,15-24,290,Smear Positive
Ecuador,1998,sp,f,25-34,175,Smear Positive
Ecuador,1998,sp,f,35-44,99,Smear Positive
Ecuador,2001,sp,m,0-14,39,Smear Positive
Ecuador,2001,sp,m,15-24,673,Smear Positive
Ecuador,2001,sp,m,25-34,832,Smear Positive
Ecuador,2001,sp,m,35-44,269,Smear Positive
Ecuador,2001,sp,m,45-54,202,Smear Positive
Ecuador,2001,sp,m,55-64,251,Smear Positive
Ecuador,2001,sp,m,65+,116,Smear Positive
Ecuador,2001,sp,f,0-14,37,Smear Positive
Ecuador,2001,sp,f,15-24,591,Smear Positive
Ecuador,2001,sp,f,25-34,584,Smear Positive
Ecuador,2001,sp,f,35-44,267,Smear Positive
Ecuador,2001,sp,f,45-54,180,Smear Positive
Ecuador,2001,sp,f,55-64,208,Smear Positive
Ecuador,2001,sp,f,65+,190,Smear Positive
Ecuador,2003,sp,m,0-14,18,Smear Positive
Ecuador,2003,sp,m,15-24,310,Smear Positive
Ecuador,2003,sp,m,25-34,266,Smear Positive
Ecuador,2003,sp,m,35-44,194,Smear Positive
Ecuador,2003,sp,m,45-54,125,Smear Positive
Ecuador,2003,sp,m,55-64,75,Smear Positive
Ecuador,2003,sp,m,65+,96,Smear Positive
Ecuador,2003,sp,f,0-14,24,Smear Positive
Ecuador,2003,sp,f,15-24,217,Smear Positive
Ecuador,2003,sp,f,25-34,140,Smear Positive
Ecuador,2003,sp,f,35-44,94,Smear Positive
Ecuador,2003,sp,f,45-54,56,Smear Positive
Ecuador,2003,sp,f,55-64,44,Smear Positive
Ecuador,2003,sp,f,65+,40,Smear Positive
Ecuador,2004,sp,m,0-14,84,Smear Positive
Ecuador,2004,sp,m,15-24,732,Smear Positive
Ecuador,2004,sp,m,25-34,537,Smear Positive
Ecuador,2004,sp,m,35-44,563,Smear Positive
Ecuador,2004,sp,m,45-54,265,Smear Positive
Ecuador,2004,sp,m,55-64,315,Smear Positive
Ecuador,2004,sp,m,65+,153,Smear Positive
Ecuador,2004,sp,f,0-14,108,Smear Positive
Ecuador,2004,sp,f,15-24,522,Smear Positive
Ecuador,2004,sp,f,25-34,342,Smear Positive
Ecuador,2004,sp,f,35-44,268,Smear Positive
Ecuador,2004,sp,f,45-54,170,Smear Positive
Ecuador,2004,sp,f,55-64,161,Smear Positive
Ecuador,2004,sp,f,65+,120,Smear Positive
Ecuador,2005,sp,m,0-14,48,Smear Positive
Ecuador,2005,sp,m,15-24,446,Smear Positive
Ecuador,2005,sp,m,25-34,468,Smear Positive
Ecuador,2005,sp,m,35-44,308,Smear Positive
Ecuador,2005,sp,m,45-54,237,Smear Positive
Ecuador,2005,sp,m,55-64,150,Smear Positive
Ecuador,2005,sp,m,65+,159,Smear Positive
Ecuador,2005,sp,f,0-14,48,Smear Positive
Ecuador,2005,sp,f,15-24,329,Smear Positive
Ecuador,2005,sp,f,25-34,305,Smear Positive
Ecuador,2005,sp,f,35-44,199,Smear Positive
Ecuador,2005,sp,f,45-54,139,Smear Positive
Ecuador,2005,sp,f,55-64,85,Smear Positive
Ecuador,2005,sp,f,65+,127,Smear Positive
Ecuador,2006,sp,m,0-14,32,Smear Positive
Ecuador,2006,sp,m,15-24,479,Smear Positive
Ecuador,2006,sp,m,25-34,496,Smear Positive
Ecuador,2006,sp,m,35-44,340,Smear Positive
Ecuador,2006,sp,m,45-54,259,Smear Positive
Ecuador,2006,sp,m,55-64,181,Smear Positive
Ecuador,2006,sp,m,65+,183,Smear Positive
Ecuador,2006,sp,f,0-14,46,Smear Positive
Ecuador,2006,sp,f,15-24,321,Smear Positive
Ecuador,2006,sp,f,25-34,315,Smear Positive
Ecuador,2006,sp,f,35-44,183,Smear Positive
Ecuador,2006,sp,f,45-54,143,Smear Positive
Ecuador,2006,sp,f,55-64,92,Smear Positive
Ecuador,2006,sp,f,65+,112,Smear Positive
Ecuador,2007,sp,m,0-14,42,Smear Positive
Ecuador,2007,sp,m,15-24,555,Smear Positive
Ecuador,2007,sp,m,25-34,486,Smear Positive
Ecuador,2007,sp,m,35-44,367,Smear Positive
Ecuador,2007,sp,m,45-54,282,Smear Positive
Ecuador,2007,sp,m,55-64,178,Smear Positive
Ecuador,2007,sp,m,65+,227,Smear Positive
Ecuador,2007,sp,f,0-14,57,Smear Positive
Ecuador,2007,sp,f,15-24,365,Smear Positive
Ecuador,2007,sp,f,25-34,335,Smear Positive
Ecuador,2007,sp,f,35-44,198,Smear Positive
Ecuador,2007,sp,f,45-54,133,Smear Positive
Ecuador,2007,sp,f,55-64,100,Smear Positive
Ecuador,2007,sp,f,65+,123,Smear Positive
Ecuador,2008,sp,m,0-14,32,Smear Positive
Ecuador,2008,sp,m,15-24,507,Smear Positive
Ecuador,2008,sp,m,25-34,518,Smear Positive
Ecuador,2008,sp,m,35-44,372,Smear Positive
Ecuador,2008,sp,m,45-54,278,Smear Positive
Ecuador,2008,sp,m,55-64,187,Smear Positive
Ecuador,2008,sp,m,65+,202,Smear Positive
Ecuador,2008,sp,f,0-14,56,Smear Positive
Ecuador,2008,sp,f,15-24,334,Smear Positive
Ecuador,2008,sp,f,25-34,331,Smear Positive
Ecuador,2008,sp,f,35-44,185,Smear Positive
Ecuador,2008,sp,f,45-54,126,Smear Positive
Ecuador,2008,sp,f,55-64,107,Smear Positive
Ecuador,2008,sp,f,65+,145,Smear Positive
Ecuador,2008,sn,m,0-14,0,Smear Negative
Ecuador,2008,sn,m,15-24,0,Smear Negative
Ecuador,2008,sn,m,25-34,0,Smear Negative
Ecuador,2008,sn,m,35-44,0,Smear Negative
Ecuador,2008,sn,m,45-54,0,Smear Negative
Ecuador,2008,sn,m,55-64,0,Smear Negative
Ecuador,2008,sn,m,65+,0,Smear Negative
Ecuador,2008,sn,f,0-14,0,Smear Negative
Ecuador,2008,sn,f,15-24,0,Smear Negative
Ecuador,2008,sn,f,25-34,0,Smear Negative
Ecuador,2008,sn,f,35-44,0,Smear Negative
Ecuador,2008,sn,f,45-54,0,Smear Negative
Ecuador,2008,sn,f,55-64,0,Smear Negative
Ecuador,2008,sn,f,65+,0,Smear Negative
Ecuador,2008,ep,m,0-14,0,Extrapulmonary
Ecuador,2008,ep,m,15-24,0,Extrapulmonary
Ecuador,2008,ep,m,25-34,0,Extrapulmonary
Ecuador,2008,ep,m,35-44,0,Extrapulmonary
Ecuador,2008,ep,m,45-54,0,Extrapulmonary
Ecuador,2008,ep,m,55-64,0,Extrapulmonary
Ecuador,2008,ep,m,65+,0,Extrapulmonary
Ecuador,2008,ep,f,0-14,0,Extrapulmonary
Ecuador,2008,ep,f,15-24,0,Extrapulmonary
Ecuador,2008,ep,f,25-34,0,Extrapulmonary
Ecuador,2008,ep,f,35-44,0,Extrapulmonary
Ecuador,2008,ep,f,45-54,0,Extrapulmonary
Ecuador,2008,ep,f,55-64,0,Extrapulmonary
Ecuador,2008,ep,f,65+,0,Extrapulmonary
Ecuador,2009,sp,m,0-14,40,Smear Positive
Ecuador,2009,sp,m,15-24,485,Smear Positive
Ecuador,2009,sp,m,25-34,519,Smear Positive
Ecuador,2009,sp,m,35-44,296,Smear Positive
Ecuador,2009,sp,m,45-54,297,Smear Positive
Ecuador,2009,sp,m,55-64,212,Smear Positive
Ecuador,2009,sp,m,65+,230,Smear Positive
Ecuador,2009,sp,f,0-14,49,Smear Positive
Ecuador,2009,sp,f,15-24,342,Smear Positive
Ecuador,2009,sp,f,25-34,312,Smear Positive
Ecuador,2009,sp,f,35-44,162,Smear Positive
Ecuador,2009,sp,f,45-54,141,Smear Positive
Ecuador,2009,sp,f,55-64,99,Smear Positive
Ecuador,2009,sp,f,65+,146,Smear Positive
Ecuador,2010,sp,m,0-14,32,Smear Positive
Ecuador,2010,sp,m,15-24,499,Smear Positive
Ecuador,2010,sp,m,25-34,529,Smear Positive
Ecuador,2010,sp,m,35-44,314,Smear Positive
Ecuador,2010,sp,m,45-54,309,Smear Positive
Ecuador,2010,sp,m,55-64,227,Smear Positive
Ecuador,2010,sp,m,65+,246,Smear Positive
Ecuador,2010,sp,f,0-14,52,Smear Positive
Ecuador,2010,sp,f,15-24,298,Smear Positive
Ecuador,2010,sp,f,25-34,308,Smear Positive
Ecuador,2010,sp,f,35-44,178,Smear Positive
Ecuador,2010,sp,f,45-54,158,Smear Positive
Ecuador,2010,sp,f,55-64,113,Smear Positive
Ecuador,2010,sp,f,65+,110,Smear Positive
Ecuador,2011,sp,m,0-14,45,Smear Positive
Ecuador,2011,sp,m,15-24,481,Smear Positive
Ecuador,2011,sp,m,25-34,547,Smear Positive
Ecuador,2011,sp,m,35-44,364,Smear Positive
Ecuador,2011,sp,m,45-54,323,Smear Positive
Ecuador,2011,sp,m,55-64,272,Smear Positive
Ecuador,2011,sp,m,65+,232,Smear Positive
Ecuador,2011,sp,f,0-14,49,Smear Positive
Ecuador,2011,sp,f,15-24,340,Smear Positive
Ecuador,2011,sp,f,25-34,311,Smear Positive
Ecuador,2011,sp,f,35-44,177,Smear Positive
Ecuador,2011,sp,f,45-54,141,Smear Positive
Ecuador,2011,sp,f,55-64,118,Smear Positive
Ecuador,2011,sp,f,65+,121,Smear Positive
Ecuador,2011,sn,m,0-14,46,Smear Negative
Ecuador,2011,sn,m,15-24,42,Smear Negative
Ecuador,2011,sn,m,25-34,59,Smear Negative
Ecuador,2011,sn,m,35-44,40,Smear Negative
Ecuador,2011,sn,m,45-54,23,Smear Negative
Ecuador,2011,sn,m,55-64,17,Smear Negative
Ecuador,2011,sn,m,65+,23,Smear Negative
Ecuador,2011,sn,f,0-14,31,Smear Negative
Ecuador,2011,sn,f,15-24,18,Smear Negative
Ecuador,2011,sn,f,25-34,25,Smear Negative
Ecuador,2011,sn,f,35-44,10,Smear Negative
Ecuador,2011,sn,f,45-54,13,Smear Negative
Ecuador,2011,sn,f,55-64,21,Smear Negative
Ecuador,2011,sn,f,65+,12,Smear Negative
Ecuador,2011,ep,m,0-14,39,Extrapulmonary
Ecuador,2011,ep,m,15-24,77,Extrapulmonary
Ecuador,2011,ep,m,25-34,131,Extrapulmonary
Ecuador,2011,ep,m,35-44,107,Extrapulmonary
Ecuador,2011,ep,m,45-54,58,Extrapulmonary
Ecuador,2011,ep,m,55-64,52,Extrapulmonary
Ecuador,2011,ep,m,65+,58,Extrapulmonary
Ecuador,2011,ep,f,0-14,20,Extrapulmonary
Ecuador,2011,ep,f,15-24,50,Extrapulmonary
Ecuador,2011,ep,f,25-34,78,Extrapulmonary
Ecuador,2011,ep,f,35-44,39,Extrapulmonary
Ecuador,2011,ep,f,45-54,29,Extrapulmonary
Ecuador,2011,ep,f,55-64,31,Extrapulmonary
Ecuador,2011,ep,f,65+,39,Extrapulmonary
Ecuador,2012,sp,m,0-14,37,Smear Positive
Ecuador,2012,sp,m,15-24,506,Smear Positive
Ecuador,2012,sp,m,25-34,567,Smear Positive
Ecuador,2012,sp,m,35-44,387,Smear Positive
Ecuador,2012,sp,m,45-54,359,Smear Positive
Ecuador,2012,sp,m,55-64,291,Smear Positive
Ecuador,2012,sp,m,65+,333,Smear Positive
Ecuador,2012,sp,f,0-14,59,Smear Positive
Ecuador,2012,sp,f,15-24,333,Smear Positive
Ecuador,2012,sp,f,25-34,337,Smear Positive
Ecuador,2012,sp,f,35-44,184,Smear Positive
Ecuador,2012,sp,f,45-54,164,Smear Positive
Ecuador,2012,sp,f,55-64,146,Smear Positive
Ecuador,2012,sp,f,65+,153,Smear Positive
Ecuador,2012,sn,m,0-14,35,Smear Negative
Ecuador,2012,sn,m,15-24,28,Smear Negative
Ecuador,2012,sn,m,25-34,41,Smear Negative
Ecuador,2012,sn,m,35-44,20,Smear Negative
Ecuador,2012,sn,m,45-54,25,Smear Negative
Ecuador,2012,sn,m,55-64,18,Smear Negative
Ecuador,2012,sn,m,65+,19,Smear Negative
Ecuador,2012,sn,f,0-14,24,Smear Negative
Ecuador,2012,sn,f,15-24,17,Smear Negative
Ecuador,2012,sn,f,25-34,15,Smear Negative
Ecuador,2012,sn,f,35-44,7,Smear Negative
Ecuador,2012,sn,f,45-54,9,Smear Negative
Ecuador,2012,sn,f,55-64,12,Smear Negative
Ecuador,2012,sn,f,65+,15,Smear Negative
Ecuador,2012,ep,m,0-14,29,Extrapulmonary
Ecuador,2012,ep,m,15-24,102,Extrapulmonary
Ecuador,2012,ep,m,25-34,126,Extrapulmonary
Ecuador,2012,ep,m,35-44,87,Extrapulmonary
Ecuador,2012,ep,m,45-54,61,Extrapulmonary
Ecuador,2012,ep,m,55-64,50,Extrapulmonary
Ecuador,2012,ep,m,65+,50,Extrapulmonary
Ecuador,2012,ep,f,0-14,19,Extrapulmonary
Ecuador,2012,ep,f,15-24,72,Extrapulmonary
Ecuador,2012,ep,f,25-34,80,Extrapulmonary
Ecuador,2012,ep,f,35-44,55,Extrapulmonary
Ecuador,2012,ep,f,45-54,40,Extrapulmonary
Ecuador,2012,ep,f,55-64,43,Extrapulmonary
Ecuador,2012,ep,f,65+,42,Extrapulmonary
Ecuador,2013,rel,m,0-14,115,Relapse
Ecuador,2013,rel,m,15-24,686,Relapse
Ecuador,2013,rel,m,25-34,825,Relapse
Ecuador,2013,rel,m,35-44,545,Relapse
Ecuador,2013,rel,m,45-54,540,Relapse
Ecuador,2013,rel,m,55-64,353,Relapse
Ecuador,2013,rel,m,65+,385,Relapse
Ecuador,2013,rel,f,0-14,119,Relapse
Ecuador,2013,rel,f,15-24,440,Relapse
Ecuador,2013,rel,f,25-34,387,Relapse
Ecuador,2013,rel,f,35-44,268,Relapse
Ecuador,2013,rel,f,45-54,239,Relapse
Ecuador,2013,rel,f,55-64,176,Relapse
Ecuador,2013,rel,f,65+,199,Relapse
Egypt,1995,sp,m,0-14,223,Smear Positive
Egypt,1995,sp,m,15-24,542,Smear Positive
Egypt,1995,sp,m,25-34,665,Smear Positive
Egypt,1995,sp,m,35-44,460,Smear Positive
Egypt,1995,sp,m,45-54,408,Smear Positive
Egypt,1995,sp,m,55-64,463,Smear Positive
Egypt,1995,sp,m,65+,160,Smear Positive
Egypt,1995,sp,f,0-14,134,Smear Positive
Egypt,1995,sp,f,15-24,288,Smear Positive
Egypt,1995,sp,f,25-34,367,Smear Positive
Egypt,1995,sp,f,35-44,274,Smear Positive
Egypt,1995,sp,f,45-54,256,Smear Positive
Egypt,1995,sp,f,55-64,160,Smear Positive
Egypt,1995,sp,f,65+,75,Smear Positive
Egypt,1996,sp,m,0-14,58,Smear Positive
Egypt,1996,sp,m,15-24,714,Smear Positive
Egypt,1996,sp,m,25-34,1056,Smear Positive
Egypt,1996,sp,m,35-44,703,Smear Positive
Egypt,1996,sp,m,45-54,485,Smear Positive
Egypt,1996,sp,m,55-64,308,Smear Positive
Egypt,1996,sp,m,65+,154,Smear Positive
Egypt,1996,sp,f,0-14,64,Smear Positive
Egypt,1996,sp,f,15-24,52,Smear Positive
Egypt,1996,sp,f,25-34,420,Smear Positive
Egypt,1996,sp,f,35-44,259,Smear Positive
Egypt,1996,sp,f,45-54,229,Smear Positive
Egypt,1996,sp,f,55-64,89,Smear Positive
Egypt,1996,sp,f,65+,44,Smear Positive
Egypt,1997,sp,m,0-14,50,Smear Positive
Egypt,1997,sp,m,15-24,737,Smear Positive
Egypt,1997,sp,m,25-34,1033,Smear Positive
Egypt,1997,sp,m,35-44,767,Smear Positive
Egypt,1997,sp,m,45-54,465,Smear Positive
Egypt,1997,sp,m,55-64,291,Smear Positive
Egypt,1997,sp,m,65+,142,Smear Positive
Egypt,1997,sp,f,0-14,64,Smear Positive
Egypt,1997,sp,f,15-24,525,Smear Positive
Egypt,1997,sp,f,25-34,388,Smear Positive
Egypt,1997,sp,f,35-44,264,Smear Positive
Egypt,1997,sp,f,45-54,200,Smear Positive
Egypt,1997,sp,f,55-64,114,Smear Positive
Egypt,1997,sp,f,65+,34,Smear Positive
Egypt,1998,sp,m,0-14,45,Smear Positive
Egypt,1998,sp,m,15-24,761,Smear Positive
Egypt,1998,sp,m,25-34,943,Smear Positive
Egypt,1998,sp,m,35-44,761,Smear Positive
Egypt,1998,sp,m,45-54,475,Smear Positive
Egypt,1998,sp,m,55-64,286,Smear Positive
Egypt,1998,sp,m,65+,174,Smear Positive
Egypt,1998,sp,f,0-14,60,Smear Positive
Egypt,1998,sp,f,15-24,489,Smear Positive
Egypt,1998,sp,f,25-34,405,Smear Positive
Egypt,1998,sp,f,35-44,291,Smear Positive
Egypt,1998,sp,f,45-54,204,Smear Positive
Egypt,1998,sp,f,55-64,139,Smear Positive
Egypt,1998,sp,f,65+,44,Smear Positive
Egypt,1999,sp,m,0-14,31,Smear Positive
Egypt,1999,sp,m,15-24,708,Smear Positive
Egypt,1999,sp,m,25-34,889,Smear Positive
Egypt,1999,sp,m,35-44,691,Smear Positive
Egypt,1999,sp,m,45-54,458,Smear Positive
Egypt,1999,sp,m,55-64,288,Smear Positive
Egypt,1999,sp,m,65+,170,Smear Positive
Egypt,1999,sp,f,0-14,57,Smear Positive
Egypt,1999,sp,f,15-24,485,Smear Positive
Egypt,1999,sp,f,25-34,347,Smear Positive
Egypt,1999,sp,f,35-44,248,Smear Positive
Egypt,1999,sp,f,45-54,193,Smear Positive
Egypt,1999,sp,f,55-64,112,Smear Positive
Egypt,1999,sp,f,65+,36,Smear Positive
Egypt,2000,sp,m,0-14,21,Smear Positive
Egypt,2000,sp,m,15-24,641,Smear Positive
Egypt,2000,sp,m,25-34,827,Smear Positive
Egypt,2000,sp,m,35-44,667,Smear Positive
Egypt,2000,sp,m,45-54,476,Smear Positive
Egypt,2000,sp,m,55-64,307,Smear Positive
Egypt,2000,sp,m,65+,158,Smear Positive
Egypt,2000,sp,f,0-14,55,Smear Positive
Egypt,2000,sp,f,15-24,457,Smear Positive
Egypt,2000,sp,f,25-34,343,Smear Positive
Egypt,2000,sp,f,35-44,257,Smear Positive
Egypt,2000,sp,f,45-54,211,Smear Positive
Egypt,2000,sp,f,55-64,112,Smear Positive
Egypt,2000,sp,f,65+,48,Smear Positive
Egypt,2001,sp,m,0-14,34,Smear Positive
Egypt,2001,sp,m,15-24,586,Smear Positive
Egypt,2001,sp,m,25-34,879,Smear Positive
Egypt,2001,sp,m,35-44,614,Smear Positive
Egypt,2001,sp,m,45-54,453,Smear Positive
Egypt,2001,sp,m,55-64,268,Smear Positive
Egypt,2001,sp,m,65+,159,Smear Positive
Egypt,2001,sp,f,0-14,57,Smear Positive
Egypt,2001,sp,f,15-24,438,Smear Positive
Egypt,2001,sp,f,25-34,396,Smear Positive
Egypt,2001,sp,f,35-44,265,Smear Positive
Egypt,2001,sp,f,45-54,207,Smear Positive
Egypt,2001,sp,f,55-64,109,Smear Positive
Egypt,2001,sp,f,65+,49,Smear Positive
Egypt,2002,sp,m,0-14,39,Smear Positive
Egypt,2002,sp,m,15-24,662,Smear Positive
Egypt,2002,sp,m,25-34,774,Smear Positive
Egypt,2002,sp,m,35-44,682,Smear Positive
Egypt,2002,sp,m,45-54,576,Smear Positive
Egypt,2002,sp,m,55-64,303,Smear Positive
Egypt,2002,sp,m,65+,171,Smear Positive
Egypt,2002,sp,f,0-14,77,Smear Positive
Egypt,2002,sp,f,15-24,424,Smear Positive
Egypt,2002,sp,f,25-34,365,Smear Positive
Egypt,2002,sp,f,35-44,245,Smear Positive
Egypt,2002,sp,f,45-54,254,Smear Positive
Egypt,2002,sp,f,55-64,145,Smear Positive
Egypt,2002,sp,f,65+,60,Smear Positive
Egypt,2003,sp,m,0-14,42,Smear Positive
Egypt,2003,sp,m,15-24,586,Smear Positive
Egypt,2003,sp,m,25-34,814,Smear Positive
Egypt,2003,sp,m,35-44,675,Smear Positive
Egypt,2003,sp,m,45-54,631,Smear Positive
Egypt,2003,sp,m,55-64,404,Smear Positive
Egypt,2003,sp,m,65+,195,Smear Positive
Egypt,2003,sp,f,0-14,57,Smear Positive
Egypt,2003,sp,f,15-24,463,Smear Positive
Egypt,2003,sp,f,25-34,338,Smear Positive
Egypt,2003,sp,f,35-44,268,Smear Positive
Egypt,2003,sp,f,45-54,282,Smear Positive
Egypt,2003,sp,f,55-64,175,Smear Positive
Egypt,2003,sp,f,65+,71,Smear Positive
Egypt,2004,sp,m,0-14,14,Smear Positive
Egypt,2004,sp,m,15-24,563,Smear Positive
Egypt,2004,sp,m,25-34,763,Smear Positive
Egypt,2004,sp,m,35-44,588,Smear Positive
Egypt,2004,sp,m,45-54,502,Smear Positive
Egypt,2004,sp,m,55-64,502,Smear Positive
Egypt,2004,sp,m,65+,204,Smear Positive
Egypt,2004,sp,f,0-14,44,Smear Positive
Egypt,2004,sp,f,15-24,491,Smear Positive
Egypt,2004,sp,f,25-34,317,Smear Positive
Egypt,2004,sp,f,35-44,233,Smear Positive
Egypt,2004,sp,f,45-54,233,Smear Positive
Egypt,2004,sp,f,55-64,111,Smear Positive
Egypt,2004,sp,f,65+,54,Smear Positive
Egypt,2005,sp,m,0-14,25,Smear Positive
Egypt,2005,sp,m,15-24,524,Smear Positive
Egypt,2005,sp,m,25-34,606,Smear Positive
Egypt,2005,sp,m,35-44,421,Smear Positive
Egypt,2005,sp,m,45-54,414,Smear Positive
Egypt,2005,sp,m,55-64,243,Smear Positive
Egypt,2005,sp,m,65+,123,Smear Positive
Egypt,2005,sp,f,0-14,48,Smear Positive
Egypt,2005,sp,f,15-24,431,Smear Positive
Egypt,2005,sp,f,25-34,298,Smear Positive
Egypt,2005,sp,f,35-44,205,Smear Positive
Egypt,2005,sp,f,45-54,218,Smear Positive
Egypt,2005,sp,f,55-64,132,Smear Positive
Egypt,2005,sp,f,65+,42,Smear Positive
Egypt,2006,sp,m,0-14,54,Smear Positive
Egypt,2006,sp,m,15-24,542,Smear Positive
Egypt,2006,sp,m,25-34,728,Smear Positive
Egypt,2006,sp,m,35-44,563,Smear Positive
Egypt,2006,sp,m,45-54,587,Smear Positive
Egypt,2006,sp,m,55-64,340,Smear Positive
Egypt,2006,sp,m,65+,136,Smear Positive
Egypt,2006,sp,f,0-14,64,Smear Positive
Egypt,2006,sp,f,15-24,470,Smear Positive
Egypt,2006,sp,f,25-34,367,Smear Positive
Egypt,2006,sp,f,35-44,338,Smear Positive
Egypt,2006,sp,f,45-54,279,Smear Positive
Egypt,2006,sp,f,55-64,155,Smear Positive
Egypt,2006,sp,f,65+,87,Smear Positive
Egypt,2006,sn,m,0-14,212,Smear Negative
Egypt,2006,sn,m,15-24,223,Smear Negative
Egypt,2006,sn,m,25-34,260,Smear Negative
Egypt,2006,sn,m,35-44,142,Smear Negative
Egypt,2006,sn,m,45-54,122,Smear Negative
Egypt,2006,sn,m,55-64,105,Smear Negative
Egypt,2006,sn,m,65+,116,Smear Negative
Egypt,2006,sn,f,0-14,127,Smear Negative
Egypt,2006,sn,f,15-24,224,Smear Negative
Egypt,2006,sn,f,25-34,171,Smear Negative
Egypt,2006,sn,f,35-44,182,Smear Negative
Egypt,2006,sn,f,45-54,132,Smear Negative
Egypt,2006,sn,f,55-64,68,Smear Negative
Egypt,2006,sn,f,65+,42,Smear Negative
Egypt,2006,ep,m,0-14,184,Extrapulmonary
Egypt,2006,ep,m,15-24,313,Extrapulmonary
Egypt,2006,ep,m,25-34,338,Extrapulmonary
Egypt,2006,ep,m,35-44,204,Extrapulmonary
Egypt,2006,ep,m,45-54,119,Extrapulmonary
Egypt,2006,ep,m,55-64,111,Extrapulmonary
Egypt,2006,ep,m,65+,54,Extrapulmonary
Egypt,2006,ep,f,0-14,123,Extrapulmonary
Egypt,2006,ep,f,15-24,299,Extrapulmonary
Egypt,2006,ep,f,25-34,323,Extrapulmonary
Egypt,2006,ep,f,35-44,322,Extrapulmonary
Egypt,2006,ep,f,45-54,183,Extrapulmonary
Egypt,2006,ep,f,55-64,118,Extrapulmonary
Egypt,2006,ep,f,65+,32,Extrapulmonary
Egypt,2007,sp,m,0-14,35,Smear Positive
Egypt,2007,sp,m,15-24,588,Smear Positive
Egypt,2007,sp,m,25-34,853,Smear Positive
Egypt,2007,sp,m,35-44,629,Smear Positive
Egypt,2007,sp,m,45-54,643,Smear Positive
Egypt,2007,sp,m,55-64,359,Smear Positive
Egypt,2007,sp,m,65+,214,Smear Positive
Egypt,2007,sp,f,0-14,25,Smear Positive
Egypt,2007,sp,f,15-24,500,Smear Positive
Egypt,2007,sp,f,25-34,325,Smear Positive
Egypt,2007,sp,f,35-44,245,Smear Positive
Egypt,2007,sp,f,45-54,225,Smear Positive
Egypt,2007,sp,f,55-64,173,Smear Positive
Egypt,2007,sp,f,65+,72,Smear Positive
Egypt,2007,sn,m,0-14,124,Smear Negative
Egypt,2007,sn,m,15-24,150,Smear Negative
Egypt,2007,sn,m,25-34,193,Smear Negative
Egypt,2007,sn,m,35-44,157,Smear Negative
Egypt,2007,sn,m,45-54,137,Smear Negative
Egypt,2007,sn,m,55-64,96,Smear Negative
Egypt,2007,sn,m,65+,86,Smear Negative
Egypt,2007,sn,f,0-14,85,Smear Negative
Egypt,2007,sn,f,15-24,158,Smear Negative
Egypt,2007,sn,f,25-34,157,Smear Negative
Egypt,2007,sn,f,35-44,129,Smear Negative
Egypt,2007,sn,f,45-54,123,Smear Negative
Egypt,2007,sn,f,55-64,73,Smear Negative
Egypt,2007,sn,f,65+,35,Smear Negative
Egypt,2007,ep,m,0-14,159,Extrapulmonary
Egypt,2007,ep,m,15-24,355,Extrapulmonary
Egypt,2007,ep,m,25-34,377,Extrapulmonary
Egypt,2007,ep,m,35-44,263,Extrapulmonary
Egypt,2007,ep,m,45-54,171,Extrapulmonary
Egypt,2007,ep,m,55-64,100,Extrapulmonary
Egypt,2007,ep,m,65+,69,Extrapulmonary
Egypt,2007,ep,f,0-14,141,Extrapulmonary
Egypt,2007,ep,f,15-24,337,Extrapulmonary
Egypt,2007,ep,f,25-34,312,Extrapulmonary
Egypt,2007,ep,f,35-44,276,Extrapulmonary
Egypt,2007,ep,f,45-54,153,Extrapulmonary
Egypt,2007,ep,f,55-64,106,Extrapulmonary
Egypt,2007,ep,f,65+,50,Extrapulmonary
Egypt,2008,sp,m,0-14,13,Smear Positive
Egypt,2008,sp,m,15-24,581,Smear Positive
Egypt,2008,sp,m,25-34,640,Smear Positive
Egypt,2008,sp,m,35-44,807,Smear Positive
Egypt,2008,sp,m,45-54,791,Smear Positive
Egypt,2008,sp,m,55-64,431,Smear Positive
Egypt,2008,sp,m,65+,242,Smear Positive
Egypt,2008,sp,f,0-14,7,Smear Positive
Egypt,2008,sp,f,15-24,382,Smear Positive
Egypt,2008,sp,f,25-34,412,Smear Positive
Egypt,2008,sp,f,35-44,308,Smear Positive
Egypt,2008,sp,f,45-54,195,Smear Positive
Egypt,2008,sp,f,55-64,169,Smear Positive
Egypt,2008,sp,f,65+,113,Smear Positive
Egypt,2008,sn,m,0-14,83,Smear Negative
Egypt,2008,sn,m,15-24,118,Smear Negative
Egypt,2008,sn,m,25-34,129,Smear Negative
Egypt,2008,sn,m,35-44,132,Smear Negative
Egypt,2008,sn,m,45-54,112,Smear Negative
Egypt,2008,sn,m,55-64,71,Smear Negative
Egypt,2008,sn,m,65+,59,Smear Negative
Egypt,2008,sn,f,0-14,70,Smear Negative
Egypt,2008,sn,f,15-24,110,Smear Negative
Egypt,2008,sn,f,25-34,83,Smear Negative
Egypt,2008,sn,f,35-44,71,Smear Negative
Egypt,2008,sn,f,45-54,66,Smear Negative
Egypt,2008,sn,f,55-64,56,Smear Negative
Egypt,2008,sn,f,65+,23,Smear Negative
Egypt,2008,ep,m,0-14,186,Extrapulmonary
Egypt,2008,ep,m,15-24,266,Extrapulmonary
Egypt,2008,ep,m,25-34,291,Extrapulmonary
Egypt,2008,ep,m,35-44,298,Extrapulmonary
Egypt,2008,ep,m,45-54,252,Extrapulmonary
Egypt,2008,ep,m,55-64,159,Extrapulmonary
Egypt,2008,ep,m,65+,134,Extrapulmonary
Egypt,2008,ep,f,0-14,158,Extrapulmonary
Egypt,2008,ep,f,15-24,249,Extrapulmonary
Egypt,2008,ep,f,25-34,186,Extrapulmonary
Egypt,2008,ep,f,35-44,161,Extrapulmonary
Egypt,2008,ep,f,45-54,149,Extrapulmonary
Egypt,2008,ep,f,55-64,125,Extrapulmonary
Egypt,2008,ep,f,65+,51,Extrapulmonary
Egypt,2009,sp,m,0-14,17,Smear Positive
Egypt,2009,sp,m,15-24,536,Smear Positive
Egypt,2009,sp,m,25-34,599,Smear Positive
Egypt,2009,sp,m,35-44,797,Smear Positive
Egypt,2009,sp,m,45-54,885,Smear Positive
Egypt,2009,sp,m,55-64,417,Smear Positive
Egypt,2009,sp,m,65+,271,Smear Positive
Egypt,2009,sp,f,0-14,10,Smear Positive
Egypt,2009,sp,f,15-24,317,Smear Positive
Egypt,2009,sp,f,25-34,369,Smear Positive
Egypt,2009,sp,f,35-44,456,Smear Positive
Egypt,2009,sp,f,45-54,210,Smear Positive
Egypt,2009,sp,f,55-64,191,Smear Positive
Egypt,2009,sp,f,65+,126,Smear Positive
Egypt,2009,sn,m,0-14,90,Smear Negative
Egypt,2009,sn,m,15-24,109,Smear Negative
Egypt,2009,sn,m,25-34,139,Smear Negative
Egypt,2009,sn,m,35-44,116,Smear Negative
Egypt,2009,sn,m,45-54,102,Smear Negative
Egypt,2009,sn,m,55-64,70,Smear Negative
Egypt,2009,sn,m,65+,62,Smear Negative
Egypt,2009,sn,f,0-14,61,Smear Negative
Egypt,2009,sn,f,15-24,115,Smear Negative
Egypt,2009,sn,f,25-34,113,Smear Negative
Egypt,2009,sn,f,35-44,94,Smear Negative
Egypt,2009,sn,f,45-54,89,Smear Negative
Egypt,2009,sn,f,55-64,53,Smear Negative
Egypt,2009,sn,f,65+,25,Smear Negative
Egypt,2009,ep,m,0-14,157,Extrapulmonary
Egypt,2009,ep,m,15-24,353,Extrapulmonary
Egypt,2009,ep,m,25-34,374,Extrapulmonary
Egypt,2009,ep,m,35-44,265,Extrapulmonary
Egypt,2009,ep,m,45-54,168,Extrapulmonary
Egypt,2009,ep,m,55-64,99,Extrapulmonary
Egypt,2009,ep,m,65+,68,Extrapulmonary
Egypt,2009,ep,f,0-14,139,Extrapulmonary
Egypt,2009,ep,f,15-24,334,Extrapulmonary
Egypt,2009,ep,f,25-34,309,Extrapulmonary
Egypt,2009,ep,f,35-44,275,Extrapulmonary
Egypt,2009,ep,f,45-54,154,Extrapulmonary
Egypt,2009,ep,f,55-64,106,Extrapulmonary
Egypt,2009,ep,f,65+,49,Extrapulmonary
Egypt,2010,sp,m,0-14,9,Smear Positive
Egypt,2010,sp,m,15-24,358,Smear Positive
Egypt,2010,sp,m,25-34,617,Smear Positive
Egypt,2010,sp,m,35-44,783,Smear Positive
Egypt,2010,sp,m,45-54,725,Smear Positive
Egypt,2010,sp,m,55-64,407,Smear Positive
Egypt,2010,sp,m,65+,217,Smear Positive
Egypt,2010,sp,f,0-14,8,Smear Positive
Egypt,2010,sp,f,15-24,199,Smear Positive
Egypt,2010,sp,f,25-34,352,Smear Positive
Egypt,2010,sp,f,35-44,423,Smear Positive
Egypt,2010,sp,f,45-54,292,Smear Positive
Egypt,2010,sp,f,55-64,192,Smear Positive
Egypt,2010,sp,f,65+,97,Smear Positive
Egypt,2010,sn,m,0-14,85,Smear Negative
Egypt,2010,sn,m,15-24,111,Smear Negative
Egypt,2010,sn,m,25-34,112,Smear Negative
Egypt,2010,sn,m,35-44,115,Smear Negative
Egypt,2010,sn,m,45-54,99,Smear Negative
Egypt,2010,sn,m,55-64,72,Smear Negative
Egypt,2010,sn,m,65+,64,Smear Negative
Egypt,2010,sn,f,0-14,62,Smear Negative
Egypt,2010,sn,f,15-24,58,Smear Negative
Egypt,2010,sn,f,25-34,115,Smear Negative
Egypt,2010,sn,f,35-44,95,Smear Negative
Egypt,2010,sn,f,45-54,91,Smear Negative
Egypt,2010,sn,f,55-64,54,Smear Negative
Egypt,2010,sn,f,65+,26,Smear Negative
Egypt,2010,ep,m,0-14,176,Extrapulmonary
Egypt,2010,ep,m,15-24,376,Extrapulmonary
Egypt,2010,ep,m,25-34,399,Extrapulmonary
Egypt,2010,ep,m,35-44,278,Extrapulmonary
Egypt,2010,ep,m,45-54,182,Extrapulmonary
Egypt,2010,ep,m,55-64,106,Extrapulmonary
Egypt,2010,ep,m,65+,73,Extrapulmonary
Egypt,2010,ep,f,0-14,150,Extrapulmonary
Egypt,2010,ep,f,15-24,357,Extrapulmonary
Egypt,2010,ep,f,25-34,331,Extrapulmonary
Egypt,2010,ep,f,35-44,293,Extrapulmonary
Egypt,2010,ep,f,45-54,162,Extrapulmonary
Egypt,2010,ep,f,55-64,112,Extrapulmonary
Egypt,2010,ep,f,65+,53,Extrapulmonary
Egypt,2011,sp,m,0-14,23,Smear Positive
Egypt,2011,sp,m,15-24,382,Smear Positive
Egypt,2011,sp,m,25-34,611,Smear Positive
Egypt,2011,sp,m,35-44,596,Smear Positive
Egypt,2011,sp,m,45-54,715,Smear Positive
Egypt,2011,sp,m,55-64,387,Smear Positive
Egypt,2011,sp,m,65+,168,Smear Positive
Egypt,2011,sp,f,0-14,7,Smear Positive
Egypt,2011,sp,f,15-24,192,Smear Positive
Egypt,2011,sp,f,25-34,355,Smear Positive
Egypt,2011,sp,f,35-44,387,Smear Positive
Egypt,2011,sp,f,45-54,280,Smear Positive
Egypt,2011,sp,f,55-64,198,Smear Positive
Egypt,2011,sp,f,65+,94,Smear Positive
Egypt,2011,sn,m,0-14,76,Smear Negative
Egypt,2011,sn,m,15-24,67,Smear Negative
Egypt,2011,sn,m,25-34,109,Smear Negative
Egypt,2011,sn,m,35-44,112,Smear Negative
Egypt,2011,sn,m,45-54,98,Smear Negative
Egypt,2011,sn,m,55-64,69,Smear Negative
Egypt,2011,sn,m,65+,30,Smear Negative
Egypt,2011,sn,f,0-14,66,Smear Negative
Egypt,2011,sn,f,15-24,56,Smear Negative
Egypt,2011,sn,f,25-34,112,Smear Negative
Egypt,2011,sn,f,35-44,92,Smear Negative
Egypt,2011,sn,f,45-54,88,Smear Negative
Egypt,2011,sn,f,55-64,52,Smear Negative
Egypt,2011,sn,f,65+,25,Smear Negative
Egypt,2011,ep,m,0-14,215,Extrapulmonary
Egypt,2011,ep,m,15-24,194,Extrapulmonary
Egypt,2011,ep,m,25-34,390,Extrapulmonary
Egypt,2011,ep,m,35-44,316,Extrapulmonary
Egypt,2011,ep,m,45-54,206,Extrapulmonary
Egypt,2011,ep,m,55-64,121,Extrapulmonary
Egypt,2011,ep,m,65+,83,Extrapulmonary
Egypt,2011,ep,f,0-14,185,Extrapulmonary
Egypt,2011,ep,f,15-24,273,Extrapulmonary
Egypt,2011,ep,f,25-34,376,Extrapulmonary
Egypt,2011,ep,f,35-44,333,Extrapulmonary
Egypt,2011,ep,f,45-54,185,Extrapulmonary
Egypt,2011,ep,f,55-64,109,Extrapulmonary
Egypt,2011,ep,f,65+,90,Extrapulmonary
Egypt,2012,sp,m,0-14,23,Smear Positive
Egypt,2012,sp,m,15-24,373,Smear Positive
Egypt,2012,sp,m,25-34,597,Smear Positive
Egypt,2012,sp,m,35-44,582,Smear Positive
Egypt,2012,sp,m,45-54,698,Smear Positive
Egypt,2012,sp,m,55-64,379,Smear Positive
Egypt,2012,sp,m,65+,164,Smear Positive
Egypt,2012,sp,f,0-14,8,Smear Positive
Egypt,2012,sp,f,15-24,187,Smear Positive
Egypt,2012,sp,f,25-34,346,Smear Positive
Egypt,2012,sp,f,35-44,379,Smear Positive
Egypt,2012,sp,f,45-54,274,Smear Positive
Egypt,2012,sp,f,55-64,193,Smear Positive
Egypt,2012,sp,f,65+,92,Smear Positive
Egypt,2012,sn,m,0-14,68,Smear Negative
Egypt,2012,sn,m,15-24,60,Smear Negative
Egypt,2012,sn,m,25-34,97,Smear Negative
Egypt,2012,sn,m,35-44,100,Smear Negative
Egypt,2012,sn,m,45-54,87,Smear Negative
Egypt,2012,sn,m,55-64,60,Smear Negative
Egypt,2012,sn,m,65+,27,Smear Negative
Egypt,2012,sn,f,0-14,59,Smear Negative
Egypt,2012,sn,f,15-24,52,Smear Negative
Egypt,2012,sn,f,25-34,98,Smear Negative
Egypt,2012,sn,f,35-44,82,Smear Negative
Egypt,2012,sn,f,45-54,78,Smear Negative
Egypt,2012,sn,f,55-64,47,Smear Negative
Egypt,2012,sn,f,65+,22,Smear Negative
Egypt,2012,ep,m,0-14,202,Extrapulmonary
Egypt,2012,ep,m,15-24,183,Extrapulmonary
Egypt,2012,ep,m,25-34,367,Extrapulmonary
Egypt,2012,ep,m,35-44,298,Extrapulmonary
Egypt,2012,ep,m,45-54,195,Extrapulmonary
Egypt,2012,ep,m,55-64,114,Extrapulmonary
Egypt,2012,ep,m,65+,78,Extrapulmonary
Egypt,2012,ep,f,0-14,190,Extrapulmonary
Egypt,2012,ep,f,15-24,257,Extrapulmonary
Egypt,2012,ep,f,25-34,355,Extrapulmonary
Egypt,2012,ep,f,35-44,314,Extrapulmonary
Egypt,2012,ep,f,45-54,174,Extrapulmonary
Egypt,2012,ep,f,55-64,102,Extrapulmonary
Egypt,2012,ep,f,65+,84,Extrapulmonary
Egypt,2013,rel,m,0-14,282,Relapse
Egypt,2013,rel,m,15-24,556,Relapse
Egypt,2013,rel,m,25-34,940,Relapse
Egypt,2013,rel,m,35-44,886,Relapse
Egypt,2013,rel,m,45-54,896,Relapse
Egypt,2013,rel,m,55-64,516,Relapse
Egypt,2013,rel,m,65+,245,Relapse
Egypt,2013,rel,f,0-14,230,Relapse
Egypt,2013,rel,f,15-24,425,Relapse
Egypt,2013,rel,f,25-34,803,Relapse
Egypt,2013,rel,f,35-44,687,Relapse
Egypt,2013,rel,f,45-54,572,Relapse
Egypt,2013,rel,f,55-64,320,Relapse
Egypt,2013,rel,f,65+,176,Relapse
El Salvador,1996,sp,m,0-14,102,Smear Positive
El Salvador,1996,sp,m,15-24,76,Smear Positive
El Salvador,1996,sp,m,25-34,76,Smear Positive
El Salvador,1996,sp,m,35-44,77,Smear Positive
El Salvador,1996,sp,m,45-54,57,Smear Positive
El Salvador,1996,sp,m,55-64,54,Smear Positive
El Salvador,1996,sp,m,65+,92,Smear Positive
El Salvador,1996,sp,f,0-14,102,Smear Positive
El Salvador,1996,sp,f,15-24,76,Smear Positive
El Salvador,1996,sp,f,25-34,62,Smear Positive
El Salvador,1996,sp,f,35-44,43,Smear Positive
El Salvador,1996,sp,f,45-54,49,Smear Positive
El Salvador,1996,sp,f,55-64,38,Smear Positive
El Salvador,1996,sp,f,65+,61,Smear Positive
El Salvador,1997,sp,m,0-14,13,Smear Positive
El Salvador,1997,sp,m,15-24,86,Smear Positive
El Salvador,1997,sp,m,25-34,110,Smear Positive
El Salvador,1997,sp,m,35-44,117,Smear Positive
El Salvador,1997,sp,m,45-54,71,Smear Positive
El Salvador,1997,sp,m,55-64,68,Smear Positive
El Salvador,1997,sp,m,65+,75,Smear Positive
El Salvador,1997,sp,f,0-14,17,Smear Positive
El Salvador,1997,sp,f,15-24,67,Smear Positive
El Salvador,1997,sp,f,25-34,72,Smear Positive
El Salvador,1997,sp,f,35-44,44,Smear Positive
El Salvador,1997,sp,f,45-54,33,Smear Positive
El Salvador,1997,sp,f,55-64,42,Smear Positive
El Salvador,1997,sp,f,65+,45,Smear Positive
El Salvador,1998,sp,m,0-14,21,Smear Positive
El Salvador,1998,sp,m,15-24,95,Smear Positive
El Salvador,1998,sp,m,25-34,131,Smear Positive
El Salvador,1998,sp,m,35-44,99,Smear Positive
El Salvador,1998,sp,m,45-54,87,Smear Positive
El Salvador,1998,sp,m,55-64,65,Smear Positive
El Salvador,1998,sp,m,65+,84,Smear Positive
El Salvador,1998,sp,f,0-14,21,Smear Positive
El Salvador,1998,sp,f,15-24,81,Smear Positive
El Salvador,1998,sp,f,25-34,93,Smear Positive
El Salvador,1998,sp,f,35-44,53,Smear Positive
El Salvador,1998,sp,f,45-54,40,Smear Positive
El Salvador,1998,sp,f,55-64,43,Smear Positive
El Salvador,1998,sp,f,65+,71,Smear Positive
El Salvador,1999,sp,m,0-14,18,Smear Positive
El Salvador,1999,sp,m,15-24,102,Smear Positive
El Salvador,1999,sp,m,25-34,128,Smear Positive
El Salvador,1999,sp,m,35-44,104,Smear Positive
El Salvador,1999,sp,m,45-54,88,Smear Positive
El Salvador,1999,sp,m,55-64,88,Smear Positive
El Salvador,1999,sp,m,65+,104,Smear Positive
El Salvador,1999,sp,f,0-14,20,Smear Positive
El Salvador,1999,sp,f,15-24,81,Smear Positive
El Salvador,1999,sp,f,25-34,73,Smear Positive
El Salvador,1999,sp,f,35-44,61,Smear Positive
El Salvador,1999,sp,f,45-54,47,Smear Positive
El Salvador,1999,sp,f,55-64,44,Smear Positive
El Salvador,1999,sp,f,65+,65,Smear Positive
El Salvador,2000,sp,m,0-14,13,Smear Positive
El Salvador,2000,sp,m,15-24,99,Smear Positive
El Salvador,2000,sp,m,25-34,124,Smear Positive
El Salvador,2000,sp,m,35-44,114,Smear Positive
El Salvador,2000,sp,m,45-54,92,Smear Positive
El Salvador,2000,sp,m,55-64,62,Smear Positive
El Salvador,2000,sp,m,65+,107,Smear Positive
El Salvador,2000,sp,f,0-14,28,Smear Positive
El Salvador,2000,sp,f,15-24,81,Smear Positive
El Salvador,2000,sp,f,25-34,76,Smear Positive
El Salvador,2000,sp,f,35-44,63,Smear Positive
El Salvador,2000,sp,f,45-54,63,Smear Positive
El Salvador,2000,sp,f,55-64,39,Smear Positive
El Salvador,2000,sp,f,65+,47,Smear Positive
El Salvador,2001,sp,m,0-14,20,Smear Positive
El Salvador,2001,sp,m,15-24,101,Smear Positive
El Salvador,2001,sp,m,25-34,144,Smear Positive
El Salvador,2001,sp,m,35-44,100,Smear Positive
El Salvador,2001,sp,m,45-54,78,Smear Positive
El Salvador,2001,sp,m,55-64,62,Smear Positive
El Salvador,2001,sp,m,65+,101,Smear Positive
El Salvador,2001,sp,f,0-14,22,Smear Positive
El Salvador,2001,sp,f,15-24,68,Smear Positive
El Salvador,2001,sp,f,25-34,86,Smear Positive
El Salvador,2001,sp,f,35-44,59,Smear Positive
El Salvador,2001,sp,f,45-54,59,Smear Positive
El Salvador,2001,sp,f,55-64,53,Smear Positive
El Salvador,2001,sp,f,65+,50,Smear Positive
El Salvador,2002,sp,m,0-14,8,Smear Positive
El Salvador,2002,sp,m,15-24,85,Smear Positive
El Salvador,2002,sp,m,25-34,127,Smear Positive
El Salvador,2002,sp,m,35-44,101,Smear Positive
El Salvador,2002,sp,m,45-54,91,Smear Positive
El Salvador,2002,sp,m,55-64,59,Smear Positive
El Salvador,2002,sp,m,65+,93,Smear Positive
El Salvador,2002,sp,f,0-14,6,Smear Positive
El Salvador,2002,sp,f,15-24,80,Smear Positive
El Salvador,2002,sp,f,25-34,84,Smear Positive
El Salvador,2002,sp,f,35-44,61,Smear Positive
El Salvador,2002,sp,f,45-54,49,Smear Positive
El Salvador,2002,sp,f,55-64,51,Smear Positive
El Salvador,2002,sp,f,65+,85,Smear Positive
El Salvador,2003,sp,m,0-14,7,Smear Positive
El Salvador,2003,sp,m,15-24,75,Smear Positive
El Salvador,2003,sp,m,25-34,105,Smear Positive
El Salvador,2003,sp,m,35-44,103,Smear Positive
El Salvador,2003,sp,m,45-54,81,Smear Positive
El Salvador,2003,sp,m,55-64,59,Smear Positive
El Salvador,2003,sp,m,65+,89,Smear Positive
El Salvador,2003,sp,f,0-14,7,Smear Positive
El Salvador,2003,sp,f,15-24,70,Smear Positive
El Salvador,2003,sp,f,25-34,71,Smear Positive
El Salvador,2003,sp,f,35-44,47,Smear Positive
El Salvador,2003,sp,f,45-54,48,Smear Positive
El Salvador,2003,sp,f,55-64,44,Smear Positive
El Salvador,2003,sp,f,65+,64,Smear Positive
El Salvador,2004,sp,m,0-14,5,Smear Positive
El Salvador,2004,sp,m,15-24,92,Smear Positive
El Salvador,2004,sp,m,25-34,121,Smear Positive
El Salvador,2004,sp,m,35-44,90,Smear Positive
El Salvador,2004,sp,m,45-54,84,Smear Positive
El Salvador,2004,sp,m,55-64,77,Smear Positive
El Salvador,2004,sp,m,65+,91,Smear Positive
El Salvador,2004,sp,f,0-14,15,Smear Positive
El Salvador,2004,sp,f,15-24,64,Smear Positive
El Salvador,2004,sp,f,25-34,73,Smear Positive
El Salvador,2004,sp,f,35-44,55,Smear Positive
El Salvador,2004,sp,f,45-54,44,Smear Positive
El Salvador,2004,sp,f,55-64,48,Smear Positive
El Salvador,2004,sp,f,65+,67,Smear Positive
El Salvador,2005,sp,m,0-14,5,Smear Positive
El Salvador,2005,sp,m,15-24,97,Smear Positive
El Salvador,2005,sp,m,25-34,140,Smear Positive
El Salvador,2005,sp,m,35-44,128,Smear Positive
El Salvador,2005,sp,m,45-54,104,Smear Positive
El Salvador,2005,sp,m,55-64,74,Smear Positive
El Salvador,2005,sp,m,65+,117,Smear Positive
El Salvador,2005,sp,f,0-14,6,Smear Positive
El Salvador,2005,sp,f,15-24,85,Smear Positive
El Salvador,2005,sp,f,25-34,82,Smear Positive
El Salvador,2005,sp,f,35-44,59,Smear Positive
El Salvador,2005,sp,f,45-54,50,Smear Positive
El Salvador,2005,sp,f,55-64,42,Smear Positive
El Salvador,2005,sp,f,65+,70,Smear Positive
El Salvador,2006,sp,m,0-14,6,Smear Positive
El Salvador,2006,sp,m,15-24,93,Smear Positive
El Salvador,2006,sp,m,25-34,124,Smear Positive
El Salvador,2006,sp,m,35-44,101,Smear Positive
El Salvador,2006,sp,m,45-54,76,Smear Positive
El Salvador,2006,sp,m,55-64,54,Smear Positive
El Salvador,2006,sp,m,65+,103,Smear Positive
El Salvador,2006,sp,f,0-14,7,Smear Positive
El Salvador,2006,sp,f,15-24,71,Smear Positive
El Salvador,2006,sp,f,25-34,80,Smear Positive
El Salvador,2006,sp,f,35-44,49,Smear Positive
El Salvador,2006,sp,f,45-54,50,Smear Positive
El Salvador,2006,sp,f,55-64,38,Smear Positive
El Salvador,2006,sp,f,65+,61,Smear Positive
El Salvador,2006,ep,m,0-14,27,Extrapulmonary
El Salvador,2006,ep,m,15-24,15,Extrapulmonary
El Salvador,2006,ep,m,25-34,40,Extrapulmonary
El Salvador,2006,ep,m,35-44,26,Extrapulmonary
El Salvador,2006,ep,m,45-54,14,Extrapulmonary
El Salvador,2006,ep,m,55-64,10,Extrapulmonary
El Salvador,2006,ep,m,65+,33,Extrapulmonary
El Salvador,2006,ep,f,0-14,17,Extrapulmonary
El Salvador,2006,ep,f,15-24,18,Extrapulmonary
El Salvador,2006,ep,f,25-34,38,Extrapulmonary
El Salvador,2006,ep,f,35-44,18,Extrapulmonary
El Salvador,2006,ep,f,45-54,11,Extrapulmonary
El Salvador,2006,ep,f,55-64,5,Extrapulmonary
El Salvador,2006,ep,f,65+,11,Extrapulmonary
El Salvador,2007,sp,m,0-14,8,Smear Positive
El Salvador,2007,sp,m,15-24,79,Smear Positive
El Salvador,2007,sp,m,25-34,179,Smear Positive
El Salvador,2007,sp,m,35-44,110,Smear Positive
El Salvador,2007,sp,m,45-54,73,Smear Positive
El Salvador,2007,sp,m,55-64,62,Smear Positive
El Salvador,2007,sp,m,65+,95,Smear Positive
El Salvador,2007,sp,f,0-14,4,Smear Positive
El Salvador,2007,sp,f,15-24,63,Smear Positive
El Salvador,2007,sp,f,25-34,85,Smear Positive
El Salvador,2007,sp,f,35-44,50,Smear Positive
El Salvador,2007,sp,f,45-54,45,Smear Positive
El Salvador,2007,sp,f,55-64,33,Smear Positive
El Salvador,2007,sp,f,65+,56,Smear Positive
El Salvador,2007,sn,m,0-14,147,Smear Negative
El Salvador,2007,sn,m,15-24,5,Smear Negative
El Salvador,2007,sn,m,25-34,9,Smear Negative
El Salvador,2007,sn,m,35-44,6,Smear Negative
El Salvador,2007,sn,m,45-54,8,Smear Negative
El Salvador,2007,sn,m,55-64,6,Smear Negative
El Salvador,2007,sn,m,65+,11,Smear Negative
El Salvador,2007,sn,f,0-14,129,Smear Negative
El Salvador,2007,sn,f,15-24,6,Smear Negative
El Salvador,2007,sn,f,25-34,5,Smear Negative
El Salvador,2007,sn,f,35-44,9,Smear Negative
El Salvador,2007,sn,f,45-54,4,Smear Negative
El Salvador,2007,sn,f,55-64,3,Smear Negative
El Salvador,2007,sn,f,65+,10,Smear Negative
El Salvador,2007,ep,m,0-14,27,Extrapulmonary
El Salvador,2007,ep,m,15-24,22,Extrapulmonary
El Salvador,2007,ep,m,25-34,46,Extrapulmonary
El Salvador,2007,ep,m,35-44,26,Extrapulmonary
El Salvador,2007,ep,m,45-54,23,Extrapulmonary
El Salvador,2007,ep,m,55-64,13,Extrapulmonary
El Salvador,2007,ep,m,65+,19,Extrapulmonary
El Salvador,2007,ep,f,0-14,20,Extrapulmonary
El Salvador,2007,ep,f,15-24,18,Extrapulmonary
El Salvador,2007,ep,f,25-34,30,Extrapulmonary
El Salvador,2007,ep,f,35-44,26,Extrapulmonary
El Salvador,2007,ep,f,45-54,18,Extrapulmonary
El Salvador,2007,ep,f,55-64,9,Extrapulmonary
El Salvador,2007,ep,f,65+,9,Extrapulmonary
El Salvador,2008,sp,m,0-14,8,Smear Positive
El Salvador,2008,sp,m,15-24,107,Smear Positive
El Salvador,2008,sp,m,25-34,168,Smear Positive
El Salvador,2008,sp,m,35-44,112,Smear Positive
El Salvador,2008,sp,m,45-54,67,Smear Positive
El Salvador,2008,sp,m,55-64,79,Smear Positive
El Salvador,2008,sp,m,65+,89,Smear Positive
El Salvador,2008,sp,f,0-14,8,Smear Positive
El Salvador,2008,sp,f,15-24,73,Smear Positive
El Salvador,2008,sp,f,25-34,71,Smear Positive
El Salvador,2008,sp,f,35-44,55,Smear Positive
El Salvador,2008,sp,f,45-54,42,Smear Positive
El Salvador,2008,sp,f,55-64,40,Smear Positive
El Salvador,2008,sp,f,65+,66,Smear Positive
El Salvador,2008,sn,m,0-14,138,Smear Negative
El Salvador,2008,sn,m,15-24,9,Smear Negative
El Salvador,2008,sn,m,25-34,25,Smear Negative
El Salvador,2008,sn,m,35-44,6,Smear Negative
El Salvador,2008,sn,m,45-54,4,Smear Negative
El Salvador,2008,sn,m,55-64,4,Smear Negative
El Salvador,2008,sn,m,65+,13,Smear Negative
El Salvador,2008,sn,f,0-14,138,Smear Negative
El Salvador,2008,sn,f,15-24,4,Smear Negative
El Salvador,2008,sn,f,25-34,4,Smear Negative
El Salvador,2008,sn,f,35-44,2,Smear Negative
El Salvador,2008,sn,f,45-54,3,Smear Negative
El Salvador,2008,sn,f,55-64,4,Smear Negative
El Salvador,2008,sn,f,65+,8,Smear Negative
El Salvador,2008,ep,m,0-14,17,Extrapulmonary
El Salvador,2008,ep,m,15-24,22,Extrapulmonary
El Salvador,2008,ep,m,25-34,49,Extrapulmonary
El Salvador,2008,ep,m,35-44,31,Extrapulmonary
El Salvador,2008,ep,m,45-54,15,Extrapulmonary
El Salvador,2008,ep,m,55-64,12,Extrapulmonary
El Salvador,2008,ep,m,65+,16,Extrapulmonary
El Salvador,2008,ep,f,0-14,27,Extrapulmonary
El Salvador,2008,ep,f,15-24,25,Extrapulmonary
El Salvador,2008,ep,f,25-34,29,Extrapulmonary
El Salvador,2008,ep,f,35-44,37,Extrapulmonary
El Salvador,2008,ep,f,45-54,13,Extrapulmonary
El Salvador,2008,ep,f,55-64,11,Extrapulmonary
El Salvador,2008,ep,f,65+,9,Extrapulmonary
El Salvador,2009,sp,m,0-14,7,Smear Positive
El Salvador,2009,sp,m,15-24,99,Smear Positive
El Salvador,2009,sp,m,25-34,147,Smear Positive
El Salvador,2009,sp,m,35-44,111,Smear Positive
El Salvador,2009,sp,m,45-54,80,Smear Positive
El Salvador,2009,sp,m,55-64,64,Smear Positive
El Salvador,2009,sp,m,65+,111,Smear Positive
El Salvador,2009,sp,f,0-14,2,Smear Positive
El Salvador,2009,sp,f,15-24,59,Smear Positive
El Salvador,2009,sp,f,25-34,69,Smear Positive
El Salvador,2009,sp,f,35-44,50,Smear Positive
El Salvador,2009,sp,f,45-54,46,Smear Positive
El Salvador,2009,sp,f,55-64,27,Smear Positive
El Salvador,2009,sp,f,65+,58,Smear Positive
El Salvador,2009,sn,m,0-14,138,Smear Negative
El Salvador,2009,sn,m,15-24,11,Smear Negative
El Salvador,2009,sn,m,25-34,19,Smear Negative
El Salvador,2009,sn,m,35-44,6,Smear Negative
El Salvador,2009,sn,m,45-54,9,Smear Negative
El Salvador,2009,sn,m,55-64,12,Smear Negative
El Salvador,2009,sn,m,65+,13,Smear Negative
El Salvador,2009,sn,f,0-14,119,Smear Negative
El Salvador,2009,sn,f,15-24,9,Smear Negative
El Salvador,2009,sn,f,25-34,5,Smear Negative
El Salvador,2009,sn,f,35-44,4,Smear Negative
El Salvador,2009,sn,f,45-54,4,Smear Negative
El Salvador,2009,sn,f,55-64,7,Smear Negative
El Salvador,2009,sn,f,65+,7,Smear Negative
El Salvador,2009,ep,m,0-14,19,Extrapulmonary
El Salvador,2009,ep,m,15-24,30,Extrapulmonary
El Salvador,2009,ep,m,25-34,42,Extrapulmonary
El Salvador,2009,ep,m,35-44,32,Extrapulmonary
El Salvador,2009,ep,m,45-54,16,Extrapulmonary
El Salvador,2009,ep,m,55-64,11,Extrapulmonary
El Salvador,2009,ep,m,65+,16,Extrapulmonary
El Salvador,2009,ep,f,0-14,37,Extrapulmonary
El Salvador,2009,ep,f,15-24,20,Extrapulmonary
El Salvador,2009,ep,f,25-34,47,Extrapulmonary
El Salvador,2009,ep,f,35-44,26,Extrapulmonary
El Salvador,2009,ep,f,45-54,18,Extrapulmonary
El Salvador,2009,ep,f,55-64,10,Extrapulmonary
El Salvador,2009,ep,f,65+,5,Extrapulmonary
El Salvador,2010,sp,m,0-14,5,Smear Positive
El Salvador,2010,sp,m,15-24,101,Smear Positive
El Salvador,2010,sp,m,25-34,170,Smear Positive
El Salvador,2010,sp,m,35-44,96,Smear Positive
El Salvador,2010,sp,m,45-54,77,Smear Positive
El Salvador,2010,sp,m,55-64,62,Smear Positive
El Salvador,2010,sp,m,65+,101,Smear Positive
El Salvador,2010,sp,f,0-14,6,Smear Positive
El Salvador,2010,sp,f,15-24,63,Smear Positive
El Salvador,2010,sp,f,25-34,65,Smear Positive
El Salvador,2010,sp,f,35-44,49,Smear Positive
El Salvador,2010,sp,f,45-54,58,Smear Positive
El Salvador,2010,sp,f,55-64,51,Smear Positive
El Salvador,2010,sp,f,65+,68,Smear Positive
El Salvador,2010,sn,m,0-14,122,Smear Negative
El Salvador,2010,sn,m,15-24,18,Smear Negative
El Salvador,2010,sn,m,25-34,16,Smear Negative
El Salvador,2010,sn,m,35-44,16,Smear Negative
El Salvador,2010,sn,m,45-54,11,Smear Negative
El Salvador,2010,sn,m,55-64,11,Smear Negative
El Salvador,2010,sn,m,65+,14,Smear Negative
El Salvador,2010,sn,f,0-14,102,Smear Negative
El Salvador,2010,sn,f,15-24,6,Smear Negative
El Salvador,2010,sn,f,25-34,4,Smear Negative
El Salvador,2010,sn,f,35-44,8,Smear Negative
El Salvador,2010,sn,f,45-54,4,Smear Negative
El Salvador,2010,sn,f,55-64,4,Smear Negative
El Salvador,2010,sn,f,65+,2,Smear Negative
El Salvador,2010,ep,m,0-14,27,Extrapulmonary
El Salvador,2010,ep,m,15-24,36,Extrapulmonary
El Salvador,2010,ep,m,25-34,38,Extrapulmonary
El Salvador,2010,ep,m,35-44,40,Extrapulmonary
El Salvador,2010,ep,m,45-54,21,Extrapulmonary
El Salvador,2010,ep,m,55-64,11,Extrapulmonary
El Salvador,2010,ep,m,65+,12,Extrapulmonary
El Salvador,2010,ep,f,0-14,27,Extrapulmonary
El Salvador,2010,ep,f,15-24,15,Extrapulmonary
El Salvador,2010,ep,f,25-34,40,Extrapulmonary
El Salvador,2010,ep,f,35-44,29,Extrapulmonary
El Salvador,2010,ep,f,45-54,19,Extrapulmonary
El Salvador,2010,ep,f,55-64,10,Extrapulmonary
El Salvador,2010,ep,f,65+,3,Extrapulmonary
El Salvador,2011,sp,m,0-14,3,Smear Positive
El Salvador,2011,sp,m,15-24,114,Smear Positive
El Salvador,2011,sp,m,25-34,183,Smear Positive
El Salvador,2011,sp,m,35-44,106,Smear Positive
El Salvador,2011,sp,m,45-54,96,Smear Positive
El Salvador,2011,sp,m,55-64,77,Smear Positive
El Salvador,2011,sp,m,65+,115,Smear Positive
El Salvador,2011,sp,f,0-14,6,Smear Positive
El Salvador,2011,sp,f,15-24,61,Smear Positive
El Salvador,2011,sp,f,25-34,61,Smear Positive
El Salvador,2011,sp,f,35-44,44,Smear Positive
El Salvador,2011,sp,f,45-54,52,Smear Positive
El Salvador,2011,sp,f,55-64,69,Smear Positive
El Salvador,2011,sp,f,65+,92,Smear Positive
El Salvador,2011,sn,m,0-14,111,Smear Negative
El Salvador,2011,sn,m,15-24,9,Smear Negative
El Salvador,2011,sn,m,25-34,27,Smear Negative
El Salvador,2011,sn,m,35-44,24,Smear Negative
El Salvador,2011,sn,m,45-54,13,Smear Negative
El Salvador,2011,sn,m,55-64,19,Smear Negative
El Salvador,2011,sn,m,65+,16,Smear Negative
El Salvador,2011,sn,f,0-14,99,Smear Negative
El Salvador,2011,sn,f,15-24,9,Smear Negative
El Salvador,2011,sn,f,25-34,12,Smear Negative
El Salvador,2011,sn,f,35-44,13,Smear Negative
El Salvador,2011,sn,f,45-54,5,Smear Negative
El Salvador,2011,sn,f,55-64,7,Smear Negative
El Salvador,2011,sn,f,65+,7,Smear Negative
El Salvador,2011,ep,m,0-14,23,Extrapulmonary
El Salvador,2011,ep,m,15-24,47,Extrapulmonary
El Salvador,2011,ep,m,25-34,52,Extrapulmonary
El Salvador,2011,ep,m,35-44,34,Extrapulmonary
El Salvador,2011,ep,m,45-54,21,Extrapulmonary
El Salvador,2011,ep,m,55-64,13,Extrapulmonary
El Salvador,2011,ep,m,65+,30,Extrapulmonary
El Salvador,2011,ep,f,0-14,26,Extrapulmonary
El Salvador,2011,ep,f,15-24,37,Extrapulmonary
El Salvador,2011,ep,f,25-34,34,Extrapulmonary
El Salvador,2011,ep,f,35-44,26,Extrapulmonary
El Salvador,2011,ep,f,45-54,14,Extrapulmonary
El Salvador,2011,ep,f,55-64,15,Extrapulmonary
El Salvador,2011,ep,f,65+,12,Extrapulmonary
El Salvador,2012,sp,m,0-14,5,Smear Positive
El Salvador,2012,sp,m,15-24,131,Smear Positive
El Salvador,2012,sp,m,25-34,194,Smear Positive
El Salvador,2012,sp,m,35-44,122,Smear Positive
El Salvador,2012,sp,m,45-54,100,Smear Positive
El Salvador,2012,sp,m,55-64,87,Smear Positive
El Salvador,2012,sp,m,65+,115,Smear Positive
El Salvador,2012,sp,f,0-14,5,Smear Positive
El Salvador,2012,sp,f,15-24,81,Smear Positive
El Salvador,2012,sp,f,25-34,73,Smear Positive
El Salvador,2012,sp,f,35-44,80,Smear Positive
El Salvador,2012,sp,f,45-54,90,Smear Positive
El Salvador,2012,sp,f,55-64,64,Smear Positive
El Salvador,2012,sp,f,65+,90,Smear Positive
El Salvador,2012,sn,m,0-14,96,Smear Negative
El Salvador,2012,sn,m,15-24,18,Smear Negative
El Salvador,2012,sn,m,25-34,28,Smear Negative
El Salvador,2012,sn,m,35-44,19,Smear Negative
El Salvador,2012,sn,m,45-54,9,Smear Negative
El Salvador,2012,sn,m,55-64,7,Smear Negative
El Salvador,2012,sn,m,65+,10,Smear Negative
El Salvador,2012,sn,f,0-14,81,Smear Negative
El Salvador,2012,sn,f,15-24,5,Smear Negative
El Salvador,2012,sn,f,25-34,10,Smear Negative
El Salvador,2012,sn,f,35-44,12,Smear Negative
El Salvador,2012,sn,f,45-54,7,Smear Negative
El Salvador,2012,sn,f,55-64,4,Smear Negative
El Salvador,2012,sn,f,65+,7,Smear Negative
El Salvador,2012,ep,m,0-14,24,Extrapulmonary
El Salvador,2012,ep,m,15-24,40,Extrapulmonary
El Salvador,2012,ep,m,25-34,67,Extrapulmonary
El Salvador,2012,ep,m,35-44,51,Extrapulmonary
El Salvador,2012,ep,m,45-54,33,Extrapulmonary
El Salvador,2012,ep,m,55-64,20,Extrapulmonary
El Salvador,2012,ep,m,65+,12,Extrapulmonary
El Salvador,2012,ep,f,0-14,24,Extrapulmonary
El Salvador,2012,ep,f,15-24,39,Extrapulmonary
El Salvador,2012,ep,f,25-34,29,Extrapulmonary
El Salvador,2012,ep,f,35-44,38,Extrapulmonary
El Salvador,2012,ep,f,45-54,18,Extrapulmonary
El Salvador,2012,ep,f,55-64,9,Extrapulmonary
El Salvador,2012,ep,f,65+,11,Extrapulmonary
El Salvador,2013,rel,m,0-14,120,Relapse
El Salvador,2013,rel,m,15-24,208,Relapse
El Salvador,2013,rel,m,25-34,344,Relapse
El Salvador,2013,rel,m,35-44,197,Relapse
El Salvador,2013,rel,m,45-54,133,Relapse
El Salvador,2013,rel,m,55-64,96,Relapse
El Salvador,2013,rel,m,65+,180,Relapse
El Salvador,2013,rel,f,0-14,80,Relapse
El Salvador,2013,rel,f,15-24,90,Relapse
El Salvador,2013,rel,f,25-34,122,Relapse
El Salvador,2013,rel,f,35-44,123,Relapse
El Salvador,2013,rel,f,45-54,95,Relapse
El Salvador,2013,rel,f,55-64,115,Relapse
El Salvador,2013,rel,f,65+,164,Relapse
Equatorial Guinea,1995,sp,m,0-14,8,Smear Positive
Equatorial Guinea,1995,sp,m,15-24,15,Smear Positive
Equatorial Guinea,1995,sp,m,25-34,45,Smear Positive
Equatorial Guinea,1995,sp,m,35-44,37,Smear Positive
Equatorial Guinea,1995,sp,m,45-54,15,Smear Positive
Equatorial Guinea,1995,sp,m,55-64,11,Smear Positive
Equatorial Guinea,1995,sp,m,65+,7,Smear Positive
Equatorial Guinea,1995,sp,f,0-14,2,Smear Positive
Equatorial Guinea,1995,sp,f,15-24,18,Smear Positive
Equatorial Guinea,1995,sp,f,25-34,28,Smear Positive
Equatorial Guinea,1995,sp,f,35-44,20,Smear Positive
Equatorial Guinea,1995,sp,f,45-54,4,Smear Positive
Equatorial Guinea,1995,sp,f,55-64,7,Smear Positive
Equatorial Guinea,1995,sp,f,65+,1,Smear Positive
Equatorial Guinea,1997,sp,m,0-14,5,Smear Positive
Equatorial Guinea,1997,sp,m,15-24,32,Smear Positive
Equatorial Guinea,1997,sp,m,25-34,40,Smear Positive
Equatorial Guinea,1997,sp,m,35-44,36,Smear Positive
Equatorial Guinea,1997,sp,m,45-54,25,Smear Positive
Equatorial Guinea,1997,sp,m,55-64,8,Smear Positive
Equatorial Guinea,1997,sp,m,65+,4,Smear Positive
Equatorial Guinea,1997,sp,f,0-14,3,Smear Positive
Equatorial Guinea,1997,sp,f,15-24,23,Smear Positive
Equatorial Guinea,1997,sp,f,25-34,20,Smear Positive
Equatorial Guinea,1997,sp,f,35-44,14,Smear Positive
Equatorial Guinea,1997,sp,f,45-54,10,Smear Positive
Equatorial Guinea,1997,sp,f,55-64,3,Smear Positive
Equatorial Guinea,1997,sp,f,65+,3,Smear Positive
Equatorial Guinea,1998,sp,m,0-14,6,Smear Positive
Equatorial Guinea,1998,sp,m,15-24,30,Smear Positive
Equatorial Guinea,1998,sp,m,25-34,46,Smear Positive
Equatorial Guinea,1998,sp,m,35-44,39,Smear Positive
Equatorial Guinea,1998,sp,m,45-54,29,Smear Positive
Equatorial Guinea,1998,sp,m,55-64,16,Smear Positive
Equatorial Guinea,1998,sp,m,65+,11,Smear Positive
Equatorial Guinea,1998,sp,f,0-14,3,Smear Positive
Equatorial Guinea,1998,sp,f,15-24,37,Smear Positive
Equatorial Guinea,1998,sp,f,25-34,31,Smear Positive
Equatorial Guinea,1998,sp,f,35-44,20,Smear Positive
Equatorial Guinea,1998,sp,f,45-54,7,Smear Positive
Equatorial Guinea,1998,sp,f,55-64,5,Smear Positive
Equatorial Guinea,1998,sp,f,65+,4,Smear Positive
Equatorial Guinea,2004,sp,m,0-14,5,Smear Positive
Equatorial Guinea,2004,sp,m,15-24,50,Smear Positive
Equatorial Guinea,2004,sp,m,25-34,63,Smear Positive
Equatorial Guinea,2004,sp,m,35-44,54,Smear Positive
Equatorial Guinea,2004,sp,m,45-54,41,Smear Positive
Equatorial Guinea,2004,sp,m,55-64,17,Smear Positive
Equatorial Guinea,2004,sp,m,65+,15,Smear Positive
Equatorial Guinea,2004,sp,f,0-14,9,Smear Positive
Equatorial Guinea,2004,sp,f,15-24,45,Smear Positive
Equatorial Guinea,2004,sp,f,25-34,48,Smear Positive
Equatorial Guinea,2004,sp,f,35-44,30,Smear Positive
Equatorial Guinea,2004,sp,f,45-54,15,Smear Positive
Equatorial Guinea,2004,sp,f,55-64,10,Smear Positive
Equatorial Guinea,2004,sp,f,65+,4,Smear Positive
Equatorial Guinea,2008,sp,m,0-14,8,Smear Positive
Equatorial Guinea,2008,sp,m,15-24,68,Smear Positive
Equatorial Guinea,2008,sp,m,25-34,95,Smear Positive
Equatorial Guinea,2008,sp,m,35-44,85,Smear Positive
Equatorial Guinea,2008,sp,m,45-54,44,Smear Positive
Equatorial Guinea,2008,sp,m,55-64,17,Smear Positive
Equatorial Guinea,2008,sp,m,65+,11,Smear Positive
Equatorial Guinea,2008,sp,f,0-14,10,Smear Positive
Equatorial Guinea,2008,sp,f,15-24,57,Smear Positive
Equatorial Guinea,2008,sp,f,25-34,66,Smear Positive
Equatorial Guinea,2008,sp,f,35-44,35,Smear Positive
Equatorial Guinea,2008,sp,f,45-54,23,Smear Positive
Equatorial Guinea,2008,sp,f,55-64,13,Smear Positive
Equatorial Guinea,2008,sp,f,65+,9,Smear Positive
Equatorial Guinea,2009,sp,m,0-14,10,Smear Positive
Equatorial Guinea,2009,sp,m,15-24,53,Smear Positive
Equatorial Guinea,2009,sp,m,25-34,79,Smear Positive
Equatorial Guinea,2009,sp,m,35-44,64,Smear Positive
Equatorial Guinea,2009,sp,m,45-54,52,Smear Positive
Equatorial Guinea,2009,sp,m,55-64,20,Smear Positive
Equatorial Guinea,2009,sp,m,65+,4,Smear Positive
Equatorial Guinea,2009,sp,f,0-14,2,Smear Positive
Equatorial Guinea,2009,sp,f,15-24,57,Smear Positive
Equatorial Guinea,2009,sp,f,25-34,66,Smear Positive
Equatorial Guinea,2009,sp,f,35-44,54,Smear Positive
Equatorial Guinea,2009,sp,f,45-54,19,Smear Positive
Equatorial Guinea,2009,sp,f,55-64,4,Smear Positive
Equatorial Guinea,2009,sp,f,65+,6,Smear Positive
Equatorial Guinea,2009,sn,m,0-14,12,Smear Negative
Equatorial Guinea,2009,sn,m,15-24,13,Smear Negative
Equatorial Guinea,2009,sn,m,25-34,9,Smear Negative
Equatorial Guinea,2009,sn,m,35-44,16,Smear Negative
Equatorial Guinea,2009,sn,m,45-54,9,Smear Negative
Equatorial Guinea,2009,sn,m,55-64,9,Smear Negative
Equatorial Guinea,2009,sn,m,65+,3,Smear Negative
Equatorial Guinea,2009,sn,f,0-14,7,Smear Negative
Equatorial Guinea,2009,sn,f,15-24,3,Smear Negative
Equatorial Guinea,2009,sn,f,25-34,12,Smear Negative
Equatorial Guinea,2009,sn,f,35-44,6,Smear Negative
Equatorial Guinea,2009,sn,f,45-54,6,Smear Negative
Equatorial Guinea,2009,sn,f,55-64,2,Smear Negative
Equatorial Guinea,2009,sn,f,65+,2,Smear Negative
Equatorial Guinea,2010,sp,m,0-14,10,Smear Positive
Equatorial Guinea,2010,sp,m,15-24,71,Smear Positive
Equatorial Guinea,2010,sp,m,25-34,80,Smear Positive
Equatorial Guinea,2010,sp,m,35-44,59,Smear Positive
Equatorial Guinea,2010,sp,m,45-54,35,Smear Positive
Equatorial Guinea,2010,sp,m,55-64,16,Smear Positive
Equatorial Guinea,2010,sp,m,65+,10,Smear Positive
Equatorial Guinea,2010,sp,f,0-14,13,Smear Positive
Equatorial Guinea,2010,sp,f,15-24,80,Smear Positive
Equatorial Guinea,2010,sp,f,25-34,57,Smear Positive
Equatorial Guinea,2010,sp,f,35-44,45,Smear Positive
Equatorial Guinea,2010,sp,f,45-54,26,Smear Positive
Equatorial Guinea,2010,sp,f,55-64,9,Smear Positive
Equatorial Guinea,2010,sp,f,65+,6,Smear Positive
Equatorial Guinea,2010,sn,m,0-14,5,Smear Negative
Equatorial Guinea,2010,sn,m,15-24,10,Smear Negative
Equatorial Guinea,2010,sn,m,25-34,12,Smear Negative
Equatorial Guinea,2010,sn,m,35-44,4,Smear Negative
Equatorial Guinea,2010,sn,m,45-54,9,Smear Negative
Equatorial Guinea,2010,sn,m,55-64,5,Smear Negative
Equatorial Guinea,2010,sn,m,65+,4,Smear Negative
Equatorial Guinea,2010,sn,f,0-14,13,Smear Negative
Equatorial Guinea,2010,sn,f,15-24,7,Smear Negative
Equatorial Guinea,2010,sn,f,25-34,9,Smear Negative
Equatorial Guinea,2010,sn,f,35-44,9,Smear Negative
Equatorial Guinea,2010,sn,f,45-54,4,Smear Negative
Equatorial Guinea,2010,sn,f,55-64,4,Smear Negative
Equatorial Guinea,2010,sn,f,65+,3,Smear Negative
Equatorial Guinea,2010,ep,m,0-14,24,Extrapulmonary
Equatorial Guinea,2010,ep,m,15-24,10,Extrapulmonary
Equatorial Guinea,2010,ep,m,25-34,5,Extrapulmonary
Equatorial Guinea,2010,ep,m,35-44,3,Extrapulmonary
Equatorial Guinea,2010,ep,m,45-54,4,Extrapulmonary
Equatorial Guinea,2010,ep,m,55-64,1,Extrapulmonary
Equatorial Guinea,2010,ep,m,65+,0,Extrapulmonary
Equatorial Guinea,2010,ep,f,0-14,21,Extrapulmonary
Equatorial Guinea,2010,ep,f,15-24,10,Extrapulmonary
Equatorial Guinea,2010,ep,f,25-34,7,Extrapulmonary
Equatorial Guinea,2010,ep,f,35-44,11,Extrapulmonary
Equatorial Guinea,2010,ep,f,45-54,5,Extrapulmonary
Equatorial Guinea,2010,ep,f,55-64,4,Extrapulmonary
Equatorial Guinea,2010,ep,f,65+,4,Extrapulmonary
Equatorial Guinea,2011,sp,m,0-14,11,Smear Positive
Equatorial Guinea,2011,sp,m,15-24,77,Smear Positive
Equatorial Guinea,2011,sp,m,25-34,90,Smear Positive
Equatorial Guinea,2011,sp,m,35-44,89,Smear Positive
Equatorial Guinea,2011,sp,m,45-54,59,Smear Positive
Equatorial Guinea,2011,sp,m,55-64,22,Smear Positive
Equatorial Guinea,2011,sp,m,65+,12,Smear Positive
Equatorial Guinea,2011,sp,f,0-14,15,Smear Positive
Equatorial Guinea,2011,sp,f,15-24,76,Smear Positive
Equatorial Guinea,2011,sp,f,25-34,81,Smear Positive
Equatorial Guinea,2011,sp,f,35-44,46,Smear Positive
Equatorial Guinea,2011,sp,f,45-54,21,Smear Positive
Equatorial Guinea,2011,sp,f,55-64,9,Smear Positive
Equatorial Guinea,2011,sp,f,65+,3,Smear Positive
Equatorial Guinea,2011,sn,m,0-14,11,Smear Negative
Equatorial Guinea,2011,sn,m,15-24,9,Smear Negative
Equatorial Guinea,2011,sn,m,25-34,9,Smear Negative
Equatorial Guinea,2011,sn,m,35-44,8,Smear Negative
Equatorial Guinea,2011,sn,m,45-54,3,Smear Negative
Equatorial Guinea,2011,sn,m,55-64,8,Smear Negative
Equatorial Guinea,2011,sn,m,65+,2,Smear Negative
Equatorial Guinea,2011,sn,f,0-14,13,Smear Negative
Equatorial Guinea,2011,sn,f,15-24,12,Smear Negative
Equatorial Guinea,2011,sn,f,25-34,14,Smear Negative
Equatorial Guinea,2011,sn,f,35-44,18,Smear Negative
Equatorial Guinea,2011,sn,f,45-54,3,Smear Negative
Equatorial Guinea,2011,sn,f,55-64,4,Smear Negative
Equatorial Guinea,2011,sn,f,65+,2,Smear Negative
Equatorial Guinea,2011,ep,m,0-14,24,Extrapulmonary
Equatorial Guinea,2011,ep,m,15-24,13,Extrapulmonary
Equatorial Guinea,2011,ep,m,25-34,12,Extrapulmonary
Equatorial Guinea,2011,ep,m,35-44,8,Extrapulmonary
Equatorial Guinea,2011,ep,m,45-54,7,Extrapulmonary
Equatorial Guinea,2011,ep,m,55-64,1,Extrapulmonary
Equatorial Guinea,2011,ep,m,65+,1,Extrapulmonary
Equatorial Guinea,2011,ep,f,0-14,22,Extrapulmonary
Equatorial Guinea,2011,ep,f,15-24,8,Extrapulmonary
Equatorial Guinea,2011,ep,f,25-34,14,Extrapulmonary
Equatorial Guinea,2011,ep,f,35-44,9,Extrapulmonary
Equatorial Guinea,2011,ep,f,45-54,7,Extrapulmonary
Equatorial Guinea,2011,ep,f,55-64,3,Extrapulmonary
Equatorial Guinea,2011,ep,f,65+,2,Extrapulmonary
Eritrea,1997,sp,m,0-14,0,Smear Positive
Eritrea,1997,sp,m,15-24,2,Smear Positive
Eritrea,1997,sp,m,25-34,12,Smear Positive
Eritrea,1997,sp,m,35-44,21,Smear Positive
Eritrea,1997,sp,m,45-54,12,Smear Positive
Eritrea,1997,sp,m,55-64,6,Smear Positive
Eritrea,1997,sp,m,65+,4,Smear Positive
Eritrea,1997,sp,f,0-14,0,Smear Positive
Eritrea,1997,sp,f,15-24,3,Smear Positive
Eritrea,1997,sp,f,25-34,10,Smear Positive
Eritrea,1997,sp,f,35-44,20,Smear Positive
Eritrea,1997,sp,f,45-54,10,Smear Positive
Eritrea,1997,sp,f,55-64,4,Smear Positive
Eritrea,1997,sp,f,65+,5,Smear Positive
Eritrea,1998,sp,m,0-14,4,Smear Positive
Eritrea,1998,sp,m,15-24,36,Smear Positive
Eritrea,1998,sp,m,25-34,30,Smear Positive
Eritrea,1998,sp,m,35-44,19,Smear Positive
Eritrea,1998,sp,m,45-54,15,Smear Positive
Eritrea,1998,sp,m,55-64,8,Smear Positive
Eritrea,1998,sp,m,65+,10,Smear Positive
Eritrea,1998,sp,f,0-14,3,Smear Positive
Eritrea,1998,sp,f,15-24,43,Smear Positive
Eritrea,1998,sp,f,25-34,29,Smear Positive
Eritrea,1998,sp,f,35-44,11,Smear Positive
Eritrea,1998,sp,f,45-54,9,Smear Positive
Eritrea,1998,sp,f,55-64,6,Smear Positive
Eritrea,1998,sp,f,65+,5,Smear Positive
Eritrea,1999,sp,m,0-14,3,Smear Positive
Eritrea,1999,sp,m,15-24,55,Smear Positive
Eritrea,1999,sp,m,25-34,75,Smear Positive
Eritrea,1999,sp,m,35-44,49,Smear Positive
Eritrea,1999,sp,m,45-54,51,Smear Positive
Eritrea,1999,sp,m,55-64,30,Smear Positive
Eritrea,1999,sp,m,65+,17,Smear Positive
Eritrea,1999,sp,f,0-14,3,Smear Positive
Eritrea,1999,sp,f,15-24,65,Smear Positive
Eritrea,1999,sp,f,25-34,94,Smear Positive
Eritrea,1999,sp,f,35-44,34,Smear Positive
Eritrea,1999,sp,f,45-54,30,Smear Positive
Eritrea,1999,sp,f,55-64,17,Smear Positive
Eritrea,1999,sp,f,65+,7,Smear Positive
Eritrea,2000,sp,m,0-14,9,Smear Positive
Eritrea,2000,sp,m,15-24,70,Smear Positive
Eritrea,2000,sp,m,25-34,75,Smear Positive
Eritrea,2000,sp,m,35-44,57,Smear Positive
Eritrea,2000,sp,m,45-54,32,Smear Positive
Eritrea,2000,sp,m,55-64,25,Smear Positive
Eritrea,2000,sp,m,65+,20,Smear Positive
Eritrea,2000,sp,f,0-14,10,Smear Positive
Eritrea,2000,sp,f,15-24,100,Smear Positive
Eritrea,2000,sp,f,25-34,87,Smear Positive
Eritrea,2000,sp,f,35-44,71,Smear Positive
Eritrea,2000,sp,f,45-54,21,Smear Positive
Eritrea,2000,sp,f,55-64,12,Smear Positive
Eritrea,2000,sp,f,65+,8,Smear Positive
Eritrea,2001,sp,m,0-14,5,Smear Positive
Eritrea,2001,sp,m,15-24,79,Smear Positive
Eritrea,2001,sp,m,25-34,95,Smear Positive
Eritrea,2001,sp,m,35-44,77,Smear Positive
Eritrea,2001,sp,m,45-54,40,Smear Positive
Eritrea,2001,sp,m,55-64,42,Smear Positive
Eritrea,2001,sp,m,65+,21,Smear Positive
Eritrea,2001,sp,f,0-14,9,Smear Positive
Eritrea,2001,sp,f,15-24,96,Smear Positive
Eritrea,2001,sp,f,25-34,76,Smear Positive
Eritrea,2001,sp,f,35-44,66,Smear Positive
Eritrea,2001,sp,f,45-54,50,Smear Positive
Eritrea,2001,sp,f,55-64,31,Smear Positive
Eritrea,2001,sp,f,65+,15,Smear Positive
Eritrea,2002,sp,m,0-14,16,Smear Positive
Eritrea,2002,sp,m,15-24,85,Smear Positive
Eritrea,2002,sp,m,25-34,88,Smear Positive
Eritrea,2002,sp,m,35-44,53,Smear Positive
Eritrea,2002,sp,m,45-54,41,Smear Positive
Eritrea,2002,sp,m,55-64,24,Smear Positive
Eritrea,2002,sp,m,65+,23,Smear Positive
Eritrea,2002,sp,f,0-14,15,Smear Positive
Eritrea,2002,sp,f,15-24,75,Smear Positive
Eritrea,2002,sp,f,25-34,85,Smear Positive
Eritrea,2002,sp,f,35-44,52,Smear Positive
Eritrea,2002,sp,f,45-54,39,Smear Positive
Eritrea,2002,sp,f,55-64,30,Smear Positive
Eritrea,2002,sp,f,65+,20,Smear Positive
Eritrea,2003,sp,m,0-14,17,Smear Positive
Eritrea,2003,sp,m,15-24,90,Smear Positive
Eritrea,2003,sp,m,25-34,85,Smear Positive
Eritrea,2003,sp,m,35-44,55,Smear Positive
Eritrea,2003,sp,m,45-54,46,Smear Positive
Eritrea,2003,sp,m,55-64,44,Smear Positive
Eritrea,2003,sp,m,65+,36,Smear Positive
Eritrea,2003,sp,f,0-14,27,Smear Positive
Eritrea,2003,sp,f,15-24,120,Smear Positive
Eritrea,2003,sp,f,25-34,149,Smear Positive
Eritrea,2003,sp,f,35-44,100,Smear Positive
Eritrea,2003,sp,f,45-54,60,Smear Positive
Eritrea,2003,sp,f,55-64,36,Smear Positive
Eritrea,2003,sp,f,65+,22,Smear Positive
Eritrea,2004,sp,m,0-14,14,Smear Positive
Eritrea,2004,sp,m,15-24,67,Smear Positive
Eritrea,2004,sp,m,25-34,61,Smear Positive
Eritrea,2004,sp,m,35-44,45,Smear Positive
Eritrea,2004,sp,m,45-54,45,Smear Positive
Eritrea,2004,sp,m,55-64,39,Smear Positive
Eritrea,2004,sp,m,65+,29,Smear Positive
Eritrea,2004,sp,f,0-14,13,Smear Positive
Eritrea,2004,sp,f,15-24,95,Smear Positive
Eritrea,2004,sp,f,25-34,118,Smear Positive
Eritrea,2004,sp,f,35-44,67,Smear Positive
Eritrea,2004,sp,f,45-54,43,Smear Positive
Eritrea,2004,sp,f,55-64,23,Smear Positive
Eritrea,2004,sp,f,65+,20,Smear Positive
Eritrea,2005,sp,m,0-14,9,Smear Positive
Eritrea,2005,sp,m,15-24,68,Smear Positive
Eritrea,2005,sp,m,25-34,73,Smear Positive
Eritrea,2005,sp,m,35-44,50,Smear Positive
Eritrea,2005,sp,m,45-54,45,Smear Positive
Eritrea,2005,sp,m,55-64,51,Smear Positive
Eritrea,2005,sp,m,65+,39,Smear Positive
Eritrea,2005,sp,f,0-14,8,Smear Positive
Eritrea,2005,sp,f,15-24,67,Smear Positive
Eritrea,2005,sp,f,25-34,127,Smear Positive
Eritrea,2005,sp,f,35-44,72,Smear Positive
Eritrea,2005,sp,f,45-54,39,Smear Positive
Eritrea,2005,sp,f,55-64,21,Smear Positive
Eritrea,2005,sp,f,65+,18,Smear Positive
Eritrea,2006,sp,m,0-14,6,Smear Positive
Eritrea,2006,sp,m,15-24,50,Smear Positive
Eritrea,2006,sp,m,25-34,55,Smear Positive
Eritrea,2006,sp,m,35-44,44,Smear Positive
Eritrea,2006,sp,m,45-54,52,Smear Positive
Eritrea,2006,sp,m,55-64,42,Smear Positive
Eritrea,2006,sp,m,65+,36,Smear Positive
Eritrea,2006,sp,f,0-14,17,Smear Positive
Eritrea,2006,sp,f,15-24,109,Smear Positive
Eritrea,2006,sp,f,25-34,123,Smear Positive
Eritrea,2006,sp,f,35-44,64,Smear Positive
Eritrea,2006,sp,f,45-54,45,Smear Positive
Eritrea,2006,sp,f,55-64,19,Smear Positive
Eritrea,2006,sp,f,65+,18,Smear Positive
Eritrea,2007,sp,m,0-14,21,Smear Positive
Eritrea,2007,sp,m,15-24,56,Smear Positive
Eritrea,2007,sp,m,25-34,85,Smear Positive
Eritrea,2007,sp,m,35-44,73,Smear Positive
Eritrea,2007,sp,m,45-54,62,Smear Positive
Eritrea,2007,sp,m,55-64,53,Smear Positive
Eritrea,2007,sp,m,65+,44,Smear Positive
Eritrea,2007,sp,f,0-14,2,Smear Positive
Eritrea,2007,sp,f,15-24,70,Smear Positive
Eritrea,2007,sp,f,25-34,89,Smear Positive
Eritrea,2007,sp,f,35-44,56,Smear Positive
Eritrea,2007,sp,f,45-54,47,Smear Positive
Eritrea,2007,sp,f,55-64,21,Smear Positive
Eritrea,2007,sp,f,65+,15,Smear Positive
Eritrea,2009,sp,m,0-14,6,Smear Positive
Eritrea,2009,sp,m,15-24,104,Smear Positive
Eritrea,2009,sp,m,25-34,111,Smear Positive
Eritrea,2009,sp,m,35-44,79,Smear Positive
Eritrea,2009,sp,m,45-54,46,Smear Positive
Eritrea,2009,sp,m,55-64,57,Smear Positive
Eritrea,2009,sp,m,65+,44,Smear Positive
Eritrea,2009,sp,f,0-14,4,Smear Positive
Eritrea,2009,sp,f,15-24,85,Smear Positive
Eritrea,2009,sp,f,25-34,88,Smear Positive
Eritrea,2009,sp,f,35-44,88,Smear Positive
Eritrea,2009,sp,f,45-54,39,Smear Positive
Eritrea,2009,sp,f,55-64,27,Smear Positive
Eritrea,2009,sp,f,65+,24,Smear Positive
Eritrea,2010,sp,m,0-14,10,Smear Positive
Eritrea,2010,sp,m,15-24,93,Smear Positive
Eritrea,2010,sp,m,25-34,109,Smear Positive
Eritrea,2010,sp,m,35-44,81,Smear Positive
Eritrea,2010,sp,m,45-54,51,Smear Positive
Eritrea,2010,sp,m,55-64,37,Smear Positive
Eritrea,2010,sp,m,65+,60,Smear Positive
Eritrea,2010,sp,f,0-14,3,Smear Positive
Eritrea,2010,sp,f,15-24,88,Smear Positive
Eritrea,2010,sp,f,25-34,111,Smear Positive
Eritrea,2010,sp,f,35-44,79,Smear Positive
Eritrea,2010,sp,f,45-54,43,Smear Positive
Eritrea,2010,sp,f,55-64,31,Smear Positive
Eritrea,2010,sp,f,65+,36,Smear Positive
Eritrea,2012,sp,m,0-14,2,Smear Positive
Eritrea,2012,sp,m,15-24,84,Smear Positive
Eritrea,2012,sp,m,25-34,105,Smear Positive
Eritrea,2012,sp,m,35-44,90,Smear Positive
Eritrea,2012,sp,m,45-54,62,Smear Positive
Eritrea,2012,sp,m,55-64,39,Smear Positive
Eritrea,2012,sp,m,65+,51,Smear Positive
Eritrea,2012,sp,f,0-14,4,Smear Positive
Eritrea,2012,sp,f,15-24,86,Smear Positive
Eritrea,2012,sp,f,25-34,98,Smear Positive
Eritrea,2012,sp,f,35-44,74,Smear Positive
Eritrea,2012,sp,f,45-54,45,Smear Positive
Eritrea,2012,sp,f,55-64,19,Smear Positive
Eritrea,2012,sp,f,65+,20,Smear Positive
Estonia,1996,sp,m,0-14,1,Smear Positive
Estonia,1996,sp,m,15-24,7,Smear Positive
Estonia,1996,sp,m,25-34,34,Smear Positive
Estonia,1996,sp,m,35-44,53,Smear Positive
Estonia,1996,sp,m,45-54,39,Smear Positive
Estonia,1996,sp,m,55-64,28,Smear Positive
Estonia,1996,sp,m,65+,19,Smear Positive
Estonia,1996,sp,f,0-14,0,Smear Positive
Estonia,1996,sp,f,15-24,10,Smear Positive
Estonia,1996,sp,f,25-34,14,Smear Positive
Estonia,1996,sp,f,35-44,16,Smear Positive
Estonia,1996,sp,f,45-54,5,Smear Positive
Estonia,1996,sp,f,55-64,2,Smear Positive
Estonia,1996,sp,f,65+,12,Smear Positive
Estonia,1997,sp,m,0-14,0,Smear Positive
Estonia,1997,sp,m,15-24,4,Smear Positive
Estonia,1997,sp,m,25-34,23,Smear Positive
Estonia,1997,sp,m,35-44,59,Smear Positive
Estonia,1997,sp,m,45-54,53,Smear Positive
Estonia,1997,sp,m,55-64,29,Smear Positive
Estonia,1997,sp,m,65+,17,Smear Positive
Estonia,1997,sp,f,0-14,0,Smear Positive
Estonia,1997,sp,f,15-24,8,Smear Positive
Estonia,1997,sp,f,25-34,16,Smear Positive
Estonia,1997,sp,f,35-44,17,Smear Positive
Estonia,1997,sp,f,45-54,14,Smear Positive
Estonia,1997,sp,f,55-64,6,Smear Positive
Estonia,1997,sp,f,65+,12,Smear Positive
Estonia,1998,sp,m,0-14,0,Smear Positive
Estonia,1998,sp,m,15-24,15,Smear Positive
Estonia,1998,sp,m,25-34,49,Smear Positive
Estonia,1998,sp,m,35-44,60,Smear Positive
Estonia,1998,sp,m,45-54,64,Smear Positive
Estonia,1998,sp,m,55-64,34,Smear Positive
Estonia,1998,sp,m,65+,22,Smear Positive
Estonia,1998,sp,f,0-14,0,Smear Positive
Estonia,1998,sp,f,15-24,7,Smear Positive
Estonia,1998,sp,f,25-34,7,Smear Positive
Estonia,1998,sp,f,35-44,15,Smear Positive
Estonia,1998,sp,f,45-54,9,Smear Positive
Estonia,1998,sp,f,55-64,7,Smear Positive
Estonia,1998,sp,f,65+,10,Smear Positive
Estonia,1999,sp,m,0-14,0,Smear Positive
Estonia,1999,sp,m,15-24,14,Smear Positive
Estonia,1999,sp,m,25-34,35,Smear Positive
Estonia,1999,sp,m,35-44,72,Smear Positive
Estonia,1999,sp,m,45-54,55,Smear Positive
Estonia,1999,sp,m,55-64,19,Smear Positive
Estonia,1999,sp,m,65+,17,Smear Positive
Estonia,1999,sp,f,0-14,0,Smear Positive
Estonia,1999,sp,f,15-24,8,Smear Positive
Estonia,1999,sp,f,25-34,9,Smear Positive
Estonia,1999,sp,f,35-44,20,Smear Positive
Estonia,1999,sp,f,45-54,16,Smear Positive
Estonia,1999,sp,f,55-64,2,Smear Positive
Estonia,1999,sp,f,65+,7,Smear Positive
Estonia,2000,sp,m,0-14,0,Smear Positive
Estonia,2000,sp,m,15-24,6,Smear Positive
Estonia,2000,sp,m,25-34,31,Smear Positive
Estonia,2000,sp,m,35-44,53,Smear Positive
Estonia,2000,sp,m,45-54,56,Smear Positive
Estonia,2000,sp,m,55-64,35,Smear Positive
Estonia,2000,sp,m,65+,15,Smear Positive
Estonia,2000,sp,f,0-14,0,Smear Positive
Estonia,2000,sp,f,15-24,9,Smear Positive
Estonia,2000,sp,f,25-34,11,Smear Positive
Estonia,2000,sp,f,35-44,14,Smear Positive
Estonia,2000,sp,f,45-54,11,Smear Positive
Estonia,2000,sp,f,55-64,4,Smear Positive
Estonia,2000,sp,f,65+,10,Smear Positive
Estonia,2001,sp,m,0-14,0,Smear Positive
Estonia,2001,sp,m,15-24,10,Smear Positive
Estonia,2001,sp,m,25-34,25,Smear Positive
Estonia,2001,sp,m,35-44,43,Smear Positive
Estonia,2001,sp,m,45-54,37,Smear Positive
Estonia,2001,sp,m,55-64,24,Smear Positive
Estonia,2001,sp,m,65+,14,Smear Positive
Estonia,2001,sp,f,0-14,0,Smear Positive
Estonia,2001,sp,f,15-24,6,Smear Positive
Estonia,2001,sp,f,25-34,11,Smear Positive
Estonia,2001,sp,f,35-44,17,Smear Positive
Estonia,2001,sp,f,45-54,11,Smear Positive
Estonia,2001,sp,f,55-64,6,Smear Positive
Estonia,2001,sp,f,65+,8,Smear Positive
Estonia,2002,sp,m,0-14,0,Smear Positive
Estonia,2002,sp,m,15-24,9,Smear Positive
Estonia,2002,sp,m,25-34,20,Smear Positive
Estonia,2002,sp,m,35-44,47,Smear Positive
Estonia,2002,sp,m,45-54,45,Smear Positive
Estonia,2002,sp,m,55-64,19,Smear Positive
Estonia,2002,sp,m,65+,7,Smear Positive
Estonia,2002,sp,f,0-14,0,Smear Positive
Estonia,2002,sp,f,15-24,7,Smear Positive
Estonia,2002,sp,f,25-34,11,Smear Positive
Estonia,2002,sp,f,35-44,16,Smear Positive
Estonia,2002,sp,f,45-54,9,Smear Positive
Estonia,2002,sp,f,55-64,5,Smear Positive
Estonia,2002,sp,f,65+,8,Smear Positive
Estonia,2003,sp,m,0-14,0,Smear Positive
Estonia,2003,sp,m,15-24,7,Smear Positive
Estonia,2003,sp,m,25-34,28,Smear Positive
Estonia,2003,sp,m,35-44,38,Smear Positive
Estonia,2003,sp,m,45-54,35,Smear Positive
Estonia,2003,sp,m,55-64,24,Smear Positive
Estonia,2003,sp,m,65+,18,Smear Positive
Estonia,2003,sp,f,0-14,0,Smear Positive
Estonia,2003,sp,f,15-24,7,Smear Positive
Estonia,2003,sp,f,25-34,4,Smear Positive
Estonia,2003,sp,f,35-44,11,Smear Positive
Estonia,2003,sp,f,45-54,12,Smear Positive
Estonia,2003,sp,f,55-64,2,Smear Positive
Estonia,2003,sp,f,65+,15,Smear Positive
Estonia,2004,sp,m,0-14,0,Smear Positive
Estonia,2004,sp,m,15-24,6,Smear Positive
Estonia,2004,sp,m,25-34,24,Smear Positive
Estonia,2004,sp,m,35-44,42,Smear Positive
Estonia,2004,sp,m,45-54,54,Smear Positive
Estonia,2004,sp,m,55-64,14,Smear Positive
Estonia,2004,sp,m,65+,11,Smear Positive
Estonia,2004,sp,f,0-14,0,Smear Positive
Estonia,2004,sp,f,15-24,4,Smear Positive
Estonia,2004,sp,f,25-34,12,Smear Positive
Estonia,2004,sp,f,35-44,10,Smear Positive
Estonia,2004,sp,f,45-54,13,Smear Positive
Estonia,2004,sp,f,55-64,6,Smear Positive
Estonia,2004,sp,f,65+,7,Smear Positive
Estonia,2005,sp,m,0-14,0,Smear Positive
Estonia,2005,sp,m,15-24,9,Smear Positive
Estonia,2005,sp,m,25-34,25,Smear Positive
Estonia,2005,sp,m,35-44,19,Smear Positive
Estonia,2005,sp,m,45-54,40,Smear Positive
Estonia,2005,sp,m,55-64,12,Smear Positive
Estonia,2005,sp,m,65+,7,Smear Positive
Estonia,2005,sp,f,0-14,0,Smear Positive
Estonia,2005,sp,f,15-24,6,Smear Positive
Estonia,2005,sp,f,25-34,11,Smear Positive
Estonia,2005,sp,f,35-44,8,Smear Positive
Estonia,2005,sp,f,45-54,11,Smear Positive
Estonia,2005,sp,f,55-64,6,Smear Positive
Estonia,2005,sp,f,65+,8,Smear Positive
Estonia,2006,sp,m,0-14,0,Smear Positive
Estonia,2006,sp,m,15-24,4,Smear Positive
Estonia,2006,sp,m,25-34,19,Smear Positive
Estonia,2006,sp,m,35-44,24,Smear Positive
Estonia,2006,sp,m,45-54,40,Smear Positive
Estonia,2006,sp,m,55-64,12,Smear Positive
Estonia,2006,sp,m,65+,7,Smear Positive
Estonia,2006,sp,f,0-14,0,Smear Positive
Estonia,2006,sp,f,15-24,3,Smear Positive
Estonia,2006,sp,f,25-34,9,Smear Positive
Estonia,2006,sp,f,35-44,10,Smear Positive
Estonia,2006,sp,f,45-54,9,Smear Positive
Estonia,2006,sp,f,55-64,4,Smear Positive
Estonia,2006,sp,f,65+,6,Smear Positive
Estonia,2006,sn,m,0-14,3,Smear Negative
Estonia,2006,sn,m,15-24,7,Smear Negative
Estonia,2006,sn,m,25-34,26,Smear Negative
Estonia,2006,sn,m,35-44,33,Smear Negative
Estonia,2006,sn,m,45-54,35,Smear Negative
Estonia,2006,sn,m,55-64,15,Smear Negative
Estonia,2006,sn,m,65+,9,Smear Negative
Estonia,2006,sn,f,0-14,2,Smear Negative
Estonia,2006,sn,f,15-24,9,Smear Negative
Estonia,2006,sn,f,25-34,13,Smear Negative
Estonia,2006,sn,f,35-44,13,Smear Negative
Estonia,2006,sn,f,45-54,14,Smear Negative
Estonia,2006,sn,f,55-64,7,Smear Negative
Estonia,2006,sn,f,65+,9,Smear Negative
Estonia,2006,ep,m,0-14,1,Extrapulmonary
Estonia,2006,ep,m,15-24,3,Extrapulmonary
Estonia,2006,ep,m,25-34,0,Extrapulmonary
Estonia,2006,ep,m,35-44,1,Extrapulmonary
Estonia,2006,ep,m,45-54,2,Extrapulmonary
Estonia,2006,ep,m,55-64,6,Extrapulmonary
Estonia,2006,ep,m,65+,6,Extrapulmonary
Estonia,2006,ep,f,0-14,1,Extrapulmonary
Estonia,2006,ep,f,15-24,1,Extrapulmonary
Estonia,2006,ep,f,25-34,1,Extrapulmonary
Estonia,2006,ep,f,35-44,2,Extrapulmonary
Estonia,2006,ep,f,45-54,1,Extrapulmonary
Estonia,2006,ep,f,55-64,3,Extrapulmonary
Estonia,2006,ep,f,65+,3,Extrapulmonary
Estonia,2007,sp,m,0-14,0,Smear Positive
Estonia,2007,sp,m,15-24,6,Smear Positive
Estonia,2007,sp,m,25-34,26,Smear Positive
Estonia,2007,sp,m,35-44,32,Smear Positive
Estonia,2007,sp,m,45-54,37,Smear Positive
Estonia,2007,sp,m,55-64,21,Smear Positive
Estonia,2007,sp,m,65+,12,Smear Positive
Estonia,2007,sp,f,0-14,0,Smear Positive
Estonia,2007,sp,f,15-24,2,Smear Positive
Estonia,2007,sp,f,25-34,5,Smear Positive
Estonia,2007,sp,f,35-44,5,Smear Positive
Estonia,2007,sp,f,45-54,8,Smear Positive
Estonia,2007,sp,f,55-64,7,Smear Positive
Estonia,2007,sp,f,65+,6,Smear Positive
Estonia,2007,sn,m,0-14,0,Smear Negative
Estonia,2007,sn,m,15-24,6,Smear Negative
Estonia,2007,sn,m,25-34,26,Smear Negative
Estonia,2007,sn,m,35-44,32,Smear Negative
Estonia,2007,sn,m,45-54,37,Smear Negative
Estonia,2007,sn,m,55-64,21,Smear Negative
Estonia,2007,sn,m,65+,12,Smear Negative
Estonia,2007,sn,f,0-14,0,Smear Negative
Estonia,2007,sn,f,15-24,9,Smear Negative
Estonia,2007,sn,f,25-34,16,Smear Negative
Estonia,2007,sn,f,35-44,12,Smear Negative
Estonia,2007,sn,f,45-54,12,Smear Negative
Estonia,2007,sn,f,55-64,12,Smear Negative
Estonia,2007,sn,f,65+,3,Smear Negative
Estonia,2007,ep,m,0-14,0,Extrapulmonary
Estonia,2007,ep,m,15-24,0,Extrapulmonary
Estonia,2007,ep,m,25-34,5,Extrapulmonary
Estonia,2007,ep,m,35-44,4,Extrapulmonary
Estonia,2007,ep,m,45-54,3,Extrapulmonary
Estonia,2007,ep,m,55-64,1,Extrapulmonary
Estonia,2007,ep,m,65+,3,Extrapulmonary
Estonia,2007,ep,f,0-14,1,Extrapulmonary
Estonia,2007,ep,f,15-24,3,Extrapulmonary
Estonia,2007,ep,f,25-34,1,Extrapulmonary
Estonia,2007,ep,f,35-44,1,Extrapulmonary
Estonia,2007,ep,f,45-54,2,Extrapulmonary
Estonia,2007,ep,f,55-64,3,Extrapulmonary
Estonia,2007,ep,f,65+,4,Extrapulmonary
Estonia,2008,sp,m,0-14,0,Smear Positive
Estonia,2008,sp,m,15-24,3,Smear Positive
Estonia,2008,sp,m,25-34,14,Smear Positive
Estonia,2008,sp,m,35-44,26,Smear Positive
Estonia,2008,sp,m,45-54,34,Smear Positive
Estonia,2008,sp,m,55-64,12,Smear Positive
Estonia,2008,sp,m,65+,13,Smear Positive
Estonia,2008,sp,f,0-14,0,Smear Positive
Estonia,2008,sp,f,15-24,2,Smear Positive
Estonia,2008,sp,f,25-34,7,Smear Positive
Estonia,2008,sp,f,35-44,6,Smear Positive
Estonia,2008,sp,f,45-54,8,Smear Positive
Estonia,2008,sp,f,55-64,4,Smear Positive
Estonia,2008,sp,f,65+,15,Smear Positive
Estonia,2008,sn,m,0-14,1,Smear Negative
Estonia,2008,sn,m,15-24,9,Smear Negative
Estonia,2008,sn,m,25-34,16,Smear Negative
Estonia,2008,sn,m,35-44,33,Smear Negative
Estonia,2008,sn,m,45-54,34,Smear Negative
Estonia,2008,sn,m,55-64,26,Smear Negative
Estonia,2008,sn,m,65+,12,Smear Negative
Estonia,2008,sn,f,0-14,0,Smear Negative
Estonia,2008,sn,f,15-24,7,Smear Negative
Estonia,2008,sn,f,25-34,11,Smear Negative
Estonia,2008,sn,f,35-44,9,Smear Negative
Estonia,2008,sn,f,45-54,4,Smear Negative
Estonia,2008,sn,f,55-64,8,Smear Negative
Estonia,2008,sn,f,65+,10,Smear Negative
Estonia,2008,ep,m,0-14,1,Extrapulmonary
Estonia,2008,ep,m,15-24,0,Extrapulmonary
Estonia,2008,ep,m,25-34,3,Extrapulmonary
Estonia,2008,ep,m,35-44,3,Extrapulmonary
Estonia,2008,ep,m,45-54,4,Extrapulmonary
Estonia,2008,ep,m,55-64,2,Extrapulmonary
Estonia,2008,ep,m,65+,7,Extrapulmonary
Estonia,2008,ep,f,0-14,0,Extrapulmonary
Estonia,2008,ep,f,15-24,1,Extrapulmonary
Estonia,2008,ep,f,25-34,0,Extrapulmonary
Estonia,2008,ep,f,35-44,0,Extrapulmonary
Estonia,2008,ep,f,45-54,1,Extrapulmonary
Estonia,2008,ep,f,55-64,2,Extrapulmonary
Estonia,2008,ep,f,65+,6,Extrapulmonary
Estonia,2009,sp,m,0-14,0,Smear Positive
Estonia,2009,sp,m,15-24,4,Smear Positive
Estonia,2009,sp,m,25-34,10,Smear Positive
Estonia,2009,sp,m,35-44,12,Smear Positive
Estonia,2009,sp,m,45-54,34,Smear Positive
Estonia,2009,sp,m,55-64,22,Smear Positive
Estonia,2009,sp,m,65+,12,Smear Positive
Estonia,2009,sp,f,0-14,0,Smear Positive
Estonia,2009,sp,f,15-24,6,Smear Positive
Estonia,2009,sp,f,25-34,8,Smear Positive
Estonia,2009,sp,f,35-44,8,Smear Positive
Estonia,2009,sp,f,45-54,7,Smear Positive
Estonia,2009,sp,f,55-64,5,Smear Positive
Estonia,2009,sp,f,65+,7,Smear Positive
Estonia,2009,sn,m,0-14,2,Smear Negative
Estonia,2009,sn,m,15-24,8,Smear Negative
Estonia,2009,sn,m,25-34,17,Smear Negative
Estonia,2009,sn,m,35-44,34,Smear Negative
Estonia,2009,sn,m,45-54,23,Smear Negative
Estonia,2009,sn,m,55-64,16,Smear Negative
Estonia,2009,sn,m,65+,13,Smear Negative
Estonia,2009,sn,f,0-14,0,Smear Negative
Estonia,2009,sn,f,15-24,4,Smear Negative
Estonia,2009,sn,f,25-34,15,Smear Negative
Estonia,2009,sn,f,35-44,9,Smear Negative
Estonia,2009,sn,f,45-54,12,Smear Negative
Estonia,2009,sn,f,55-64,8,Smear Negative
Estonia,2009,sn,f,65+,9,Smear Negative
Estonia,2009,ep,m,0-14,0,Extrapulmonary
Estonia,2009,ep,m,15-24,1,Extrapulmonary
Estonia,2009,ep,m,25-34,3,Extrapulmonary
Estonia,2009,ep,m,35-44,2,Extrapulmonary
Estonia,2009,ep,m,45-54,3,Extrapulmonary
Estonia,2009,ep,m,55-64,2,Extrapulmonary
Estonia,2009,ep,m,65+,1,Extrapulmonary
Estonia,2009,ep,f,0-14,1,Extrapulmonary
Estonia,2009,ep,f,15-24,0,Extrapulmonary
Estonia,2009,ep,f,25-34,0,Extrapulmonary
Estonia,2009,ep,f,35-44,1,Extrapulmonary
Estonia,2009,ep,f,45-54,1,Extrapulmonary
Estonia,2009,ep,f,55-64,3,Extrapulmonary
Estonia,2009,ep,f,65+,3,Extrapulmonary
Estonia,2010,sp,m,0-14,0,Smear Positive
Estonia,2010,sp,m,15-24,3,Smear Positive
Estonia,2010,sp,m,25-34,7,Smear Positive
Estonia,2010,sp,m,35-44,21,Smear Positive
Estonia,2010,sp,m,45-54,25,Smear Positive
Estonia,2010,sp,m,55-64,12,Smear Positive
Estonia,2010,sp,m,65+,8,Smear Positive
Estonia,2010,sp,f,0-14,0,Smear Positive
Estonia,2010,sp,f,15-24,3,Smear Positive
Estonia,2010,sp,f,25-34,6,Smear Positive
Estonia,2010,sp,f,35-44,3,Smear Positive
Estonia,2010,sp,f,45-54,3,Smear Positive
Estonia,2010,sp,f,55-64,6,Smear Positive
Estonia,2010,sp,f,65+,3,Smear Positive
Estonia,2010,sn,m,0-14,1,Smear Negative
Estonia,2010,sn,m,15-24,5,Smear Negative
Estonia,2010,sn,m,25-34,18,Smear Negative
Estonia,2010,sn,m,35-44,13,Smear Negative
Estonia,2010,sn,m,45-54,26,Smear Negative
Estonia,2010,sn,m,55-64,17,Smear Negative
Estonia,2010,sn,m,65+,13,Smear Negative
Estonia,2010,sn,f,0-14,2,Smear Negative
Estonia,2010,sn,f,15-24,5,Smear Negative
Estonia,2010,sn,f,25-34,5,Smear Negative
Estonia,2010,sn,f,35-44,8,Smear Negative
Estonia,2010,sn,f,45-54,6,Smear Negative
Estonia,2010,sn,f,55-64,6,Smear Negative
Estonia,2010,sn,f,65+,10,Smear Negative
Estonia,2010,ep,m,0-14,2,Extrapulmonary
Estonia,2010,ep,m,15-24,1,Extrapulmonary
Estonia,2010,ep,m,25-34,4,Extrapulmonary
Estonia,2010,ep,m,35-44,2,Extrapulmonary
Estonia,2010,ep,m,45-54,2,Extrapulmonary
Estonia,2010,ep,m,55-64,0,Extrapulmonary
Estonia,2010,ep,m,65+,1,Extrapulmonary
Estonia,2010,ep,f,0-14,1,Extrapulmonary
Estonia,2010,ep,f,15-24,0,Extrapulmonary
Estonia,2010,ep,f,25-34,1,Extrapulmonary
Estonia,2010,ep,f,35-44,0,Extrapulmonary
Estonia,2010,ep,f,45-54,1,Extrapulmonary
Estonia,2010,ep,f,55-64,0,Extrapulmonary
Estonia,2010,ep,f,65+,2,Extrapulmonary
Estonia,2011,sp,m,0-14,0,Smear Positive
Estonia,2011,sp,m,15-24,4,Smear Positive
Estonia,2011,sp,m,25-34,22,Smear Positive
Estonia,2011,sp,m,35-44,16,Smear Positive
Estonia,2011,sp,m,45-54,15,Smear Positive
Estonia,2011,sp,m,55-64,18,Smear Positive
Estonia,2011,sp,m,65+,13,Smear Positive
Estonia,2011,sp,f,0-14,0,Smear Positive
Estonia,2011,sp,f,15-24,4,Smear Positive
Estonia,2011,sp,f,25-34,8,Smear Positive
Estonia,2011,sp,f,35-44,12,Smear Positive
Estonia,2011,sp,f,45-54,3,Smear Positive
Estonia,2011,sp,f,55-64,3,Smear Positive
Estonia,2011,sp,f,65+,6,Smear Positive
Estonia,2011,sn,m,0-14,1,Smear Negative
Estonia,2011,sn,m,15-24,5,Smear Negative
Estonia,2011,sn,m,25-34,21,Smear Negative
Estonia,2011,sn,m,35-44,15,Smear Negative
Estonia,2011,sn,m,45-54,20,Smear Negative
Estonia,2011,sn,m,55-64,16,Smear Negative
Estonia,2011,sn,m,65+,6,Smear Negative
Estonia,2011,sn,f,0-14,0,Smear Negative
Estonia,2011,sn,f,15-24,3,Smear Negative
Estonia,2011,sn,f,25-34,8,Smear Negative
Estonia,2011,sn,f,35-44,9,Smear Negative
Estonia,2011,sn,f,45-54,10,Smear Negative
Estonia,2011,sn,f,55-64,2,Smear Negative
Estonia,2011,sn,f,65+,6,Smear Negative
Estonia,2011,ep,m,0-14,0,Extrapulmonary
Estonia,2011,ep,m,15-24,1,Extrapulmonary
Estonia,2011,ep,m,25-34,1,Extrapulmonary
Estonia,2011,ep,m,35-44,2,Extrapulmonary
Estonia,2011,ep,m,45-54,0,Extrapulmonary
Estonia,2011,ep,m,55-64,5,Extrapulmonary
Estonia,2011,ep,m,65+,1,Extrapulmonary
Estonia,2011,ep,f,0-14,0,Extrapulmonary
Estonia,2011,ep,f,15-24,0,Extrapulmonary
Estonia,2011,ep,f,25-34,1,Extrapulmonary
Estonia,2011,ep,f,35-44,2,Extrapulmonary
Estonia,2011,ep,f,45-54,0,Extrapulmonary
Estonia,2011,ep,f,55-64,1,Extrapulmonary
Estonia,2011,ep,f,65+,4,Extrapulmonary
Estonia,2012,sp,m,0-14,0,Smear Positive
Estonia,2012,sp,m,15-24,6,Smear Positive
Estonia,2012,sp,m,25-34,15,Smear Positive
Estonia,2012,sp,m,35-44,13,Smear Positive
Estonia,2012,sp,m,45-54,21,Smear Positive
Estonia,2012,sp,m,55-64,17,Smear Positive
Estonia,2012,sp,m,65+,9,Smear Positive
Estonia,2012,sp,f,0-14,0,Smear Positive
Estonia,2012,sp,f,15-24,5,Smear Positive
Estonia,2012,sp,f,25-34,7,Smear Positive
Estonia,2012,sp,f,35-44,2,Smear Positive
Estonia,2012,sp,f,45-54,4,Smear Positive
Estonia,2012,sp,f,55-64,1,Smear Positive
Estonia,2012,sp,f,65+,5,Smear Positive
Estonia,2012,sn,m,0-14,0,Smear Negative
Estonia,2012,sn,m,15-24,5,Smear Negative
Estonia,2012,sn,m,25-34,12,Smear Negative
Estonia,2012,sn,m,35-44,18,Smear Negative
Estonia,2012,sn,m,45-54,18,Smear Negative
Estonia,2012,sn,m,55-64,9,Smear Negative
Estonia,2012,sn,m,65+,11,Smear Negative
Estonia,2012,sn,f,0-14,1,Smear Negative
Estonia,2012,sn,f,15-24,2,Smear Negative
Estonia,2012,sn,f,25-34,7,Smear Negative
Estonia,2012,sn,f,35-44,9,Smear Negative
Estonia,2012,sn,f,45-54,4,Smear Negative
Estonia,2012,sn,f,55-64,3,Smear Negative
Estonia,2012,sn,f,65+,11,Smear Negative
Estonia,2012,ep,m,0-14,1,Extrapulmonary
Estonia,2012,ep,m,15-24,1,Extrapulmonary
Estonia,2012,ep,m,25-34,0,Extrapulmonary
Estonia,2012,ep,m,35-44,1,Extrapulmonary
Estonia,2012,ep,m,45-54,0,Extrapulmonary
Estonia,2012,ep,m,55-64,1,Extrapulmonary
Estonia,2012,ep,m,65+,8,Extrapulmonary
Estonia,2012,ep,f,0-14,0,Extrapulmonary
Estonia,2012,ep,f,15-24,1,Extrapulmonary
Estonia,2012,ep,f,25-34,0,Extrapulmonary
Estonia,2012,ep,f,35-44,0,Extrapulmonary
Estonia,2012,ep,f,45-54,2,Extrapulmonary
Estonia,2012,ep,f,55-64,1,Extrapulmonary
Estonia,2012,ep,f,65+,3,Extrapulmonary
Estonia,2013,rel,m,0-14,1,Relapse
Estonia,2013,rel,m,15-24,5,Relapse
Estonia,2013,rel,m,25-34,25,Relapse
Estonia,2013,rel,m,35-44,42,Relapse
Estonia,2013,rel,m,45-54,48,Relapse
Estonia,2013,rel,m,55-64,39,Relapse
Estonia,2013,rel,m,65+,17,Relapse
Estonia,2013,rel,f,0-14,0,Relapse
Estonia,2013,rel,f,15-24,3,Relapse
Estonia,2013,rel,f,25-34,20,Relapse
Estonia,2013,rel,f,35-44,14,Relapse
Estonia,2013,rel,f,45-54,10,Relapse
Estonia,2013,rel,f,55-64,8,Relapse
Estonia,2013,rel,f,65+,31,Relapse
Ethiopia,1995,sp,m,0-14,247,Smear Positive
Ethiopia,1995,sp,m,15-24,1221,Smear Positive
Ethiopia,1995,sp,m,25-34,1017,Smear Positive
Ethiopia,1995,sp,m,35-44,541,Smear Positive
Ethiopia,1995,sp,m,45-54,276,Smear Positive
Ethiopia,1995,sp,m,55-64,142,Smear Positive
Ethiopia,1995,sp,m,65+,51,Smear Positive
Ethiopia,1995,sp,f,0-14,283,Smear Positive
Ethiopia,1995,sp,f,15-24,908,Smear Positive
Ethiopia,1995,sp,f,25-34,781,Smear Positive
Ethiopia,1995,sp,f,35-44,382,Smear Positive
Ethiopia,1995,sp,f,45-54,152,Smear Positive
Ethiopia,1995,sp,f,55-64,64,Smear Positive
Ethiopia,1995,sp,f,65+,15,Smear Positive
Ethiopia,1996,sp,m,0-14,302,Smear Positive
Ethiopia,1996,sp,m,15-24,1739,Smear Positive
Ethiopia,1996,sp,m,25-34,1609,Smear Positive
Ethiopia,1996,sp,m,35-44,854,Smear Positive
Ethiopia,1996,sp,m,45-54,427,Smear Positive
Ethiopia,1996,sp,m,55-64,201,Smear Positive
Ethiopia,1996,sp,m,65+,71,Smear Positive
Ethiopia,1996,sp,f,0-14,369,Smear Positive
Ethiopia,1996,sp,f,15-24,1564,Smear Positive
Ethiopia,1996,sp,f,25-34,1147,Smear Positive
Ethiopia,1996,sp,f,35-44,576,Smear Positive
Ethiopia,1996,sp,f,45-54,246,Smear Positive
Ethiopia,1996,sp,f,55-64,88,Smear Positive
Ethiopia,1996,sp,f,65+,32,Smear Positive
Ethiopia,1997,sp,m,0-14,579,Smear Positive
Ethiopia,1997,sp,m,15-24,2810,Smear Positive
Ethiopia,1997,sp,m,25-34,2520,Smear Positive
Ethiopia,1997,sp,m,35-44,1365,Smear Positive
Ethiopia,1997,sp,m,45-54,736,Smear Positive
Ethiopia,1997,sp,m,55-64,401,Smear Positive
Ethiopia,1997,sp,m,65+,193,Smear Positive
Ethiopia,1997,sp,f,0-14,687,Smear Positive
Ethiopia,1997,sp,f,15-24,2469,Smear Positive
Ethiopia,1997,sp,f,25-34,2173,Smear Positive
Ethiopia,1997,sp,f,35-44,1039,Smear Positive
Ethiopia,1997,sp,f,45-54,481,Smear Positive
Ethiopia,1997,sp,f,55-64,192,Smear Positive
Ethiopia,1997,sp,f,65+,108,Smear Positive
Ethiopia,1998,sp,m,0-14,715,Smear Positive
Ethiopia,1998,sp,m,15-24,2643,Smear Positive
Ethiopia,1998,sp,m,25-34,3187,Smear Positive
Ethiopia,1998,sp,m,35-44,1610,Smear Positive
Ethiopia,1998,sp,m,45-54,839,Smear Positive
Ethiopia,1998,sp,m,55-64,429,Smear Positive
Ethiopia,1998,sp,m,65+,171,Smear Positive
Ethiopia,1998,sp,f,0-14,832,Smear Positive
Ethiopia,1998,sp,f,15-24,3016,Smear Positive
Ethiopia,1998,sp,f,25-34,2434,Smear Positive
Ethiopia,1998,sp,f,35-44,1220,Smear Positive
Ethiopia,1998,sp,f,45-54,519,Smear Positive
Ethiopia,1998,sp,f,55-64,194,Smear Positive
Ethiopia,1998,sp,f,65+,55,Smear Positive
Ethiopia,1999,sp,m,0-14,692,Smear Positive
Ethiopia,1999,sp,m,15-24,3916,Smear Positive
Ethiopia,1999,sp,m,25-34,3673,Smear Positive
Ethiopia,1999,sp,m,35-44,1925,Smear Positive
Ethiopia,1999,sp,m,45-54,1045,Smear Positive
Ethiopia,1999,sp,m,55-64,471,Smear Positive
Ethiopia,1999,sp,m,65+,230,Smear Positive
Ethiopia,1999,sp,f,0-14,798,Smear Positive
Ethiopia,1999,sp,f,15-24,3310,Smear Positive
Ethiopia,1999,sp,f,25-34,2949,Smear Positive
Ethiopia,1999,sp,f,35-44,1539,Smear Positive
Ethiopia,1999,sp,f,45-54,713,Smear Positive
Ethiopia,1999,sp,f,55-64,225,Smear Positive
Ethiopia,1999,sp,f,65+,69,Smear Positive
Ethiopia,2000,sp,m,0-14,915,Smear Positive
Ethiopia,2000,sp,m,15-24,5095,Smear Positive
Ethiopia,2000,sp,m,25-34,5187,Smear Positive
Ethiopia,2000,sp,m,35-44,3082,Smear Positive
Ethiopia,2000,sp,m,45-54,1495,Smear Positive
Ethiopia,2000,sp,m,55-64,610,Smear Positive
Ethiopia,2000,sp,m,65+,397,Smear Positive
Ethiopia,2000,sp,f,0-14,1037,Smear Positive
Ethiopia,2000,sp,f,15-24,4699,Smear Positive
Ethiopia,2000,sp,f,25-34,4424,Smear Positive
Ethiopia,2000,sp,f,35-44,2105,Smear Positive
Ethiopia,2000,sp,f,45-54,976,Smear Positive
Ethiopia,2000,sp,f,55-64,366,Smear Positive
Ethiopia,2000,sp,f,65+,122,Smear Positive
Ethiopia,2001,sp,m,0-14,913,Smear Positive
Ethiopia,2001,sp,m,15-24,5730,Smear Positive
Ethiopia,2001,sp,m,25-34,5594,Smear Positive
Ethiopia,2001,sp,m,35-44,3233,Smear Positive
Ethiopia,2001,sp,m,45-54,1581,Smear Positive
Ethiopia,2001,sp,m,55-64,742,Smear Positive
Ethiopia,2001,sp,m,65+,354,Smear Positive
Ethiopia,2001,sp,f,0-14,1107,Smear Positive
Ethiopia,2001,sp,f,15-24,5109,Smear Positive
Ethiopia,2001,sp,f,25-34,4830,Smear Positive
Ethiopia,2001,sp,f,35-44,2372,Smear Positive
Ethiopia,2001,sp,f,45-54,1014,Smear Positive
Ethiopia,2001,sp,f,55-64,338,Smear Positive
Ethiopia,2001,sp,f,65+,111,Smear Positive
Ethiopia,2002,sp,m,0-14,1251,Smear Positive
Ethiopia,2002,sp,m,15-24,6764,Smear Positive
Ethiopia,2002,sp,m,25-34,5669,Smear Positive
Ethiopia,2002,sp,m,35-44,3128,Smear Positive
Ethiopia,2002,sp,m,45-54,1544,Smear Positive
Ethiopia,2002,sp,m,55-64,821,Smear Positive
Ethiopia,2002,sp,m,65+,372,Smear Positive
Ethiopia,2002,sp,f,0-14,1614,Smear Positive
Ethiopia,2002,sp,f,15-24,5607,Smear Positive
Ethiopia,2002,sp,f,25-34,5692,Smear Positive
Ethiopia,2002,sp,f,35-44,2685,Smear Positive
Ethiopia,2002,sp,f,45-54,935,Smear Positive
Ethiopia,2002,sp,f,55-64,323,Smear Positive
Ethiopia,2002,sp,f,65+,136,Smear Positive
Ethiopia,2003,sp,m,0-14,1110,Smear Positive
Ethiopia,2003,sp,m,15-24,6923,Smear Positive
Ethiopia,2003,sp,m,25-34,6648,Smear Positive
Ethiopia,2003,sp,m,35-44,3737,Smear Positive
Ethiopia,2003,sp,m,45-54,2022,Smear Positive
Ethiopia,2003,sp,m,55-64,976,Smear Positive
Ethiopia,2003,sp,m,65+,483,Smear Positive
Ethiopia,2003,sp,f,0-14,1387,Smear Positive
Ethiopia,2003,sp,f,15-24,5936,Smear Positive
Ethiopia,2003,sp,f,25-34,5908,Smear Positive
Ethiopia,2003,sp,f,35-44,2780,Smear Positive
Ethiopia,2003,sp,f,45-54,1239,Smear Positive
Ethiopia,2003,sp,f,55-64,412,Smear Positive
Ethiopia,2003,sp,f,65+,137,Smear Positive
Ethiopia,2004,sp,m,0-14,1160,Smear Positive
Ethiopia,2004,sp,m,15-24,7167,Smear Positive
Ethiopia,2004,sp,m,25-34,7002,Smear Positive
Ethiopia,2004,sp,m,35-44,4060,Smear Positive
Ethiopia,2004,sp,m,45-54,1988,Smear Positive
Ethiopia,2004,sp,m,55-64,911,Smear Positive
Ethiopia,2004,sp,m,65+,456,Smear Positive
Ethiopia,2004,sp,f,0-14,1367,Smear Positive
Ethiopia,2004,sp,f,15-24,6422,Smear Positive
Ethiopia,2004,sp,f,25-34,6091,Smear Positive
Ethiopia,2004,sp,f,35-44,2984,Smear Positive
Ethiopia,2004,sp,f,45-54,1284,Smear Positive
Ethiopia,2004,sp,f,55-64,414,Smear Positive
Ethiopia,2004,sp,f,65+,124,Smear Positive
Ethiopia,2005,sp,m,0-14,1109,Smear Positive
Ethiopia,2005,sp,m,15-24,6726,Smear Positive
Ethiopia,2005,sp,m,25-34,6181,Smear Positive
Ethiopia,2005,sp,m,35-44,3454,Smear Positive
Ethiopia,2005,sp,m,45-54,1985,Smear Positive
Ethiopia,2005,sp,m,55-64,1027,Smear Positive
Ethiopia,2005,sp,m,65+,475,Smear Positive
Ethiopia,2005,sp,f,0-14,1326,Smear Positive
Ethiopia,2005,sp,f,15-24,5885,Smear Positive
Ethiopia,2005,sp,f,25-34,5663,Smear Positive
Ethiopia,2005,sp,f,35-44,2730,Smear Positive
Ethiopia,2005,sp,f,45-54,1296,Smear Positive
Ethiopia,2005,sp,f,55-64,513,Smear Positive
Ethiopia,2005,sp,f,65+,155,Smear Positive
Ethiopia,2006,sp,m,0-14,978,Smear Positive
Ethiopia,2006,sp,m,15-24,6137,Smear Positive
Ethiopia,2006,sp,m,25-34,5950,Smear Positive
Ethiopia,2006,sp,m,35-44,3567,Smear Positive
Ethiopia,2006,sp,m,45-54,2016,Smear Positive
Ethiopia,2006,sp,m,55-64,1066,Smear Positive
Ethiopia,2006,sp,m,65+,521,Smear Positive
Ethiopia,2006,sp,f,0-14,1178,Smear Positive
Ethiopia,2006,sp,f,15-24,5238,Smear Positive
Ethiopia,2006,sp,f,25-34,5326,Smear Positive
Ethiopia,2006,sp,f,35-44,2704,Smear Positive
Ethiopia,2006,sp,f,45-54,1324,Smear Positive
Ethiopia,2006,sp,f,55-64,510,Smear Positive
Ethiopia,2006,sp,f,65+,159,Smear Positive
Ethiopia,2007,sp,m,0-14,1055,Smear Positive
Ethiopia,2007,sp,m,15-24,6522,Smear Positive
Ethiopia,2007,sp,m,25-34,6114,Smear Positive
Ethiopia,2007,sp,m,35-44,3545,Smear Positive
Ethiopia,2007,sp,m,45-54,2038,Smear Positive
Ethiopia,2007,sp,m,55-64,1051,Smear Positive
Ethiopia,2007,sp,m,65+,559,Smear Positive
Ethiopia,2007,sp,f,0-14,1229,Smear Positive
Ethiopia,2007,sp,f,15-24,5426,Smear Positive
Ethiopia,2007,sp,f,25-34,5507,Smear Positive
Ethiopia,2007,sp,f,35-44,2850,Smear Positive
Ethiopia,2007,sp,f,45-54,1429,Smear Positive
Ethiopia,2007,sp,f,55-64,502,Smear Positive
Ethiopia,2007,sp,f,65+,213,Smear Positive
Ethiopia,2008,sp,m,0-14,978,Smear Positive
Ethiopia,2008,sp,m,15-24,6512,Smear Positive
Ethiopia,2008,sp,m,25-34,6794,Smear Positive
Ethiopia,2008,sp,m,35-44,4067,Smear Positive
Ethiopia,2008,sp,m,45-54,2290,Smear Positive
Ethiopia,2008,sp,m,55-64,1176,Smear Positive
Ethiopia,2008,sp,m,65+,685,Smear Positive
Ethiopia,2008,sp,f,0-14,1167,Smear Positive
Ethiopia,2008,sp,f,15-24,5490,Smear Positive
Ethiopia,2008,sp,f,25-34,5893,Smear Positive
Ethiopia,2008,sp,f,35-44,3251,Smear Positive
Ethiopia,2008,sp,f,45-54,1553,Smear Positive
Ethiopia,2008,sp,f,55-64,616,Smear Positive
Ethiopia,2008,sp,f,65+,322,Smear Positive
Ethiopia,2009,sp,m,0-14,1421,Smear Positive
Ethiopia,2009,sp,m,15-24,7215,Smear Positive
Ethiopia,2009,sp,m,25-34,7193,Smear Positive
Ethiopia,2009,sp,m,35-44,4267,Smear Positive
Ethiopia,2009,sp,m,45-54,2452,Smear Positive
Ethiopia,2009,sp,m,55-64,1331,Smear Positive
Ethiopia,2009,sp,m,65+,794,Smear Positive
Ethiopia,2009,sp,f,0-14,1593,Smear Positive
Ethiopia,2009,sp,f,15-24,5556,Smear Positive
Ethiopia,2009,sp,f,25-34,6075,Smear Positive
Ethiopia,2009,sp,f,35-44,3499,Smear Positive
Ethiopia,2009,sp,f,45-54,1798,Smear Positive
Ethiopia,2009,sp,f,55-64,824,Smear Positive
Ethiopia,2009,sp,f,65+,378,Smear Positive
Ethiopia,2010,sp,m,0-14,1582,Smear Positive
Ethiopia,2010,sp,m,15-24,7400,Smear Positive
Ethiopia,2010,sp,m,25-34,7785,Smear Positive
Ethiopia,2010,sp,m,35-44,4451,Smear Positive
Ethiopia,2010,sp,m,45-54,2746,Smear Positive
Ethiopia,2010,sp,m,55-64,1473,Smear Positive
Ethiopia,2010,sp,m,65+,822,Smear Positive
Ethiopia,2010,sp,f,0-14,1608,Smear Positive
Ethiopia,2010,sp,f,15-24,5708,Smear Positive
Ethiopia,2010,sp,f,25-34,6480,Smear Positive
Ethiopia,2010,sp,f,35-44,3439,Smear Positive
Ethiopia,2010,sp,f,45-54,1950,Smear Positive
Ethiopia,2010,sp,f,55-64,855,Smear Positive
Ethiopia,2010,sp,f,65+,335,Smear Positive
Ethiopia,2011,sp,m,0-14,1847,Smear Positive
Ethiopia,2011,sp,m,15-24,7835,Smear Positive
Ethiopia,2011,sp,m,25-34,9246,Smear Positive
Ethiopia,2011,sp,m,35-44,3881,Smear Positive
Ethiopia,2011,sp,m,45-54,2771,Smear Positive
Ethiopia,2011,sp,m,55-64,1218,Smear Positive
Ethiopia,2011,sp,m,65+,771,Smear Positive
Ethiopia,2011,sp,f,0-14,1983,Smear Positive
Ethiopia,2011,sp,f,15-24,6570,Smear Positive
Ethiopia,2011,sp,f,25-34,7917,Smear Positive
Ethiopia,2011,sp,f,35-44,3069,Smear Positive
Ethiopia,2011,sp,f,45-54,1564,Smear Positive
Ethiopia,2011,sp,f,55-64,719,Smear Positive
Ethiopia,2011,sp,f,65+,303,Smear Positive
Ethiopia,2012,sn,m,0-14,3692,Smear Negative
Ethiopia,2012,sn,f,0-14,3990,Smear Negative
Ethiopia,2012,ep,m,0-14,3798,Extrapulmonary
Ethiopia,2012,ep,f,0-14,4054,Extrapulmonary
Ethiopia,2013,rel,m,0-14,10954,Relapse
Ethiopia,2013,rel,f,0-14,10363,Relapse
Fiji,1994,sp,m,0-14,2,Smear Positive
Fiji,1994,sp,m,15-24,8,Smear Positive
Fiji,1994,sp,m,25-34,6,Smear Positive
Fiji,1994,sp,m,35-44,2,Smear Positive
Fiji,1994,sp,m,45-54,3,Smear Positive
Fiji,1994,sp,m,55-64,11,Smear Positive
Fiji,1994,sp,m,65+,3,Smear Positive
Fiji,1994,sp,f,0-14,0,Smear Positive
Fiji,1994,sp,f,15-24,4,Smear Positive
Fiji,1994,sp,f,25-34,6,Smear Positive
Fiji,1994,sp,f,35-44,3,Smear Positive
Fiji,1994,sp,f,45-54,6,Smear Positive
Fiji,1994,sp,f,55-64,7,Smear Positive
Fiji,1994,sp,f,65+,1,Smear Positive
Fiji,1995,sp,m,0-14,0,Smear Positive
Fiji,1995,sp,m,15-24,8,Smear Positive
Fiji,1995,sp,m,25-34,10,Smear Positive
Fiji,1995,sp,m,35-44,9,Smear Positive
Fiji,1995,sp,m,45-54,4,Smear Positive
Fiji,1995,sp,m,55-64,2,Smear Positive
Fiji,1995,sp,m,65+,3,Smear Positive
Fiji,1995,sp,f,0-14,1,Smear Positive
Fiji,1995,sp,f,15-24,10,Smear Positive
Fiji,1995,sp,f,25-34,9,Smear Positive
Fiji,1995,sp,f,35-44,2,Smear Positive
Fiji,1995,sp,f,45-54,3,Smear Positive
Fiji,1995,sp,f,55-64,4,Smear Positive
Fiji,1995,sp,f,65+,3,Smear Positive
Fiji,1996,sp,m,0-14,1,Smear Positive
Fiji,1996,sp,m,15-24,8,Smear Positive
Fiji,1996,sp,m,25-34,8,Smear Positive
Fiji,1996,sp,m,35-44,9,Smear Positive
Fiji,1996,sp,m,45-54,9,Smear Positive
Fiji,1996,sp,m,55-64,3,Smear Positive
Fiji,1996,sp,m,65+,2,Smear Positive
Fiji,1996,sp,f,0-14,3,Smear Positive
Fiji,1996,sp,f,15-24,6,Smear Positive
Fiji,1996,sp,f,25-34,8,Smear Positive
Fiji,1996,sp,f,35-44,2,Smear Positive
Fiji,1996,sp,f,45-54,6,Smear Positive
Fiji,1996,sp,f,55-64,2,Smear Positive
Fiji,1996,sp,f,65+,2,Smear Positive
Fiji,1997,sp,m,0-14,1,Smear Positive
Fiji,1997,sp,m,15-24,4,Smear Positive
Fiji,1997,sp,m,25-34,8,Smear Positive
Fiji,1997,sp,m,35-44,6,Smear Positive
Fiji,1997,sp,m,45-54,8,Smear Positive
Fiji,1997,sp,m,55-64,6,Smear Positive
Fiji,1997,sp,m,65+,2,Smear Positive
Fiji,1997,sp,f,0-14,0,Smear Positive
Fiji,1997,sp,f,15-24,6,Smear Positive
Fiji,1997,sp,f,25-34,9,Smear Positive
Fiji,1997,sp,f,35-44,1,Smear Positive
Fiji,1997,sp,f,45-54,5,Smear Positive
Fiji,1997,sp,f,55-64,7,Smear Positive
Fiji,1997,sp,f,65+,3,Smear Positive
Fiji,1998,sp,m,0-14,0,Smear Positive
Fiji,1998,sp,m,15-24,7,Smear Positive
Fiji,1998,sp,m,25-34,11,Smear Positive
Fiji,1998,sp,m,35-44,7,Smear Positive
Fiji,1998,sp,m,45-54,8,Smear Positive
Fiji,1998,sp,m,55-64,4,Smear Positive
Fiji,1998,sp,m,65+,2,Smear Positive
Fiji,1998,sp,f,0-14,2,Smear Positive
Fiji,1998,sp,f,15-24,10,Smear Positive
Fiji,1998,sp,f,25-34,10,Smear Positive
Fiji,1998,sp,f,35-44,4,Smear Positive
Fiji,1998,sp,f,45-54,4,Smear Positive
Fiji,1998,sp,f,55-64,3,Smear Positive
Fiji,1998,sp,f,65+,2,Smear Positive
Fiji,1999,sp,m,0-14,1,Smear Positive
Fiji,1999,sp,m,15-24,13,Smear Positive
Fiji,1999,sp,m,25-34,7,Smear Positive
Fiji,1999,sp,m,35-44,5,Smear Positive
Fiji,1999,sp,m,45-54,8,Smear Positive
Fiji,1999,sp,m,55-64,3,Smear Positive
Fiji,1999,sp,m,65+,3,Smear Positive
Fiji,1999,sp,f,0-14,0,Smear Positive
Fiji,1999,sp,f,15-24,5,Smear Positive
Fiji,1999,sp,f,25-34,7,Smear Positive
Fiji,1999,sp,f,35-44,5,Smear Positive
Fiji,1999,sp,f,45-54,2,Smear Positive
Fiji,1999,sp,f,55-64,5,Smear Positive
Fiji,1999,sp,f,65+,1,Smear Positive
Fiji,2000,sp,m,0-14,0,Smear Positive
Fiji,2000,sp,m,15-24,8,Smear Positive
Fiji,2000,sp,m,25-34,6,Smear Positive
Fiji,2000,sp,m,35-44,13,Smear Positive
Fiji,2000,sp,m,45-54,5,Smear Positive
Fiji,2000,sp,m,55-64,4,Smear Positive
Fiji,2000,sp,m,65+,2,Smear Positive
Fiji,2000,sp,f,0-14,0,Smear Positive
Fiji,2000,sp,f,15-24,7,Smear Positive
Fiji,2000,sp,f,25-34,5,Smear Positive
Fiji,2000,sp,f,35-44,7,Smear Positive
Fiji,2000,sp,f,45-54,1,Smear Positive
Fiji,2000,sp,f,55-64,4,Smear Positive
Fiji,2000,sp,f,65+,0,Smear Positive
Fiji,2001,sp,m,0-14,0,Smear Positive
Fiji,2001,sp,m,15-24,6,Smear Positive
Fiji,2001,sp,m,25-34,8,Smear Positive
Fiji,2001,sp,m,35-44,11,Smear Positive
Fiji,2001,sp,m,45-54,7,Smear Positive
Fiji,2001,sp,m,55-64,4,Smear Positive
Fiji,2001,sp,m,65+,2,Smear Positive
Fiji,2001,sp,f,0-14,0,Smear Positive
Fiji,2001,sp,f,15-24,7,Smear Positive
Fiji,2001,sp,f,25-34,5,Smear Positive
Fiji,2001,sp,f,35-44,7,Smear Positive
Fiji,2001,sp,f,45-54,1,Smear Positive
Fiji,2001,sp,f,55-64,2,Smear Positive
Fiji,2001,sp,f,65+,2,Smear Positive
Fiji,2002,sp,m,0-14,1,Smear Positive
Fiji,2002,sp,m,15-24,13,Smear Positive
Fiji,2002,sp,m,25-34,11,Smear Positive
Fiji,2002,sp,m,35-44,7,Smear Positive
Fiji,2002,sp,m,45-54,4,Smear Positive
Fiji,2002,sp,m,55-64,7,Smear Positive
Fiji,2002,sp,m,65+,2,Smear Positive
Fiji,2002,sp,f,0-14,2,Smear Positive
Fiji,2002,sp,f,15-24,8,Smear Positive
Fiji,2002,sp,f,25-34,4,Smear Positive
Fiji,2002,sp,f,35-44,6,Smear Positive
Fiji,2002,sp,f,45-54,3,Smear Positive
Fiji,2002,sp,f,55-64,4,Smear Positive
Fiji,2002,sp,f,65+,2,Smear Positive
Fiji,2003,sp,m,0-14,2,Smear Positive
Fiji,2003,sp,m,15-24,8,Smear Positive
Fiji,2003,sp,m,25-34,9,Smear Positive
Fiji,2003,sp,m,35-44,6,Smear Positive
Fiji,2003,sp,m,45-54,11,Smear Positive
Fiji,2003,sp,m,55-64,7,Smear Positive
Fiji,2003,sp,m,65+,6,Smear Positive
Fiji,2003,sp,f,0-14,1,Smear Positive
Fiji,2003,sp,f,15-24,4,Smear Positive
Fiji,2003,sp,f,25-34,7,Smear Positive
Fiji,2003,sp,f,35-44,4,Smear Positive
Fiji,2003,sp,f,45-54,4,Smear Positive
Fiji,2003,sp,f,55-64,8,Smear Positive
Fiji,2003,sp,f,65+,1,Smear Positive
Fiji,2004,sp,m,0-14,0,Smear Positive
Fiji,2004,sp,m,15-24,8,Smear Positive
Fiji,2004,sp,m,25-34,6,Smear Positive
Fiji,2004,sp,m,35-44,8,Smear Positive
Fiji,2004,sp,m,45-54,6,Smear Positive
Fiji,2004,sp,m,55-64,7,Smear Positive
Fiji,2004,sp,m,65+,2,Smear Positive
Fiji,2004,sp,f,0-14,0,Smear Positive
Fiji,2004,sp,f,15-24,8,Smear Positive
Fiji,2004,sp,f,25-34,6,Smear Positive
Fiji,2004,sp,f,35-44,3,Smear Positive
Fiji,2004,sp,f,45-54,5,Smear Positive
Fiji,2004,sp,f,55-64,2,Smear Positive
Fiji,2004,sp,f,65+,1,Smear Positive
Fiji,2005,sp,m,0-14,7,Smear Positive
Fiji,2005,sp,m,15-24,9,Smear Positive
Fiji,2005,sp,m,25-34,18,Smear Positive
Fiji,2005,sp,m,35-44,18,Smear Positive
Fiji,2005,sp,m,45-54,14,Smear Positive
Fiji,2005,sp,m,55-64,16,Smear Positive
Fiji,2005,sp,m,65+,6,Smear Positive
Fiji,2005,sp,f,0-14,7,Smear Positive
Fiji,2005,sp,f,15-24,7,Smear Positive
Fiji,2005,sp,f,25-34,9,Smear Positive
Fiji,2005,sp,f,35-44,6,Smear Positive
Fiji,2005,sp,f,45-54,4,Smear Positive
Fiji,2005,sp,f,55-64,6,Smear Positive
Fiji,2005,sp,f,65+,5,Smear Positive
Fiji,2006,sp,m,0-14,0,Smear Positive
Fiji,2006,sp,m,15-24,8,Smear Positive
Fiji,2006,sp,m,25-34,11,Smear Positive
Fiji,2006,sp,m,35-44,4,Smear Positive
Fiji,2006,sp,m,45-54,7,Smear Positive
Fiji,2006,sp,m,55-64,5,Smear Positive
Fiji,2006,sp,m,65+,4,Smear Positive
Fiji,2006,sp,f,0-14,1,Smear Positive
Fiji,2006,sp,f,15-24,12,Smear Positive
Fiji,2006,sp,f,25-34,5,Smear Positive
Fiji,2006,sp,f,35-44,6,Smear Positive
Fiji,2006,sp,f,45-54,4,Smear Positive
Fiji,2006,sp,f,55-64,6,Smear Positive
Fiji,2006,sp,f,65+,0,Smear Positive
Fiji,2006,sn,m,0-14,0,Smear Negative
Fiji,2006,sn,m,15-24,3,Smear Negative
Fiji,2006,sn,m,25-34,4,Smear Negative
Fiji,2006,sn,m,35-44,1,Smear Negative
Fiji,2006,sn,m,45-54,2,Smear Negative
Fiji,2006,sn,m,55-64,3,Smear Negative
Fiji,2006,sn,m,65+,2,Smear Negative
Fiji,2006,sn,f,0-14,0,Smear Negative
Fiji,2006,sn,f,15-24,3,Smear Negative
Fiji,2006,sn,f,25-34,1,Smear Negative
Fiji,2006,sn,f,35-44,0,Smear Negative
Fiji,2006,sn,f,45-54,1,Smear Negative
Fiji,2006,sn,f,55-64,2,Smear Negative
Fiji,2006,sn,f,65+,0,Smear Negative
Fiji,2006,ep,m,0-14,1,Extrapulmonary
Fiji,2006,ep,m,15-24,2,Extrapulmonary
Fiji,2006,ep,m,25-34,1,Extrapulmonary
Fiji,2006,ep,m,35-44,2,Extrapulmonary
Fiji,2006,ep,m,45-54,1,Extrapulmonary
Fiji,2006,ep,m,55-64,3,Extrapulmonary
Fiji,2006,ep,m,65+,0,Extrapulmonary
Fiji,2006,ep,f,0-14,2,Extrapulmonary
Fiji,2006,ep,f,15-24,1,Extrapulmonary
Fiji,2006,ep,f,25-34,0,Extrapulmonary
Fiji,2006,ep,f,35-44,0,Extrapulmonary
Fiji,2006,ep,f,45-54,3,Extrapulmonary
Fiji,2006,ep,f,55-64,2,Extrapulmonary
Fiji,2006,ep,f,65+,0,Extrapulmonary
Fiji,2007,sp,m,0-14,1,Smear Positive
Fiji,2007,sp,m,15-24,7,Smear Positive
Fiji,2007,sp,m,25-34,7,Smear Positive
Fiji,2007,sp,m,35-44,7,Smear Positive
Fiji,2007,sp,m,45-54,4,Smear Positive
Fiji,2007,sp,m,55-64,1,Smear Positive
Fiji,2007,sp,m,65+,4,Smear Positive
Fiji,2007,sp,f,0-14,7,Smear Positive
Fiji,2007,sp,f,15-24,11,Smear Positive
Fiji,2007,sp,f,25-34,4,Smear Positive
Fiji,2007,sp,f,35-44,6,Smear Positive
Fiji,2007,sp,f,45-54,5,Smear Positive
Fiji,2007,sp,f,55-64,1,Smear Positive
Fiji,2007,sp,f,65+,2,Smear Positive
Fiji,2007,sn,m,0-14,1,Smear Negative
Fiji,2007,sn,m,15-24,2,Smear Negative
Fiji,2007,sn,m,25-34,2,Smear Negative
Fiji,2007,sn,m,35-44,4,Smear Negative
Fiji,2007,sn,m,45-54,5,Smear Negative
Fiji,2007,sn,m,55-64,2,Smear Negative
Fiji,2007,sn,m,65+,3,Smear Negative
Fiji,2007,sn,f,0-14,0,Smear Negative
Fiji,2007,sn,f,15-24,4,Smear Negative
Fiji,2007,sn,f,25-34,3,Smear Negative
Fiji,2007,sn,f,35-44,0,Smear Negative
Fiji,2007,sn,f,45-54,1,Smear Negative
Fiji,2007,sn,f,55-64,1,Smear Negative
Fiji,2007,sn,f,65+,1,Smear Negative
Fiji,2007,ep,m,0-14,1,Extrapulmonary
Fiji,2007,ep,m,15-24,5,Extrapulmonary
Fiji,2007,ep,m,25-34,2,Extrapulmonary
Fiji,2007,ep,m,35-44,4,Extrapulmonary
Fiji,2007,ep,m,45-54,6,Extrapulmonary
Fiji,2007,ep,m,55-64,0,Extrapulmonary
Fiji,2007,ep,m,65+,1,Extrapulmonary
Fiji,2007,ep,f,0-14,0,Extrapulmonary
Fiji,2007,ep,f,15-24,4,Extrapulmonary
Fiji,2007,ep,f,25-34,3,Extrapulmonary
Fiji,2007,ep,f,35-44,3,Extrapulmonary
Fiji,2007,ep,f,45-54,2,Extrapulmonary
Fiji,2007,ep,f,55-64,0,Extrapulmonary
Fiji,2007,ep,f,65+,0,Extrapulmonary
Fiji,2008,sp,m,15-24,10,Smear Positive
Fiji,2008,sp,m,25-34,10,Smear Positive
Fiji,2008,sp,m,35-44,4,Smear Positive
Fiji,2008,sp,m,45-54,9,Smear Positive
Fiji,2008,sp,m,55-64,4,Smear Positive
Fiji,2008,sp,m,65+,4,Smear Positive
Fiji,2008,sp,f,15-24,13,Smear Positive
Fiji,2008,sp,f,25-34,6,Smear Positive
Fiji,2008,sp,f,35-44,5,Smear Positive
Fiji,2008,sp,f,45-54,6,Smear Positive
Fiji,2008,sp,f,55-64,3,Smear Positive
Fiji,2008,sp,f,65+,4,Smear Positive
Fiji,2008,sn,m,15-24,1,Smear Negative
Fiji,2008,sn,m,25-34,1,Smear Negative
Fiji,2008,sn,m,35-44,2,Smear Negative
Fiji,2008,sn,m,45-54,3,Smear Negative
Fiji,2008,sn,m,55-64,0,Smear Negative
Fiji,2008,sn,m,65+,4,Smear Negative
Fiji,2008,sn,f,0-14,1,Smear Negative
Fiji,2008,sn,f,15-24,0,Smear Negative
Fiji,2008,sn,f,25-34,2,Smear Negative
Fiji,2008,sn,f,35-44,1,Smear Negative
Fiji,2008,sn,f,45-54,1,Smear Negative
Fiji,2008,sn,f,55-64,1,Smear Negative
Fiji,2008,sn,f,65+,0,Smear Negative
Fiji,2008,ep,m,25-34,3,Extrapulmonary
Fiji,2008,ep,m,35-44,2,Extrapulmonary
Fiji,2008,ep,m,45-54,4,Extrapulmonary
Fiji,2008,ep,m,55-64,0,Extrapulmonary
Fiji,2008,ep,m,65+,3,Extrapulmonary
Fiji,2008,ep,f,25-34,2,Extrapulmonary
Fiji,2008,ep,f,35-44,2,Extrapulmonary
Fiji,2008,ep,f,45-54,2,Extrapulmonary
Fiji,2008,ep,f,55-64,1,Extrapulmonary
Fiji,2008,ep,f,65+,0,Extrapulmonary
Fiji,2009,sp,m,0-14,0,Smear Positive
Fiji,2009,sp,m,15-24,15,Smear Positive
Fiji,2009,sp,m,25-34,14,Smear Positive
Fiji,2009,sp,m,35-44,7,Smear Positive
Fiji,2009,sp,m,45-54,8,Smear Positive
Fiji,2009,sp,m,55-64,6,Smear Positive
Fiji,2009,sp,m,65+,2,Smear Positive
Fiji,2009,sp,f,0-14,1,Smear Positive
Fiji,2009,sp,f,15-24,11,Smear Positive
Fiji,2009,sp,f,25-34,7,Smear Positive
Fiji,2009,sp,f,35-44,4,Smear Positive
Fiji,2009,sp,f,45-54,4,Smear Positive
Fiji,2009,sp,f,55-64,3,Smear Positive
Fiji,2009,sp,f,65+,1,Smear Positive
Fiji,2009,ep,m,0-14,2,Extrapulmonary
Fiji,2009,ep,m,15-24,4,Extrapulmonary
Fiji,2009,ep,m,25-34,5,Extrapulmonary
Fiji,2009,ep,m,35-44,5,Extrapulmonary
Fiji,2009,ep,m,45-54,5,Extrapulmonary
Fiji,2009,ep,m,55-64,5,Extrapulmonary
Fiji,2009,ep,m,65+,0,Extrapulmonary
Fiji,2009,ep,f,0-14,0,Extrapulmonary
Fiji,2009,ep,f,15-24,2,Extrapulmonary
Fiji,2009,ep,f,25-34,3,Extrapulmonary
Fiji,2009,ep,f,35-44,2,Extrapulmonary
Fiji,2009,ep,f,45-54,5,Extrapulmonary
Fiji,2009,ep,f,55-64,0,Extrapulmonary
Fiji,2009,ep,f,65+,0,Extrapulmonary
Fiji,2010,sp,m,0-14,1,Smear Positive
Fiji,2010,sp,m,15-24,7,Smear Positive
Fiji,2010,sp,m,25-34,15,Smear Positive
Fiji,2010,sp,m,35-44,11,Smear Positive
Fiji,2010,sp,m,45-54,6,Smear Positive
Fiji,2010,sp,m,55-64,2,Smear Positive
Fiji,2010,sp,m,65+,4,Smear Positive
Fiji,2010,sp,f,0-14,1,Smear Positive
Fiji,2010,sp,f,15-24,11,Smear Positive
Fiji,2010,sp,f,25-34,12,Smear Positive
Fiji,2010,sp,f,35-44,5,Smear Positive
Fiji,2010,sp,f,45-54,1,Smear Positive
Fiji,2010,sp,f,55-64,8,Smear Positive
Fiji,2010,sp,f,65+,5,Smear Positive
Fiji,2010,sn,m,0-14,5,Smear Negative
Fiji,2010,sn,m,15-24,5,Smear Negative
Fiji,2010,sn,m,25-34,4,Smear Negative
Fiji,2010,sn,m,35-44,0,Smear Negative
Fiji,2010,sn,m,45-54,7,Smear Negative
Fiji,2010,sn,m,55-64,8,Smear Negative
Fiji,2010,sn,m,65+,3,Smear Negative
Fiji,2010,sn,f,0-14,3,Smear Negative
Fiji,2010,sn,f,15-24,1,Smear Negative
Fiji,2010,sn,f,25-34,1,Smear Negative
Fiji,2010,sn,f,35-44,1,Smear Negative
Fiji,2010,sn,f,45-54,0,Smear Negative
Fiji,2010,sn,f,55-64,5,Smear Negative
Fiji,2010,sn,f,65+,2,Smear Negative
Fiji,2010,ep,m,0-14,5,Extrapulmonary
Fiji,2010,ep,m,15-24,2,Extrapulmonary
Fiji,2010,ep,m,25-34,6,Extrapulmonary
Fiji,2010,ep,m,35-44,5,Extrapulmonary
Fiji,2010,ep,m,45-54,2,Extrapulmonary
Fiji,2010,ep,m,55-64,1,Extrapulmonary
Fiji,2010,ep,m,65+,0,Extrapulmonary
Fiji,2010,ep,f,0-14,6,Extrapulmonary
Fiji,2010,ep,f,15-24,2,Extrapulmonary
Fiji,2010,ep,f,25-34,5,Extrapulmonary
Fiji,2010,ep,f,35-44,2,Extrapulmonary
Fiji,2010,ep,f,45-54,3,Extrapulmonary
Fiji,2010,ep,f,55-64,3,Extrapulmonary
Fiji,2010,ep,f,65+,3,Extrapulmonary
Fiji,2011,sp,m,0-14,0,Smear Positive
Fiji,2011,sp,m,15-24,12,Smear Positive
Fiji,2011,sp,m,25-34,16,Smear Positive
Fiji,2011,sp,m,35-44,8,Smear Positive
Fiji,2011,sp,m,45-54,9,Smear Positive
Fiji,2011,sp,m,55-64,9,Smear Positive
Fiji,2011,sp,m,65+,4,Smear Positive
Fiji,2011,sp,f,0-14,1,Smear Positive
Fiji,2011,sp,f,15-24,13,Smear Positive
Fiji,2011,sp,f,25-34,17,Smear Positive
Fiji,2011,sp,f,35-44,7,Smear Positive
Fiji,2011,sp,f,45-54,5,Smear Positive
Fiji,2011,sp,f,55-64,2,Smear Positive
Fiji,2011,sp,f,65+,3,Smear Positive
Fiji,2011,sn,m,0-14,3,Smear Negative
Fiji,2011,sn,m,15-24,2,Smear Negative
Fiji,2011,sn,m,25-34,9,Smear Negative
Fiji,2011,sn,m,35-44,5,Smear Negative
Fiji,2011,sn,m,45-54,5,Smear Negative
Fiji,2011,sn,m,55-64,6,Smear Negative
Fiji,2011,sn,m,65+,4,Smear Negative
Fiji,2011,sn,f,0-14,2,Smear Negative
Fiji,2011,sn,f,15-24,8,Smear Negative
Fiji,2011,sn,f,25-34,5,Smear Negative
Fiji,2011,sn,f,35-44,3,Smear Negative
Fiji,2011,sn,f,45-54,3,Smear Negative
Fiji,2011,sn,f,55-64,2,Smear Negative
Fiji,2011,sn,f,65+,1,Smear Negative
Fiji,2011,ep,m,0-14,2,Extrapulmonary
Fiji,2011,ep,m,15-24,6,Extrapulmonary
Fiji,2011,ep,m,25-34,4,Extrapulmonary
Fiji,2011,ep,m,35-44,2,Extrapulmonary
Fiji,2011,ep,m,45-54,2,Extrapulmonary
Fiji,2011,ep,m,55-64,5,Extrapulmonary
Fiji,2011,ep,m,65+,2,Extrapulmonary
Fiji,2011,ep,f,0-14,6,Extrapulmonary
Fiji,2011,ep,f,15-24,3,Extrapulmonary
Fiji,2011,ep,f,25-34,3,Extrapulmonary
Fiji,2011,ep,f,35-44,2,Extrapulmonary
Fiji,2011,ep,f,45-54,2,Extrapulmonary
Fiji,2011,ep,f,55-64,0,Extrapulmonary
Fiji,2011,ep,f,65+,2,Extrapulmonary
Fiji,2012,sp,m,0-14,2,Smear Positive
Fiji,2012,sp,m,15-24,14,Smear Positive
Fiji,2012,sp,m,25-34,12,Smear Positive
Fiji,2012,sp,m,35-44,9,Smear Positive
Fiji,2012,sp,m,45-54,12,Smear Positive
Fiji,2012,sp,m,55-64,5,Smear Positive
Fiji,2012,sp,m,65+,7,Smear Positive
Fiji,2012,sp,f,0-14,2,Smear Positive
Fiji,2012,sp,f,15-24,11,Smear Positive
Fiji,2012,sp,f,25-34,10,Smear Positive
Fiji,2012,sp,f,35-44,7,Smear Positive
Fiji,2012,sp,f,45-54,6,Smear Positive
Fiji,2012,sp,f,55-64,7,Smear Positive
Fiji,2012,sp,f,65+,7,Smear Positive
Fiji,2012,sn,m,0-14,3,Smear Negative
Fiji,2012,sn,m,15-24,6,Smear Negative
Fiji,2012,sn,m,25-34,4,Smear Negative
Fiji,2012,sn,m,35-44,3,Smear Negative
Fiji,2012,sn,m,45-54,6,Smear Negative
Fiji,2012,sn,m,55-64,6,Smear Negative
Fiji,2012,sn,m,65+,3,Smear Negative
Fiji,2012,sn,f,0-14,6,Smear Negative
Fiji,2012,sn,f,15-24,2,Smear Negative
Fiji,2012,sn,f,25-34,4,Smear Negative
Fiji,2012,sn,f,35-44,2,Smear Negative
Fiji,2012,sn,f,45-54,2,Smear Negative
Fiji,2012,sn,f,55-64,3,Smear Negative
Fiji,2012,sn,f,65+,4,Smear Negative
Fiji,2012,ep,m,0-14,6,Extrapulmonary
Fiji,2012,ep,m,15-24,4,Extrapulmonary
Fiji,2012,ep,m,25-34,2,Extrapulmonary
Fiji,2012,ep,m,35-44,3,Extrapulmonary
Fiji,2012,ep,m,45-54,5,Extrapulmonary
Fiji,2012,ep,m,55-64,2,Extrapulmonary
Fiji,2012,ep,m,65+,2,Extrapulmonary
Fiji,2012,ep,f,0-14,2,Extrapulmonary
Fiji,2012,ep,f,15-24,3,Extrapulmonary
Fiji,2012,ep,f,25-34,2,Extrapulmonary
Fiji,2012,ep,f,35-44,1,Extrapulmonary
Fiji,2012,ep,f,45-54,2,Extrapulmonary
Fiji,2012,ep,f,55-64,2,Extrapulmonary
Fiji,2012,ep,f,65+,4,Extrapulmonary
Fiji,2013,rel,m,0-14,10,Relapse
Fiji,2013,rel,m,15-24,19,Relapse
Fiji,2013,rel,m,25-34,31,Relapse
Fiji,2013,rel,m,35-44,25,Relapse
Fiji,2013,rel,m,45-54,25,Relapse
Fiji,2013,rel,m,55-64,17,Relapse
Fiji,2013,rel,m,65+,19,Relapse
Fiji,2013,rel,f,0-14,14,Relapse
Fiji,2013,rel,f,15-24,24,Relapse
Fiji,2013,rel,f,25-34,27,Relapse
Fiji,2013,rel,f,35-44,18,Relapse
Fiji,2013,rel,f,45-54,6,Relapse
Fiji,2013,rel,f,55-64,9,Relapse
Fiji,2013,rel,f,65+,10,Relapse
Finland,1995,sp,m,0-14,1,Smear Positive
Finland,1995,sp,m,15-24,1,Smear Positive
Finland,1995,sp,m,25-34,10,Smear Positive
Finland,1995,sp,m,35-44,25,Smear Positive
Finland,1995,sp,m,45-54,28,Smear Positive
Finland,1995,sp,m,55-64,24,Smear Positive
Finland,1995,sp,m,65+,61,Smear Positive
Finland,1995,sp,f,0-14,1,Smear Positive
Finland,1995,sp,f,15-24,1,Smear Positive
Finland,1995,sp,f,25-34,6,Smear Positive
Finland,1995,sp,f,35-44,7,Smear Positive
Finland,1995,sp,f,45-54,4,Smear Positive
Finland,1995,sp,f,55-64,10,Smear Positive
Finland,1995,sp,f,65+,65,Smear Positive
Finland,1996,sp,m,0-14,0,Smear Positive
Finland,1996,sp,m,15-24,2,Smear Positive
Finland,1996,sp,m,25-34,5,Smear Positive
Finland,1996,sp,m,35-44,24,Smear Positive
Finland,1996,sp,m,45-54,26,Smear Positive
Finland,1996,sp,m,55-64,23,Smear Positive
Finland,1996,sp,m,65+,77,Smear Positive
Finland,1996,sp,f,0-14,0,Smear Positive
Finland,1996,sp,f,15-24,4,Smear Positive
Finland,1996,sp,f,25-34,5,Smear Positive
Finland,1996,sp,f,35-44,3,Smear Positive
Finland,1996,sp,f,45-54,7,Smear Positive
Finland,1996,sp,f,55-64,6,Smear Positive
Finland,1996,sp,f,65+,58,Smear Positive
Finland,1997,sp,m,0-14,0,Smear Positive
Finland,1997,sp,m,15-24,1,Smear Positive
Finland,1997,sp,m,25-34,5,Smear Positive
Finland,1997,sp,m,35-44,22,Smear Positive
Finland,1997,sp,m,45-54,24,Smear Positive
Finland,1997,sp,m,55-64,26,Smear Positive
Finland,1997,sp,m,65+,53,Smear Positive
Finland,1997,sp,f,0-14,0,Smear Positive
Finland,1997,sp,f,15-24,2,Smear Positive
Finland,1997,sp,f,25-34,6,Smear Positive
Finland,1997,sp,f,35-44,2,Smear Positive
Finland,1997,sp,f,45-54,5,Smear Positive
Finland,1997,sp,f,55-64,5,Smear Positive
Finland,1997,sp,f,65+,35,Smear Positive
Finland,1998,sp,m,0-14,0,Smear Positive
Finland,1998,sp,m,15-24,4,Smear Positive
Finland,1998,sp,m,25-34,4,Smear Positive
Finland,1998,sp,m,35-44,9,Smear Positive
Finland,1998,sp,m,45-54,15,Smear Positive
Finland,1998,sp,m,55-64,21,Smear Positive
Finland,1998,sp,m,65+,63,Smear Positive
Finland,1998,sp,f,0-14,0,Smear Positive
Finland,1998,sp,f,15-24,3,Smear Positive
Finland,1998,sp,f,25-34,4,Smear Positive
Finland,1998,sp,f,35-44,9,Smear Positive
Finland,1998,sp,f,45-54,4,Smear Positive
Finland,1998,sp,f,55-64,12,Smear Positive
Finland,1998,sp,f,65+,40,Smear Positive
Finland,1999,sp,m,0-14,0,Smear Positive
Finland,1999,sp,m,25-34,4,Smear Positive
Finland,1999,sp,m,35-44,13,Smear Positive
Finland,1999,sp,m,45-54,26,Smear Positive
Finland,1999,sp,m,55-64,20,Smear Positive
Finland,1999,sp,m,65+,53,Smear Positive
Finland,1999,sp,f,0-14,0,Smear Positive
Finland,1999,sp,f,15-24,2,Smear Positive
Finland,1999,sp,f,25-34,6,Smear Positive
Finland,1999,sp,f,45-54,11,Smear Positive
Finland,1999,sp,f,55-64,5,Smear Positive
Finland,1999,sp,f,65+,39,Smear Positive
Finland,2000,sp,m,0-14,0,Smear Positive
Finland,2000,sp,m,15-24,3,Smear Positive
Finland,2000,sp,m,25-34,8,Smear Positive
Finland,2000,sp,m,35-44,22,Smear Positive
Finland,2000,sp,m,45-54,19,Smear Positive
Finland,2000,sp,m,55-64,28,Smear Positive
Finland,2000,sp,m,65+,53,Smear Positive
Finland,2000,sp,f,0-14,0,Smear Positive
Finland,2000,sp,f,15-24,1,Smear Positive
Finland,2000,sp,f,25-34,5,Smear Positive
Finland,2000,sp,f,35-44,3,Smear Positive
Finland,2000,sp,f,45-54,4,Smear Positive
Finland,2000,sp,f,55-64,6,Smear Positive
Finland,2000,sp,f,65+,49,Smear Positive
Finland,2001,sp,m,0-14,0,Smear Positive
Finland,2001,sp,m,15-24,1,Smear Positive
Finland,2001,sp,m,25-34,9,Smear Positive
Finland,2001,sp,m,35-44,13,Smear Positive
Finland,2001,sp,m,45-54,17,Smear Positive
Finland,2001,sp,m,55-64,13,Smear Positive
Finland,2001,sp,m,65+,43,Smear Positive
Finland,2001,sp,f,0-14,0,Smear Positive
Finland,2001,sp,f,15-24,3,Smear Positive
Finland,2001,sp,f,25-34,4,Smear Positive
Finland,2001,sp,f,35-44,5,Smear Positive
Finland,2001,sp,f,45-54,8,Smear Positive
Finland,2001,sp,f,55-64,10,Smear Positive
Finland,2001,sp,f,65+,22,Smear Positive
Finland,2002,sp,m,0-14,0,Smear Positive
Finland,2002,sp,m,15-24,0,Smear Positive
Finland,2002,sp,m,25-34,5,Smear Positive
Finland,2002,sp,m,35-44,8,Smear Positive
Finland,2002,sp,m,45-54,17,Smear Positive
Finland,2002,sp,m,55-64,20,Smear Positive
Finland,2002,sp,m,65+,36,Smear Positive
Finland,2002,sp,f,0-14,0,Smear Positive
Finland,2002,sp,f,15-24,4,Smear Positive
Finland,2002,sp,f,25-34,3,Smear Positive
Finland,2002,sp,f,35-44,0,Smear Positive
Finland,2002,sp,f,45-54,3,Smear Positive
Finland,2002,sp,f,55-64,6,Smear Positive
Finland,2002,sp,f,65+,26,Smear Positive
Finland,2003,sp,m,0-14,0,Smear Positive
Finland,2003,sp,m,15-24,2,Smear Positive
Finland,2003,sp,m,25-34,3,Smear Positive
Finland,2003,sp,m,35-44,8,Smear Positive
Finland,2003,sp,m,45-54,19,Smear Positive
Finland,2003,sp,m,55-64,17,Smear Positive
Finland,2003,sp,m,65+,29,Smear Positive
Finland,2003,sp,f,0-14,0,Smear Positive
Finland,2003,sp,f,15-24,2,Smear Positive
Finland,2003,sp,f,25-34,10,Smear Positive
Finland,2003,sp,f,35-44,3,Smear Positive
Finland,2003,sp,f,45-54,6,Smear Positive
Finland,2003,sp,f,55-64,5,Smear Positive
Finland,2003,sp,f,65+,31,Smear Positive
Finland,2004,sp,m,0-14,0,Smear Positive
Finland,2004,sp,m,15-24,1,Smear Positive
Finland,2004,sp,m,25-34,5,Smear Positive
Finland,2004,sp,m,35-44,7,Smear Positive
Finland,2004,sp,m,45-54,17,Smear Positive
Finland,2004,sp,m,55-64,13,Smear Positive
Finland,2004,sp,m,65+,33,Smear Positive
Finland,2004,sp,f,0-14,0,Smear Positive
Finland,2004,sp,f,15-24,1,Smear Positive
Finland,2004,sp,f,25-34,0,Smear Positive
Finland,2004,sp,f,35-44,3,Smear Positive
Finland,2004,sp,f,45-54,4,Smear Positive
Finland,2004,sp,f,55-64,3,Smear Positive
Finland,2004,sp,f,65+,15,Smear Positive
Finland,2005,sp,m,0-14,1,Smear Positive
Finland,2005,sp,m,15-24,5,Smear Positive
Finland,2005,sp,m,25-34,4,Smear Positive
Finland,2005,sp,m,35-44,3,Smear Positive
Finland,2005,sp,m,45-54,14,Smear Positive
Finland,2005,sp,m,55-64,11,Smear Positive
Finland,2005,sp,m,65+,25,Smear Positive
Finland,2005,sp,f,0-14,0,Smear Positive
Finland,2005,sp,f,15-24,3,Smear Positive
Finland,2005,sp,f,25-34,4,Smear Positive
Finland,2005,sp,f,35-44,1,Smear Positive
Finland,2005,sp,f,45-54,0,Smear Positive
Finland,2005,sp,f,55-64,6,Smear Positive
Finland,2005,sp,f,65+,20,Smear Positive
Finland,2006,sp,m,0-14,0,Smear Positive
Finland,2006,sp,m,15-24,5,Smear Positive
Finland,2006,sp,m,25-34,6,Smear Positive
Finland,2006,sp,m,35-44,5,Smear Positive
Finland,2006,sp,m,45-54,9,Smear Positive
Finland,2006,sp,m,55-64,6,Smear Positive
Finland,2006,sp,m,65+,20,Smear Positive
Finland,2006,sp,f,0-14,0,Smear Positive
Finland,2006,sp,f,15-24,2,Smear Positive
Finland,2006,sp,f,25-34,4,Smear Positive
Finland,2006,sp,f,35-44,3,Smear Positive
Finland,2006,sp,f,45-54,4,Smear Positive
Finland,2006,sp,f,55-64,1,Smear Positive
Finland,2006,sp,f,65+,19,Smear Positive
Finland,2006,sn,m,0-14,0,Smear Negative
Finland,2006,sn,m,15-24,4,Smear Negative
Finland,2006,sn,m,25-34,2,Smear Negative
Finland,2006,sn,m,35-44,6,Smear Negative
Finland,2006,sn,m,45-54,8,Smear Negative
Finland,2006,sn,m,55-64,18,Smear Negative
Finland,2006,sn,m,65+,42,Smear Negative
Finland,2006,sn,f,0-14,0,Smear Negative
Finland,2006,sn,f,15-24,0,Smear Negative
Finland,2006,sn,f,25-34,6,Smear Negative
Finland,2006,sn,f,35-44,1,Smear Negative
Finland,2006,sn,f,45-54,2,Smear Negative
Finland,2006,sn,f,55-64,3,Smear Negative
Finland,2006,sn,f,65+,18,Smear Negative
Finland,2006,ep,m,0-14,1,Extrapulmonary
Finland,2006,ep,m,15-24,2,Extrapulmonary
Finland,2006,ep,m,25-34,3,Extrapulmonary
Finland,2006,ep,m,35-44,8,Extrapulmonary
Finland,2006,ep,m,45-54,3,Extrapulmonary
Finland,2006,ep,m,55-64,4,Extrapulmonary
Finland,2006,ep,m,65+,14,Extrapulmonary
Finland,2006,ep,f,0-14,0,Extrapulmonary
Finland,2006,ep,f,15-24,4,Extrapulmonary
Finland,2006,ep,f,25-34,6,Extrapulmonary
Finland,2006,ep,f,35-44,3,Extrapulmonary
Finland,2006,ep,f,45-54,0,Extrapulmonary
Finland,2006,ep,f,55-64,8,Extrapulmonary
Finland,2006,ep,f,65+,30,Extrapulmonary
Finland,2007,sp,m,0-14,0,Smear Positive
Finland,2007,sp,m,15-24,4,Smear Positive
Finland,2007,sp,m,25-34,5,Smear Positive
Finland,2007,sp,m,35-44,5,Smear Positive
Finland,2007,sp,m,45-54,10,Smear Positive
Finland,2007,sp,m,55-64,7,Smear Positive
Finland,2007,sp,m,65+,24,Smear Positive
Finland,2007,sp,f,0-14,0,Smear Positive
Finland,2007,sp,f,15-24,6,Smear Positive
Finland,2007,sp,f,25-34,4,Smear Positive
Finland,2007,sp,f,35-44,2,Smear Positive
Finland,2007,sp,f,45-54,5,Smear Positive
Finland,2007,sp,f,55-64,0,Smear Positive
Finland,2007,sp,f,65+,13,Smear Positive
Finland,2007,sn,m,0-14,2,Smear Negative
Finland,2007,sn,m,15-24,8,Smear Negative
Finland,2007,sn,m,25-34,24,Smear Negative
Finland,2007,sn,m,35-44,17,Smear Negative
Finland,2007,sn,m,45-54,28,Smear Negative
Finland,2007,sn,m,55-64,40,Smear Negative
Finland,2007,sn,m,65+,86,Smear Negative
Finland,2007,sn,f,0-14,0,Smear Negative
Finland,2007,sn,f,15-24,12,Smear Negative
Finland,2007,sn,f,25-34,11,Smear Negative
Finland,2007,sn,f,35-44,4,Smear Negative
Finland,2007,sn,f,45-54,15,Smear Negative
Finland,2007,sn,f,55-64,12,Smear Negative
Finland,2007,sn,f,65+,65,Smear Negative
Finland,2007,ep,m,0-14,0,Extrapulmonary
Finland,2007,ep,m,15-24,4,Extrapulmonary
Finland,2007,ep,m,25-34,12,Extrapulmonary
Finland,2007,ep,m,35-44,10,Extrapulmonary
Finland,2007,ep,m,45-54,12,Extrapulmonary
Finland,2007,ep,m,55-64,16,Extrapulmonary
Finland,2007,ep,m,65+,44,Extrapulmonary
Finland,2007,ep,f,0-14,4,Extrapulmonary
Finland,2007,ep,f,15-24,12,Extrapulmonary
Finland,2007,ep,f,25-34,10,Extrapulmonary
Finland,2007,ep,f,35-44,4,Extrapulmonary
Finland,2007,ep,f,45-54,10,Extrapulmonary
Finland,2007,ep,f,55-64,16,Extrapulmonary
Finland,2007,ep,f,65+,50,Extrapulmonary
Finland,2008,sp,m,0-14,0,Smear Positive
Finland,2008,sp,m,15-24,3,Smear Positive
Finland,2008,sp,m,25-34,5,Smear Positive
Finland,2008,sp,m,35-44,8,Smear Positive
Finland,2008,sp,m,45-54,13,Smear Positive
Finland,2008,sp,m,55-64,11,Smear Positive
Finland,2008,sp,m,65+,35,Smear Positive
Finland,2008,sp,f,0-14,0,Smear Positive
Finland,2008,sp,f,15-24,4,Smear Positive
Finland,2008,sp,f,25-34,3,Smear Positive
Finland,2008,sp,f,35-44,2,Smear Positive
Finland,2008,sp,f,45-54,4,Smear Positive
Finland,2008,sp,f,55-64,2,Smear Positive
Finland,2008,sp,f,65+,14,Smear Positive
Finland,2008,sn,m,0-14,3,Smear Negative
Finland,2008,sn,m,15-24,4,Smear Negative
Finland,2008,sn,m,25-34,3,Smear Negative
Finland,2008,sn,m,35-44,6,Smear Negative
Finland,2008,sn,m,45-54,11,Smear Negative
Finland,2008,sn,m,55-64,11,Smear Negative
Finland,2008,sn,m,65+,29,Smear Negative
Finland,2008,sn,f,0-14,1,Smear Negative
Finland,2008,sn,f,15-24,2,Smear Negative
Finland,2008,sn,f,25-34,2,Smear Negative
Finland,2008,sn,f,35-44,2,Smear Negative
Finland,2008,sn,f,45-54,3,Smear Negative
Finland,2008,sn,f,55-64,8,Smear Negative
Finland,2008,sn,f,65+,19,Smear Negative
Finland,2008,ep,m,0-14,0,Extrapulmonary
Finland,2008,ep,m,15-24,6,Extrapulmonary
Finland,2008,ep,m,25-34,4,Extrapulmonary
Finland,2008,ep,m,35-44,1,Extrapulmonary
Finland,2008,ep,m,45-54,5,Extrapulmonary
Finland,2008,ep,m,55-64,9,Extrapulmonary
Finland,2008,ep,m,65+,33,Extrapulmonary
Finland,2008,ep,f,0-14,0,Extrapulmonary
Finland,2008,ep,f,15-24,2,Extrapulmonary
Finland,2008,ep,f,25-34,7,Extrapulmonary
Finland,2008,ep,f,35-44,5,Extrapulmonary
Finland,2008,ep,f,45-54,7,Extrapulmonary
Finland,2008,ep,f,55-64,8,Extrapulmonary
Finland,2008,ep,f,65+,36,Extrapulmonary
Finland,2009,sp,m,0-14,0,Smear Positive
Finland,2009,sp,m,15-24,9,Smear Positive
Finland,2009,sp,m,25-34,3,Smear Positive
Finland,2009,sp,m,35-44,3,Smear Positive
Finland,2009,sp,m,45-54,11,Smear Positive
Finland,2009,sp,m,55-64,11,Smear Positive
Finland,2009,sp,m,65+,17,Smear Positive
Finland,2009,sp,f,0-14,0,Smear Positive
Finland,2009,sp,f,15-24,7,Smear Positive
Finland,2009,sp,f,25-34,7,Smear Positive
Finland,2009,sp,f,35-44,3,Smear Positive
Finland,2009,sp,f,45-54,4,Smear Positive
Finland,2009,sp,f,55-64,1,Smear Positive
Finland,2009,sp,f,65+,14,Smear Positive
Finland,2009,sn,m,0-14,3,Smear Negative
Finland,2009,sn,m,15-24,12,Smear Negative
Finland,2009,sn,m,25-34,11,Smear Negative
Finland,2009,sn,m,35-44,12,Smear Negative
Finland,2009,sn,m,45-54,16,Smear Negative
Finland,2009,sn,m,55-64,24,Smear Negative
Finland,2009,sn,m,65+,47,Smear Negative
Finland,2009,sn,f,0-14,3,Smear Negative
Finland,2009,sn,f,15-24,6,Smear Negative
Finland,2009,sn,f,25-34,11,Smear Negative
Finland,2009,sn,f,35-44,7,Smear Negative
Finland,2009,sn,f,45-54,4,Smear Negative
Finland,2009,sn,f,55-64,7,Smear Negative
Finland,2009,sn,f,65+,27,Smear Negative
Finland,2009,ep,m,0-14,1,Extrapulmonary
Finland,2009,ep,m,15-24,12,Extrapulmonary
Finland,2009,ep,m,25-34,6,Extrapulmonary
Finland,2009,ep,m,35-44,4,Extrapulmonary
Finland,2009,ep,m,45-54,4,Extrapulmonary
Finland,2009,ep,m,55-64,9,Extrapulmonary
Finland,2009,ep,m,65+,24,Extrapulmonary
Finland,2009,ep,f,0-14,0,Extrapulmonary
Finland,2009,ep,f,15-24,4,Extrapulmonary
Finland,2009,ep,f,25-34,4,Extrapulmonary
Finland,2009,ep,f,35-44,5,Extrapulmonary
Finland,2009,ep,f,45-54,4,Extrapulmonary
Finland,2009,ep,f,55-64,6,Extrapulmonary
Finland,2009,ep,f,65+,37,Extrapulmonary
Finland,2010,sp,m,0-14,0,Smear Positive
Finland,2010,sp,m,15-24,10,Smear Positive
Finland,2010,sp,m,25-34,6,Smear Positive
Finland,2010,sp,m,35-44,7,Smear Positive
Finland,2010,sp,m,45-54,9,Smear Positive
Finland,2010,sp,m,55-64,8,Smear Positive
Finland,2010,sp,m,65+,15,Smear Positive
Finland,2010,sp,f,0-14,0,Smear Positive
Finland,2010,sp,f,15-24,3,Smear Positive
Finland,2010,sp,f,25-34,3,Smear Positive
Finland,2010,sp,f,35-44,4,Smear Positive
Finland,2010,sp,f,45-54,1,Smear Positive
Finland,2010,sp,f,55-64,2,Smear Positive
Finland,2010,sp,f,65+,12,Smear Positive
Finland,2010,sn,m,0-14,3,Smear Negative
Finland,2010,sn,m,15-24,9,Smear Negative
Finland,2010,sn,m,25-34,6,Smear Negative
Finland,2010,sn,m,35-44,7,Smear Negative
Finland,2010,sn,m,45-54,9,Smear Negative
Finland,2010,sn,m,55-64,13,Smear Negative
Finland,2010,sn,m,65+,40,Smear Negative
Finland,2010,sn,f,0-14,1,Smear Negative
Finland,2010,sn,f,15-24,5,Smear Negative
Finland,2010,sn,f,25-34,5,Smear Negative
Finland,2010,sn,f,35-44,1,Smear Negative
Finland,2010,sn,f,45-54,6,Smear Negative
Finland,2010,sn,f,55-64,3,Smear Negative
Finland,2010,sn,f,65+,26,Smear Negative
Finland,2010,ep,m,0-14,0,Extrapulmonary
Finland,2010,ep,m,15-24,3,Extrapulmonary
Finland,2010,ep,m,25-34,10,Extrapulmonary
Finland,2010,ep,m,35-44,4,Extrapulmonary
Finland,2010,ep,m,45-54,2,Extrapulmonary
Finland,2010,ep,m,55-64,5,Extrapulmonary
Finland,2010,ep,m,65+,13,Extrapulmonary
Finland,2010,ep,f,0-14,2,Extrapulmonary
Finland,2010,ep,f,15-24,5,Extrapulmonary
Finland,2010,ep,f,25-34,7,Extrapulmonary
Finland,2010,ep,f,35-44,4,Extrapulmonary
Finland,2010,ep,f,45-54,4,Extrapulmonary
Finland,2010,ep,f,55-64,6,Extrapulmonary
Finland,2010,ep,f,65+,25,Extrapulmonary
Finland,2011,sp,m,0-14,0,Smear Positive
Finland,2011,sp,m,15-24,1,Smear Positive
Finland,2011,sp,m,25-34,4,Smear Positive
Finland,2011,sp,m,35-44,4,Smear Positive
Finland,2011,sp,m,45-54,7,Smear Positive
Finland,2011,sp,m,55-64,10,Smear Positive
Finland,2011,sp,m,65+,27,Smear Positive
Finland,2011,sp,f,0-14,1,Smear Positive
Finland,2011,sp,f,15-24,2,Smear Positive
Finland,2011,sp,f,25-34,3,Smear Positive
Finland,2011,sp,f,35-44,5,Smear Positive
Finland,2011,sp,f,45-54,3,Smear Positive
Finland,2011,sp,f,55-64,1,Smear Positive
Finland,2011,sp,f,65+,13,Smear Positive
Finland,2011,sn,m,0-14,4,Smear Negative
Finland,2011,sn,m,15-24,5,Smear Negative
Finland,2011,sn,m,25-34,12,Smear Negative
Finland,2011,sn,m,35-44,3,Smear Negative
Finland,2011,sn,m,45-54,4,Smear Negative
Finland,2011,sn,m,55-64,17,Smear Negative
Finland,2011,sn,m,65+,38,Smear Negative
Finland,2011,sn,f,0-14,4,Smear Negative
Finland,2011,sn,f,15-24,4,Smear Negative
Finland,2011,sn,f,25-34,7,Smear Negative
Finland,2011,sn,f,35-44,3,Smear Negative
Finland,2011,sn,f,45-54,6,Smear Negative
Finland,2011,sn,f,55-64,3,Smear Negative
Finland,2011,sn,f,65+,30,Smear Negative
Finland,2011,ep,m,0-14,1,Extrapulmonary
Finland,2011,ep,m,15-24,4,Extrapulmonary
Finland,2011,ep,m,25-34,4,Extrapulmonary
Finland,2011,ep,m,35-44,4,Extrapulmonary
Finland,2011,ep,m,45-54,3,Extrapulmonary
Finland,2011,ep,m,55-64,5,Extrapulmonary
Finland,2011,ep,m,65+,15,Extrapulmonary
Finland,2011,ep,f,0-14,1,Extrapulmonary
Finland,2011,ep,f,15-24,7,Extrapulmonary
Finland,2011,ep,f,25-34,5,Extrapulmonary
Finland,2011,ep,f,35-44,1,Extrapulmonary
Finland,2011,ep,f,45-54,1,Extrapulmonary
Finland,2011,ep,f,55-64,8,Extrapulmonary
Finland,2011,ep,f,65+,31,Extrapulmonary
Finland,2012,sp,m,0-14,0,Smear Positive
Finland,2012,sp,m,15-24,2,Smear Positive
Finland,2012,sp,m,25-34,9,Smear Positive
Finland,2012,sp,m,35-44,7,Smear Positive
Finland,2012,sp,m,45-54,5,Smear Positive
Finland,2012,sp,m,55-64,9,Smear Positive
Finland,2012,sp,m,65+,21,Smear Positive
Finland,2012,sp,f,0-14,1,Smear Positive
Finland,2012,sp,f,15-24,4,Smear Positive
Finland,2012,sp,f,25-34,0,Smear Positive
Finland,2012,sp,f,35-44,4,Smear Positive
Finland,2012,sp,f,45-54,2,Smear Positive
Finland,2012,sp,f,55-64,3,Smear Positive
Finland,2012,sp,f,65+,11,Smear Positive
Finland,2012,sn,m,0-14,2,Smear Negative
Finland,2012,sn,m,15-24,4,Smear Negative
Finland,2012,sn,m,25-34,5,Smear Negative
Finland,2012,sn,m,35-44,6,Smear Negative
Finland,2012,sn,m,45-54,10,Smear Negative
Finland,2012,sn,m,55-64,10,Smear Negative
Finland,2012,sn,m,65+,28,Smear Negative
Finland,2012,sn,f,0-14,1,Smear Negative
Finland,2012,sn,f,15-24,4,Smear Negative
Finland,2012,sn,f,25-34,7,Smear Negative
Finland,2012,sn,f,35-44,7,Smear Negative
Finland,2012,sn,f,45-54,3,Smear Negative
Finland,2012,sn,f,55-64,3,Smear Negative
Finland,2012,sn,f,65+,14,Smear Negative
Finland,2012,ep,m,0-14,0,Extrapulmonary
Finland,2012,ep,m,15-24,4,Extrapulmonary
Finland,2012,ep,m,25-34,5,Extrapulmonary
Finland,2012,ep,m,35-44,3,Extrapulmonary
Finland,2012,ep,m,45-54,1,Extrapulmonary
Finland,2012,ep,m,55-64,3,Extrapulmonary
Finland,2012,ep,m,65+,13,Extrapulmonary
Finland,2012,ep,f,0-14,1,Extrapulmonary
Finland,2012,ep,f,15-24,4,Extrapulmonary
Finland,2012,ep,f,25-34,3,Extrapulmonary
Finland,2012,ep,f,35-44,5,Extrapulmonary
Finland,2012,ep,f,45-54,2,Extrapulmonary
Finland,2012,ep,f,55-64,4,Extrapulmonary
Finland,2012,ep,f,65+,22,Extrapulmonary
Finland,2013,rel,m,0-14,1,Relapse
Finland,2013,rel,m,15-24,22,Relapse
Finland,2013,rel,m,25-34,17,Relapse
Finland,2013,rel,m,35-44,13,Relapse
Finland,2013,rel,m,45-54,12,Relapse
Finland,2013,rel,m,55-64,20,Relapse
Finland,2013,rel,m,65+,79,Relapse
Finland,2013,rel,f,0-14,1,Relapse
Finland,2013,rel,f,15-24,10,Relapse
Finland,2013,rel,f,25-34,18,Relapse
Finland,2013,rel,f,35-44,6,Relapse
Finland,2013,rel,f,45-54,7,Relapse
Finland,2013,rel,f,55-64,13,Relapse
Finland,2013,rel,f,65+,47,Relapse
France,1995,sp,m,0-14,30,Smear Positive
France,1995,sp,m,15-24,156,Smear Positive
France,1995,sp,m,25-34,431,Smear Positive
France,1995,sp,m,35-44,502,Smear Positive
France,1995,sp,m,45-54,414,Smear Positive
France,1995,sp,m,55-64,297,Smear Positive
France,1995,sp,m,65+,496,Smear Positive
France,1995,sp,f,0-14,36,Smear Positive
France,1995,sp,f,15-24,138,Smear Positive
France,1995,sp,f,25-34,226,Smear Positive
France,1995,sp,f,35-44,176,Smear Positive
France,1995,sp,f,45-54,90,Smear Positive
France,1995,sp,f,55-64,92,Smear Positive
France,1995,sp,f,65+,365,Smear Positive
France,1996,sp,m,0-14,36,Smear Positive
France,1996,sp,m,15-24,124,Smear Positive
France,1996,sp,m,25-34,335,Smear Positive
France,1996,sp,m,35-44,413,Smear Positive
France,1996,sp,m,45-54,351,Smear Positive
France,1996,sp,m,55-64,248,Smear Positive
France,1996,sp,m,65+,475,Smear Positive
France,1996,sp,f,0-14,22,Smear Positive
France,1996,sp,f,15-24,124,Smear Positive
France,1996,sp,f,25-34,195,Smear Positive
France,1996,sp,f,35-44,131,Smear Positive
France,1996,sp,f,45-54,79,Smear Positive
France,1996,sp,f,55-64,82,Smear Positive
France,1996,sp,f,65+,376,Smear Positive
France,1997,sp,m,0-14,24,Smear Positive
France,1997,sp,m,15-24,113,Smear Positive
France,1997,sp,m,25-34,288,Smear Positive
France,1997,sp,m,35-44,362,Smear Positive
France,1997,sp,m,45-54,271,Smear Positive
France,1997,sp,m,55-64,194,Smear Positive
France,1997,sp,m,65+,343,Smear Positive
France,1997,sp,f,0-14,17,Smear Positive
France,1997,sp,f,15-24,117,Smear Positive
France,1997,sp,f,25-34,166,Smear Positive
France,1997,sp,f,35-44,115,Smear Positive
France,1997,sp,f,45-54,80,Smear Positive
France,1997,sp,f,55-64,57,Smear Positive
France,1997,sp,f,65+,274,Smear Positive
France,1999,sp,m,0-14,13,Smear Positive
France,1999,sp,m,15-24,147,Smear Positive
France,1999,sp,m,25-34,267,Smear Positive
France,1999,sp,m,35-44,310,Smear Positive
France,1999,sp,m,45-54,276,Smear Positive
France,1999,sp,m,55-64,157,Smear Positive
France,1999,sp,m,65+,318,Smear Positive
France,1999,sp,f,0-14,25,Smear Positive
France,1999,sp,f,15-24,110,Smear Positive
France,1999,sp,f,25-34,145,Smear Positive
France,1999,sp,f,35-44,120,Smear Positive
France,1999,sp,f,45-54,80,Smear Positive
France,1999,sp,f,55-64,60,Smear Positive
France,1999,sp,f,65+,284,Smear Positive
France,2000,sp,m,0-14,10,Smear Positive
France,2000,sp,m,15-24,136,Smear Positive
France,2000,sp,m,25-34,248,Smear Positive
France,2000,sp,m,35-44,247,Smear Positive
France,2000,sp,m,45-54,211,Smear Positive
France,2000,sp,m,55-64,125,Smear Positive
France,2000,sp,m,65+,244,Smear Positive
France,2000,sp,f,0-14,18,Smear Positive
France,2000,sp,f,15-24,108,Smear Positive
France,2000,sp,f,25-34,127,Smear Positive
France,2000,sp,f,35-44,89,Smear Positive
France,2000,sp,f,45-54,46,Smear Positive
France,2000,sp,f,55-64,43,Smear Positive
France,2000,sp,f,65+,155,Smear Positive
France,2001,sp,m,0-14,10,Smear Positive
France,2001,sp,m,15-24,124,Smear Positive
France,2001,sp,m,25-34,230,Smear Positive
France,2001,sp,m,35-44,260,Smear Positive
France,2001,sp,m,45-54,205,Smear Positive
France,2001,sp,m,55-64,119,Smear Positive
France,2001,sp,m,65+,211,Smear Positive
France,2001,sp,f,0-14,17,Smear Positive
France,2001,sp,f,15-24,131,Smear Positive
France,2001,sp,f,25-34,132,Smear Positive
France,2001,sp,f,35-44,102,Smear Positive
France,2001,sp,f,45-54,63,Smear Positive
France,2001,sp,f,55-64,40,Smear Positive
France,2001,sp,f,65+,183,Smear Positive
France,2002,sp,m,0-14,24,Smear Positive
France,2002,sp,m,15-24,138,Smear Positive
France,2002,sp,m,25-34,265,Smear Positive
France,2002,sp,m,35-44,223,Smear Positive
France,2002,sp,m,45-54,219,Smear Positive
France,2002,sp,m,55-64,119,Smear Positive
France,2002,sp,m,65+,180,Smear Positive
France,2002,sp,f,0-14,13,Smear Positive
France,2002,sp,f,15-24,106,Smear Positive
France,2002,sp,f,25-34,127,Smear Positive
France,2002,sp,f,35-44,90,Smear Positive
France,2002,sp,f,45-54,56,Smear Positive
France,2002,sp,f,55-64,33,Smear Positive
France,2002,sp,f,65+,161,Smear Positive
France,2003,sp,m,0-14,18,Smear Positive
France,2003,sp,m,15-24,129,Smear Positive
France,2003,sp,m,25-34,249,Smear Positive
France,2003,sp,m,35-44,223,Smear Positive
France,2003,sp,m,45-54,190,Smear Positive
France,2003,sp,m,55-64,127,Smear Positive
France,2003,sp,m,65+,210,Smear Positive
France,2003,sp,f,0-14,16,Smear Positive
France,2003,sp,f,15-24,114,Smear Positive
France,2003,sp,f,25-34,129,Smear Positive
France,2003,sp,f,35-44,79,Smear Positive
France,2003,sp,f,45-54,44,Smear Positive
France,2003,sp,f,55-64,32,Smear Positive
France,2003,sp,f,65+,159,Smear Positive
France,2004,sp,m,0-14,13,Smear Positive
France,2004,sp,m,15-24,109,Smear Positive
France,2004,sp,m,25-34,222,Smear Positive
France,2004,sp,m,35-44,220,Smear Positive
France,2004,sp,m,45-54,200,Smear Positive
France,2004,sp,m,55-64,138,Smear Positive
France,2004,sp,m,65+,216,Smear Positive
France,2004,sp,f,0-14,11,Smear Positive
France,2004,sp,f,15-24,96,Smear Positive
France,2004,sp,f,25-34,116,Smear Positive
France,2004,sp,f,35-44,82,Smear Positive
France,2004,sp,f,45-54,53,Smear Positive
France,2004,sp,f,55-64,34,Smear Positive
France,2004,sp,f,65+,171,Smear Positive
France,2005,sp,m,0-14,12,Smear Positive
France,2005,sp,m,15-24,127,Smear Positive
France,2005,sp,m,25-34,212,Smear Positive
France,2005,sp,m,35-44,222,Smear Positive
France,2005,sp,m,45-54,196,Smear Positive
France,2005,sp,m,55-64,134,Smear Positive
France,2005,sp,m,65+,205,Smear Positive
France,2005,sp,f,0-14,16,Smear Positive
France,2005,sp,f,15-24,104,Smear Positive
France,2005,sp,f,25-34,134,Smear Positive
France,2005,sp,f,35-44,82,Smear Positive
France,2005,sp,f,45-54,56,Smear Positive
France,2005,sp,f,55-64,38,Smear Positive
France,2005,sp,f,65+,180,Smear Positive
France,2006,sp,m,0-14,17,Smear Positive
France,2006,sp,m,15-24,137,Smear Positive
France,2006,sp,m,25-34,214,Smear Positive
France,2006,sp,m,35-44,238,Smear Positive
France,2006,sp,m,45-54,209,Smear Positive
France,2006,sp,m,55-64,153,Smear Positive
France,2006,sp,m,65+,278,Smear Positive
France,2006,sp,f,0-14,15,Smear Positive
France,2006,sp,f,15-24,112,Smear Positive
France,2006,sp,f,25-34,158,Smear Positive
France,2006,sp,f,35-44,91,Smear Positive
France,2006,sp,f,45-54,67,Smear Positive
France,2006,sp,f,55-64,44,Smear Positive
France,2006,sp,f,65+,170,Smear Positive
France,2006,sn,m,0-14,59,Smear Negative
France,2006,sn,m,15-24,92,Smear Negative
France,2006,sn,m,25-34,171,Smear Negative
France,2006,sn,m,35-44,151,Smear Negative
France,2006,sn,m,45-54,131,Smear Negative
France,2006,sn,m,55-64,108,Smear Negative
France,2006,sn,m,65+,198,Smear Negative
France,2006,sn,f,0-14,52,Smear Negative
France,2006,sn,f,15-24,90,Smear Negative
France,2006,sn,f,25-34,128,Smear Negative
France,2006,sn,f,35-44,92,Smear Negative
France,2006,sn,f,45-54,81,Smear Negative
France,2006,sn,f,55-64,57,Smear Negative
France,2006,sn,f,65+,205,Smear Negative
France,2006,ep,m,0-14,39,Extrapulmonary
France,2006,ep,m,15-24,92,Extrapulmonary
France,2006,ep,m,25-34,140,Extrapulmonary
France,2006,ep,m,35-44,103,Extrapulmonary
France,2006,ep,m,45-54,84,Extrapulmonary
France,2006,ep,m,55-64,64,Extrapulmonary
France,2006,ep,m,65+,133,Extrapulmonary
France,2006,ep,f,0-14,46,Extrapulmonary
France,2006,ep,f,15-24,62,Extrapulmonary
France,2006,ep,f,25-34,97,Extrapulmonary
France,2006,ep,f,35-44,102,Extrapulmonary
France,2006,ep,f,45-54,88,Extrapulmonary
France,2006,ep,f,55-64,69,Extrapulmonary
France,2006,ep,f,65+,152,Extrapulmonary
France,2007,sp,m,0-14,17,Smear Positive
France,2007,sp,m,15-24,120,Smear Positive
France,2007,sp,m,25-34,225,Smear Positive
France,2007,sp,m,35-44,196,Smear Positive
France,2007,sp,m,45-54,219,Smear Positive
France,2007,sp,m,55-64,156,Smear Positive
France,2007,sp,m,65+,273,Smear Positive
France,2007,sp,f,0-14,20,Smear Positive
France,2007,sp,f,15-24,127,Smear Positive
France,2007,sp,f,25-34,167,Smear Positive
France,2007,sp,f,35-44,91,Smear Positive
France,2007,sp,f,45-54,56,Smear Positive
France,2007,sp,f,55-64,61,Smear Positive
France,2007,sp,f,65+,188,Smear Positive
France,2007,sn,m,0-14,66,Smear Negative
France,2007,sn,m,15-24,123,Smear Negative
France,2007,sn,m,25-34,207,Smear Negative
France,2007,sn,m,35-44,186,Smear Negative
France,2007,sn,m,45-54,159,Smear Negative
France,2007,sn,m,55-64,127,Smear Negative
France,2007,sn,m,65+,225,Smear Negative
France,2007,sn,f,0-14,67,Smear Negative
France,2007,sn,f,15-24,97,Smear Negative
France,2007,sn,f,25-34,150,Smear Negative
France,2007,sn,f,35-44,100,Smear Negative
France,2007,sn,f,45-54,76,Smear Negative
France,2007,sn,f,55-64,61,Smear Negative
France,2007,sn,f,65+,206,Smear Negative
France,2007,ep,m,0-14,92,Extrapulmonary
France,2007,ep,m,15-24,142,Extrapulmonary
France,2007,ep,m,25-34,332,Extrapulmonary
France,2007,ep,m,35-44,216,Extrapulmonary
France,2007,ep,m,45-54,164,Extrapulmonary
France,2007,ep,m,55-64,138,Extrapulmonary
France,2007,ep,m,65+,264,Extrapulmonary
France,2007,ep,f,0-14,90,Extrapulmonary
France,2007,ep,f,15-24,122,Extrapulmonary
France,2007,ep,f,25-34,224,Extrapulmonary
France,2007,ep,f,35-44,178,Extrapulmonary
France,2007,ep,f,45-54,166,Extrapulmonary
France,2007,ep,f,55-64,138,Extrapulmonary
France,2007,ep,f,65+,294,Extrapulmonary
France,2008,sp,m,0-14,10,Smear Positive
France,2008,sp,m,15-24,73,Smear Positive
France,2008,sp,m,25-34,136,Smear Positive
France,2008,sp,m,35-44,161,Smear Positive
France,2008,sp,m,45-54,134,Smear Positive
France,2008,sp,m,55-64,110,Smear Positive
France,2008,sp,m,65+,175,Smear Positive
France,2008,sp,f,0-14,8,Smear Positive
France,2008,sp,f,15-24,57,Smear Positive
France,2008,sp,f,25-34,96,Smear Positive
France,2008,sp,f,35-44,71,Smear Positive
France,2008,sp,f,45-54,50,Smear Positive
France,2008,sp,f,55-64,38,Smear Positive
France,2008,sp,f,65+,101,Smear Positive
France,2008,sn,m,0-14,28,Smear Negative
France,2008,sn,m,15-24,58,Smear Negative
France,2008,sn,m,25-34,123,Smear Negative
France,2008,sn,m,35-44,101,Smear Negative
France,2008,sn,m,45-54,93,Smear Negative
France,2008,sn,m,55-64,88,Smear Negative
France,2008,sn,m,65+,143,Smear Negative
France,2008,sn,f,0-14,39,Smear Negative
France,2008,sn,f,15-24,64,Smear Negative
France,2008,sn,f,25-34,89,Smear Negative
France,2008,sn,f,35-44,65,Smear Negative
France,2008,sn,f,45-54,50,Smear Negative
France,2008,sn,f,55-64,54,Smear Negative
France,2008,sn,f,65+,113,Smear Negative
France,2008,ep,m,0-14,34,Extrapulmonary
France,2008,ep,m,15-24,50,Extrapulmonary
France,2008,ep,m,25-34,116,Extrapulmonary
France,2008,ep,m,35-44,84,Extrapulmonary
France,2008,ep,m,45-54,63,Extrapulmonary
France,2008,ep,m,55-64,47,Extrapulmonary
France,2008,ep,m,65+,89,Extrapulmonary
France,2008,ep,f,0-14,34,Extrapulmonary
France,2008,ep,f,15-24,48,Extrapulmonary
France,2008,ep,f,25-34,75,Extrapulmonary
France,2008,ep,f,35-44,73,Extrapulmonary
France,2008,ep,f,45-54,67,Extrapulmonary
France,2008,ep,f,55-64,40,Extrapulmonary
France,2008,ep,f,65+,133,Extrapulmonary
France,2009,sp,m,0-14,11,Smear Positive
France,2009,sp,m,15-24,74,Smear Positive
France,2009,sp,m,25-34,109,Smear Positive
France,2009,sp,m,35-44,114,Smear Positive
France,2009,sp,m,45-54,97,Smear Positive
France,2009,sp,m,55-64,81,Smear Positive
France,2009,sp,m,65+,125,Smear Positive
France,2009,sp,f,0-14,9,Smear Positive
France,2009,sp,f,15-24,63,Smear Positive
France,2009,sp,f,25-34,87,Smear Positive
France,2009,sp,f,35-44,69,Smear Positive
France,2009,sp,f,45-54,35,Smear Positive
France,2009,sp,f,55-64,23,Smear Positive
France,2009,sp,f,65+,108,Smear Positive
France,2009,sn,m,0-14,39,Smear Negative
France,2009,sn,m,15-24,66,Smear Negative
France,2009,sn,m,25-34,115,Smear Negative
France,2009,sn,m,35-44,100,Smear Negative
France,2009,sn,m,45-54,72,Smear Negative
France,2009,sn,m,55-64,67,Smear Negative
France,2009,sn,m,65+,155,Smear Negative
France,2009,sn,f,0-14,35,Smear Negative
France,2009,sn,f,15-24,61,Smear Negative
France,2009,sn,f,25-34,76,Smear Negative
France,2009,sn,f,35-44,64,Smear Negative
France,2009,sn,f,45-54,46,Smear Negative
France,2009,sn,f,55-64,27,Smear Negative
France,2009,sn,f,65+,104,Smear Negative
France,2009,ep,m,0-14,27,Extrapulmonary
France,2009,ep,m,15-24,49,Extrapulmonary
France,2009,ep,m,25-34,84,Extrapulmonary
France,2009,ep,m,35-44,83,Extrapulmonary
France,2009,ep,m,45-54,51,Extrapulmonary
France,2009,ep,m,55-64,45,Extrapulmonary
France,2009,ep,m,65+,98,Extrapulmonary
France,2009,ep,f,0-14,21,Extrapulmonary
France,2009,ep,f,15-24,40,Extrapulmonary
France,2009,ep,f,25-34,66,Extrapulmonary
France,2009,ep,f,35-44,67,Extrapulmonary
France,2009,ep,f,45-54,42,Extrapulmonary
France,2009,ep,f,55-64,46,Extrapulmonary
France,2009,ep,f,65+,96,Extrapulmonary
France,2010,sp,m,0-14,10,Smear Positive
France,2010,sp,m,15-24,60,Smear Positive
France,2010,sp,m,25-34,139,Smear Positive
France,2010,sp,m,35-44,114,Smear Positive
France,2010,sp,m,45-54,99,Smear Positive
France,2010,sp,m,55-64,76,Smear Positive
France,2010,sp,m,65+,110,Smear Positive
France,2010,sp,f,0-14,10,Smear Positive
France,2010,sp,f,15-24,47,Smear Positive
France,2010,sp,f,25-34,76,Smear Positive
France,2010,sp,f,35-44,49,Smear Positive
France,2010,sp,f,45-54,45,Smear Positive
France,2010,sp,f,55-64,25,Smear Positive
France,2010,sp,f,65+,97,Smear Positive
France,2010,sn,m,0-14,35,Smear Negative
France,2010,sn,m,15-24,64,Smear Negative
France,2010,sn,m,25-34,111,Smear Negative
France,2010,sn,m,35-44,95,Smear Negative
France,2010,sn,m,45-54,73,Smear Negative
France,2010,sn,m,55-64,73,Smear Negative
France,2010,sn,m,65+,132,Smear Negative
France,2010,sn,f,0-14,35,Smear Negative
France,2010,sn,f,15-24,58,Smear Negative
France,2010,sn,f,25-34,84,Smear Negative
France,2010,sn,f,35-44,49,Smear Negative
France,2010,sn,f,45-54,52,Smear Negative
France,2010,sn,f,55-64,39,Smear Negative
France,2010,sn,f,65+,109,Smear Negative
France,2010,ep,m,0-14,36,Extrapulmonary
France,2010,ep,m,15-24,47,Extrapulmonary
France,2010,ep,m,25-34,92,Extrapulmonary
France,2010,ep,m,35-44,81,Extrapulmonary
France,2010,ep,m,45-54,46,Extrapulmonary
France,2010,ep,m,55-64,45,Extrapulmonary
France,2010,ep,m,65+,81,Extrapulmonary
France,2010,ep,f,0-14,21,Extrapulmonary
France,2010,ep,f,15-24,29,Extrapulmonary
France,2010,ep,f,25-34,50,Extrapulmonary
France,2010,ep,f,35-44,51,Extrapulmonary
France,2010,ep,f,45-54,44,Extrapulmonary
France,2010,ep,f,55-64,43,Extrapulmonary
France,2010,ep,f,65+,98,Extrapulmonary
France,2011,sp,m,0-14,12,Smear Positive
France,2011,sp,m,15-24,89,Smear Positive
France,2011,sp,m,25-34,113,Smear Positive
France,2011,sp,m,35-44,116,Smear Positive
France,2011,sp,m,45-54,95,Smear Positive
France,2011,sp,m,55-64,73,Smear Positive
France,2011,sp,m,65+,102,Smear Positive
France,2011,sp,f,0-14,7,Smear Positive
France,2011,sp,f,15-24,58,Smear Positive
France,2011,sp,f,25-34,69,Smear Positive
France,2011,sp,f,35-44,50,Smear Positive
France,2011,sp,f,45-54,36,Smear Positive
France,2011,sp,f,55-64,24,Smear Positive
France,2011,sp,f,65+,66,Smear Positive
France,2011,sn,m,0-14,32,Smear Negative
France,2011,sn,m,15-24,67,Smear Negative
France,2011,sn,m,25-34,125,Smear Negative
France,2011,sn,m,35-44,88,Smear Negative
France,2011,sn,m,45-54,76,Smear Negative
France,2011,sn,m,55-64,65,Smear Negative
France,2011,sn,m,65+,144,Smear Negative
France,2011,sn,f,0-14,38,Smear Negative
France,2011,sn,f,15-24,50,Smear Negative
France,2011,sn,f,25-34,93,Smear Negative
France,2011,sn,f,35-44,66,Smear Negative
France,2011,sn,f,45-54,60,Smear Negative
France,2011,sn,f,55-64,44,Smear Negative
France,2011,sn,f,65+,87,Smear Negative
France,2011,ep,m,0-14,31,Extrapulmonary
France,2011,ep,m,15-24,32,Extrapulmonary
France,2011,ep,m,25-34,87,Extrapulmonary
France,2011,ep,m,35-44,74,Extrapulmonary
France,2011,ep,m,45-54,44,Extrapulmonary
France,2011,ep,m,55-64,39,Extrapulmonary
France,2011,ep,m,65+,96,Extrapulmonary
France,2011,ep,f,0-14,29,Extrapulmonary
France,2011,ep,f,15-24,26,Extrapulmonary
France,2011,ep,f,25-34,64,Extrapulmonary
France,2011,ep,f,35-44,43,Extrapulmonary
France,2011,ep,f,45-54,41,Extrapulmonary
France,2011,ep,f,55-64,28,Extrapulmonary
France,2011,ep,f,65+,73,Extrapulmonary
France,2012,sp,m,0-14,8,Smear Positive
France,2012,sp,m,15-24,63,Smear Positive
France,2012,sp,m,25-34,114,Smear Positive
France,2012,sp,m,35-44,98,Smear Positive
France,2012,sp,m,45-54,90,Smear Positive
France,2012,sp,m,55-64,56,Smear Positive
France,2012,sp,m,65+,90,Smear Positive
France,2012,sp,f,0-14,14,Smear Positive
France,2012,sp,f,15-24,43,Smear Positive
France,2012,sp,f,25-34,81,Smear Positive
France,2012,sp,f,35-44,74,Smear Positive
France,2012,sp,f,45-54,23,Smear Positive
France,2012,sp,f,55-64,24,Smear Positive
France,2012,sp,f,65+,80,Smear Positive
France,2012,sn,m,0-14,39,Smear Negative
France,2012,sn,m,15-24,68,Smear Negative
France,2012,sn,m,25-34,131,Smear Negative
France,2012,sn,m,35-44,82,Smear Negative
France,2012,sn,m,45-54,91,Smear Negative
France,2012,sn,m,55-64,72,Smear Negative
France,2012,sn,m,65+,121,Smear Negative
France,2012,sn,f,0-14,46,Smear Negative
France,2012,sn,f,15-24,59,Smear Negative
France,2012,sn,f,25-34,78,Smear Negative
France,2012,sn,f,35-44,56,Smear Negative
France,2012,sn,f,45-54,49,Smear Negative
France,2012,sn,f,55-64,39,Smear Negative
France,2012,sn,f,65+,96,Smear Negative
France,2012,ep,m,0-14,30,Extrapulmonary
France,2012,ep,m,15-24,39,Extrapulmonary
France,2012,ep,m,25-34,96,Extrapulmonary
France,2012,ep,m,35-44,58,Extrapulmonary
France,2012,ep,m,45-54,43,Extrapulmonary
France,2012,ep,m,55-64,44,Extrapulmonary
France,2012,ep,m,65+,72,Extrapulmonary
France,2012,ep,f,0-14,22,Extrapulmonary
France,2012,ep,f,15-24,36,Extrapulmonary
France,2012,ep,f,25-34,76,Extrapulmonary
France,2012,ep,f,35-44,42,Extrapulmonary
France,2012,ep,f,45-54,46,Extrapulmonary
France,2012,ep,f,55-64,38,Extrapulmonary
France,2012,ep,f,65+,73,Extrapulmonary
France,2013,rel,m,0-14,139,Relapse
France,2013,rel,m,15-24,340,Relapse
France,2013,rel,m,25-34,642,Relapse
France,2013,rel,m,35-44,469,Relapse
France,2013,rel,m,45-54,389,Relapse
France,2013,rel,m,55-64,314,Relapse
France,2013,rel,m,65+,587,Relapse
France,2013,rel,f,0-14,116,Relapse
France,2013,rel,f,15-24,254,Relapse
France,2013,rel,f,25-34,374,Relapse
France,2013,rel,f,35-44,262,Relapse
France,2013,rel,f,45-54,199,Relapse
France,2013,rel,f,55-64,188,Relapse
France,2013,rel,f,65+,407,Relapse
French Polynesia,1996,sp,m,0-14,1,Smear Positive
French Polynesia,1996,sp,m,15-24,4,Smear Positive
French Polynesia,1996,sp,m,25-34,7,Smear Positive
French Polynesia,1996,sp,m,35-44,5,Smear Positive
French Polynesia,1996,sp,m,45-54,2,Smear Positive
French Polynesia,1996,sp,m,55-64,1,Smear Positive
French Polynesia,1996,sp,m,65+,3,Smear Positive
French Polynesia,1996,sp,f,0-14,0,Smear Positive
French Polynesia,1996,sp,f,15-24,5,Smear Positive
French Polynesia,1996,sp,f,25-34,4,Smear Positive
French Polynesia,1996,sp,f,35-44,2,Smear Positive
French Polynesia,1996,sp,f,45-54,0,Smear Positive
French Polynesia,1996,sp,f,55-64,2,Smear Positive
French Polynesia,1996,sp,f,65+,1,Smear Positive
French Polynesia,1997,sp,m,0-14,1,Smear Positive
French Polynesia,1997,sp,m,15-24,4,Smear Positive
French Polynesia,1997,sp,m,25-34,2,Smear Positive
French Polynesia,1997,sp,m,35-44,4,Smear Positive
French Polynesia,1997,sp,m,45-54,3,Smear Positive
French Polynesia,1997,sp,m,55-64,5,Smear Positive
French Polynesia,1997,sp,m,65+,3,Smear Positive
French Polynesia,1997,sp,f,0-14,1,Smear Positive
French Polynesia,1997,sp,f,15-24,5,Smear Positive
French Polynesia,1997,sp,f,25-34,3,Smear Positive
French Polynesia,1997,sp,f,35-44,2,Smear Positive
French Polynesia,1997,sp,f,45-54,3,Smear Positive
French Polynesia,1997,sp,f,55-64,2,Smear Positive
French Polynesia,1997,sp,f,65+,3,Smear Positive
French Polynesia,1998,sp,m,0-14,0,Smear Positive
French Polynesia,1998,sp,m,15-24,4,Smear Positive
French Polynesia,1998,sp,m,25-34,4,Smear Positive
French Polynesia,1998,sp,m,35-44,3,Smear Positive
French Polynesia,1998,sp,m,45-54,1,Smear Positive
French Polynesia,1998,sp,m,55-64,5,Smear Positive
French Polynesia,1998,sp,m,65+,4,Smear Positive
French Polynesia,1998,sp,f,0-14,3,Smear Positive
French Polynesia,1998,sp,f,15-24,1,Smear Positive
French Polynesia,1998,sp,f,25-34,2,Smear Positive
French Polynesia,1998,sp,f,35-44,5,Smear Positive
French Polynesia,1998,sp,f,45-54,1,Smear Positive
French Polynesia,1998,sp,f,55-64,0,Smear Positive
French Polynesia,1998,sp,f,65+,1,Smear Positive
French Polynesia,1999,sp,m,0-14,0,Smear Positive
French Polynesia,1999,sp,m,15-24,2,Smear Positive
French Polynesia,1999,sp,m,25-34,2,Smear Positive
French Polynesia,1999,sp,m,35-44,2,Smear Positive
French Polynesia,1999,sp,m,45-54,1,Smear Positive
French Polynesia,1999,sp,m,55-64,2,Smear Positive
French Polynesia,1999,sp,m,65+,4,Smear Positive
French Polynesia,1999,sp,f,0-14,4,Smear Positive
French Polynesia,1999,sp,f,15-24,2,Smear Positive
French Polynesia,1999,sp,f,25-34,2,Smear Positive
French Polynesia,1999,sp,f,35-44,4,Smear Positive
French Polynesia,1999,sp,f,45-54,2,Smear Positive
French Polynesia,1999,sp,f,55-64,3,Smear Positive
French Polynesia,1999,sp,f,65+,3,Smear Positive
French Polynesia,2000,sp,m,0-14,1,Smear Positive
French Polynesia,2000,sp,m,15-24,3,Smear Positive
French Polynesia,2000,sp,m,25-34,3,Smear Positive
French Polynesia,2000,sp,m,35-44,4,Smear Positive
French Polynesia,2000,sp,m,45-54,4,Smear Positive
French Polynesia,2000,sp,m,55-64,4,Smear Positive
French Polynesia,2000,sp,m,65+,3,Smear Positive
French Polynesia,2000,sp,f,0-14,1,Smear Positive
French Polynesia,2000,sp,f,15-24,4,Smear Positive
French Polynesia,2000,sp,f,25-34,1,Smear Positive
French Polynesia,2000,sp,f,35-44,0,Smear Positive
French Polynesia,2000,sp,f,45-54,1,Smear Positive
French Polynesia,2000,sp,f,55-64,0,Smear Positive
French Polynesia,2000,sp,f,65+,0,Smear Positive
French Polynesia,2001,sp,m,0-14,2,Smear Positive
French Polynesia,2001,sp,m,15-24,5,Smear Positive
French Polynesia,2001,sp,m,25-34,1,Smear Positive
French Polynesia,2001,sp,m,35-44,2,Smear Positive
French Polynesia,2001,sp,m,45-54,4,Smear Positive
French Polynesia,2001,sp,m,55-64,4,Smear Positive
French Polynesia,2001,sp,m,65+,5,Smear Positive
French Polynesia,2001,sp,f,0-14,3,Smear Positive
French Polynesia,2001,sp,f,15-24,7,Smear Positive
French Polynesia,2001,sp,f,25-34,1,Smear Positive
French Polynesia,2001,sp,f,35-44,1,Smear Positive
French Polynesia,2001,sp,f,45-54,3,Smear Positive
French Polynesia,2001,sp,f,55-64,4,Smear Positive
French Polynesia,2001,sp,f,65+,3,Smear Positive
French Polynesia,2002,sp,m,0-14,0,Smear Positive
French Polynesia,2002,sp,m,15-24,4,Smear Positive
French Polynesia,2002,sp,m,25-34,2,Smear Positive
French Polynesia,2002,sp,m,35-44,1,Smear Positive
French Polynesia,2002,sp,m,45-54,3,Smear Positive
French Polynesia,2002,sp,m,55-64,3,Smear Positive
French Polynesia,2002,sp,m,65+,1,Smear Positive
French Polynesia,2002,sp,f,0-14,0,Smear Positive
French Polynesia,2002,sp,f,15-24,4,Smear Positive
French Polynesia,2002,sp,f,25-34,2,Smear Positive
French Polynesia,2002,sp,f,35-44,1,Smear Positive
French Polynesia,2002,sp,f,45-54,2,Smear Positive
French Polynesia,2002,sp,f,55-64,2,Smear Positive
French Polynesia,2002,sp,f,65+,2,Smear Positive
French Polynesia,2003,sp,m,15-24,2,Smear Positive
French Polynesia,2003,sp,m,25-34,2,Smear Positive
French Polynesia,2003,sp,m,35-44,1,Smear Positive
French Polynesia,2003,sp,m,45-54,2,Smear Positive
French Polynesia,2003,sp,m,55-64,4,Smear Positive
French Polynesia,2003,sp,m,65+,3,Smear Positive
French Polynesia,2003,sp,f,15-24,3,Smear Positive
French Polynesia,2003,sp,f,25-34,1,Smear Positive
French Polynesia,2003,sp,f,35-44,1,Smear Positive
French Polynesia,2003,sp,f,45-54,1,Smear Positive
French Polynesia,2003,sp,f,55-64,0,Smear Positive
French Polynesia,2003,sp,f,65+,1,Smear Positive
French Polynesia,2004,sp,m,0-14,1,Smear Positive
French Polynesia,2004,sp,m,15-24,1,Smear Positive
French Polynesia,2004,sp,m,25-34,2,Smear Positive
French Polynesia,2004,sp,m,35-44,3,Smear Positive
French Polynesia,2004,sp,m,45-54,0,Smear Positive
French Polynesia,2004,sp,m,55-64,1,Smear Positive
French Polynesia,2004,sp,m,65+,4,Smear Positive
French Polynesia,2004,sp,f,15-24,4,Smear Positive
French Polynesia,2004,sp,f,25-34,6,Smear Positive
French Polynesia,2004,sp,f,35-44,1,Smear Positive
French Polynesia,2004,sp,f,45-54,4,Smear Positive
French Polynesia,2004,sp,f,55-64,2,Smear Positive
French Polynesia,2004,sp,f,65+,1,Smear Positive
French Polynesia,2005,sp,m,0-14,0,Smear Positive
French Polynesia,2005,sp,m,15-24,2,Smear Positive
French Polynesia,2005,sp,m,25-34,2,Smear Positive
French Polynesia,2005,sp,m,35-44,2,Smear Positive
French Polynesia,2005,sp,m,45-54,0,Smear Positive
French Polynesia,2005,sp,m,55-64,4,Smear Positive
French Polynesia,2005,sp,m,65+,2,Smear Positive
French Polynesia,2005,sp,f,0-14,0,Smear Positive
French Polynesia,2005,sp,f,15-24,2,Smear Positive
French Polynesia,2005,sp,f,25-34,3,Smear Positive
French Polynesia,2005,sp,f,35-44,0,Smear Positive
French Polynesia,2005,sp,f,45-54,1,Smear Positive
French Polynesia,2005,sp,f,55-64,1,Smear Positive
French Polynesia,2005,sp,f,65+,3,Smear Positive
French Polynesia,2006,sp,m,0-14,1,Smear Positive
French Polynesia,2006,sp,m,15-24,1,Smear Positive
French Polynesia,2006,sp,m,25-34,1,Smear Positive
French Polynesia,2006,sp,m,35-44,3,Smear Positive
French Polynesia,2006,sp,m,45-54,3,Smear Positive
French Polynesia,2006,sp,m,55-64,1,Smear Positive
French Polynesia,2006,sp,m,65+,1,Smear Positive
French Polynesia,2006,sp,f,0-14,1,Smear Positive
French Polynesia,2006,sp,f,15-24,6,Smear Positive
French Polynesia,2006,sp,f,25-34,1,Smear Positive
French Polynesia,2006,sp,f,35-44,0,Smear Positive
French Polynesia,2006,sp,f,45-54,0,Smear Positive
French Polynesia,2006,sp,f,55-64,2,Smear Positive
French Polynesia,2006,sp,f,65+,3,Smear Positive
French Polynesia,2006,sn,m,0-14,0,Smear Negative
French Polynesia,2006,sn,m,15-24,2,Smear Negative
French Polynesia,2006,sn,m,25-34,2,Smear Negative
French Polynesia,2006,sn,m,35-44,1,Smear Negative
French Polynesia,2006,sn,m,45-54,1,Smear Negative
French Polynesia,2006,sn,m,55-64,5,Smear Negative
French Polynesia,2006,sn,m,65+,4,Smear Negative
French Polynesia,2006,sn,f,0-14,0,Smear Negative
French Polynesia,2006,sn,f,15-24,0,Smear Negative
French Polynesia,2006,sn,f,25-34,1,Smear Negative
French Polynesia,2006,sn,f,35-44,4,Smear Negative
French Polynesia,2006,sn,f,45-54,2,Smear Negative
French Polynesia,2006,sn,f,55-64,3,Smear Negative
French Polynesia,2006,sn,f,65+,3,Smear Negative
French Polynesia,2006,ep,m,0-14,1,Extrapulmonary
French Polynesia,2006,ep,m,15-24,2,Extrapulmonary
French Polynesia,2006,ep,m,25-34,1,Extrapulmonary
French Polynesia,2006,ep,m,35-44,1,Extrapulmonary
French Polynesia,2006,ep,m,45-54,2,Extrapulmonary
French Polynesia,2006,ep,m,55-64,1,Extrapulmonary
French Polynesia,2006,ep,m,65+,2,Extrapulmonary
French Polynesia,2006,ep,f,0-14,0,Extrapulmonary
French Polynesia,2006,ep,f,15-24,0,Extrapulmonary
French Polynesia,2006,ep,f,25-34,2,Extrapulmonary
French Polynesia,2006,ep,f,35-44,1,Extrapulmonary
French Polynesia,2006,ep,f,45-54,0,Extrapulmonary
French Polynesia,2006,ep,f,55-64,1,Extrapulmonary
French Polynesia,2006,ep,f,65+,1,Extrapulmonary
French Polynesia,2007,sp,m,25-34,2,Smear Positive
French Polynesia,2007,sp,m,35-44,2,Smear Positive
French Polynesia,2007,sp,m,45-54,2,Smear Positive
French Polynesia,2007,sp,f,0-14,1,Smear Positive
French Polynesia,2007,sp,f,15-24,1,Smear Positive
French Polynesia,2007,sp,f,25-34,1,Smear Positive
French Polynesia,2007,sp,f,35-44,5,Smear Positive
French Polynesia,2007,sp,f,45-54,0,Smear Positive
French Polynesia,2007,sp,f,55-64,3,Smear Positive
French Polynesia,2007,sp,f,65+,2,Smear Positive
French Polynesia,2007,sn,m,0-14,2,Smear Negative
French Polynesia,2007,sn,m,15-24,1,Smear Negative
French Polynesia,2007,sn,m,25-34,2,Smear Negative
French Polynesia,2007,sn,m,35-44,2,Smear Negative
French Polynesia,2007,sn,m,45-54,0,Smear Negative
French Polynesia,2007,sn,m,55-64,5,Smear Negative
French Polynesia,2007,sn,m,65+,4,Smear Negative
French Polynesia,2007,sn,f,0-14,1,Smear Negative
French Polynesia,2007,sn,f,15-24,1,Smear Negative
French Polynesia,2007,sn,f,25-34,4,Smear Negative
French Polynesia,2007,sn,f,35-44,2,Smear Negative
French Polynesia,2007,sn,f,45-54,4,Smear Negative
French Polynesia,2007,sn,f,55-64,2,Smear Negative
French Polynesia,2007,sn,f,65+,2,Smear Negative
French Polynesia,2007,ep,m,15-24,2,Extrapulmonary
French Polynesia,2007,ep,m,25-34,1,Extrapulmonary
French Polynesia,2007,ep,m,65+,2,Extrapulmonary
French Polynesia,2007,ep,f,15-24,1,Extrapulmonary
French Polynesia,2007,ep,f,25-34,1,Extrapulmonary
French Polynesia,2007,ep,f,35-44,1,Extrapulmonary
French Polynesia,2007,ep,f,45-54,2,Extrapulmonary
French Polynesia,2007,ep,f,55-64,1,Extrapulmonary
French Polynesia,2008,sp,m,0-14,1,Smear Positive
French Polynesia,2008,sp,m,15-24,3,Smear Positive
French Polynesia,2008,sp,m,25-34,1,Smear Positive
French Polynesia,2008,sp,m,35-44,1,Smear Positive
French Polynesia,2008,sp,m,45-54,1,Smear Positive
French Polynesia,2008,sp,m,55-64,2,Smear Positive
French Polynesia,2008,sp,m,65+,2,Smear Positive
French Polynesia,2008,sp,f,0-14,0,Smear Positive
French Polynesia,2008,sp,f,15-24,1,Smear Positive
French Polynesia,2008,sp,f,25-34,1,Smear Positive
French Polynesia,2008,sp,f,35-44,1,Smear Positive
French Polynesia,2008,sp,f,45-54,0,Smear Positive
French Polynesia,2008,sp,f,55-64,1,Smear Positive
French Polynesia,2008,sp,f,65+,2,Smear Positive
French Polynesia,2008,sn,m,0-14,0,Smear Negative
French Polynesia,2008,sn,m,15-24,2,Smear Negative
French Polynesia,2008,sn,m,25-34,1,Smear Negative
French Polynesia,2008,sn,m,35-44,0,Smear Negative
French Polynesia,2008,sn,m,45-54,1,Smear Negative
French Polynesia,2008,sn,m,55-64,1,Smear Negative
French Polynesia,2008,sn,m,65+,2,Smear Negative
French Polynesia,2008,sn,f,0-14,2,Smear Negative
French Polynesia,2008,sn,f,15-24,2,Smear Negative
French Polynesia,2008,sn,f,25-34,3,Smear Negative
French Polynesia,2008,sn,f,35-44,0,Smear Negative
French Polynesia,2008,sn,f,45-54,1,Smear Negative
French Polynesia,2008,sn,f,55-64,1,Smear Negative
French Polynesia,2008,sn,f,65+,2,Smear Negative
French Polynesia,2008,ep,m,0-14,0,Extrapulmonary
French Polynesia,2008,ep,m,15-24,0,Extrapulmonary
French Polynesia,2008,ep,m,25-34,2,Extrapulmonary
French Polynesia,2008,ep,m,35-44,2,Extrapulmonary
French Polynesia,2008,ep,m,45-54,0,Extrapulmonary
French Polynesia,2008,ep,m,55-64,1,Extrapulmonary
French Polynesia,2008,ep,m,65+,2,Extrapulmonary
French Polynesia,2008,ep,f,0-14,0,Extrapulmonary
French Polynesia,2008,ep,f,15-24,1,Extrapulmonary
French Polynesia,2008,ep,f,25-34,0,Extrapulmonary
French Polynesia,2008,ep,f,35-44,0,Extrapulmonary
French Polynesia,2008,ep,f,45-54,0,Extrapulmonary
French Polynesia,2008,ep,f,55-64,0,Extrapulmonary
French Polynesia,2008,ep,f,65+,2,Extrapulmonary
French Polynesia,2009,sp,m,0-14,1,Smear Positive
French Polynesia,2009,sp,m,15-24,1,Smear Positive
French Polynesia,2009,sp,m,25-34,4,Smear Positive
French Polynesia,2009,sp,m,35-44,1,Smear Positive
French Polynesia,2009,sp,m,45-54,3,Smear Positive
French Polynesia,2009,sp,m,55-64,0,Smear Positive
French Polynesia,2009,sp,m,65+,0,Smear Positive
French Polynesia,2009,sp,f,0-14,0,Smear Positive
French Polynesia,2009,sp,f,15-24,2,Smear Positive
French Polynesia,2009,sp,f,25-34,0,Smear Positive
French Polynesia,2009,sp,f,35-44,0,Smear Positive
French Polynesia,2009,sp,f,45-54,1,Smear Positive
French Polynesia,2009,sp,f,55-64,3,Smear Positive
French Polynesia,2009,sp,f,65+,1,Smear Positive
French Polynesia,2009,sn,m,0-14,2,Smear Negative
French Polynesia,2009,sn,m,15-24,3,Smear Negative
French Polynesia,2009,sn,m,25-34,1,Smear Negative
French Polynesia,2009,sn,m,35-44,2,Smear Negative
French Polynesia,2009,sn,m,45-54,2,Smear Negative
French Polynesia,2009,sn,m,55-64,1,Smear Negative
French Polynesia,2009,sn,m,65+,1,Smear Negative
French Polynesia,2009,sn,f,0-14,1,Smear Negative
French Polynesia,2009,sn,f,15-24,2,Smear Negative
French Polynesia,2009,sn,f,25-34,0,Smear Negative
French Polynesia,2009,sn,f,35-44,1,Smear Negative
French Polynesia,2009,sn,f,45-54,0,Smear Negative
French Polynesia,2009,sn,f,55-64,1,Smear Negative
French Polynesia,2009,sn,f,65+,0,Smear Negative
French Polynesia,2009,ep,m,0-14,1,Extrapulmonary
French Polynesia,2009,ep,m,15-24,2,Extrapulmonary
French Polynesia,2009,ep,m,25-34,1,Extrapulmonary
French Polynesia,2009,ep,m,35-44,3,Extrapulmonary
French Polynesia,2009,ep,m,45-54,0,Extrapulmonary
French Polynesia,2009,ep,m,55-64,0,Extrapulmonary
French Polynesia,2009,ep,m,65+,1,Extrapulmonary
French Polynesia,2009,ep,f,0-14,0,Extrapulmonary
French Polynesia,2009,ep,f,15-24,0,Extrapulmonary
French Polynesia,2009,ep,f,25-34,2,Extrapulmonary
French Polynesia,2009,ep,f,35-44,1,Extrapulmonary
French Polynesia,2009,ep,f,45-54,2,Extrapulmonary
French Polynesia,2009,ep,f,55-64,1,Extrapulmonary
French Polynesia,2009,ep,f,65+,0,Extrapulmonary
French Polynesia,2010,sp,m,0-14,0,Smear Positive
French Polynesia,2010,sp,m,15-24,3,Smear Positive
French Polynesia,2010,sp,m,25-34,1,Smear Positive
French Polynesia,2010,sp,m,35-44,0,Smear Positive
French Polynesia,2010,sp,m,45-54,1,Smear Positive
French Polynesia,2010,sp,m,55-64,1,Smear Positive
French Polynesia,2010,sp,m,65+,1,Smear Positive
French Polynesia,2010,sp,f,0-14,0,Smear Positive
French Polynesia,2010,sp,f,15-24,1,Smear Positive
French Polynesia,2010,sp,f,25-34,1,Smear Positive
French Polynesia,2010,sp,f,35-44,0,Smear Positive
French Polynesia,2010,sp,f,45-54,3,Smear Positive
French Polynesia,2010,sp,f,55-64,0,Smear Positive
French Polynesia,2010,sp,f,65+,1,Smear Positive
French Polynesia,2010,sn,m,0-14,3,Smear Negative
French Polynesia,2010,sn,m,15-24,2,Smear Negative
French Polynesia,2010,sn,m,25-34,0,Smear Negative
French Polynesia,2010,sn,m,35-44,1,Smear Negative
French Polynesia,2010,sn,m,45-54,1,Smear Negative
French Polynesia,2010,sn,m,55-64,2,Smear Negative
French Polynesia,2010,sn,m,65+,0,Smear Negative
French Polynesia,2010,sn,f,0-14,2,Smear Negative
French Polynesia,2010,sn,f,15-24,1,Smear Negative
French Polynesia,2010,sn,f,25-34,2,Smear Negative
French Polynesia,2010,sn,f,35-44,0,Smear Negative
French Polynesia,2010,sn,f,45-54,1,Smear Negative
French Polynesia,2010,sn,f,55-64,2,Smear Negative
French Polynesia,2010,sn,f,65+,1,Smear Negative
French Polynesia,2010,ep,m,0-14,0,Extrapulmonary
French Polynesia,2010,ep,m,15-24,0,Extrapulmonary
French Polynesia,2010,ep,m,25-34,0,Extrapulmonary
French Polynesia,2010,ep,m,35-44,2,Extrapulmonary
French Polynesia,2010,ep,m,45-54,0,Extrapulmonary
French Polynesia,2010,ep,m,55-64,0,Extrapulmonary
French Polynesia,2010,ep,m,65+,0,Extrapulmonary
French Polynesia,2010,ep,f,0-14,0,Extrapulmonary
French Polynesia,2010,ep,f,15-24,0,Extrapulmonary
French Polynesia,2010,ep,f,25-34,1,Extrapulmonary
French Polynesia,2010,ep,f,35-44,1,Extrapulmonary
French Polynesia,2010,ep,f,45-54,2,Extrapulmonary
French Polynesia,2010,ep,f,55-64,0,Extrapulmonary
French Polynesia,2010,ep,f,65+,0,Extrapulmonary
French Polynesia,2011,sp,m,0-14,0,Smear Positive
French Polynesia,2011,sp,m,15-24,3,Smear Positive
French Polynesia,2011,sp,m,25-34,1,Smear Positive
French Polynesia,2011,sp,m,35-44,1,Smear Positive
French Polynesia,2011,sp,m,45-54,5,Smear Positive
French Polynesia,2011,sp,m,55-64,1,Smear Positive
French Polynesia,2011,sp,m,65+,3,Smear Positive
French Polynesia,2011,sp,f,0-14,0,Smear Positive
French Polynesia,2011,sp,f,15-24,3,Smear Positive
French Polynesia,2011,sp,f,25-34,3,Smear Positive
French Polynesia,2011,sp,f,35-44,0,Smear Positive
French Polynesia,2011,sp,f,45-54,1,Smear Positive
French Polynesia,2011,sp,f,55-64,0,Smear Positive
French Polynesia,2011,sp,f,65+,1,Smear Positive
French Polynesia,2011,sn,m,0-14,2,Smear Negative
French Polynesia,2011,sn,m,15-24,2,Smear Negative
French Polynesia,2011,sn,m,25-34,0,Smear Negative
French Polynesia,2011,sn,m,35-44,2,Smear Negative
French Polynesia,2011,sn,m,45-54,3,Smear Negative
French Polynesia,2011,sn,m,55-64,1,Smear Negative
French Polynesia,2011,sn,m,65+,6,Smear Negative
French Polynesia,2011,sn,f,0-14,0,Smear Negative
French Polynesia,2011,sn,f,15-24,5,Smear Negative
French Polynesia,2011,sn,f,25-34,1,Smear Negative
French Polynesia,2011,sn,f,35-44,1,Smear Negative
French Polynesia,2011,sn,f,45-54,2,Smear Negative
French Polynesia,2011,sn,f,55-64,1,Smear Negative
French Polynesia,2011,sn,f,65+,1,Smear Negative
French Polynesia,2011,ep,m,0-14,2,Extrapulmonary
French Polynesia,2011,ep,m,15-24,0,Extrapulmonary
French Polynesia,2011,ep,m,25-34,0,Extrapulmonary
French Polynesia,2011,ep,m,35-44,1,Extrapulmonary
French Polynesia,2011,ep,m,45-54,0,Extrapulmonary
French Polynesia,2011,ep,m,55-64,1,Extrapulmonary
French Polynesia,2011,ep,m,65+,1,Extrapulmonary
French Polynesia,2011,ep,f,0-14,0,Extrapulmonary
French Polynesia,2011,ep,f,15-24,2,Extrapulmonary
French Polynesia,2011,ep,f,25-34,0,Extrapulmonary
French Polynesia,2011,ep,f,35-44,1,Extrapulmonary
French Polynesia,2011,ep,f,45-54,2,Extrapulmonary
French Polynesia,2011,ep,f,55-64,0,Extrapulmonary
French Polynesia,2011,ep,f,65+,3,Extrapulmonary
French Polynesia,2012,sp,m,0-14,0,Smear Positive
French Polynesia,2012,sp,m,15-24,1,Smear Positive
French Polynesia,2012,sp,m,25-34,2,Smear Positive
French Polynesia,2012,sp,m,35-44,2,Smear Positive
French Polynesia,2012,sp,m,45-54,3,Smear Positive
French Polynesia,2012,sp,m,55-64,3,Smear Positive
French Polynesia,2012,sp,m,65+,3,Smear Positive
French Polynesia,2012,sp,f,0-14,0,Smear Positive
French Polynesia,2012,sp,f,15-24,2,Smear Positive
French Polynesia,2012,sp,f,25-34,3,Smear Positive
French Polynesia,2012,sp,f,35-44,0,Smear Positive
French Polynesia,2012,sp,f,45-54,3,Smear Positive
French Polynesia,2012,sp,f,55-64,4,Smear Positive
French Polynesia,2012,sp,f,65+,0,Smear Positive
French Polynesia,2012,sn,m,0-14,0,Smear Negative
French Polynesia,2012,sn,m,15-24,1,Smear Negative
French Polynesia,2012,sn,m,25-34,1,Smear Negative
French Polynesia,2012,sn,m,35-44,1,Smear Negative
French Polynesia,2012,sn,m,45-54,1,Smear Negative
French Polynesia,2012,sn,m,55-64,0,Smear Negative
French Polynesia,2012,sn,m,65+,1,Smear Negative
French Polynesia,2012,sn,f,0-14,0,Smear Negative
French Polynesia,2012,sn,f,15-24,1,Smear Negative
French Polynesia,2012,sn,f,25-34,1,Smear Negative
French Polynesia,2012,sn,f,35-44,0,Smear Negative
French Polynesia,2012,sn,f,45-54,1,Smear Negative
French Polynesia,2012,sn,f,55-64,1,Smear Negative
French Polynesia,2012,sn,f,65+,1,Smear Negative
French Polynesia,2012,ep,m,0-14,0,Extrapulmonary
French Polynesia,2012,ep,m,15-24,1,Extrapulmonary
French Polynesia,2012,ep,m,25-34,1,Extrapulmonary
French Polynesia,2012,ep,m,35-44,1,Extrapulmonary
French Polynesia,2012,ep,m,45-54,0,Extrapulmonary
French Polynesia,2012,ep,m,55-64,0,Extrapulmonary
French Polynesia,2012,ep,m,65+,0,Extrapulmonary
French Polynesia,2012,ep,f,0-14,1,Extrapulmonary
French Polynesia,2012,ep,f,15-24,1,Extrapulmonary
French Polynesia,2012,ep,f,25-34,1,Extrapulmonary
French Polynesia,2012,ep,f,35-44,2,Extrapulmonary
French Polynesia,2012,ep,f,45-54,0,Extrapulmonary
French Polynesia,2012,ep,f,55-64,0,Extrapulmonary
French Polynesia,2012,ep,f,65+,0,Extrapulmonary
French Polynesia,2013,rel,m,0-14,1,Relapse
French Polynesia,2013,rel,m,15-24,3,Relapse
French Polynesia,2013,rel,m,25-34,4,Relapse
French Polynesia,2013,rel,m,35-44,6,Relapse
French Polynesia,2013,rel,m,45-54,1,Relapse
French Polynesia,2013,rel,m,55-64,3,Relapse
French Polynesia,2013,rel,m,65+,3,Relapse
French Polynesia,2013,rel,f,0-14,2,Relapse
French Polynesia,2013,rel,f,15-24,8,Relapse
French Polynesia,2013,rel,f,25-34,3,Relapse
French Polynesia,2013,rel,f,35-44,3,Relapse
French Polynesia,2013,rel,f,45-54,1,Relapse
French Polynesia,2013,rel,f,55-64,5,Relapse
French Polynesia,2013,rel,f,65+,9,Relapse
Gabon,1995,sp,m,0-14,3,Smear Positive
Gabon,1995,sp,m,15-24,45,Smear Positive
Gabon,1995,sp,m,25-34,74,Smear Positive
Gabon,1995,sp,m,35-44,80,Smear Positive
Gabon,1995,sp,m,45-54,54,Smear Positive
Gabon,1995,sp,m,55-64,30,Smear Positive
Gabon,1995,sp,m,65+,15,Smear Positive
Gabon,1995,sp,f,0-14,9,Smear Positive
Gabon,1995,sp,f,15-24,47,Smear Positive
Gabon,1995,sp,f,25-34,54,Smear Positive
Gabon,1995,sp,f,35-44,28,Smear Positive
Gabon,1995,sp,f,45-54,25,Smear Positive
Gabon,1995,sp,f,55-64,19,Smear Positive
Gabon,1995,sp,f,65+,3,Smear Positive
Gabon,1996,sp,m,0-14,0,Smear Positive
Gabon,1996,sp,m,15-24,28,Smear Positive
Gabon,1996,sp,m,25-34,44,Smear Positive
Gabon,1996,sp,m,35-44,40,Smear Positive
Gabon,1996,sp,m,45-54,22,Smear Positive
Gabon,1996,sp,m,55-64,11,Smear Positive
Gabon,1996,sp,m,65+,2,Smear Positive
Gabon,1996,sp,f,0-14,5,Smear Positive
Gabon,1996,sp,f,15-24,33,Smear Positive
Gabon,1996,sp,f,25-34,26,Smear Positive
Gabon,1996,sp,f,35-44,19,Smear Positive
Gabon,1996,sp,f,45-54,11,Smear Positive
Gabon,1996,sp,f,55-64,4,Smear Positive
Gabon,1996,sp,f,65+,4,Smear Positive
Gabon,1998,sp,m,0-14,14,Smear Positive
Gabon,1998,sp,m,15-24,93,Smear Positive
Gabon,1998,sp,m,25-34,159,Smear Positive
Gabon,1998,sp,m,35-44,129,Smear Positive
Gabon,1998,sp,m,45-54,76,Smear Positive
Gabon,1998,sp,m,55-64,43,Smear Positive
Gabon,1998,sp,m,65+,32,Smear Positive
Gabon,1998,sp,f,0-14,15,Smear Positive
Gabon,1998,sp,f,15-24,97,Smear Positive
Gabon,1998,sp,f,25-34,85,Smear Positive
Gabon,1998,sp,f,35-44,67,Smear Positive
Gabon,1998,sp,f,45-54,32,Smear Positive
Gabon,1998,sp,f,55-64,30,Smear Positive
Gabon,1998,sp,f,65+,14,Smear Positive
Gabon,1999,sp,m,0-14,14,Smear Positive
Gabon,1999,sp,m,15-24,98,Smear Positive
Gabon,1999,sp,m,25-34,158,Smear Positive
Gabon,1999,sp,m,35-44,129,Smear Positive
Gabon,1999,sp,m,45-54,76,Smear Positive
Gabon,1999,sp,m,55-64,43,Smear Positive
Gabon,1999,sp,m,65+,32,Smear Positive
Gabon,1999,sp,f,0-14,15,Smear Positive
Gabon,1999,sp,f,15-24,97,Smear Positive
Gabon,1999,sp,f,25-34,110,Smear Positive
Gabon,1999,sp,f,35-44,67,Smear Positive
Gabon,1999,sp,f,45-54,32,Smear Positive
Gabon,1999,sp,f,55-64,30,Smear Positive
Gabon,1999,sp,f,65+,14,Smear Positive
Gabon,2001,sp,m,0-14,21,Smear Positive
Gabon,2001,sp,m,15-24,137,Smear Positive
Gabon,2001,sp,m,25-34,205,Smear Positive
Gabon,2001,sp,m,35-44,147,Smear Positive
Gabon,2001,sp,m,45-54,73,Smear Positive
Gabon,2001,sp,m,55-64,60,Smear Positive
Gabon,2001,sp,m,65+,46,Smear Positive
Gabon,2001,sp,f,0-14,27,Smear Positive
Gabon,2001,sp,f,15-24,127,Smear Positive
Gabon,2001,sp,f,25-34,139,Smear Positive
Gabon,2001,sp,f,35-44,73,Smear Positive
Gabon,2001,sp,f,45-54,34,Smear Positive
Gabon,2001,sp,f,55-64,21,Smear Positive
Gabon,2001,sp,f,65+,21,Smear Positive
Gabon,2002,sp,m,0-14,10,Smear Positive
Gabon,2002,sp,m,15-24,137,Smear Positive
Gabon,2002,sp,m,25-34,173,Smear Positive
Gabon,2002,sp,m,35-44,148,Smear Positive
Gabon,2002,sp,m,45-54,63,Smear Positive
Gabon,2002,sp,m,55-64,27,Smear Positive
Gabon,2002,sp,m,65+,40,Smear Positive
Gabon,2002,sp,f,0-14,18,Smear Positive
Gabon,2002,sp,f,15-24,125,Smear Positive
Gabon,2002,sp,f,25-34,140,Smear Positive
Gabon,2002,sp,f,35-44,71,Smear Positive
Gabon,2002,sp,f,45-54,32,Smear Positive
Gabon,2002,sp,f,55-64,21,Smear Positive
Gabon,2002,sp,f,65+,28,Smear Positive
Gabon,2003,sp,m,0-14,14,Smear Positive
Gabon,2003,sp,m,15-24,165,Smear Positive
Gabon,2003,sp,m,25-34,225,Smear Positive
Gabon,2003,sp,m,35-44,149,Smear Positive
Gabon,2003,sp,m,45-54,103,Smear Positive
Gabon,2003,sp,m,55-64,48,Smear Positive
Gabon,2003,sp,m,65+,22,Smear Positive
Gabon,2003,sp,f,0-14,16,Smear Positive
Gabon,2003,sp,f,15-24,138,Smear Positive
Gabon,2003,sp,f,25-34,144,Smear Positive
Gabon,2003,sp,f,35-44,107,Smear Positive
Gabon,2003,sp,f,45-54,51,Smear Positive
Gabon,2003,sp,f,55-64,33,Smear Positive
Gabon,2003,sp,f,65+,18,Smear Positive
Gabon,2004,sp,m,0-14,17,Smear Positive
Gabon,2004,sp,m,15-24,197,Smear Positive
Gabon,2004,sp,m,25-34,289,Smear Positive
Gabon,2004,sp,m,35-44,143,Smear Positive
Gabon,2004,sp,m,45-54,83,Smear Positive
Gabon,2004,sp,m,55-64,47,Smear Positive
Gabon,2004,sp,m,65+,50,Smear Positive
Gabon,2004,sp,f,0-14,15,Smear Positive
Gabon,2004,sp,f,15-24,173,Smear Positive
Gabon,2004,sp,f,25-34,141,Smear Positive
Gabon,2004,sp,f,35-44,80,Smear Positive
Gabon,2004,sp,f,45-54,37,Smear Positive
Gabon,2004,sp,f,55-64,24,Smear Positive
Gabon,2004,sp,f,65+,27,Smear Positive
Gabon,2005,sp,m,0-14,13,Smear Positive
Gabon,2005,sp,m,15-24,123,Smear Positive
Gabon,2005,sp,m,25-34,199,Smear Positive
Gabon,2005,sp,m,35-44,140,Smear Positive
Gabon,2005,sp,m,45-54,70,Smear Positive
Gabon,2005,sp,m,55-64,38,Smear Positive
Gabon,2005,sp,m,65+,25,Smear Positive
Gabon,2005,sp,f,0-14,19,Smear Positive
Gabon,2005,sp,f,15-24,128,Smear Positive
Gabon,2005,sp,f,25-34,123,Smear Positive
Gabon,2005,sp,f,35-44,88,Smear Positive
Gabon,2005,sp,f,45-54,29,Smear Positive
Gabon,2005,sp,f,55-64,29,Smear Positive
Gabon,2005,sp,f,65+,18,Smear Positive
Gabon,2006,sp,m,0-14,20,Smear Positive
Gabon,2006,sp,m,15-24,157,Smear Positive
Gabon,2006,sp,m,25-34,207,Smear Positive
Gabon,2006,sp,m,35-44,148,Smear Positive
Gabon,2006,sp,m,45-54,89,Smear Positive
Gabon,2006,sp,m,55-64,40,Smear Positive
Gabon,2006,sp,m,65+,23,Smear Positive
Gabon,2006,sp,f,0-14,19,Smear Positive
Gabon,2006,sp,f,15-24,160,Smear Positive
Gabon,2006,sp,f,25-34,123,Smear Positive
Gabon,2006,sp,f,35-44,79,Smear Positive
Gabon,2006,sp,f,45-54,39,Smear Positive
Gabon,2006,sp,f,55-64,20,Smear Positive
Gabon,2006,sp,f,65+,21,Smear Positive
Gabon,2008,sp,m,0-14,14,Smear Positive
Gabon,2008,sp,m,15-24,209,Smear Positive
Gabon,2008,sp,m,25-34,297,Smear Positive
Gabon,2008,sp,m,35-44,196,Smear Positive
Gabon,2008,sp,m,45-54,104,Smear Positive
Gabon,2008,sp,m,55-64,45,Smear Positive
Gabon,2008,sp,m,65+,39,Smear Positive
Gabon,2008,sp,f,0-14,29,Smear Positive
Gabon,2008,sp,f,15-24,209,Smear Positive
Gabon,2008,sp,f,25-34,158,Smear Positive
Gabon,2008,sp,f,35-44,93,Smear Positive
Gabon,2008,sp,f,45-54,59,Smear Positive
Gabon,2008,sp,f,55-64,32,Smear Positive
Gabon,2008,sp,f,65+,17,Smear Positive
Gabon,2009,sp,m,0-14,45,Smear Positive
Gabon,2009,sp,m,15-24,145,Smear Positive
Gabon,2009,sp,m,25-34,163,Smear Positive
Gabon,2009,sp,m,35-44,158,Smear Positive
Gabon,2009,sp,m,45-54,138,Smear Positive
Gabon,2009,sp,m,55-64,42,Smear Positive
Gabon,2009,sp,m,65+,29,Smear Positive
Gabon,2009,sp,f,0-14,14,Smear Positive
Gabon,2009,sp,f,15-24,103,Smear Positive
Gabon,2009,sp,f,25-34,118,Smear Positive
Gabon,2009,sp,f,35-44,121,Smear Positive
Gabon,2009,sp,f,45-54,105,Smear Positive
Gabon,2009,sp,f,55-64,33,Smear Positive
Gabon,2009,sp,f,65+,29,Smear Positive
Gabon,2010,sp,m,0-14,15,Smear Positive
Gabon,2010,sp,m,15-24,145,Smear Positive
Gabon,2010,sp,m,25-34,223,Smear Positive
Gabon,2010,sp,m,35-44,208,Smear Positive
Gabon,2010,sp,m,45-54,130,Smear Positive
Gabon,2010,sp,m,55-64,89,Smear Positive
Gabon,2010,sp,m,65+,91,Smear Positive
Gabon,2010,sp,f,0-14,13,Smear Positive
Gabon,2010,sp,f,15-24,110,Smear Positive
Gabon,2010,sp,f,25-34,164,Smear Positive
Gabon,2010,sp,f,35-44,122,Smear Positive
Gabon,2010,sp,f,45-54,100,Smear Positive
Gabon,2010,sp,f,55-64,86,Smear Positive
Gabon,2010,sp,f,65+,64,Smear Positive
Gabon,2010,sn,m,0-14,183,Smear Negative
Gabon,2010,sn,m,15-24,88,Smear Negative
Gabon,2010,sn,m,25-34,87,Smear Negative
Gabon,2010,sn,m,35-44,101,Smear Negative
Gabon,2010,sn,m,45-54,88,Smear Negative
Gabon,2010,sn,m,55-64,76,Smear Negative
Gabon,2010,sn,m,65+,75,Smear Negative
Gabon,2010,sn,f,0-14,95,Smear Negative
Gabon,2010,sn,f,15-24,82,Smear Negative
Gabon,2010,sn,f,25-34,71,Smear Negative
Gabon,2010,sn,f,35-44,83,Smear Negative
Gabon,2010,sn,f,45-54,65,Smear Negative
Gabon,2010,sn,f,55-64,70,Smear Negative
Gabon,2010,sn,f,65+,62,Smear Negative
Gabon,2010,ep,m,0-14,70,Extrapulmonary
Gabon,2010,ep,m,15-24,37,Extrapulmonary
Gabon,2010,ep,m,25-34,28,Extrapulmonary
Gabon,2010,ep,m,35-44,32,Extrapulmonary
Gabon,2010,ep,m,45-54,28,Extrapulmonary
Gabon,2010,ep,m,55-64,17,Extrapulmonary
Gabon,2010,ep,m,65+,20,Extrapulmonary
Gabon,2010,ep,f,0-14,32,Extrapulmonary
Gabon,2010,ep,f,15-24,26,Extrapulmonary
Gabon,2010,ep,f,25-34,22,Extrapulmonary
Gabon,2010,ep,f,35-44,36,Extrapulmonary
Gabon,2010,ep,f,45-54,39,Extrapulmonary
Gabon,2010,ep,f,55-64,13,Extrapulmonary
Gabon,2010,ep,f,65+,12,Extrapulmonary
Gabon,2011,sp,m,0-14,34,Smear Positive
Gabon,2011,sp,m,15-24,240,Smear Positive
Gabon,2011,sp,m,25-34,269,Smear Positive
Gabon,2011,sp,m,35-44,229,Smear Positive
Gabon,2011,sp,m,45-54,144,Smear Positive
Gabon,2011,sp,m,55-64,86,Smear Positive
Gabon,2011,sp,m,65+,66,Smear Positive
Gabon,2011,sp,f,0-14,25,Smear Positive
Gabon,2011,sp,f,15-24,177,Smear Positive
Gabon,2011,sp,f,25-34,188,Smear Positive
Gabon,2011,sp,f,35-44,125,Smear Positive
Gabon,2011,sp,f,45-54,74,Smear Positive
Gabon,2011,sp,f,55-64,44,Smear Positive
Gabon,2011,sp,f,65+,39,Smear Positive
Gabon,2012,sp,m,0-14,42,Smear Positive
Gabon,2012,sp,m,15-24,236,Smear Positive
Gabon,2012,sp,m,25-34,286,Smear Positive
Gabon,2012,sp,m,35-44,228,Smear Positive
Gabon,2012,sp,m,45-54,166,Smear Positive
Gabon,2012,sp,m,55-64,101,Smear Positive
Gabon,2012,sp,m,65+,41,Smear Positive
Gabon,2012,sp,f,0-14,29,Smear Positive
Gabon,2012,sp,f,15-24,185,Smear Positive
Gabon,2012,sp,f,25-34,165,Smear Positive
Gabon,2012,sp,f,35-44,109,Smear Positive
Gabon,2012,sp,f,45-54,78,Smear Positive
Gabon,2012,sp,f,55-64,45,Smear Positive
Gabon,2012,sp,f,65+,34,Smear Positive
Gabon,2012,sn,m,0-14,110,Smear Negative
Gabon,2012,sn,m,15-24,230,Smear Negative
Gabon,2012,sn,m,25-34,278,Smear Negative
Gabon,2012,sn,m,35-44,274,Smear Negative
Gabon,2012,sn,m,45-54,185,Smear Negative
Gabon,2012,sn,m,55-64,122,Smear Negative
Gabon,2012,sn,m,65+,85,Smear Negative
Gabon,2012,sn,f,0-14,123,Smear Negative
Gabon,2012,sn,f,15-24,176,Smear Negative
Gabon,2012,sn,f,25-34,225,Smear Negative
Gabon,2012,sn,f,35-44,216,Smear Negative
Gabon,2012,sn,f,45-54,152,Smear Negative
Gabon,2012,sn,f,55-64,86,Smear Negative
Gabon,2012,sn,f,65+,91,Smear Negative
Gabon,2012,ep,m,0-14,25,Extrapulmonary
Gabon,2012,ep,m,15-24,41,Extrapulmonary
Gabon,2012,ep,m,25-34,58,Extrapulmonary
Gabon,2012,ep,m,35-44,53,Extrapulmonary
Gabon,2012,ep,m,45-54,40,Extrapulmonary
Gabon,2012,ep,m,55-64,13,Extrapulmonary
Gabon,2012,ep,m,65+,14,Extrapulmonary
Gabon,2012,ep,f,0-14,12,Extrapulmonary
Gabon,2012,ep,f,15-24,36,Extrapulmonary
Gabon,2012,ep,f,25-34,47,Extrapulmonary
Gabon,2012,ep,f,35-44,35,Extrapulmonary
Gabon,2012,ep,f,45-54,22,Extrapulmonary
Gabon,2012,ep,f,55-64,7,Extrapulmonary
Gabon,2012,ep,f,65+,11,Extrapulmonary
Gabon,2013,rel,m,0-14,43,Relapse
Gabon,2013,rel,m,15-24,242,Relapse
Gabon,2013,rel,m,25-34,295,Relapse
Gabon,2013,rel,m,35-44,267,Relapse
Gabon,2013,rel,m,45-54,155,Relapse
Gabon,2013,rel,m,55-64,89,Relapse
Gabon,2013,rel,m,65+,55,Relapse
Gabon,2013,rel,f,0-14,29,Relapse
Gabon,2013,rel,f,15-24,190,Relapse
Gabon,2013,rel,f,25-34,213,Relapse
Gabon,2013,rel,f,35-44,158,Relapse
Gabon,2013,rel,f,45-54,106,Relapse
Gabon,2013,rel,f,55-64,53,Relapse
Gabon,2013,rel,f,65+,35,Relapse
Gambia,1995,sp,m,0-14,3,Smear Positive
Gambia,1995,sp,m,15-24,68,Smear Positive
Gambia,1995,sp,m,25-34,181,Smear Positive
Gambia,1995,sp,m,35-44,88,Smear Positive
Gambia,1995,sp,m,45-54,72,Smear Positive
Gambia,1995,sp,m,55-64,29,Smear Positive
Gambia,1995,sp,m,65+,24,Smear Positive
Gambia,1995,sp,f,0-14,4,Smear Positive
Gambia,1995,sp,f,15-24,39,Smear Positive
Gambia,1995,sp,f,25-34,61,Smear Positive
Gambia,1995,sp,f,35-44,44,Smear Positive
Gambia,1995,sp,f,45-54,25,Smear Positive
Gambia,1995,sp,f,55-64,12,Smear Positive
Gambia,1995,sp,f,65+,8,Smear Positive
Gambia,1996,sp,m,0-14,29,Smear Positive
Gambia,1996,sp,m,15-24,42,Smear Positive
Gambia,1996,sp,m,25-34,148,Smear Positive
Gambia,1996,sp,m,35-44,100,Smear Positive
Gambia,1996,sp,m,45-54,66,Smear Positive
Gambia,1996,sp,m,55-64,46,Smear Positive
Gambia,1996,sp,m,65+,48,Smear Positive
Gambia,1996,sp,f,0-14,20,Smear Positive
Gambia,1996,sp,f,15-24,50,Smear Positive
Gambia,1996,sp,f,25-34,64,Smear Positive
Gambia,1996,sp,f,35-44,46,Smear Positive
Gambia,1996,sp,f,45-54,46,Smear Positive
Gambia,1996,sp,f,55-64,30,Smear Positive
Gambia,1996,sp,f,65+,22,Smear Positive
Gambia,1997,sp,m,0-14,2,Smear Positive
Gambia,1997,sp,m,15-24,83,Smear Positive
Gambia,1997,sp,m,25-34,219,Smear Positive
Gambia,1997,sp,m,35-44,126,Smear Positive
Gambia,1997,sp,m,45-54,61,Smear Positive
Gambia,1997,sp,m,55-64,63,Smear Positive
Gambia,1997,sp,m,65+,37,Smear Positive
Gambia,1997,sp,f,0-14,5,Smear Positive
Gambia,1997,sp,f,15-24,55,Smear Positive
Gambia,1997,sp,f,25-34,76,Smear Positive
Gambia,1997,sp,f,35-44,45,Smear Positive
Gambia,1997,sp,f,45-54,20,Smear Positive
Gambia,1997,sp,f,55-64,20,Smear Positive
Gambia,1997,sp,f,65+,8,Smear Positive
Gambia,1998,sp,m,0-14,6,Smear Positive
Gambia,1998,sp,m,15-24,99,Smear Positive
Gambia,1998,sp,m,25-34,193,Smear Positive
Gambia,1998,sp,m,35-44,158,Smear Positive
Gambia,1998,sp,m,45-54,79,Smear Positive
Gambia,1998,sp,m,55-64,61,Smear Positive
Gambia,1998,sp,m,65+,35,Smear Positive
Gambia,1998,sp,f,0-14,7,Smear Positive
Gambia,1998,sp,f,15-24,60,Smear Positive
Gambia,1998,sp,f,25-34,95,Smear Positive
Gambia,1998,sp,f,35-44,53,Smear Positive
Gambia,1998,sp,f,45-54,25,Smear Positive
Gambia,1998,sp,f,55-64,18,Smear Positive
Gambia,1998,sp,f,65+,14,Smear Positive
Gambia,1999,sp,m,0-14,6,Smear Positive
Gambia,1999,sp,m,15-24,99,Smear Positive
Gambia,1999,sp,m,25-34,180,Smear Positive
Gambia,1999,sp,m,35-44,124,Smear Positive
Gambia,1999,sp,m,45-54,86,Smear Positive
Gambia,1999,sp,m,55-64,65,Smear Positive
Gambia,1999,sp,m,65+,39,Smear Positive
Gambia,1999,sp,f,0-14,10,Smear Positive
Gambia,1999,sp,f,15-24,58,Smear Positive
Gambia,1999,sp,f,25-34,82,Smear Positive
Gambia,1999,sp,f,35-44,54,Smear Positive
Gambia,1999,sp,f,45-54,30,Smear Positive
Gambia,1999,sp,f,55-64,16,Smear Positive
Gambia,1999,sp,f,65+,13,Smear Positive
Gambia,2002,sp,m,0-14,2,Smear Positive
Gambia,2002,sp,m,15-24,135,Smear Positive
Gambia,2002,sp,m,25-34,240,Smear Positive
Gambia,2002,sp,m,35-44,160,Smear Positive
Gambia,2002,sp,m,45-54,100,Smear Positive
Gambia,2002,sp,m,55-64,60,Smear Positive
Gambia,2002,sp,m,65+,37,Smear Positive
Gambia,2002,sp,f,0-14,5,Smear Positive
Gambia,2002,sp,f,15-24,71,Smear Positive
Gambia,2002,sp,f,25-34,112,Smear Positive
Gambia,2002,sp,f,35-44,42,Smear Positive
Gambia,2002,sp,f,45-54,40,Smear Positive
Gambia,2002,sp,f,55-64,21,Smear Positive
Gambia,2002,sp,f,65+,10,Smear Positive
Gambia,2003,sp,m,0-14,3,Smear Positive
Gambia,2003,sp,m,15-24,162,Smear Positive
Gambia,2003,sp,m,25-34,236,Smear Positive
Gambia,2003,sp,m,35-44,149,Smear Positive
Gambia,2003,sp,m,45-54,83,Smear Positive
Gambia,2003,sp,m,55-64,52,Smear Positive
Gambia,2003,sp,m,65+,31,Smear Positive
Gambia,2003,sp,f,0-14,8,Smear Positive
Gambia,2003,sp,f,15-24,81,Smear Positive
Gambia,2003,sp,f,25-34,85,Smear Positive
Gambia,2003,sp,f,35-44,62,Smear Positive
Gambia,2003,sp,f,45-54,39,Smear Positive
Gambia,2003,sp,f,55-64,27,Smear Positive
Gambia,2003,sp,f,65+,17,Smear Positive
Gambia,2004,sp,m,0-14,5,Smear Positive
Gambia,2004,sp,m,15-24,145,Smear Positive
Gambia,2004,sp,m,25-34,260,Smear Positive
Gambia,2004,sp,m,35-44,151,Smear Positive
Gambia,2004,sp,m,45-54,103,Smear Positive
Gambia,2004,sp,m,55-64,46,Smear Positive
Gambia,2004,sp,m,65+,23,Smear Positive
Gambia,2004,sp,f,0-14,7,Smear Positive
Gambia,2004,sp,f,15-24,55,Smear Positive
Gambia,2004,sp,f,25-34,81,Smear Positive
Gambia,2004,sp,f,35-44,59,Smear Positive
Gambia,2004,sp,f,45-54,38,Smear Positive
Gambia,2004,sp,f,55-64,21,Smear Positive
Gambia,2004,sp,f,65+,18,Smear Positive
Gambia,2005,sp,m,0-14,13,Smear Positive
Gambia,2005,sp,m,15-24,133,Smear Positive
Gambia,2005,sp,m,25-34,292,Smear Positive
Gambia,2005,sp,m,35-44,206,Smear Positive
Gambia,2005,sp,m,45-54,62,Smear Positive
Gambia,2005,sp,m,55-64,53,Smear Positive
Gambia,2005,sp,m,65+,44,Smear Positive
Gambia,2005,sp,f,0-14,2,Smear Positive
Gambia,2005,sp,f,15-24,84,Smear Positive
Gambia,2005,sp,f,25-34,87,Smear Positive
Gambia,2005,sp,f,35-44,64,Smear Positive
Gambia,2005,sp,f,45-54,38,Smear Positive
Gambia,2005,sp,f,55-64,22,Smear Positive
Gambia,2005,sp,f,65+,27,Smear Positive
Gambia,2006,sp,m,0-14,13,Smear Positive
Gambia,2006,sp,m,15-24,126,Smear Positive
Gambia,2006,sp,m,25-34,284,Smear Positive
Gambia,2006,sp,m,35-44,170,Smear Positive
Gambia,2006,sp,m,45-54,112,Smear Positive
Gambia,2006,sp,m,55-64,58,Smear Positive
Gambia,2006,sp,m,65+,56,Smear Positive
Gambia,2006,sp,f,0-14,5,Smear Positive
Gambia,2006,sp,f,15-24,88,Smear Positive
Gambia,2006,sp,f,25-34,126,Smear Positive
Gambia,2006,sp,f,35-44,71,Smear Positive
Gambia,2006,sp,f,45-54,49,Smear Positive
Gambia,2006,sp,f,55-64,25,Smear Positive
Gambia,2006,sp,f,65+,26,Smear Positive
Gambia,2008,sp,m,0-14,7,Smear Positive
Gambia,2008,sp,m,15-24,151,Smear Positive
Gambia,2008,sp,m,25-34,307,Smear Positive
Gambia,2008,sp,m,35-44,167,Smear Positive
Gambia,2008,sp,m,45-54,125,Smear Positive
Gambia,2008,sp,m,55-64,87,Smear Positive
Gambia,2008,sp,m,65+,34,Smear Positive
Gambia,2008,sp,f,0-14,9,Smear Positive
Gambia,2008,sp,f,15-24,94,Smear Positive
Gambia,2008,sp,f,25-34,133,Smear Positive
Gambia,2008,sp,f,35-44,90,Smear Positive
Gambia,2008,sp,f,45-54,43,Smear Positive
Gambia,2008,sp,f,55-64,45,Smear Positive
Gambia,2008,sp,f,65+,8,Smear Positive
Gambia,2008,sn,m,0-14,45,Smear Negative
Gambia,2008,sn,m,15-24,39,Smear Negative
Gambia,2008,sn,m,25-34,51,Smear Negative
Gambia,2008,sn,m,35-44,56,Smear Negative
Gambia,2008,sn,m,45-54,67,Smear Negative
Gambia,2008,sn,m,55-64,73,Smear Negative
Gambia,2008,sn,m,65+,8,Smear Negative
Gambia,2008,sn,f,0-14,38,Smear Negative
Gambia,2008,sn,f,15-24,29,Smear Negative
Gambia,2008,sn,f,25-34,64,Smear Negative
Gambia,2008,sn,f,35-44,47,Smear Negative
Gambia,2008,sn,f,45-54,41,Smear Negative
Gambia,2008,sn,f,55-64,46,Smear Negative
Gambia,2008,sn,f,65+,6,Smear Negative
Gambia,2008,ep,m,0-14,13,Extrapulmonary
Gambia,2008,ep,m,15-24,10,Extrapulmonary
Gambia,2008,ep,m,25-34,10,Extrapulmonary
Gambia,2008,ep,m,35-44,10,Extrapulmonary
Gambia,2008,ep,m,45-54,4,Extrapulmonary
Gambia,2008,ep,m,55-64,13,Extrapulmonary
Gambia,2008,ep,m,65+,3,Extrapulmonary
Gambia,2008,ep,f,0-14,10,Extrapulmonary
Gambia,2008,ep,f,15-24,9,Extrapulmonary
Gambia,2008,ep,f,25-34,15,Extrapulmonary
Gambia,2008,ep,f,35-44,10,Extrapulmonary
Gambia,2008,ep,f,45-54,6,Extrapulmonary
Gambia,2008,ep,f,55-64,3,Extrapulmonary
Gambia,2008,ep,f,65+,0,Extrapulmonary
Gambia,2009,sp,m,0-14,12,Smear Positive
Gambia,2009,sp,m,15-24,159,Smear Positive
Gambia,2009,sp,m,25-34,240,Smear Positive
Gambia,2009,sp,m,35-44,185,Smear Positive
Gambia,2009,sp,m,45-54,124,Smear Positive
Gambia,2009,sp,m,55-64,74,Smear Positive
Gambia,2009,sp,m,65+,49,Smear Positive
Gambia,2009,sp,f,0-14,20,Smear Positive
Gambia,2009,sp,f,15-24,91,Smear Positive
Gambia,2009,sp,f,25-34,143,Smear Positive
Gambia,2009,sp,f,35-44,84,Smear Positive
Gambia,2009,sp,f,45-54,70,Smear Positive
Gambia,2009,sp,f,55-64,37,Smear Positive
Gambia,2009,sp,f,65+,28,Smear Positive
Gambia,2009,sn,m,0-14,37,Smear Negative
Gambia,2009,sn,m,15-24,13,Smear Negative
Gambia,2009,sn,m,25-34,79,Smear Negative
Gambia,2009,sn,m,35-44,122,Smear Negative
Gambia,2009,sn,m,45-54,49,Smear Negative
Gambia,2009,sn,m,55-64,16,Smear Negative
Gambia,2009,sn,m,65+,9,Smear Negative
Gambia,2009,sn,f,0-14,21,Smear Negative
Gambia,2009,sn,f,15-24,7,Smear Negative
Gambia,2009,sn,f,25-34,94,Smear Negative
Gambia,2009,sn,f,35-44,111,Smear Negative
Gambia,2009,sn,f,45-54,49,Smear Negative
Gambia,2009,sn,f,55-64,8,Smear Negative
Gambia,2009,sn,f,65+,7,Smear Negative
Gambia,2009,ep,m,0-14,4,Extrapulmonary
Gambia,2009,ep,m,15-24,27,Extrapulmonary
Gambia,2009,ep,m,25-34,19,Extrapulmonary
Gambia,2009,ep,m,35-44,30,Extrapulmonary
Gambia,2009,ep,m,45-54,0,Extrapulmonary
Gambia,2009,ep,m,55-64,1,Extrapulmonary
Gambia,2009,ep,m,65+,1,Extrapulmonary
Gambia,2009,ep,f,0-14,1,Extrapulmonary
Gambia,2009,ep,f,15-24,11,Extrapulmonary
Gambia,2009,ep,f,25-34,20,Extrapulmonary
Gambia,2009,ep,f,35-44,27,Extrapulmonary
Gambia,2009,ep,f,45-54,0,Extrapulmonary
Gambia,2009,ep,f,55-64,0,Extrapulmonary
Gambia,2009,ep,f,65+,0,Extrapulmonary
Gambia,2010,sp,m,0-14,9,Smear Positive
Gambia,2010,sp,m,15-24,194,Smear Positive
Gambia,2010,sp,m,25-34,314,Smear Positive
Gambia,2010,sp,m,35-44,184,Smear Positive
Gambia,2010,sp,m,45-54,141,Smear Positive
Gambia,2010,sp,m,55-64,68,Smear Positive
Gambia,2010,sp,m,65+,39,Smear Positive
Gambia,2010,sp,f,0-14,6,Smear Positive
Gambia,2010,sp,f,15-24,104,Smear Positive
Gambia,2010,sp,f,25-34,121,Smear Positive
Gambia,2010,sp,f,35-44,71,Smear Positive
Gambia,2010,sp,f,45-54,35,Smear Positive
Gambia,2010,sp,f,55-64,40,Smear Positive
Gambia,2010,sp,f,65+,18,Smear Positive
Gambia,2011,sp,m,0-14,14,Smear Positive
Gambia,2011,sp,m,15-24,183,Smear Positive
Gambia,2011,sp,m,25-34,271,Smear Positive
Gambia,2011,sp,m,35-44,181,Smear Positive
Gambia,2011,sp,m,45-54,136,Smear Positive
Gambia,2011,sp,m,55-64,87,Smear Positive
Gambia,2011,sp,m,65+,56,Smear Positive
Gambia,2011,sp,f,0-14,16,Smear Positive
Gambia,2011,sp,f,15-24,103,Smear Positive
Gambia,2011,sp,f,25-34,112,Smear Positive
Gambia,2011,sp,f,35-44,88,Smear Positive
Gambia,2011,sp,f,45-54,63,Smear Positive
Gambia,2011,sp,f,55-64,32,Smear Positive
Gambia,2011,sp,f,65+,33,Smear Positive
Gambia,2012,sp,m,0-14,7,Smear Positive
Gambia,2012,sp,m,15-24,210,Smear Positive
Gambia,2012,sp,m,25-34,331,Smear Positive
Gambia,2012,sp,m,35-44,191,Smear Positive
Gambia,2012,sp,m,45-54,107,Smear Positive
Gambia,2012,sp,m,55-64,80,Smear Positive
Gambia,2012,sp,m,65+,54,Smear Positive
Gambia,2012,sp,f,0-14,16,Smear Positive
Gambia,2012,sp,f,15-24,123,Smear Positive
Gambia,2012,sp,f,25-34,106,Smear Positive
Gambia,2012,sp,f,35-44,89,Smear Positive
Gambia,2012,sp,f,45-54,41,Smear Positive
Gambia,2012,sp,f,55-64,32,Smear Positive
Gambia,2012,sp,f,65+,42,Smear Positive
Gambia,2013,rel,m,0-14,71,Relapse
Gambia,2013,rel,f,0-14,66,Relapse
Georgia,1995,sp,m,0-14,2,Smear Positive
Georgia,1995,sp,m,15-24,20,Smear Positive
Georgia,1995,sp,m,25-34,30,Smear Positive
Georgia,1995,sp,m,35-44,25,Smear Positive
Georgia,1995,sp,m,45-54,40,Smear Positive
Georgia,1995,sp,m,55-64,18,Smear Positive
Georgia,1995,sp,m,65+,12,Smear Positive
Georgia,1995,sp,f,0-14,2,Smear Positive
Georgia,1995,sp,f,15-24,8,Smear Positive
Georgia,1995,sp,f,25-34,17,Smear Positive
Georgia,1995,sp,f,35-44,17,Smear Positive
Georgia,1995,sp,f,45-54,18,Smear Positive
Georgia,1995,sp,f,55-64,7,Smear Positive
Georgia,1995,sp,f,65+,5,Smear Positive
Georgia,1996,sp,m,0-14,4,Smear Positive
Georgia,1996,sp,m,15-24,27,Smear Positive
Georgia,1996,sp,m,25-34,82,Smear Positive
Georgia,1996,sp,m,35-44,93,Smear Positive
Georgia,1996,sp,m,45-54,76,Smear Positive
Georgia,1996,sp,m,55-64,38,Smear Positive
Georgia,1996,sp,m,65+,16,Smear Positive
Georgia,1996,sp,f,0-14,1,Smear Positive
Georgia,1996,sp,f,15-24,13,Smear Positive
Georgia,1996,sp,f,25-34,28,Smear Positive
Georgia,1996,sp,f,35-44,36,Smear Positive
Georgia,1996,sp,f,45-54,23,Smear Positive
Georgia,1996,sp,f,55-64,27,Smear Positive
Georgia,1996,sp,f,65+,11,Smear Positive
Georgia,1997,sp,m,0-14,0,Smear Positive
Georgia,1997,sp,m,15-24,75,Smear Positive
Georgia,1997,sp,m,25-34,97,Smear Positive
Georgia,1997,sp,m,35-44,91,Smear Positive
Georgia,1997,sp,m,45-54,67,Smear Positive
Georgia,1997,sp,m,55-64,58,Smear Positive
Georgia,1997,sp,m,65+,16,Smear Positive
Georgia,1997,sp,f,0-14,0,Smear Positive
Georgia,1997,sp,f,15-24,38,Smear Positive
Georgia,1997,sp,f,25-34,46,Smear Positive
Georgia,1997,sp,f,35-44,40,Smear Positive
Georgia,1997,sp,f,45-54,36,Smear Positive
Georgia,1997,sp,f,55-64,19,Smear Positive
Georgia,1997,sp,f,65+,12,Smear Positive
Georgia,1998,sp,m,0-14,4,Smear Positive
Georgia,1998,sp,m,15-24,64,Smear Positive
Georgia,1998,sp,m,25-34,91,Smear Positive
Georgia,1998,sp,m,35-44,99,Smear Positive
Georgia,1998,sp,m,45-54,58,Smear Positive
Georgia,1998,sp,m,55-64,52,Smear Positive
Georgia,1998,sp,m,65+,19,Smear Positive
Georgia,1998,sp,f,0-14,4,Smear Positive
Georgia,1998,sp,f,15-24,41,Smear Positive
Georgia,1998,sp,f,25-34,52,Smear Positive
Georgia,1998,sp,f,35-44,25,Smear Positive
Georgia,1998,sp,f,45-54,14,Smear Positive
Georgia,1998,sp,f,55-64,17,Smear Positive
Georgia,1998,sp,f,65+,7,Smear Positive
Georgia,1999,sp,m,0-14,5,Smear Positive
Georgia,1999,sp,m,15-24,135,Smear Positive
Georgia,1999,sp,m,25-34,176,Smear Positive
Georgia,1999,sp,m,35-44,151,Smear Positive
Georgia,1999,sp,m,45-54,77,Smear Positive
Georgia,1999,sp,m,55-64,55,Smear Positive
Georgia,1999,sp,m,65+,23,Smear Positive
Georgia,1999,sp,f,0-14,3,Smear Positive
Georgia,1999,sp,f,15-24,27,Smear Positive
Georgia,1999,sp,f,25-34,40,Smear Positive
Georgia,1999,sp,f,35-44,26,Smear Positive
Georgia,1999,sp,f,45-54,10,Smear Positive
Georgia,1999,sp,f,55-64,10,Smear Positive
Georgia,1999,sp,f,65+,8,Smear Positive
Georgia,2000,sp,m,0-14,4,Smear Positive
Georgia,2000,sp,m,15-24,76,Smear Positive
Georgia,2000,sp,m,25-34,111,Smear Positive
Georgia,2000,sp,m,35-44,113,Smear Positive
Georgia,2000,sp,m,45-54,63,Smear Positive
Georgia,2000,sp,m,55-64,45,Smear Positive
Georgia,2000,sp,m,65+,28,Smear Positive
Georgia,2000,sp,f,0-14,1,Smear Positive
Georgia,2000,sp,f,15-24,49,Smear Positive
Georgia,2000,sp,f,25-34,37,Smear Positive
Georgia,2000,sp,f,35-44,33,Smear Positive
Georgia,2000,sp,f,45-54,17,Smear Positive
Georgia,2000,sp,f,55-64,10,Smear Positive
Georgia,2000,sp,f,65+,5,Smear Positive
Georgia,2001,sp,m,0-14,4,Smear Positive
Georgia,2001,sp,m,15-24,142,Smear Positive
Georgia,2001,sp,m,25-34,233,Smear Positive
Georgia,2001,sp,m,35-44,199,Smear Positive
Georgia,2001,sp,m,45-54,117,Smear Positive
Georgia,2001,sp,m,55-64,46,Smear Positive
Georgia,2001,sp,m,65+,46,Smear Positive
Georgia,2001,sp,f,0-14,2,Smear Positive
Georgia,2001,sp,f,15-24,63,Smear Positive
Georgia,2001,sp,f,25-34,63,Smear Positive
Georgia,2001,sp,f,35-44,37,Smear Positive
Georgia,2001,sp,f,45-54,22,Smear Positive
Georgia,2001,sp,f,55-64,18,Smear Positive
Georgia,2001,sp,f,65+,22,Smear Positive
Georgia,2002,sp,m,0-14,1,Smear Positive
Georgia,2002,sp,m,15-24,155,Smear Positive
Georgia,2002,sp,m,25-34,197,Smear Positive
Georgia,2002,sp,m,35-44,181,Smear Positive
Georgia,2002,sp,m,45-54,119,Smear Positive
Georgia,2002,sp,m,55-64,54,Smear Positive
Georgia,2002,sp,m,65+,42,Smear Positive
Georgia,2002,sp,f,0-14,5,Smear Positive
Georgia,2002,sp,f,15-24,54,Smear Positive
Georgia,2002,sp,f,25-34,68,Smear Positive
Georgia,2002,sp,f,35-44,39,Smear Positive
Georgia,2002,sp,f,45-54,31,Smear Positive
Georgia,2002,sp,f,55-64,20,Smear Positive
Georgia,2002,sp,f,65+,18,Smear Positive
Georgia,2003,sp,m,0-14,1,Smear Positive
Georgia,2003,sp,m,15-24,112,Smear Positive
Georgia,2003,sp,m,25-34,220,Smear Positive
Georgia,2003,sp,m,35-44,185,Smear Positive
Georgia,2003,sp,m,45-54,111,Smear Positive
Georgia,2003,sp,m,55-64,65,Smear Positive
Georgia,2003,sp,m,65+,53,Smear Positive
Georgia,2003,sp,f,0-14,1,Smear Positive
Georgia,2003,sp,f,15-24,65,Smear Positive
Georgia,2003,sp,f,25-34,59,Smear Positive
Georgia,2003,sp,f,35-44,56,Smear Positive
Georgia,2003,sp,f,45-54,19,Smear Positive
Georgia,2003,sp,f,55-64,23,Smear Positive
Georgia,2003,sp,f,65+,17,Smear Positive
Georgia,2004,sp,m,0-14,3,Smear Positive
Georgia,2004,sp,m,15-24,157,Smear Positive
Georgia,2004,sp,m,25-34,292,Smear Positive
Georgia,2004,sp,m,35-44,226,Smear Positive
Georgia,2004,sp,m,45-54,177,Smear Positive
Georgia,2004,sp,m,55-64,80,Smear Positive
Georgia,2004,sp,m,65+,66,Smear Positive
Georgia,2004,sp,f,0-14,3,Smear Positive
Georgia,2004,sp,f,15-24,87,Smear Positive
Georgia,2004,sp,f,25-34,81,Smear Positive
Georgia,2004,sp,f,35-44,52,Smear Positive
Georgia,2004,sp,f,45-54,32,Smear Positive
Georgia,2004,sp,f,55-64,26,Smear Positive
Georgia,2004,sp,f,65+,29,Smear Positive
Georgia,2005,sp,m,0-14,0,Smear Positive
Georgia,2005,sp,m,15-24,226,Smear Positive
Georgia,2005,sp,m,25-34,272,Smear Positive
Georgia,2005,sp,m,35-44,268,Smear Positive
Georgia,2005,sp,m,45-54,207,Smear Positive
Georgia,2005,sp,m,55-64,76,Smear Positive
Georgia,2005,sp,m,65+,60,Smear Positive
Georgia,2005,sp,f,0-14,4,Smear Positive
Georgia,2005,sp,f,15-24,109,Smear Positive
Georgia,2005,sp,f,25-34,105,Smear Positive
Georgia,2005,sp,f,35-44,58,Smear Positive
Georgia,2005,sp,f,45-54,46,Smear Positive
Georgia,2005,sp,f,55-64,17,Smear Positive
Georgia,2005,sp,f,65+,47,Smear Positive
Georgia,2006,sp,m,0-14,3,Smear Positive
Georgia,2006,sp,m,15-24,315,Smear Positive
Georgia,2006,sp,m,25-34,392,Smear Positive
Georgia,2006,sp,m,35-44,300,Smear Positive
Georgia,2006,sp,m,45-54,241,Smear Positive
Georgia,2006,sp,m,55-64,86,Smear Positive
Georgia,2006,sp,m,65+,72,Smear Positive
Georgia,2006,sp,f,0-14,5,Smear Positive
Georgia,2006,sp,f,15-24,115,Smear Positive
Georgia,2006,sp,f,25-34,110,Smear Positive
Georgia,2006,sp,f,35-44,71,Smear Positive
Georgia,2006,sp,f,45-54,60,Smear Positive
Georgia,2006,sp,f,55-64,26,Smear Positive
Georgia,2006,sp,f,65+,34,Smear Positive
Georgia,2006,sn,m,0-14,23,Smear Negative
Georgia,2006,sn,m,15-24,165,Smear Negative
Georgia,2006,sn,m,25-34,156,Smear Negative
Georgia,2006,sn,m,35-44,162,Smear Negative
Georgia,2006,sn,m,45-54,124,Smear Negative
Georgia,2006,sn,m,55-64,79,Smear Negative
Georgia,2006,sn,m,65+,108,Smear Negative
Georgia,2006,sn,f,0-14,24,Smear Negative
Georgia,2006,sn,f,15-24,91,Smear Negative
Georgia,2006,sn,f,25-34,118,Smear Negative
Georgia,2006,sn,f,35-44,61,Smear Negative
Georgia,2006,sn,f,45-54,43,Smear Negative
Georgia,2006,sn,f,55-64,31,Smear Negative
Georgia,2006,sn,f,65+,44,Smear Negative
Georgia,2006,ep,m,0-14,162,Extrapulmonary
Georgia,2006,ep,m,15-24,210,Extrapulmonary
Georgia,2006,ep,m,25-34,128,Extrapulmonary
Georgia,2006,ep,m,35-44,73,Extrapulmonary
Georgia,2006,ep,m,45-54,64,Extrapulmonary
Georgia,2006,ep,m,55-64,43,Extrapulmonary
Georgia,2006,ep,m,65+,39,Extrapulmonary
Georgia,2006,ep,f,0-14,130,Extrapulmonary
Georgia,2006,ep,f,15-24,120,Extrapulmonary
Georgia,2006,ep,f,25-34,95,Extrapulmonary
Georgia,2006,ep,f,35-44,75,Extrapulmonary
Georgia,2006,ep,f,45-54,48,Extrapulmonary
Georgia,2006,ep,f,55-64,32,Extrapulmonary
Georgia,2006,ep,f,65+,40,Extrapulmonary
Georgia,2007,sp,m,0-14,7,Smear Positive
Georgia,2007,sp,m,15-24,277,Smear Positive
Georgia,2007,sp,m,25-34,388,Smear Positive
Georgia,2007,sp,m,35-44,308,Smear Positive
Georgia,2007,sp,m,45-54,230,Smear Positive
Georgia,2007,sp,m,55-64,96,Smear Positive
Georgia,2007,sp,m,65+,75,Smear Positive
Georgia,2007,sp,f,0-14,6,Smear Positive
Georgia,2007,sp,f,15-24,153,Smear Positive
Georgia,2007,sp,f,25-34,140,Smear Positive
Georgia,2007,sp,f,35-44,67,Smear Positive
Georgia,2007,sp,f,45-54,54,Smear Positive
Georgia,2007,sp,f,55-64,17,Smear Positive
Georgia,2007,sp,f,65+,46,Smear Positive
Georgia,2007,sn,m,0-14,23,Smear Negative
Georgia,2007,sn,m,15-24,132,Smear Negative
Georgia,2007,sn,m,25-34,116,Smear Negative
Georgia,2007,sn,m,35-44,114,Smear Negative
Georgia,2007,sn,m,45-54,120,Smear Negative
Georgia,2007,sn,m,55-64,75,Smear Negative
Georgia,2007,sn,m,65+,54,Smear Negative
Georgia,2007,sn,f,0-14,25,Smear Negative
Georgia,2007,sn,f,15-24,83,Smear Negative
Georgia,2007,sn,f,25-34,62,Smear Negative
Georgia,2007,sn,f,35-44,56,Smear Negative
Georgia,2007,sn,f,45-54,31,Smear Negative
Georgia,2007,sn,f,55-64,14,Smear Negative
Georgia,2007,sn,f,65+,29,Smear Negative
Georgia,2007,ep,m,0-14,142,Extrapulmonary
Georgia,2007,ep,m,15-24,176,Extrapulmonary
Georgia,2007,ep,m,25-34,145,Extrapulmonary
Georgia,2007,ep,m,35-44,91,Extrapulmonary
Georgia,2007,ep,m,45-54,81,Extrapulmonary
Georgia,2007,ep,m,55-64,33,Extrapulmonary
Georgia,2007,ep,m,65+,38,Extrapulmonary
Georgia,2007,ep,f,0-14,103,Extrapulmonary
Georgia,2007,ep,f,15-24,122,Extrapulmonary
Georgia,2007,ep,f,25-34,104,Extrapulmonary
Georgia,2007,ep,f,35-44,72,Extrapulmonary
Georgia,2007,ep,f,45-54,49,Extrapulmonary
Georgia,2007,ep,f,55-64,37,Extrapulmonary
Georgia,2007,ep,f,65+,37,Extrapulmonary
Georgia,2008,sp,m,0-14,4,Smear Positive
Georgia,2008,sp,m,15-24,294,Smear Positive
Georgia,2008,sp,m,25-34,380,Smear Positive
Georgia,2008,sp,m,35-44,312,Smear Positive
Georgia,2008,sp,m,45-54,243,Smear Positive
Georgia,2008,sp,m,55-64,118,Smear Positive
Georgia,2008,sp,m,65+,77,Smear Positive
Georgia,2008,sp,f,0-14,4,Smear Positive
Georgia,2008,sp,f,15-24,142,Smear Positive
Georgia,2008,sp,f,25-34,121,Smear Positive
Georgia,2008,sp,f,35-44,61,Smear Positive
Georgia,2008,sp,f,45-54,44,Smear Positive
Georgia,2008,sp,f,55-64,22,Smear Positive
Georgia,2008,sp,f,65+,46,Smear Positive
Georgia,2008,sn,m,0-14,17,Smear Negative
Georgia,2008,sn,m,15-24,133,Smear Negative
Georgia,2008,sn,m,25-34,145,Smear Negative
Georgia,2008,sn,m,35-44,139,Smear Negative
Georgia,2008,sn,m,45-54,112,Smear Negative
Georgia,2008,sn,m,55-64,84,Smear Negative
Georgia,2008,sn,m,65+,104,Smear Negative
Georgia,2008,sn,f,0-14,14,Smear Negative
Georgia,2008,sn,f,15-24,89,Smear Negative
Georgia,2008,sn,f,25-34,89,Smear Negative
Georgia,2008,sn,f,35-44,49,Smear Negative
Georgia,2008,sn,f,45-54,26,Smear Negative
Georgia,2008,sn,f,55-64,20,Smear Negative
Georgia,2008,sn,f,65+,42,Smear Negative
Georgia,2008,ep,m,0-14,139,Extrapulmonary
Georgia,2008,ep,m,15-24,183,Extrapulmonary
Georgia,2008,ep,m,25-34,123,Extrapulmonary
Georgia,2008,ep,m,35-44,92,Extrapulmonary
Georgia,2008,ep,m,45-54,70,Extrapulmonary
Georgia,2008,ep,m,55-64,57,Extrapulmonary
Georgia,2008,ep,m,65+,52,Extrapulmonary
Georgia,2008,ep,f,0-14,89,Extrapulmonary
Georgia,2008,ep,f,15-24,120,Extrapulmonary
Georgia,2008,ep,f,25-34,105,Extrapulmonary
Georgia,2008,ep,f,35-44,66,Extrapulmonary
Georgia,2008,ep,f,45-54,45,Extrapulmonary
Georgia,2008,ep,f,55-64,28,Extrapulmonary
Georgia,2008,ep,f,65+,48,Extrapulmonary
Georgia,2009,sp,m,0-14,2,Smear Positive
Georgia,2009,sp,m,15-24,327,Smear Positive
Georgia,2009,sp,m,25-34,435,Smear Positive
Georgia,2009,sp,m,35-44,310,Smear Positive
Georgia,2009,sp,m,45-54,284,Smear Positive
Georgia,2009,sp,m,55-64,135,Smear Positive
Georgia,2009,sp,m,65+,89,Smear Positive
Georgia,2009,sp,f,0-14,5,Smear Positive
Georgia,2009,sp,f,15-24,124,Smear Positive
Georgia,2009,sp,f,25-34,134,Smear Positive
Georgia,2009,sp,f,35-44,74,Smear Positive
Georgia,2009,sp,f,45-54,60,Smear Positive
Georgia,2009,sp,f,55-64,30,Smear Positive
Georgia,2009,sp,f,65+,46,Smear Positive
Georgia,2009,sn,m,0-14,15,Smear Negative
Georgia,2009,sn,m,15-24,140,Smear Negative
Georgia,2009,sn,m,25-34,170,Smear Negative
Georgia,2009,sn,m,35-44,141,Smear Negative
Georgia,2009,sn,m,45-54,145,Smear Negative
Georgia,2009,sn,m,55-64,73,Smear Negative
Georgia,2009,sn,m,65+,98,Smear Negative
Georgia,2009,sn,f,0-14,20,Smear Negative
Georgia,2009,sn,f,15-24,93,Smear Negative
Georgia,2009,sn,f,25-34,97,Smear Negative
Georgia,2009,sn,f,35-44,36,Smear Negative
Georgia,2009,sn,f,45-54,21,Smear Negative
Georgia,2009,sn,f,55-64,28,Smear Negative
Georgia,2009,sn,f,65+,42,Smear Negative
Georgia,2009,ep,m,0-14,153,Extrapulmonary
Georgia,2009,ep,m,15-24,175,Extrapulmonary
Georgia,2009,ep,m,25-34,191,Extrapulmonary
Georgia,2009,ep,m,35-44,99,Extrapulmonary
Georgia,2009,ep,m,45-54,86,Extrapulmonary
Georgia,2009,ep,m,55-64,44,Extrapulmonary
Georgia,2009,ep,m,65+,39,Extrapulmonary
Georgia,2009,ep,f,0-14,86,Extrapulmonary
Georgia,2009,ep,f,15-24,124,Extrapulmonary
Georgia,2009,ep,f,25-34,104,Extrapulmonary
Georgia,2009,ep,f,35-44,62,Extrapulmonary
Georgia,2009,ep,f,45-54,47,Extrapulmonary
Georgia,2009,ep,f,55-64,28,Extrapulmonary
Georgia,2009,ep,f,65+,45,Extrapulmonary
Georgia,2010,sp,m,0-14,5,Smear Positive
Georgia,2010,sp,m,15-24,340,Smear Positive
Georgia,2010,sp,m,25-34,529,Smear Positive
Georgia,2010,sp,m,35-44,341,Smear Positive
Georgia,2010,sp,m,45-54,264,Smear Positive
Georgia,2010,sp,m,55-64,143,Smear Positive
Georgia,2010,sp,m,65+,77,Smear Positive
Georgia,2010,sp,f,0-14,5,Smear Positive
Georgia,2010,sp,f,15-24,135,Smear Positive
Georgia,2010,sp,f,25-34,118,Smear Positive
Georgia,2010,sp,f,35-44,62,Smear Positive
Georgia,2010,sp,f,45-54,52,Smear Positive
Georgia,2010,sp,f,55-64,28,Smear Positive
Georgia,2010,sp,f,65+,41,Smear Positive
Georgia,2010,sn,m,0-14,14,Smear Negative
Georgia,2010,sn,m,15-24,143,Smear Negative
Georgia,2010,sn,m,25-34,182,Smear Negative
Georgia,2010,sn,m,35-44,135,Smear Negative
Georgia,2010,sn,m,45-54,136,Smear Negative
Georgia,2010,sn,m,55-64,66,Smear Negative
Georgia,2010,sn,m,65+,78,Smear Negative
Georgia,2010,sn,f,0-14,16,Smear Negative
Georgia,2010,sn,f,15-24,94,Smear Negative
Georgia,2010,sn,f,25-34,92,Smear Negative
Georgia,2010,sn,f,35-44,59,Smear Negative
Georgia,2010,sn,f,45-54,39,Smear Negative
Georgia,2010,sn,f,55-64,10,Smear Negative
Georgia,2010,sn,f,65+,24,Smear Negative
Georgia,2010,ep,m,0-14,123,Extrapulmonary
Georgia,2010,ep,m,15-24,156,Extrapulmonary
Georgia,2010,ep,m,25-34,170,Extrapulmonary
Georgia,2010,ep,m,35-44,125,Extrapulmonary
Georgia,2010,ep,m,45-54,71,Extrapulmonary
Georgia,2010,ep,m,55-64,50,Extrapulmonary
Georgia,2010,ep,m,65+,33,Extrapulmonary
Georgia,2010,ep,f,0-14,86,Extrapulmonary
Georgia,2010,ep,f,15-24,98,Extrapulmonary
Georgia,2010,ep,f,25-34,93,Extrapulmonary
Georgia,2010,ep,f,35-44,56,Extrapulmonary
Georgia,2010,ep,f,45-54,37,Extrapulmonary
Georgia,2010,ep,f,55-64,30,Extrapulmonary
Georgia,2010,ep,f,65+,27,Extrapulmonary
Georgia,2011,sp,m,0-14,5,Smear Positive
Georgia,2011,sp,m,15-24,271,Smear Positive
Georgia,2011,sp,m,25-34,478,Smear Positive
Georgia,2011,sp,m,35-44,333,Smear Positive
Georgia,2011,sp,m,45-54,251,Smear Positive
Georgia,2011,sp,m,55-64,139,Smear Positive
Georgia,2011,sp,m,65+,93,Smear Positive
Georgia,2011,sp,f,0-14,8,Smear Positive
Georgia,2011,sp,f,15-24,136,Smear Positive
Georgia,2011,sp,f,25-34,132,Smear Positive
Georgia,2011,sp,f,35-44,59,Smear Positive
Georgia,2011,sp,f,45-54,32,Smear Positive
Georgia,2011,sp,f,55-64,35,Smear Positive
Georgia,2011,sp,f,65+,54,Smear Positive
Georgia,2011,sn,m,0-14,10,Smear Negative
Georgia,2011,sn,m,15-24,146,Smear Negative
Georgia,2011,sn,m,25-34,220,Smear Negative
Georgia,2011,sn,m,35-44,162,Smear Negative
Georgia,2011,sn,m,45-54,130,Smear Negative
Georgia,2011,sn,m,55-64,67,Smear Negative
Georgia,2011,sn,m,65+,78,Smear Negative
Georgia,2011,sn,f,0-14,14,Smear Negative
Georgia,2011,sn,f,15-24,88,Smear Negative
Georgia,2011,sn,f,25-34,90,Smear Negative
Georgia,2011,sn,f,35-44,47,Smear Negative
Georgia,2011,sn,f,45-54,33,Smear Negative
Georgia,2011,sn,f,55-64,26,Smear Negative
Georgia,2011,sn,f,65+,30,Smear Negative
Georgia,2011,ep,m,0-14,98,Extrapulmonary
Georgia,2011,ep,m,15-24,139,Extrapulmonary
Georgia,2011,ep,m,25-34,155,Extrapulmonary
Georgia,2011,ep,m,35-44,91,Extrapulmonary
Georgia,2011,ep,m,45-54,60,Extrapulmonary
Georgia,2011,ep,m,55-64,43,Extrapulmonary
Georgia,2011,ep,m,65+,38,Extrapulmonary
Georgia,2011,ep,f,0-14,67,Extrapulmonary
Georgia,2011,ep,f,15-24,105,Extrapulmonary
Georgia,2011,ep,f,25-34,95,Extrapulmonary
Georgia,2011,ep,f,35-44,54,Extrapulmonary
Georgia,2011,ep,f,45-54,50,Extrapulmonary
Georgia,2011,ep,f,55-64,28,Extrapulmonary
Georgia,2011,ep,f,65+,33,Extrapulmonary
Georgia,2012,sp,m,0-14,4,Smear Positive
Georgia,2012,sp,m,15-24,200,Smear Positive
Georgia,2012,sp,m,25-34,314,Smear Positive
Georgia,2012,sp,m,35-44,248,Smear Positive
Georgia,2012,sp,m,45-54,235,Smear Positive
Georgia,2012,sp,m,55-64,150,Smear Positive
Georgia,2012,sp,m,65+,81,Smear Positive
Georgia,2012,sp,f,0-14,5,Smear Positive
Georgia,2012,sp,f,15-24,101,Smear Positive
Georgia,2012,sp,f,25-34,116,Smear Positive
Georgia,2012,sp,f,35-44,72,Smear Positive
Georgia,2012,sp,f,45-54,43,Smear Positive
Georgia,2012,sp,f,55-64,32,Smear Positive
Georgia,2012,sp,f,65+,47,Smear Positive
Georgia,2012,sn,m,0-14,9,Smear Negative
Georgia,2012,sn,m,15-24,167,Smear Negative
Georgia,2012,sn,m,25-34,200,Smear Negative
Georgia,2012,sn,m,35-44,161,Smear Negative
Georgia,2012,sn,m,45-54,134,Smear Negative
Georgia,2012,sn,m,55-64,101,Smear Negative
Georgia,2012,sn,m,65+,86,Smear Negative
Georgia,2012,sn,f,0-14,10,Smear Negative
Georgia,2012,sn,f,15-24,84,Smear Negative
Georgia,2012,sn,f,25-34,100,Smear Negative
Georgia,2012,sn,f,35-44,48,Smear Negative
Georgia,2012,sn,f,45-54,37,Smear Negative
Georgia,2012,sn,f,55-64,23,Smear Negative
Georgia,2012,sn,f,65+,26,Smear Negative
Georgia,2012,ep,m,0-14,106,Extrapulmonary
Georgia,2012,ep,m,15-24,138,Extrapulmonary
Georgia,2012,ep,m,25-34,124,Extrapulmonary
Georgia,2012,ep,m,35-44,71,Extrapulmonary
Georgia,2012,ep,m,45-54,53,Extrapulmonary
Georgia,2012,ep,m,55-64,33,Extrapulmonary
Georgia,2012,ep,m,65+,33,Extrapulmonary
Georgia,2012,ep,f,0-14,81,Extrapulmonary
Georgia,2012,ep,f,15-24,83,Extrapulmonary
Georgia,2012,ep,f,25-34,88,Extrapulmonary
Georgia,2012,ep,f,35-44,49,Extrapulmonary
Georgia,2012,ep,f,45-54,35,Extrapulmonary
Georgia,2012,ep,f,55-64,24,Extrapulmonary
Georgia,2012,ep,f,65+,26,Extrapulmonary
Georgia,2013,rel,m,0-14,105,Relapse
Georgia,2013,rel,m,15-24,337,Relapse
Georgia,2013,rel,m,25-34,556,Relapse
Georgia,2013,rel,m,35-44,455,Relapse
Georgia,2013,rel,m,45-54,431,Relapse
Georgia,2013,rel,m,55-64,306,Relapse
Georgia,2013,rel,m,65+,185,Relapse
Georgia,2013,rel,f,0-14,78,Relapse
Georgia,2013,rel,f,15-24,248,Relapse
Georgia,2013,rel,f,25-34,298,Relapse
Georgia,2013,rel,f,35-44,145,Relapse
Georgia,2013,rel,f,45-54,99,Relapse
Georgia,2013,rel,f,55-64,73,Relapse
Georgia,2013,rel,f,65+,118,Relapse
Germany,1995,sp,m,0-14,14,Smear Positive
Germany,1995,sp,m,15-24,179,Smear Positive
Germany,1995,sp,m,25-34,453,Smear Positive
Germany,1995,sp,m,35-44,539,Smear Positive
Germany,1995,sp,m,45-54,460,Smear Positive
Germany,1995,sp,m,55-64,442,Smear Positive
Germany,1995,sp,m,65+,625,Smear Positive
Germany,1995,sp,f,0-14,17,Smear Positive
Germany,1995,sp,f,15-24,115,Smear Positive
Germany,1995,sp,f,25-34,251,Smear Positive
Germany,1995,sp,f,35-44,167,Smear Positive
Germany,1995,sp,f,45-54,89,Smear Positive
Germany,1995,sp,f,55-64,104,Smear Positive
Germany,1995,sp,f,65+,397,Smear Positive
Germany,1996,sp,m,0-14,20,Smear Positive
Germany,1996,sp,m,15-24,181,Smear Positive
Germany,1996,sp,m,25-34,377,Smear Positive
Germany,1996,sp,m,35-44,520,Smear Positive
Germany,1996,sp,m,45-54,413,Smear Positive
Germany,1996,sp,m,55-64,405,Smear Positive
Germany,1996,sp,m,65+,607,Smear Positive
Germany,1996,sp,f,0-14,19,Smear Positive
Germany,1996,sp,f,15-24,150,Smear Positive
Germany,1996,sp,f,25-34,214,Smear Positive
Germany,1996,sp,f,35-44,180,Smear Positive
Germany,1996,sp,f,45-54,97,Smear Positive
Germany,1996,sp,f,55-64,108,Smear Positive
Germany,1996,sp,f,65+,389,Smear Positive
Germany,1997,sp,m,0-14,11,Smear Positive
Germany,1997,sp,m,15-24,166,Smear Positive
Germany,1997,sp,m,25-34,375,Smear Positive
Germany,1997,sp,m,35-44,459,Smear Positive
Germany,1997,sp,m,45-54,384,Smear Positive
Germany,1997,sp,m,55-64,424,Smear Positive
Germany,1997,sp,m,65+,509,Smear Positive
Germany,1997,sp,f,0-14,16,Smear Positive
Germany,1997,sp,f,15-24,109,Smear Positive
Germany,1997,sp,f,25-34,204,Smear Positive
Germany,1997,sp,f,35-44,154,Smear Positive
Germany,1997,sp,f,45-54,93,Smear Positive
Germany,1997,sp,f,55-64,99,Smear Positive
Germany,1997,sp,f,65+,343,Smear Positive
Germany,1998,sp,m,0-14,9,Smear Positive
Germany,1998,sp,m,15-24,179,Smear Positive
Germany,1998,sp,m,25-34,333,Smear Positive
Germany,1998,sp,m,35-44,448,Smear Positive
Germany,1998,sp,m,45-54,358,Smear Positive
Germany,1998,sp,m,55-64,349,Smear Positive
Germany,1998,sp,m,65+,538,Smear Positive
Germany,1998,sp,f,0-14,11,Smear Positive
Germany,1998,sp,f,15-24,121,Smear Positive
Germany,1998,sp,f,25-34,166,Smear Positive
Germany,1998,sp,f,35-44,141,Smear Positive
Germany,1998,sp,f,45-54,93,Smear Positive
Germany,1998,sp,f,55-64,80,Smear Positive
Germany,1998,sp,f,65+,298,Smear Positive
Germany,1999,sp,m,0-14,13,Smear Positive
Germany,1999,sp,m,15-24,145,Smear Positive
Germany,1999,sp,m,25-34,308,Smear Positive
Germany,1999,sp,m,35-44,419,Smear Positive
Germany,1999,sp,m,45-54,362,Smear Positive
Germany,1999,sp,m,55-64,335,Smear Positive
Germany,1999,sp,m,65+,449,Smear Positive
Germany,1999,sp,f,0-14,15,Smear Positive
Germany,1999,sp,f,15-24,118,Smear Positive
Germany,1999,sp,f,25-34,177,Smear Positive
Germany,1999,sp,f,35-44,98,Smear Positive
Germany,1999,sp,f,45-54,85,Smear Positive
Germany,1999,sp,f,55-64,99,Smear Positive
Germany,1999,sp,f,65+,295,Smear Positive
Germany,2001,sp,m,0-14,3,Smear Positive
Germany,2001,sp,m,15-24,3,Smear Positive
Germany,2001,sp,m,25-34,89,Smear Positive
Germany,2001,sp,m,35-44,136,Smear Positive
Germany,2001,sp,m,45-54,106,Smear Positive
Germany,2001,sp,m,55-64,94,Smear Positive
Germany,2001,sp,m,65+,119,Smear Positive
Germany,2001,sp,f,0-14,1,Smear Positive
Germany,2001,sp,f,15-24,36,Smear Positive
Germany,2001,sp,f,25-34,59,Smear Positive
Germany,2001,sp,f,35-44,48,Smear Positive
Germany,2001,sp,f,45-54,42,Smear Positive
Germany,2001,sp,f,55-64,26,Smear Positive
Germany,2001,sp,f,65+,79,Smear Positive
Germany,2002,sp,m,0-14,3,Smear Positive
Germany,2002,sp,m,15-24,34,Smear Positive
Germany,2002,sp,m,25-34,75,Smear Positive
Germany,2002,sp,m,35-44,102,Smear Positive
Germany,2002,sp,m,45-54,88,Smear Positive
Germany,2002,sp,m,55-64,81,Smear Positive
Germany,2002,sp,m,65+,101,Smear Positive
Germany,2002,sp,f,0-14,1,Smear Positive
Germany,2002,sp,f,15-24,32,Smear Positive
Germany,2002,sp,f,25-34,61,Smear Positive
Germany,2002,sp,f,35-44,50,Smear Positive
Germany,2002,sp,f,45-54,14,Smear Positive
Germany,2002,sp,f,55-64,16,Smear Positive
Germany,2002,sp,f,65+,64,Smear Positive
Germany,2003,sp,m,0-14,2,Smear Positive
Germany,2003,sp,m,15-24,68,Smear Positive
Germany,2003,sp,m,25-34,107,Smear Positive
Germany,2003,sp,m,35-44,177,Smear Positive
Germany,2003,sp,m,45-54,163,Smear Positive
Germany,2003,sp,m,55-64,103,Smear Positive
Germany,2003,sp,m,65+,155,Smear Positive
Germany,2003,sp,f,0-14,10,Smear Positive
Germany,2003,sp,f,15-24,61,Smear Positive
Germany,2003,sp,f,25-34,96,Smear Positive
Germany,2003,sp,f,35-44,86,Smear Positive
Germany,2003,sp,f,45-54,43,Smear Positive
Germany,2003,sp,f,55-64,22,Smear Positive
Germany,2003,sp,f,65+,102,Smear Positive
Germany,2004,sp,m,0-14,5,Smear Positive
Germany,2004,sp,m,15-24,63,Smear Positive
Germany,2004,sp,m,25-34,130,Smear Positive
Germany,2004,sp,m,35-44,182,Smear Positive
Germany,2004,sp,m,45-54,161,Smear Positive
Germany,2004,sp,m,55-64,110,Smear Positive
Germany,2004,sp,m,65+,198,Smear Positive
Germany,2004,sp,f,0-14,6,Smear Positive
Germany,2004,sp,f,15-24,75,Smear Positive
Germany,2004,sp,f,25-34,110,Smear Positive
Germany,2004,sp,f,35-44,97,Smear Positive
Germany,2004,sp,f,45-54,42,Smear Positive
Germany,2004,sp,f,55-64,32,Smear Positive
Germany,2004,sp,f,65+,116,Smear Positive
Germany,2005,sp,m,0-14,6,Smear Positive
Germany,2005,sp,m,15-24,59,Smear Positive
Germany,2005,sp,m,25-34,113,Smear Positive
Germany,2005,sp,m,35-44,171,Smear Positive
Germany,2005,sp,m,45-54,167,Smear Positive
Germany,2005,sp,m,55-64,92,Smear Positive
Germany,2005,sp,m,65+,167,Smear Positive
Germany,2005,sp,f,0-14,4,Smear Positive
Germany,2005,sp,f,15-24,51,Smear Positive
Germany,2005,sp,f,25-34,104,Smear Positive
Germany,2005,sp,f,35-44,73,Smear Positive
Germany,2005,sp,f,45-54,43,Smear Positive
Germany,2005,sp,f,55-64,37,Smear Positive
Germany,2005,sp,f,65+,103,Smear Positive
Germany,2006,sp,m,0-14,2,Smear Positive
Germany,2006,sp,m,15-24,78,Smear Positive
Germany,2006,sp,m,25-34,138,Smear Positive
Germany,2006,sp,m,35-44,169,Smear Positive
Germany,2006,sp,m,45-54,189,Smear Positive
Germany,2006,sp,m,55-64,103,Smear Positive
Germany,2006,sp,m,65+,199,Smear Positive
Germany,2006,sp,f,0-14,7,Smear Positive
Germany,2006,sp,f,15-24,66,Smear Positive
Germany,2006,sp,f,25-34,109,Smear Positive
Germany,2006,sp,f,35-44,77,Smear Positive
Germany,2006,sp,f,45-54,39,Smear Positive
Germany,2006,sp,f,55-64,24,Smear Positive
Germany,2006,sp,f,65+,102,Smear Positive
Germany,2006,sn,m,0-14,63,Smear Negative
Germany,2006,sn,m,15-24,93,Smear Negative
Germany,2006,sn,m,25-34,203,Smear Negative
Germany,2006,sn,m,35-44,230,Smear Negative
Germany,2006,sn,m,45-54,223,Smear Negative
Germany,2006,sn,m,55-64,224,Smear Negative
Germany,2006,sn,m,65+,434,Smear Negative
Germany,2006,sn,f,0-14,75,Smear Negative
Germany,2006,sn,f,15-24,102,Smear Negative
Germany,2006,sn,f,25-34,180,Smear Negative
Germany,2006,sn,f,35-44,134,Smear Negative
Germany,2006,sn,f,45-54,133,Smear Negative
Germany,2006,sn,f,55-64,98,Smear Negative
Germany,2006,sn,f,65+,342,Smear Negative
Germany,2006,ep,m,0-14,16,Extrapulmonary
Germany,2006,ep,m,15-24,43,Extrapulmonary
Germany,2006,ep,m,25-34,93,Extrapulmonary
Germany,2006,ep,m,35-44,77,Extrapulmonary
Germany,2006,ep,m,45-54,49,Extrapulmonary
Germany,2006,ep,m,55-64,65,Extrapulmonary
Germany,2006,ep,m,65+,129,Extrapulmonary
Germany,2006,ep,f,0-14,26,Extrapulmonary
Germany,2006,ep,f,15-24,46,Extrapulmonary
Germany,2006,ep,f,25-34,104,Extrapulmonary
Germany,2006,ep,f,35-44,81,Extrapulmonary
Germany,2006,ep,f,45-54,67,Extrapulmonary
Germany,2006,ep,f,55-64,53,Extrapulmonary
Germany,2006,ep,f,65+,177,Extrapulmonary
Germany,2007,sp,m,0-14,2,Smear Positive
Germany,2007,sp,m,15-24,116,Smear Positive
Germany,2007,sp,m,25-34,248,Smear Positive
Germany,2007,sp,m,35-44,314,Smear Positive
Germany,2007,sp,m,45-54,344,Smear Positive
Germany,2007,sp,m,55-64,184,Smear Positive
Germany,2007,sp,m,65+,362,Smear Positive
Germany,2007,sp,f,0-14,4,Smear Positive
Germany,2007,sp,f,15-24,120,Smear Positive
Germany,2007,sp,f,25-34,176,Smear Positive
Germany,2007,sp,f,35-44,152,Smear Positive
Germany,2007,sp,f,45-54,116,Smear Positive
Germany,2007,sp,f,55-64,46,Smear Positive
Germany,2007,sp,f,65+,178,Smear Positive
Germany,2007,sn,m,0-14,62,Smear Negative
Germany,2007,sn,m,15-24,106,Smear Negative
Germany,2007,sn,m,25-34,145,Smear Negative
Germany,2007,sn,m,35-44,191,Smear Negative
Germany,2007,sn,m,45-54,266,Smear Negative
Germany,2007,sn,m,55-64,187,Smear Negative
Germany,2007,sn,m,65+,414,Smear Negative
Germany,2007,sn,f,0-14,55,Smear Negative
Germany,2007,sn,f,15-24,96,Smear Negative
Germany,2007,sn,f,25-34,141,Smear Negative
Germany,2007,sn,f,35-44,137,Smear Negative
Germany,2007,sn,f,45-54,105,Smear Negative
Germany,2007,sn,f,55-64,100,Smear Negative
Germany,2007,sn,f,65+,312,Smear Negative
Germany,2007,ep,m,0-14,24,Extrapulmonary
Germany,2007,ep,m,15-24,36,Extrapulmonary
Germany,2007,ep,m,25-34,80,Extrapulmonary
Germany,2007,ep,m,35-44,58,Extrapulmonary
Germany,2007,ep,m,45-54,63,Extrapulmonary
Germany,2007,ep,m,55-64,63,Extrapulmonary
Germany,2007,ep,m,65+,119,Extrapulmonary
Germany,2007,ep,f,0-14,23,Extrapulmonary
Germany,2007,ep,f,15-24,47,Extrapulmonary
Germany,2007,ep,f,25-34,86,Extrapulmonary
Germany,2007,ep,f,35-44,66,Extrapulmonary
Germany,2007,ep,f,45-54,56,Extrapulmonary
Germany,2007,ep,f,55-64,74,Extrapulmonary
Germany,2007,ep,f,65+,181,Extrapulmonary
Germany,2008,sp,m,0-14,2,Smear Positive
Germany,2008,sp,m,15-24,40,Smear Positive
Germany,2008,sp,m,25-34,95,Smear Positive
Germany,2008,sp,m,35-44,114,Smear Positive
Germany,2008,sp,m,45-54,142,Smear Positive
Germany,2008,sp,m,55-64,96,Smear Positive
Germany,2008,sp,m,65+,148,Smear Positive
Germany,2008,sp,f,0-14,6,Smear Positive
Germany,2008,sp,f,15-24,35,Smear Positive
Germany,2008,sp,f,25-34,68,Smear Positive
Germany,2008,sp,f,35-44,61,Smear Positive
Germany,2008,sp,f,45-54,41,Smear Positive
Germany,2008,sp,f,55-64,33,Smear Positive
Germany,2008,sp,f,65+,71,Smear Positive
Germany,2008,sn,m,0-14,45,Smear Negative
Germany,2008,sn,m,15-24,66,Smear Negative
Germany,2008,sn,m,25-34,129,Smear Negative
Germany,2008,sn,m,35-44,158,Smear Negative
Germany,2008,sn,m,45-54,212,Smear Negative
Germany,2008,sn,m,55-64,172,Smear Negative
Germany,2008,sn,m,65+,318,Smear Negative
Germany,2008,sn,f,0-14,35,Smear Negative
Germany,2008,sn,f,15-24,81,Smear Negative
Germany,2008,sn,f,25-34,117,Smear Negative
Germany,2008,sn,f,35-44,101,Smear Negative
Germany,2008,sn,f,45-54,89,Smear Negative
Germany,2008,sn,f,55-64,53,Smear Negative
Germany,2008,sn,f,65+,213,Smear Negative
Germany,2008,ep,m,0-14,9,Extrapulmonary
Germany,2008,ep,m,15-24,27,Extrapulmonary
Germany,2008,ep,m,25-34,65,Extrapulmonary
Germany,2008,ep,m,35-44,71,Extrapulmonary
Germany,2008,ep,m,45-54,55,Extrapulmonary
Germany,2008,ep,m,55-64,45,Extrapulmonary
Germany,2008,ep,m,65+,113,Extrapulmonary
Germany,2008,ep,f,0-14,15,Extrapulmonary
Germany,2008,ep,f,15-24,34,Extrapulmonary
Germany,2008,ep,f,25-34,66,Extrapulmonary
Germany,2008,ep,f,35-44,50,Extrapulmonary
Germany,2008,ep,f,45-54,43,Extrapulmonary
Germany,2008,ep,f,55-64,59,Extrapulmonary
Germany,2008,ep,f,65+,145,Extrapulmonary
Germany,2009,sp,m,0-14,2,Smear Positive
Germany,2009,sp,m,15-24,48,Smear Positive
Germany,2009,sp,m,25-34,109,Smear Positive
Germany,2009,sp,m,35-44,125,Smear Positive
Germany,2009,sp,m,45-54,163,Smear Positive
Germany,2009,sp,m,55-64,103,Smear Positive
Germany,2009,sp,m,65+,148,Smear Positive
Germany,2009,sp,f,0-14,1,Smear Positive
Germany,2009,sp,f,15-24,52,Smear Positive
Germany,2009,sp,f,25-34,76,Smear Positive
Germany,2009,sp,f,35-44,51,Smear Positive
Germany,2009,sp,f,45-54,49,Smear Positive
Germany,2009,sp,f,55-64,27,Smear Positive
Germany,2009,sp,f,65+,92,Smear Positive
Germany,2009,sn,m,0-14,45,Smear Negative
Germany,2009,sn,m,15-24,77,Smear Negative
Germany,2009,sn,m,25-34,134,Smear Negative
Germany,2009,sn,m,35-44,133,Smear Negative
Germany,2009,sn,m,45-54,194,Smear Negative
Germany,2009,sn,m,55-64,151,Smear Negative
Germany,2009,sn,m,65+,332,Smear Negative
Germany,2009,sn,f,0-14,56,Smear Negative
Germany,2009,sn,f,15-24,73,Smear Negative
Germany,2009,sn,f,25-34,116,Smear Negative
Germany,2009,sn,f,35-44,84,Smear Negative
Germany,2009,sn,f,45-54,70,Smear Negative
Germany,2009,sn,f,55-64,80,Smear Negative
Germany,2009,sn,f,65+,232,Smear Negative
Germany,2009,ep,m,0-14,15,Extrapulmonary
Germany,2009,ep,m,15-24,37,Extrapulmonary
Germany,2009,ep,m,25-34,58,Extrapulmonary
Germany,2009,ep,m,35-44,56,Extrapulmonary
Germany,2009,ep,m,45-54,36,Extrapulmonary
Germany,2009,ep,m,55-64,46,Extrapulmonary
Germany,2009,ep,m,65+,99,Extrapulmonary
Germany,2009,ep,f,0-14,17,Extrapulmonary
Germany,2009,ep,f,15-24,26,Extrapulmonary
Germany,2009,ep,f,25-34,69,Extrapulmonary
Germany,2009,ep,f,35-44,67,Extrapulmonary
Germany,2009,ep,f,45-54,54,Extrapulmonary
Germany,2009,ep,f,55-64,53,Extrapulmonary
Germany,2009,ep,f,65+,115,Extrapulmonary
Germany,2010,sp,m,0-14,1,Smear Positive
Germany,2010,sp,m,15-24,49,Smear Positive
Germany,2010,sp,m,25-34,96,Smear Positive
Germany,2010,sp,m,35-44,105,Smear Positive
Germany,2010,sp,m,45-54,149,Smear Positive
Germany,2010,sp,m,55-64,97,Smear Positive
Germany,2010,sp,m,65+,145,Smear Positive
Germany,2010,sp,f,0-14,3,Smear Positive
Germany,2010,sp,f,15-24,48,Smear Positive
Germany,2010,sp,f,25-34,68,Smear Positive
Germany,2010,sp,f,35-44,63,Smear Positive
Germany,2010,sp,f,45-54,38,Smear Positive
Germany,2010,sp,f,55-64,27,Smear Positive
Germany,2010,sp,f,65+,78,Smear Positive
Germany,2010,sn,m,0-14,60,Smear Negative
Germany,2010,sn,m,15-24,90,Smear Negative
Germany,2010,sn,m,25-34,119,Smear Negative
Germany,2010,sn,m,35-44,131,Smear Negative
Germany,2010,sn,m,45-54,185,Smear Negative
Germany,2010,sn,m,55-64,148,Smear Negative
Germany,2010,sn,m,65+,320,Smear Negative
Germany,2010,sn,f,0-14,53,Smear Negative
Germany,2010,sn,f,15-24,66,Smear Negative
Germany,2010,sn,f,25-34,125,Smear Negative
Germany,2010,sn,f,35-44,61,Smear Negative
Germany,2010,sn,f,45-54,89,Smear Negative
Germany,2010,sn,f,55-64,49,Smear Negative
Germany,2010,sn,f,65+,205,Smear Negative
Germany,2010,ep,m,0-14,20,Extrapulmonary
Germany,2010,ep,m,15-24,30,Extrapulmonary
Germany,2010,ep,m,25-34,74,Extrapulmonary
Germany,2010,ep,m,35-44,45,Extrapulmonary
Germany,2010,ep,m,45-54,58,Extrapulmonary
Germany,2010,ep,m,55-64,40,Extrapulmonary
Germany,2010,ep,m,65+,106,Extrapulmonary
Germany,2010,ep,f,0-14,15,Extrapulmonary
Germany,2010,ep,f,15-24,25,Extrapulmonary
Germany,2010,ep,f,25-34,63,Extrapulmonary
Germany,2010,ep,f,35-44,68,Extrapulmonary
Germany,2010,ep,f,45-54,52,Extrapulmonary
Germany,2010,ep,f,55-64,50,Extrapulmonary
Germany,2010,ep,f,65+,138,Extrapulmonary
Germany,2011,sp,m,0-14,0,Smear Positive
Germany,2011,sp,m,15-24,43,Smear Positive
Germany,2011,sp,m,25-34,95,Smear Positive
Germany,2011,sp,m,35-44,108,Smear Positive
Germany,2011,sp,m,45-54,139,Smear Positive
Germany,2011,sp,m,55-64,69,Smear Positive
Germany,2011,sp,m,65+,127,Smear Positive
Germany,2011,sp,f,0-14,2,Smear Positive
Germany,2011,sp,f,15-24,45,Smear Positive
Germany,2011,sp,f,25-34,90,Smear Positive
Germany,2011,sp,f,35-44,61,Smear Positive
Germany,2011,sp,f,45-54,53,Smear Positive
Germany,2011,sp,f,55-64,26,Smear Positive
Germany,2011,sp,f,65+,87,Smear Positive
Germany,2011,sn,m,0-14,65,Smear Negative
Germany,2011,sn,m,15-24,74,Smear Negative
Germany,2011,sn,m,25-34,118,Smear Negative
Germany,2011,sn,m,35-44,141,Smear Negative
Germany,2011,sn,m,45-54,180,Smear Negative
Germany,2011,sn,m,55-64,151,Smear Negative
Germany,2011,sn,m,65+,333,Smear Negative
Germany,2011,sn,f,0-14,63,Smear Negative
Germany,2011,sn,f,15-24,62,Smear Negative
Germany,2011,sn,f,25-34,128,Smear Negative
Germany,2011,sn,f,35-44,85,Smear Negative
Germany,2011,sn,f,45-54,87,Smear Negative
Germany,2011,sn,f,55-64,76,Smear Negative
Germany,2011,sn,f,65+,212,Smear Negative
Germany,2011,ep,m,0-14,15,Extrapulmonary
Germany,2011,ep,m,15-24,29,Extrapulmonary
Germany,2011,ep,m,25-34,67,Extrapulmonary
Germany,2011,ep,m,35-44,61,Extrapulmonary
Germany,2011,ep,m,45-54,52,Extrapulmonary
Germany,2011,ep,m,55-64,40,Extrapulmonary
Germany,2011,ep,m,65+,99,Extrapulmonary
Germany,2011,ep,f,0-14,14,Extrapulmonary
Germany,2011,ep,f,15-24,22,Extrapulmonary
Germany,2011,ep,f,25-34,55,Extrapulmonary
Germany,2011,ep,f,35-44,50,Extrapulmonary
Germany,2011,ep,f,45-54,49,Extrapulmonary
Germany,2011,ep,f,55-64,62,Extrapulmonary
Germany,2011,ep,f,65+,122,Extrapulmonary
Germany,2012,sp,m,0-14,4,Smear Positive
Germany,2012,sp,m,15-24,47,Smear Positive
Germany,2012,sp,m,25-34,101,Smear Positive
Germany,2012,sp,m,35-44,114,Smear Positive
Germany,2012,sp,m,45-54,152,Smear Positive
Germany,2012,sp,m,55-64,106,Smear Positive
Germany,2012,sp,m,65+,104,Smear Positive
Germany,2012,sp,f,0-14,6,Smear Positive
Germany,2012,sp,f,15-24,53,Smear Positive
Germany,2012,sp,f,25-34,99,Smear Positive
Germany,2012,sp,f,35-44,38,Smear Positive
Germany,2012,sp,f,45-54,46,Smear Positive
Germany,2012,sp,f,55-64,25,Smear Positive
Germany,2012,sp,f,65+,55,Smear Positive
Germany,2012,sn,m,0-14,66,Smear Negative
Germany,2012,sn,m,15-24,78,Smear Negative
Germany,2012,sn,m,25-34,122,Smear Negative
Germany,2012,sn,m,35-44,140,Smear Negative
Germany,2012,sn,m,45-54,154,Smear Negative
Germany,2012,sn,m,55-64,158,Smear Negative
Germany,2012,sn,m,65+,276,Smear Negative
Germany,2012,sn,f,0-14,61,Smear Negative
Germany,2012,sn,f,15-24,53,Smear Negative
Germany,2012,sn,f,25-34,97,Smear Negative
Germany,2012,sn,f,35-44,78,Smear Negative
Germany,2012,sn,f,45-54,68,Smear Negative
Germany,2012,sn,f,55-64,64,Smear Negative
Germany,2012,sn,f,65+,189,Smear Negative
Germany,2012,ep,m,0-14,14,Extrapulmonary
Germany,2012,ep,m,15-24,51,Extrapulmonary
Germany,2012,ep,m,25-34,72,Extrapulmonary
Germany,2012,ep,m,35-44,59,Extrapulmonary
Germany,2012,ep,m,45-54,62,Extrapulmonary
Germany,2012,ep,m,55-64,49,Extrapulmonary
Germany,2012,ep,m,65+,119,Extrapulmonary
Germany,2012,ep,f,0-14,18,Extrapulmonary
Germany,2012,ep,f,15-24,25,Extrapulmonary
Germany,2012,ep,f,25-34,86,Extrapulmonary
Germany,2012,ep,f,35-44,53,Extrapulmonary
Germany,2012,ep,f,45-54,50,Extrapulmonary
Germany,2012,ep,f,55-64,57,Extrapulmonary
Germany,2012,ep,f,65+,109,Extrapulmonary
Germany,2013,rel,m,0-14,88,Relapse
Germany,2013,rel,m,15-24,268,Relapse
Germany,2013,rel,m,25-34,399,Relapse
Germany,2013,rel,m,35-44,379,Relapse
Germany,2013,rel,m,45-54,433,Relapse
Germany,2013,rel,m,55-64,328,Relapse
Germany,2013,rel,m,65+,672,Relapse
Germany,2013,rel,f,0-14,80,Relapse
Germany,2013,rel,f,15-24,189,Relapse
Germany,2013,rel,f,25-34,323,Relapse
Germany,2013,rel,f,35-44,215,Relapse
Germany,2013,rel,f,45-54,186,Relapse
Germany,2013,rel,f,55-64,158,Relapse
Germany,2013,rel,f,65+,457,Relapse
Ghana,1995,sp,m,0-14,42,Smear Positive
Ghana,1995,sp,m,15-24,223,Smear Positive
Ghana,1995,sp,m,25-34,397,Smear Positive
Ghana,1995,sp,m,35-44,398,Smear Positive
Ghana,1995,sp,m,45-54,302,Smear Positive
Ghana,1995,sp,m,55-64,190,Smear Positive
Ghana,1995,sp,m,65+,112,Smear Positive
Ghana,1995,sp,f,0-14,40,Smear Positive
Ghana,1995,sp,f,15-24,199,Smear Positive
Ghana,1995,sp,f,25-34,272,Smear Positive
Ghana,1995,sp,f,35-44,205,Smear Positive
Ghana,1995,sp,f,45-54,122,Smear Positive
Ghana,1995,sp,f,55-64,88,Smear Positive
Ghana,1995,sp,f,65+,48,Smear Positive
Ghana,1996,sp,m,0-14,30,Smear Positive
Ghana,1996,sp,m,15-24,216,Smear Positive
Ghana,1996,sp,m,25-34,345,Smear Positive
Ghana,1996,sp,m,35-44,368,Smear Positive
Ghana,1996,sp,m,45-54,255,Smear Positive
Ghana,1996,sp,m,55-64,165,Smear Positive
Ghana,1996,sp,m,65+,157,Smear Positive
Ghana,1996,sp,f,0-14,32,Smear Positive
Ghana,1996,sp,f,15-24,177,Smear Positive
Ghana,1996,sp,f,25-34,260,Smear Positive
Ghana,1996,sp,f,35-44,200,Smear Positive
Ghana,1996,sp,f,45-54,110,Smear Positive
Ghana,1996,sp,f,55-64,64,Smear Positive
Ghana,1996,sp,f,65+,43,Smear Positive
Ghana,1997,sp,m,0-14,77,Smear Positive
Ghana,1997,sp,m,15-24,406,Smear Positive
Ghana,1997,sp,m,25-34,941,Smear Positive
Ghana,1997,sp,m,35-44,781,Smear Positive
Ghana,1997,sp,m,45-54,623,Smear Positive
Ghana,1997,sp,m,55-64,367,Smear Positive
Ghana,1997,sp,m,65+,294,Smear Positive
Ghana,1997,sp,f,0-14,90,Smear Positive
Ghana,1997,sp,f,15-24,363,Smear Positive
Ghana,1997,sp,f,25-34,651,Smear Positive
Ghana,1997,sp,f,35-44,418,Smear Positive
Ghana,1997,sp,f,45-54,276,Smear Positive
Ghana,1997,sp,f,55-64,188,Smear Positive
Ghana,1997,sp,f,65+,121,Smear Positive
Ghana,1998,sp,m,0-14,83,Smear Positive
Ghana,1998,sp,m,15-24,553,Smear Positive
Ghana,1998,sp,m,25-34,1009,Smear Positive
Ghana,1998,sp,m,35-44,913,Smear Positive
Ghana,1998,sp,m,45-54,775,Smear Positive
Ghana,1998,sp,m,55-64,509,Smear Positive
Ghana,1998,sp,m,65+,487,Smear Positive
Ghana,1998,sp,f,0-14,85,Smear Positive
Ghana,1998,sp,f,15-24,483,Smear Positive
Ghana,1998,sp,f,25-34,758,Smear Positive
Ghana,1998,sp,f,35-44,493,Smear Positive
Ghana,1998,sp,f,45-54,366,Smear Positive
Ghana,1998,sp,f,55-64,248,Smear Positive
Ghana,1998,sp,f,65+,243,Smear Positive
Ghana,1999,sp,m,0-14,64,Smear Positive
Ghana,1999,sp,m,15-24,586,Smear Positive
Ghana,1999,sp,m,25-34,1132,Smear Positive
Ghana,1999,sp,m,35-44,1008,Smear Positive
Ghana,1999,sp,m,45-54,767,Smear Positive
Ghana,1999,sp,m,55-64,389,Smear Positive
Ghana,1999,sp,m,65+,389,Smear Positive
Ghana,1999,sp,f,0-14,80,Smear Positive
Ghana,1999,sp,f,15-24,491,Smear Positive
Ghana,1999,sp,f,25-34,753,Smear Positive
Ghana,1999,sp,f,35-44,492,Smear Positive
Ghana,1999,sp,f,45-54,302,Smear Positive
Ghana,1999,sp,f,55-64,192,Smear Positive
Ghana,1999,sp,f,65+,180,Smear Positive
Ghana,2000,sp,m,0-14,73,Smear Positive
Ghana,2000,sp,m,15-24,550,Smear Positive
Ghana,2000,sp,m,25-34,1266,Smear Positive
Ghana,2000,sp,m,35-44,1115,Smear Positive
Ghana,2000,sp,m,45-54,811,Smear Positive
Ghana,2000,sp,m,55-64,495,Smear Positive
Ghana,2000,sp,m,65+,426,Smear Positive
Ghana,2000,sp,f,0-14,74,Smear Positive
Ghana,2000,sp,f,15-24,456,Smear Positive
Ghana,2000,sp,f,25-34,791,Smear Positive
Ghana,2000,sp,f,35-44,566,Smear Positive
Ghana,2000,sp,f,45-54,338,Smear Positive
Ghana,2000,sp,f,55-64,179,Smear Positive
Ghana,2000,sp,f,65+,176,Smear Positive
Ghana,2001,sp,m,0-14,84,Smear Positive
Ghana,2001,sp,m,15-24,587,Smear Positive
Ghana,2001,sp,m,25-34,1223,Smear Positive
Ghana,2001,sp,m,35-44,1144,Smear Positive
Ghana,2001,sp,m,45-54,857,Smear Positive
Ghana,2001,sp,m,55-64,471,Smear Positive
Ghana,2001,sp,m,65+,460,Smear Positive
Ghana,2001,sp,f,0-14,128,Smear Positive
Ghana,2001,sp,f,15-24,515,Smear Positive
Ghana,2001,sp,f,25-34,814,Smear Positive
Ghana,2001,sp,f,35-44,623,Smear Positive
Ghana,2001,sp,f,45-54,370,Smear Positive
Ghana,2001,sp,f,55-64,209,Smear Positive
Ghana,2001,sp,f,65+,227,Smear Positive
Ghana,2002,sp,m,0-14,80,Smear Positive
Ghana,2002,sp,m,15-24,535,Smear Positive
Ghana,2002,sp,m,25-34,1245,Smear Positive
Ghana,2002,sp,m,35-44,1282,Smear Positive
Ghana,2002,sp,m,45-54,883,Smear Positive
Ghana,2002,sp,m,55-64,507,Smear Positive
Ghana,2002,sp,m,65+,429,Smear Positive
Ghana,2002,sp,f,0-14,98,Smear Positive
Ghana,2002,sp,f,15-24,489,Smear Positive
Ghana,2002,sp,f,25-34,806,Smear Positive
Ghana,2002,sp,f,35-44,592,Smear Positive
Ghana,2002,sp,f,45-54,325,Smear Positive
Ghana,2002,sp,f,55-64,223,Smear Positive
Ghana,2002,sp,f,65+,238,Smear Positive
Ghana,2003,sp,m,0-14,79,Smear Positive
Ghana,2003,sp,m,15-24,579,Smear Positive
Ghana,2003,sp,m,25-34,1265,Smear Positive
Ghana,2003,sp,m,35-44,1234,Smear Positive
Ghana,2003,sp,m,45-54,924,Smear Positive
Ghana,2003,sp,m,55-64,509,Smear Positive
Ghana,2003,sp,m,65+,441,Smear Positive
Ghana,2003,sp,f,0-14,83,Smear Positive
Ghana,2003,sp,f,15-24,487,Smear Positive
Ghana,2003,sp,f,25-34,744,Smear Positive
Ghana,2003,sp,f,35-44,586,Smear Positive
Ghana,2003,sp,f,45-54,380,Smear Positive
Ghana,2003,sp,f,55-64,200,Smear Positive
Ghana,2003,sp,f,65+,203,Smear Positive
Ghana,2004,sp,m,0-14,54,Smear Positive
Ghana,2004,sp,m,15-24,532,Smear Positive
Ghana,2004,sp,m,25-34,1246,Smear Positive
Ghana,2004,sp,m,35-44,1250,Smear Positive
Ghana,2004,sp,m,45-54,854,Smear Positive
Ghana,2004,sp,m,55-64,472,Smear Positive
Ghana,2004,sp,m,65+,413,Smear Positive
Ghana,2004,sp,f,0-14,69,Smear Positive
Ghana,2004,sp,f,15-24,454,Smear Positive
Ghana,2004,sp,f,25-34,701,Smear Positive
Ghana,2004,sp,f,35-44,518,Smear Positive
Ghana,2004,sp,f,45-54,303,Smear Positive
Ghana,2004,sp,f,55-64,202,Smear Positive
Ghana,2004,sp,f,65+,191,Smear Positive
Ghana,2005,sp,m,0-14,49,Smear Positive
Ghana,2005,sp,m,15-24,592,Smear Positive
Ghana,2005,sp,m,25-34,1201,Smear Positive
Ghana,2005,sp,m,35-44,1311,Smear Positive
Ghana,2005,sp,m,45-54,944,Smear Positive
Ghana,2005,sp,m,55-64,462,Smear Positive
Ghana,2005,sp,m,65+,414,Smear Positive
Ghana,2005,sp,f,0-14,68,Smear Positive
Ghana,2005,sp,f,15-24,450,Smear Positive
Ghana,2005,sp,f,25-34,693,Smear Positive
Ghana,2005,sp,f,35-44,527,Smear Positive
Ghana,2005,sp,f,45-54,366,Smear Positive
Ghana,2005,sp,f,55-64,207,Smear Positive
Ghana,2005,sp,f,65+,221,Smear Positive
Ghana,2006,sp,m,0-14,33,Smear Positive
Ghana,2006,sp,m,15-24,557,Smear Positive
Ghana,2006,sp,m,25-34,1273,Smear Positive
Ghana,2006,sp,m,35-44,1388,Smear Positive
Ghana,2006,sp,m,45-54,956,Smear Positive
Ghana,2006,sp,m,55-64,529,Smear Positive
Ghana,2006,sp,m,65+,443,Smear Positive
Ghana,2006,sp,f,0-14,70,Smear Positive
Ghana,2006,sp,f,15-24,494,Smear Positive
Ghana,2006,sp,f,25-34,711,Smear Positive
Ghana,2006,sp,f,35-44,515,Smear Positive
Ghana,2006,sp,f,45-54,381,Smear Positive
Ghana,2006,sp,f,55-64,207,Smear Positive
Ghana,2006,sp,f,65+,229,Smear Positive
Ghana,2007,sp,m,0-14,66,Smear Positive
Ghana,2007,sp,m,15-24,596,Smear Positive
Ghana,2007,sp,m,25-34,1164,Smear Positive
Ghana,2007,sp,m,35-44,1239,Smear Positive
Ghana,2007,sp,m,45-54,861,Smear Positive
Ghana,2007,sp,m,55-64,477,Smear Positive
Ghana,2007,sp,m,65+,506,Smear Positive
Ghana,2007,sp,f,0-14,75,Smear Positive
Ghana,2007,sp,f,15-24,453,Smear Positive
Ghana,2007,sp,f,25-34,667,Smear Positive
Ghana,2007,sp,f,35-44,564,Smear Positive
Ghana,2007,sp,f,45-54,371,Smear Positive
Ghana,2007,sp,f,55-64,183,Smear Positive
Ghana,2007,sp,f,65+,207,Smear Positive
Ghana,2007,sn,m,0-14,0,Smear Negative
Ghana,2007,sn,m,15-24,0,Smear Negative
Ghana,2007,sn,m,25-34,0,Smear Negative
Ghana,2007,sn,m,35-44,0,Smear Negative
Ghana,2007,sn,m,45-54,0,Smear Negative
Ghana,2007,sn,m,65+,0,Smear Negative
Ghana,2007,sn,f,0-14,0,Smear Negative
Ghana,2007,sn,f,15-24,0,Smear Negative
Ghana,2007,sn,f,25-34,0,Smear Negative
Ghana,2007,sn,f,35-44,0,Smear Negative
Ghana,2007,sn,f,55-64,0,Smear Negative
Ghana,2007,sn,f,65+,0,Smear Negative
Ghana,2007,ep,m,0-14,0,Extrapulmonary
Ghana,2007,ep,m,15-24,0,Extrapulmonary
Ghana,2007,ep,m,55-64,0,Extrapulmonary
Ghana,2007,ep,f,0-14,0,Extrapulmonary
Ghana,2007,ep,f,15-24,0,Extrapulmonary
Ghana,2007,ep,f,35-44,0,Extrapulmonary
Ghana,2007,ep,f,65+,0,Extrapulmonary
Ghana,2009,sp,m,0-14,66,Smear Positive
Ghana,2009,sp,m,15-24,674,Smear Positive
Ghana,2009,sp,m,25-34,1285,Smear Positive
Ghana,2009,sp,m,35-44,1423,Smear Positive
Ghana,2009,sp,m,45-54,1064,Smear Positive
Ghana,2009,sp,m,55-64,505,Smear Positive
Ghana,2009,sp,m,65+,539,Smear Positive
Ghana,2009,sp,f,0-14,58,Smear Positive
Ghana,2009,sp,f,15-24,491,Smear Positive
Ghana,2009,sp,f,25-34,701,Smear Positive
Ghana,2009,sp,f,35-44,605,Smear Positive
Ghana,2009,sp,f,45-54,362,Smear Positive
Ghana,2009,sp,f,55-64,197,Smear Positive
Ghana,2009,sp,f,65+,285,Smear Positive
Ghana,2010,sp,m,0-14,63,Smear Positive
Ghana,2010,sp,m,15-24,570,Smear Positive
Ghana,2010,sp,m,25-34,1146,Smear Positive
Ghana,2010,sp,m,35-44,1301,Smear Positive
Ghana,2010,sp,m,45-54,1030,Smear Positive
Ghana,2010,sp,m,55-64,540,Smear Positive
Ghana,2010,sp,m,65+,447,Smear Positive
Ghana,2010,sp,f,0-14,64,Smear Positive
Ghana,2010,sp,f,15-24,446,Smear Positive
Ghana,2010,sp,f,25-34,667,Smear Positive
Ghana,2010,sp,f,35-44,560,Smear Positive
Ghana,2010,sp,f,45-54,369,Smear Positive
Ghana,2010,sp,f,55-64,204,Smear Positive
Ghana,2010,sp,f,65+,249,Smear Positive
Ghana,2010,sn,m,0-14,292,Smear Negative
Ghana,2010,sn,m,15-24,285,Smear Negative
Ghana,2010,sn,m,25-34,607,Smear Negative
Ghana,2010,sn,m,35-44,716,Smear Negative
Ghana,2010,sn,m,45-54,511,Smear Negative
Ghana,2010,sn,m,55-64,284,Smear Negative
Ghana,2010,sn,m,65+,345,Smear Negative
Ghana,2010,sn,f,0-14,251,Smear Negative
Ghana,2010,sn,f,15-24,206,Smear Negative
Ghana,2010,sn,f,25-34,455,Smear Negative
Ghana,2010,sn,f,35-44,460,Smear Negative
Ghana,2010,sn,f,45-54,283,Smear Negative
Ghana,2010,sn,f,55-64,147,Smear Negative
Ghana,2010,sn,f,65+,226,Smear Negative
Ghana,2011,sp,m,0-14,50,Smear Positive
Ghana,2011,sp,m,15-24,550,Smear Positive
Ghana,2011,sp,m,25-34,1127,Smear Positive
Ghana,2011,sp,m,35-44,1328,Smear Positive
Ghana,2011,sp,m,45-54,955,Smear Positive
Ghana,2011,sp,m,55-64,491,Smear Positive
Ghana,2011,sp,m,65+,456,Smear Positive
Ghana,2011,sp,f,0-14,52,Smear Positive
Ghana,2011,sp,f,15-24,470,Smear Positive
Ghana,2011,sp,f,25-34,699,Smear Positive
Ghana,2011,sp,f,35-44,614,Smear Positive
Ghana,2011,sp,f,45-54,390,Smear Positive
Ghana,2011,sp,f,55-64,174,Smear Positive
Ghana,2011,sp,f,65+,260,Smear Positive
Ghana,2011,sn,m,0-14,311,Smear Negative
Ghana,2011,sn,m,15-24,249,Smear Negative
Ghana,2011,sn,m,25-34,632,Smear Negative
Ghana,2011,sn,m,35-44,869,Smear Negative
Ghana,2011,sn,m,45-54,658,Smear Negative
Ghana,2011,sn,m,55-64,390,Smear Negative
Ghana,2011,sn,m,65+,536,Smear Negative
Ghana,2011,sn,f,0-14,252,Smear Negative
Ghana,2011,sn,f,15-24,189,Smear Negative
Ghana,2011,sn,f,25-34,452,Smear Negative
Ghana,2011,sn,f,35-44,496,Smear Negative
Ghana,2011,sn,f,45-54,318,Smear Negative
Ghana,2011,sn,f,55-64,210,Smear Negative
Ghana,2011,sn,f,65+,313,Smear Negative
Ghana,2011,ep,m,0-14,119,Extrapulmonary
Ghana,2011,ep,m,15-24,110,Extrapulmonary
Ghana,2011,ep,m,25-34,141,Extrapulmonary
Ghana,2011,ep,m,35-44,187,Extrapulmonary
Ghana,2011,ep,m,45-54,136,Extrapulmonary
Ghana,2011,ep,m,55-64,95,Extrapulmonary
Ghana,2011,ep,m,65+,74,Extrapulmonary
Ghana,2011,ep,f,0-14,85,Extrapulmonary
Ghana,2011,ep,f,15-24,80,Extrapulmonary
Ghana,2011,ep,f,25-34,153,Extrapulmonary
Ghana,2011,ep,f,35-44,104,Extrapulmonary
Ghana,2011,ep,f,45-54,74,Extrapulmonary
Ghana,2011,ep,f,55-64,59,Extrapulmonary
Ghana,2011,ep,f,65+,54,Extrapulmonary
Ghana,2012,sp,m,0-14,30,Smear Positive
Ghana,2012,sp,m,15-24,559,Smear Positive
Ghana,2012,sp,m,25-34,1051,Smear Positive
Ghana,2012,sp,m,35-44,1271,Smear Positive
Ghana,2012,sp,m,45-54,921,Smear Positive
Ghana,2012,sp,m,55-64,512,Smear Positive
Ghana,2012,sp,m,65+,462,Smear Positive
Ghana,2012,sp,f,0-14,51,Smear Positive
Ghana,2012,sp,f,15-24,418,Smear Positive
Ghana,2012,sp,f,25-34,563,Smear Positive
Ghana,2012,sp,f,35-44,468,Smear Positive
Ghana,2012,sp,f,45-54,332,Smear Positive
Ghana,2012,sp,f,55-64,188,Smear Positive
Ghana,2012,sp,f,65+,271,Smear Positive
Ghana,2012,sn,m,0-14,275,Smear Negative
Ghana,2012,sn,m,15-24,274,Smear Negative
Ghana,2012,sn,m,25-34,576,Smear Negative
Ghana,2012,sn,m,35-44,871,Smear Negative
Ghana,2012,sn,m,45-54,703,Smear Negative
Ghana,2012,sn,m,55-64,419,Smear Negative
Ghana,2012,sn,m,65+,563,Smear Negative
Ghana,2012,sn,f,0-14,243,Smear Negative
Ghana,2012,sn,f,15-24,202,Smear Negative
Ghana,2012,sn,f,25-34,446,Smear Negative
Ghana,2012,sn,f,35-44,496,Smear Negative
Ghana,2012,sn,f,45-54,360,Smear Negative
Ghana,2012,sn,f,55-64,220,Smear Negative
Ghana,2012,sn,f,65+,331,Smear Negative
Ghana,2012,ep,m,0-14,124,Extrapulmonary
Ghana,2012,ep,m,15-24,97,Extrapulmonary
Ghana,2012,ep,m,25-34,130,Extrapulmonary
Ghana,2012,ep,m,35-44,153,Extrapulmonary
Ghana,2012,ep,m,45-54,115,Extrapulmonary
Ghana,2012,ep,m,55-64,104,Extrapulmonary
Ghana,2012,ep,m,65+,54,Extrapulmonary
Ghana,2012,ep,f,0-14,97,Extrapulmonary
Ghana,2012,ep,f,15-24,57,Extrapulmonary
Ghana,2012,ep,f,25-34,102,Extrapulmonary
Ghana,2012,ep,f,35-44,116,Extrapulmonary
Ghana,2012,ep,f,45-54,77,Extrapulmonary
Ghana,2012,ep,f,55-64,39,Extrapulmonary
Ghana,2012,ep,f,65+,36,Extrapulmonary
Ghana,2013,rel,m,0-14,420,Relapse
Ghana,2013,rel,m,15-24,937,Relapse
Ghana,2013,rel,m,25-34,1871,Relapse
Ghana,2013,rel,m,35-44,2401,Relapse
Ghana,2013,rel,m,45-54,1901,Relapse
Ghana,2013,rel,m,55-64,1128,Relapse
Ghana,2013,rel,m,65+,1080,Relapse
Ghana,2013,rel,f,0-14,363,Relapse
Ghana,2013,rel,f,15-24,753,Relapse
Ghana,2013,rel,f,25-34,1170,Relapse
Ghana,2013,rel,f,35-44,1089,Relapse
Ghana,2013,rel,f,45-54,793,Relapse
Ghana,2013,rel,f,55-64,463,Relapse
Ghana,2013,rel,f,65+,674,Relapse
Greece,1997,sp,m,0-14,0,Smear Positive
Greece,1997,sp,m,15-24,16,Smear Positive
Greece,1997,sp,m,25-34,30,Smear Positive
Greece,1997,sp,m,35-44,34,Smear Positive
Greece,1997,sp,m,45-54,42,Smear Positive
Greece,1997,sp,m,55-64,39,Smear Positive
Greece,1997,sp,m,65+,47,Smear Positive
Greece,1997,sp,f,0-14,0,Smear Positive
Greece,1997,sp,f,15-24,14,Smear Positive
Greece,1997,sp,f,25-34,19,Smear Positive
Greece,1997,sp,f,35-44,8,Smear Positive
Greece,1997,sp,f,45-54,3,Smear Positive
Greece,1997,sp,f,55-64,9,Smear Positive
Greece,1997,sp,f,65+,26,Smear Positive
Greece,1998,sp,m,0-14,15,Smear Positive
Greece,1998,sp,m,15-24,15,Smear Positive
Greece,1998,sp,m,25-34,31,Smear Positive
Greece,1998,sp,m,35-44,31,Smear Positive
Greece,1998,sp,m,45-54,22,Smear Positive
Greece,1998,sp,m,55-64,31,Smear Positive
Greece,1998,sp,m,65+,47,Smear Positive
Greece,1998,sp,f,0-14,11,Smear Positive
Greece,1998,sp,f,15-24,20,Smear Positive
Greece,1998,sp,f,25-34,12,Smear Positive
Greece,1998,sp,f,35-44,13,Smear Positive
Greece,1998,sp,f,45-54,8,Smear Positive
Greece,1998,sp,f,55-64,5,Smear Positive
Greece,1998,sp,f,65+,26,Smear Positive
Greece,1999,sp,m,0-14,3,Smear Positive
Greece,1999,sp,m,15-24,11,Smear Positive
Greece,1999,sp,m,25-34,11,Smear Positive
Greece,1999,sp,m,35-44,17,Smear Positive
Greece,1999,sp,m,45-54,18,Smear Positive
Greece,1999,sp,m,55-64,18,Smear Positive
Greece,1999,sp,m,65+,27,Smear Positive
Greece,1999,sp,f,0-14,1,Smear Positive
Greece,1999,sp,f,15-24,5,Smear Positive
Greece,1999,sp,f,25-34,8,Smear Positive
Greece,1999,sp,f,35-44,8,Smear Positive
Greece,1999,sp,f,45-54,2,Smear Positive
Greece,1999,sp,f,55-64,3,Smear Positive
Greece,1999,sp,f,65+,10,Smear Positive
Greece,2000,sp,m,0-14,1,Smear Positive
Greece,2000,sp,m,15-24,10,Smear Positive
Greece,2000,sp,m,25-34,22,Smear Positive
Greece,2000,sp,m,35-44,32,Smear Positive
Greece,2000,sp,m,45-54,24,Smear Positive
Greece,2000,sp,m,55-64,19,Smear Positive
Greece,2000,sp,m,65+,46,Smear Positive
Greece,2000,sp,f,0-14,0,Smear Positive
Greece,2000,sp,f,15-24,2,Smear Positive
Greece,2000,sp,f,25-34,9,Smear Positive
Greece,2000,sp,f,35-44,10,Smear Positive
Greece,2000,sp,f,45-54,5,Smear Positive
Greece,2000,sp,f,55-64,6,Smear Positive
Greece,2000,sp,f,65+,25,Smear Positive
Greece,2001,sp,m,0-14,0,Smear Positive
Greece,2001,sp,m,15-24,10,Smear Positive
Greece,2001,sp,m,25-34,23,Smear Positive
Greece,2001,sp,m,35-44,29,Smear Positive
Greece,2001,sp,m,45-54,20,Smear Positive
Greece,2001,sp,m,55-64,17,Smear Positive
Greece,2001,sp,m,65+,37,Smear Positive
Greece,2001,sp,f,0-14,0,Smear Positive
Greece,2001,sp,f,15-24,7,Smear Positive
Greece,2001,sp,f,25-34,11,Smear Positive
Greece,2001,sp,f,35-44,7,Smear Positive
Greece,2001,sp,f,45-54,4,Smear Positive
Greece,2001,sp,f,55-64,7,Smear Positive
Greece,2001,sp,f,65+,27,Smear Positive
Greece,2002,sp,m,0-14,0,Smear Positive
Greece,2002,sp,m,15-24,1,Smear Positive
Greece,2002,sp,m,25-34,13,Smear Positive
Greece,2002,sp,m,35-44,27,Smear Positive
Greece,2002,sp,m,45-54,33,Smear Positive
Greece,2002,sp,m,55-64,30,Smear Positive
Greece,2002,sp,m,65+,10,Smear Positive
Greece,2002,sp,f,0-14,0,Smear Positive
Greece,2002,sp,f,15-24,0,Smear Positive
Greece,2002,sp,f,25-34,3,Smear Positive
Greece,2002,sp,f,35-44,17,Smear Positive
Greece,2002,sp,f,45-54,11,Smear Positive
Greece,2002,sp,f,55-64,5,Smear Positive
Greece,2002,sp,f,65+,2,Smear Positive
Greece,2003,sp,m,0-14,2,Smear Positive
Greece,2003,sp,m,15-24,20,Smear Positive
Greece,2003,sp,m,25-34,28,Smear Positive
Greece,2003,sp,m,35-44,25,Smear Positive
Greece,2003,sp,m,45-54,23,Smear Positive
Greece,2003,sp,m,55-64,25,Smear Positive
Greece,2003,sp,m,65+,36,Smear Positive
Greece,2003,sp,f,0-14,0,Smear Positive
Greece,2003,sp,f,15-24,7,Smear Positive
Greece,2003,sp,f,25-34,9,Smear Positive
Greece,2003,sp,f,35-44,7,Smear Positive
Greece,2003,sp,f,45-54,2,Smear Positive
Greece,2003,sp,f,55-64,5,Smear Positive
Greece,2003,sp,f,65+,18,Smear Positive
Greece,2004,sp,m,0-14,1,Smear Positive
Greece,2004,sp,m,15-24,9,Smear Positive
Greece,2004,sp,m,25-34,14,Smear Positive
Greece,2004,sp,m,35-44,22,Smear Positive
Greece,2004,sp,m,45-54,18,Smear Positive
Greece,2004,sp,m,55-64,13,Smear Positive
Greece,2004,sp,m,65+,34,Smear Positive
Greece,2004,sp,f,0-14,0,Smear Positive
Greece,2004,sp,f,15-24,3,Smear Positive
Greece,2004,sp,f,25-34,7,Smear Positive
Greece,2004,sp,f,35-44,10,Smear Positive
Greece,2004,sp,f,45-54,3,Smear Positive
Greece,2004,sp,f,55-64,3,Smear Positive
Greece,2004,sp,f,65+,14,Smear Positive
Greece,2005,sp,m,0-14,1,Smear Positive
Greece,2005,sp,m,15-24,14,Smear Positive
Greece,2005,sp,m,25-34,25,Smear Positive
Greece,2005,sp,m,35-44,22,Smear Positive
Greece,2005,sp,m,45-54,14,Smear Positive
Greece,2005,sp,m,55-64,12,Smear Positive
Greece,2005,sp,m,65+,23,Smear Positive
Greece,2005,sp,f,0-14,0,Smear Positive
Greece,2005,sp,f,15-24,13,Smear Positive
Greece,2005,sp,f,25-34,18,Smear Positive
Greece,2005,sp,f,35-44,8,Smear Positive
Greece,2005,sp,f,45-54,7,Smear Positive
Greece,2005,sp,f,55-64,2,Smear Positive
Greece,2005,sp,f,65+,17,Smear Positive
Greece,2006,sp,m,0-14,0,Smear Positive
Greece,2006,sp,m,15-24,11,Smear Positive
Greece,2006,sp,m,25-34,32,Smear Positive
Greece,2006,sp,m,35-44,22,Smear Positive
Greece,2006,sp,m,45-54,24,Smear Positive
Greece,2006,sp,m,55-64,22,Smear Positive
Greece,2006,sp,m,65+,27,Smear Positive
Greece,2006,sp,f,0-14,0,Smear Positive
Greece,2006,sp,f,15-24,13,Smear Positive
Greece,2006,sp,f,25-34,12,Smear Positive
Greece,2006,sp,f,35-44,8,Smear Positive
Greece,2006,sp,f,45-54,5,Smear Positive
Greece,2006,sp,f,55-64,6,Smear Positive
Greece,2006,sp,f,65+,24,Smear Positive
Greece,2006,sn,m,0-14,9,Smear Negative
Greece,2006,sn,m,15-24,13,Smear Negative
Greece,2006,sn,m,25-34,28,Smear Negative
Greece,2006,sn,m,35-44,19,Smear Negative
Greece,2006,sn,m,45-54,29,Smear Negative
Greece,2006,sn,m,55-64,27,Smear Negative
Greece,2006,sn,m,65+,59,Smear Negative
Greece,2006,sn,f,0-14,11,Smear Negative
Greece,2006,sn,f,15-24,10,Smear Negative
Greece,2006,sn,f,25-34,13,Smear Negative
Greece,2006,sn,f,35-44,12,Smear Negative
Greece,2006,sn,f,45-54,8,Smear Negative
Greece,2006,sn,f,55-64,5,Smear Negative
Greece,2006,sn,f,65+,40,Smear Negative
Greece,2006,ep,m,0-14,1,Extrapulmonary
Greece,2006,ep,m,15-24,7,Extrapulmonary
Greece,2006,ep,m,25-34,10,Extrapulmonary
Greece,2006,ep,m,35-44,3,Extrapulmonary
Greece,2006,ep,m,45-54,10,Extrapulmonary
Greece,2006,ep,m,55-64,5,Extrapulmonary
Greece,2006,ep,m,65+,20,Extrapulmonary
Greece,2006,ep,f,0-14,2,Extrapulmonary
Greece,2006,ep,f,15-24,1,Extrapulmonary
Greece,2006,ep,f,25-34,1,Extrapulmonary
Greece,2006,ep,f,35-44,1,Extrapulmonary
Greece,2006,ep,f,45-54,3,Extrapulmonary
Greece,2006,ep,f,55-64,5,Extrapulmonary
Greece,2006,ep,f,65+,15,Extrapulmonary
Greece,2007,sp,m,0-14,1,Smear Positive
Greece,2007,sp,m,15-24,21,Smear Positive
Greece,2007,sp,m,25-34,22,Smear Positive
Greece,2007,sp,m,35-44,34,Smear Positive
Greece,2007,sp,m,45-54,28,Smear Positive
Greece,2007,sp,m,55-64,15,Smear Positive
Greece,2007,sp,m,65+,54,Smear Positive
Greece,2007,sp,f,0-14,0,Smear Positive
Greece,2007,sp,f,15-24,13,Smear Positive
Greece,2007,sp,f,25-34,19,Smear Positive
Greece,2007,sp,f,35-44,11,Smear Positive
Greece,2007,sp,f,45-54,8,Smear Positive
Greece,2007,sp,f,55-64,3,Smear Positive
Greece,2007,sp,f,65+,24,Smear Positive
Greece,2007,sn,m,0-14,9,Smear Negative
Greece,2007,sn,m,15-24,16,Smear Negative
Greece,2007,sn,m,25-34,15,Smear Negative
Greece,2007,sn,m,35-44,14,Smear Negative
Greece,2007,sn,m,45-54,17,Smear Negative
Greece,2007,sn,m,55-64,23,Smear Negative
Greece,2007,sn,m,65+,52,Smear Negative
Greece,2007,sn,f,0-14,13,Smear Negative
Greece,2007,sn,f,15-24,7,Smear Negative
Greece,2007,sn,f,25-34,16,Smear Negative
Greece,2007,sn,f,35-44,10,Smear Negative
Greece,2007,sn,f,45-54,8,Smear Negative
Greece,2007,sn,f,55-64,6,Smear Negative
Greece,2007,sn,f,65+,21,Smear Negative
Greece,2007,ep,m,0-14,7,Extrapulmonary
Greece,2007,ep,m,15-24,1,Extrapulmonary
Greece,2007,ep,m,25-34,0,Extrapulmonary
Greece,2007,ep,m,35-44,3,Extrapulmonary
Greece,2007,ep,m,45-54,2,Extrapulmonary
Greece,2007,ep,m,55-64,0,Extrapulmonary
Greece,2007,ep,m,65+,1,Extrapulmonary
Greece,2007,ep,f,0-14,5,Extrapulmonary
Greece,2007,ep,f,15-24,0,Extrapulmonary
Greece,2007,ep,f,25-34,0,Extrapulmonary
Greece,2007,ep,f,35-44,1,Extrapulmonary
Greece,2007,ep,f,45-54,0,Extrapulmonary
Greece,2007,ep,f,55-64,0,Extrapulmonary
Greece,2007,ep,f,65+,0,Extrapulmonary
Greece,2008,sp,m,0-14,0,Smear Positive
Greece,2008,sp,m,15-24,5,Smear Positive
Greece,2008,sp,m,25-34,14,Smear Positive
Greece,2008,sp,m,35-44,12,Smear Positive
Greece,2008,sp,m,45-54,4,Smear Positive
Greece,2008,sp,m,55-64,6,Smear Positive
Greece,2008,sp,m,65+,9,Smear Positive
Greece,2008,sp,f,0-14,0,Smear Positive
Greece,2008,sp,f,15-24,5,Smear Positive
Greece,2008,sp,f,25-34,9,Smear Positive
Greece,2008,sp,f,35-44,2,Smear Positive
Greece,2008,sp,f,45-54,4,Smear Positive
Greece,2008,sp,f,55-64,3,Smear Positive
Greece,2008,sp,f,65+,7,Smear Positive
Greece,2008,sn,m,0-14,14,Smear Negative
Greece,2008,sn,m,15-24,18,Smear Negative
Greece,2008,sn,m,25-34,33,Smear Negative
Greece,2008,sn,m,35-44,38,Smear Negative
Greece,2008,sn,m,45-54,45,Smear Negative
Greece,2008,sn,m,55-64,28,Smear Negative
Greece,2008,sn,m,65+,76,Smear Negative
Greece,2008,sn,f,0-14,9,Smear Negative
Greece,2008,sn,f,15-24,16,Smear Negative
Greece,2008,sn,f,25-34,19,Smear Negative
Greece,2008,sn,f,35-44,18,Smear Negative
Greece,2008,sn,f,45-54,13,Smear Negative
Greece,2008,sn,f,55-64,10,Smear Negative
Greece,2008,sn,f,65+,36,Smear Negative
Greece,2008,ep,m,0-14,0,Extrapulmonary
Greece,2008,ep,m,15-24,9,Extrapulmonary
Greece,2008,ep,m,25-34,12,Extrapulmonary
Greece,2008,ep,m,35-44,3,Extrapulmonary
Greece,2008,ep,m,45-54,3,Extrapulmonary
Greece,2008,ep,m,55-64,4,Extrapulmonary
Greece,2008,ep,m,65+,16,Extrapulmonary
Greece,2008,ep,f,0-14,8,Extrapulmonary
Greece,2008,ep,f,15-24,1,Extrapulmonary
Greece,2008,ep,f,25-34,5,Extrapulmonary
Greece,2008,ep,f,35-44,4,Extrapulmonary
Greece,2008,ep,f,45-54,2,Extrapulmonary
Greece,2008,ep,f,55-64,1,Extrapulmonary
Greece,2008,ep,f,65+,12,Extrapulmonary
Greece,2009,sp,m,0-14,3,Smear Positive
Greece,2009,sp,m,15-24,20,Smear Positive
Greece,2009,sp,m,25-34,22,Smear Positive
Greece,2009,sp,m,35-44,23,Smear Positive
Greece,2009,sp,m,45-54,23,Smear Positive
Greece,2009,sp,m,55-64,15,Smear Positive
Greece,2009,sp,m,65+,31,Smear Positive
Greece,2009,sp,f,0-14,4,Smear Positive
Greece,2009,sp,f,15-24,8,Smear Positive
Greece,2009,sp,f,25-34,14,Smear Positive
Greece,2009,sp,f,35-44,8,Smear Positive
Greece,2009,sp,f,45-54,9,Smear Positive
Greece,2009,sp,f,55-64,2,Smear Positive
Greece,2009,sp,f,65+,12,Smear Positive
Greece,2009,sn,m,0-14,11,Smear Negative
Greece,2009,sn,m,15-24,19,Smear Negative
Greece,2009,sn,m,25-34,30,Smear Negative
Greece,2009,sn,m,35-44,10,Smear Negative
Greece,2009,sn,m,45-54,14,Smear Negative
Greece,2009,sn,m,55-64,12,Smear Negative
Greece,2009,sn,m,65+,34,Smear Negative
Greece,2009,sn,f,0-14,8,Smear Negative
Greece,2009,sn,f,15-24,4,Smear Negative
Greece,2009,sn,f,25-34,10,Smear Negative
Greece,2009,sn,f,35-44,9,Smear Negative
Greece,2009,sn,f,45-54,6,Smear Negative
Greece,2009,sn,f,55-64,10,Smear Negative
Greece,2009,sn,f,65+,20,Smear Negative
Greece,2009,ep,m,0-14,1,Extrapulmonary
Greece,2009,ep,m,15-24,8,Extrapulmonary
Greece,2009,ep,m,25-34,7,Extrapulmonary
Greece,2009,ep,m,35-44,3,Extrapulmonary
Greece,2009,ep,m,45-54,5,Extrapulmonary
Greece,2009,ep,m,55-64,4,Extrapulmonary
Greece,2009,ep,m,65+,9,Extrapulmonary
Greece,2009,ep,f,0-14,2,Extrapulmonary
Greece,2009,ep,f,15-24,3,Extrapulmonary
Greece,2009,ep,f,25-34,6,Extrapulmonary
Greece,2009,ep,f,35-44,5,Extrapulmonary
Greece,2009,ep,f,45-54,3,Extrapulmonary
Greece,2009,ep,f,55-64,0,Extrapulmonary
Greece,2009,ep,f,65+,11,Extrapulmonary
Greece,2010,sp,m,0-14,1,Smear Positive
Greece,2010,sp,m,15-24,19,Smear Positive
Greece,2010,sp,m,25-34,27,Smear Positive
Greece,2010,sp,m,35-44,20,Smear Positive
Greece,2010,sp,m,45-54,18,Smear Positive
Greece,2010,sp,m,55-64,19,Smear Positive
Greece,2010,sp,m,65+,22,Smear Positive
Greece,2010,sp,f,0-14,3,Smear Positive
Greece,2010,sp,f,15-24,1,Smear Positive
Greece,2010,sp,f,25-34,13,Smear Positive
Greece,2010,sp,f,35-44,4,Smear Positive
Greece,2010,sp,f,45-54,4,Smear Positive
Greece,2010,sp,f,55-64,4,Smear Positive
Greece,2010,sp,f,65+,15,Smear Positive
Greece,2010,sn,m,0-14,9,Smear Negative
Greece,2010,sn,m,15-24,15,Smear Negative
Greece,2010,sn,m,25-34,17,Smear Negative
Greece,2010,sn,m,35-44,11,Smear Negative
Greece,2010,sn,m,45-54,8,Smear Negative
Greece,2010,sn,m,55-64,10,Smear Negative
Greece,2010,sn,m,65+,20,Smear Negative
Greece,2010,sn,f,0-14,11,Smear Negative
Greece,2010,sn,f,15-24,6,Smear Negative
Greece,2010,sn,f,25-34,6,Smear Negative
Greece,2010,sn,f,35-44,2,Smear Negative
Greece,2010,sn,f,45-54,4,Smear Negative
Greece,2010,sn,f,55-64,2,Smear Negative
Greece,2010,sn,f,65+,6,Smear Negative
Greece,2010,ep,m,0-14,2,Extrapulmonary
Greece,2010,ep,m,15-24,11,Extrapulmonary
Greece,2010,ep,m,25-34,6,Extrapulmonary
Greece,2010,ep,m,35-44,5,Extrapulmonary
Greece,2010,ep,m,45-54,1,Extrapulmonary
Greece,2010,ep,m,55-64,1,Extrapulmonary
Greece,2010,ep,m,65+,7,Extrapulmonary
Greece,2010,ep,f,0-14,4,Extrapulmonary
Greece,2010,ep,f,15-24,1,Extrapulmonary
Greece,2010,ep,f,25-34,3,Extrapulmonary
Greece,2010,ep,f,35-44,0,Extrapulmonary
Greece,2010,ep,f,45-54,0,Extrapulmonary
Greece,2010,ep,f,55-64,2,Extrapulmonary
Greece,2010,ep,f,65+,5,Extrapulmonary
Greece,2011,sp,m,0-14,2,Smear Positive
Greece,2011,sp,m,15-24,30,Smear Positive
Greece,2011,sp,m,25-34,30,Smear Positive
Greece,2011,sp,m,35-44,26,Smear Positive
Greece,2011,sp,m,45-54,24,Smear Positive
Greece,2011,sp,m,55-64,19,Smear Positive
Greece,2011,sp,m,65+,38,Smear Positive
Greece,2011,sp,f,0-14,1,Smear Positive
Greece,2011,sp,f,15-24,9,Smear Positive
Greece,2011,sp,f,25-34,14,Smear Positive
Greece,2011,sp,f,35-44,9,Smear Positive
Greece,2011,sp,f,45-54,3,Smear Positive
Greece,2011,sp,f,55-64,5,Smear Positive
Greece,2011,sp,f,65+,20,Smear Positive
Greece,2011,sn,m,0-14,12,Smear Negative
Greece,2011,sn,m,15-24,11,Smear Negative
Greece,2011,sn,m,25-34,26,Smear Negative
Greece,2011,sn,m,35-44,13,Smear Negative
Greece,2011,sn,m,45-54,10,Smear Negative
Greece,2011,sn,m,55-64,11,Smear Negative
Greece,2011,sn,m,65+,28,Smear Negative
Greece,2011,sn,f,0-14,15,Smear Negative
Greece,2011,sn,f,15-24,6,Smear Negative
Greece,2011,sn,f,25-34,7,Smear Negative
Greece,2011,sn,f,35-44,3,Smear Negative
Greece,2011,sn,f,45-54,3,Smear Negative
Greece,2011,sn,f,55-64,2,Smear Negative
Greece,2011,sn,f,65+,9,Smear Negative
Greece,2011,ep,m,0-14,1,Extrapulmonary
Greece,2011,ep,m,15-24,5,Extrapulmonary
Greece,2011,ep,m,25-34,9,Extrapulmonary
Greece,2011,ep,m,35-44,3,Extrapulmonary
Greece,2011,ep,m,45-54,2,Extrapulmonary
Greece,2011,ep,m,55-64,2,Extrapulmonary
Greece,2011,ep,m,65+,10,Extrapulmonary
Greece,2011,ep,f,0-14,2,Extrapulmonary
Greece,2011,ep,f,15-24,1,Extrapulmonary
Greece,2011,ep,f,25-34,3,Extrapulmonary
Greece,2011,ep,f,35-44,3,Extrapulmonary
Greece,2011,ep,f,45-54,3,Extrapulmonary
Greece,2011,ep,f,55-64,2,Extrapulmonary
Greece,2011,ep,f,65+,11,Extrapulmonary
Greece,2012,sp,m,0-14,2,Smear Positive
Greece,2012,sp,m,15-24,20,Smear Positive
Greece,2012,sp,m,25-34,31,Smear Positive
Greece,2012,sp,m,35-44,25,Smear Positive
Greece,2012,sp,m,45-54,23,Smear Positive
Greece,2012,sp,m,55-64,24,Smear Positive
Greece,2012,sp,m,65+,45,Smear Positive
Greece,2012,sp,f,0-14,3,Smear Positive
Greece,2012,sp,f,15-24,11,Smear Positive
Greece,2012,sp,f,25-34,8,Smear Positive
Greece,2012,sp,f,35-44,12,Smear Positive
Greece,2012,sp,f,45-54,1,Smear Positive
Greece,2012,sp,f,55-64,3,Smear Positive
Greece,2012,sp,f,65+,21,Smear Positive
Greece,2012,sn,m,0-14,12,Smear Negative
Greece,2012,sn,m,15-24,7,Smear Negative
Greece,2012,sn,m,25-34,20,Smear Negative
Greece,2012,sn,m,35-44,10,Smear Negative
Greece,2012,sn,m,45-54,12,Smear Negative
Greece,2012,sn,m,55-64,11,Smear Negative
Greece,2012,sn,m,65+,39,Smear Negative
Greece,2012,sn,f,0-14,16,Smear Negative
Greece,2012,sn,f,15-24,0,Smear Negative
Greece,2012,sn,f,25-34,8,Smear Negative
Greece,2012,sn,f,35-44,4,Smear Negative
Greece,2012,sn,f,45-54,5,Smear Negative
Greece,2012,sn,f,55-64,4,Smear Negative
Greece,2012,sn,f,65+,9,Smear Negative
Greece,2012,ep,m,0-14,2,Extrapulmonary
Greece,2012,ep,m,15-24,6,Extrapulmonary
Greece,2012,ep,m,25-34,8,Extrapulmonary
Greece,2012,ep,m,35-44,2,Extrapulmonary
Greece,2012,ep,m,45-54,1,Extrapulmonary
Greece,2012,ep,m,55-64,3,Extrapulmonary
Greece,2012,ep,m,65+,12,Extrapulmonary
Greece,2012,ep,f,0-14,0,Extrapulmonary
Greece,2012,ep,f,15-24,3,Extrapulmonary
Greece,2012,ep,f,25-34,3,Extrapulmonary
Greece,2012,ep,f,35-44,4,Extrapulmonary
Greece,2012,ep,f,45-54,3,Extrapulmonary
Greece,2012,ep,f,55-64,1,Extrapulmonary
Greece,2012,ep,f,65+,9,Extrapulmonary
Greece,2013,rel,m,0-14,21,Relapse
Greece,2013,rel,m,15-24,44,Relapse
Greece,2013,rel,m,25-34,68,Relapse
Greece,2013,rel,m,35-44,56,Relapse
Greece,2013,rel,m,45-54,47,Relapse
Greece,2013,rel,m,55-64,40,Relapse
Greece,2013,rel,m,65+,78,Relapse
Greece,2013,rel,f,0-14,9,Relapse
Greece,2013,rel,f,15-24,13,Relapse
Greece,2013,rel,f,25-34,22,Relapse
Greece,2013,rel,f,35-44,12,Relapse
Greece,2013,rel,f,45-54,12,Relapse
Greece,2013,rel,f,55-64,12,Relapse
Greece,2013,rel,f,65+,52,Relapse
Greenland,2009,sp,m,15-24,2,Smear Positive
Greenland,2009,sp,m,25-34,3,Smear Positive
Greenland,2009,sp,m,35-44,3,Smear Positive
Greenland,2009,sp,m,45-54,3,Smear Positive
Greenland,2009,sp,m,55-64,1,Smear Positive
Greenland,2009,sp,f,15-24,4,Smear Positive
Greenland,2009,sp,f,25-34,5,Smear Positive
Greenland,2009,sp,f,35-44,2,Smear Positive
Greenland,2009,sp,f,45-54,1,Smear Positive
Greenland,2009,sn,m,0-14,2,Smear Negative
Greenland,2009,sn,m,15-24,4,Smear Negative
Greenland,2009,sn,m,25-34,5,Smear Negative
Greenland,2009,sn,m,35-44,1,Smear Negative
Greenland,2009,sn,m,45-54,7,Smear Negative
Greenland,2009,sn,m,55-64,3,Smear Negative
Greenland,2009,sn,f,15-24,4,Smear Negative
Greenland,2009,sn,f,25-34,2,Smear Negative
Greenland,2009,sn,f,45-54,2,Smear Negative
Greenland,2009,ep,m,35-44,1,Extrapulmonary
Greenland,2009,ep,m,45-54,1,Extrapulmonary
Greenland,2009,ep,f,25-34,1,Extrapulmonary
Greenland,2010,sp,m,0-14,0,Smear Positive
Greenland,2010,sp,m,15-24,5,Smear Positive
Greenland,2010,sp,m,25-34,7,Smear Positive
Greenland,2010,sp,m,35-44,5,Smear Positive
Greenland,2010,sp,m,45-54,5,Smear Positive
Greenland,2010,sp,m,55-64,2,Smear Positive
Greenland,2010,sp,m,65+,2,Smear Positive
Greenland,2010,sp,f,0-14,1,Smear Positive
Greenland,2010,sp,f,15-24,5,Smear Positive
Greenland,2010,sp,f,25-34,0,Smear Positive
Greenland,2010,sp,f,35-44,0,Smear Positive
Greenland,2010,sp,f,45-54,4,Smear Positive
Greenland,2010,sp,f,55-64,2,Smear Positive
Greenland,2010,sp,f,65+,0,Smear Positive
Greenland,2010,sn,m,0-14,4,Smear Negative
Greenland,2010,sn,m,15-24,10,Smear Negative
Greenland,2010,sn,m,25-34,6,Smear Negative
Greenland,2010,sn,m,35-44,1,Smear Negative
Greenland,2010,sn,m,45-54,1,Smear Negative
Greenland,2010,sn,m,55-64,2,Smear Negative
Greenland,2010,sn,m,65+,1,Smear Negative
Greenland,2010,sn,f,0-14,4,Smear Negative
Greenland,2010,sn,f,15-24,11,Smear Negative
Greenland,2010,sn,f,25-34,7,Smear Negative
Greenland,2010,sn,f,35-44,4,Smear Negative
Greenland,2010,sn,f,45-54,5,Smear Negative
Greenland,2010,sn,f,55-64,2,Smear Negative
Greenland,2010,sn,f,65+,1,Smear Negative
Greenland,2010,ep,m,0-14,0,Extrapulmonary
Greenland,2010,ep,m,15-24,3,Extrapulmonary
Greenland,2010,ep,m,25-34,0,Extrapulmonary
Greenland,2010,ep,m,35-44,1,Extrapulmonary
Greenland,2010,ep,m,45-54,1,Extrapulmonary
Greenland,2010,ep,m,55-64,0,Extrapulmonary
Greenland,2010,ep,m,65+,0,Extrapulmonary
Greenland,2010,ep,f,0-14,0,Extrapulmonary
Greenland,2010,ep,f,15-24,2,Extrapulmonary
Greenland,2010,ep,f,25-34,0,Extrapulmonary
Greenland,2010,ep,f,35-44,0,Extrapulmonary
Greenland,2010,ep,f,45-54,0,Extrapulmonary
Greenland,2010,ep,f,55-64,0,Extrapulmonary
Greenland,2010,ep,f,65+,0,Extrapulmonary
Greenland,2011,sp,m,0-14,0,Smear Positive
Greenland,2011,sp,m,15-24,10,Smear Positive
Greenland,2011,sp,m,25-34,2,Smear Positive
Greenland,2011,sp,m,35-44,0,Smear Positive
Greenland,2011,sp,m,45-54,3,Smear Positive
Greenland,2011,sp,m,55-64,3,Smear Positive
Greenland,2011,sp,m,65+,1,Smear Positive
Greenland,2011,sp,f,0-14,0,Smear Positive
Greenland,2011,sp,f,15-24,8,Smear Positive
Greenland,2011,sp,f,25-34,1,Smear Positive
Greenland,2011,sp,f,35-44,1,Smear Positive
Greenland,2011,sp,f,45-54,2,Smear Positive
Greenland,2011,sp,f,55-64,3,Smear Positive
Greenland,2011,sp,f,65+,0,Smear Positive
Greenland,2011,sn,m,0-14,3,Smear Negative
Greenland,2011,sn,m,15-24,20,Smear Negative
Greenland,2011,sn,m,25-34,5,Smear Negative
Greenland,2011,sn,m,35-44,5,Smear Negative
Greenland,2011,sn,m,45-54,3,Smear Negative
Greenland,2011,sn,m,55-64,3,Smear Negative
Greenland,2011,sn,m,65+,1,Smear Negative
Greenland,2011,sn,f,0-14,3,Smear Negative
Greenland,2011,sn,f,15-24,12,Smear Negative
Greenland,2011,sn,f,25-34,4,Smear Negative
Greenland,2011,sn,f,35-44,2,Smear Negative
Greenland,2011,sn,f,45-54,6,Smear Negative
Greenland,2011,sn,f,55-64,7,Smear Negative
Greenland,2011,sn,f,65+,2,Smear Negative
Greenland,2011,ep,m,15-24,3,Extrapulmonary
Greenland,2011,ep,m,25-34,0,Extrapulmonary
Greenland,2011,ep,m,35-44,0,Extrapulmonary
Greenland,2011,ep,m,45-54,0,Extrapulmonary
Greenland,2011,ep,m,55-64,0,Extrapulmonary
Greenland,2011,ep,m,65+,0,Extrapulmonary
Greenland,2011,ep,f,0-14,1,Extrapulmonary
Greenland,2011,ep,f,15-24,1,Extrapulmonary
Greenland,2011,ep,f,25-34,0,Extrapulmonary
Greenland,2011,ep,f,35-44,0,Extrapulmonary
Greenland,2011,ep,f,45-54,0,Extrapulmonary
Greenland,2011,ep,f,55-64,0,Extrapulmonary
Greenland,2011,ep,f,65+,0,Extrapulmonary
Greenland,2012,sp,m,0-14,0,Smear Positive
Greenland,2012,sp,m,15-24,6,Smear Positive
Greenland,2012,sp,m,25-34,3,Smear Positive
Greenland,2012,sp,m,35-44,5,Smear Positive
Greenland,2012,sp,m,45-54,1,Smear Positive
Greenland,2012,sp,m,55-64,5,Smear Positive
Greenland,2012,sp,m,65+,1,Smear Positive
Greenland,2012,sp,f,0-14,2,Smear Positive
Greenland,2012,sp,f,15-24,3,Smear Positive
Greenland,2012,sp,f,25-34,0,Smear Positive
Greenland,2012,sp,f,35-44,3,Smear Positive
Greenland,2012,sp,f,45-54,1,Smear Positive
Greenland,2012,sp,f,55-64,0,Smear Positive
Greenland,2012,sp,f,65+,3,Smear Positive
Greenland,2012,sn,m,0-14,1,Smear Negative
Greenland,2012,sn,m,15-24,8,Smear Negative
Greenland,2012,sn,m,25-34,2,Smear Negative
Greenland,2012,sn,m,35-44,3,Smear Negative
Greenland,2012,sn,m,45-54,8,Smear Negative
Greenland,2012,sn,m,55-64,7,Smear Negative
Greenland,2012,sn,m,65+,3,Smear Negative
Greenland,2012,sn,f,0-14,1,Smear Negative
Greenland,2012,sn,f,15-24,2,Smear Negative
Greenland,2012,sn,f,25-34,3,Smear Negative
Greenland,2012,sn,f,35-44,1,Smear Negative
Greenland,2012,sn,f,45-54,5,Smear Negative
Greenland,2012,sn,f,55-64,0,Smear Negative
Greenland,2012,sn,f,65+,0,Smear Negative
Greenland,2012,ep,m,0-14,0,Extrapulmonary
Greenland,2012,ep,m,15-24,0,Extrapulmonary
Greenland,2012,ep,m,25-34,1,Extrapulmonary
Greenland,2012,ep,m,35-44,0,Extrapulmonary
Greenland,2012,ep,m,45-54,1,Extrapulmonary
Greenland,2012,ep,m,55-64,0,Extrapulmonary
Greenland,2012,ep,m,65+,0,Extrapulmonary
Greenland,2012,ep,f,0-14,0,Extrapulmonary
Greenland,2012,ep,f,15-24,0,Extrapulmonary
Greenland,2012,ep,f,25-34,0,Extrapulmonary
Greenland,2012,ep,f,35-44,0,Extrapulmonary
Greenland,2012,ep,f,45-54,1,Extrapulmonary
Greenland,2012,ep,f,55-64,2,Extrapulmonary
Greenland,2012,ep,f,65+,0,Extrapulmonary
Greenland,2013,rel,m,0-14,2,Relapse
Greenland,2013,rel,m,15-24,21,Relapse
Greenland,2013,rel,m,25-34,14,Relapse
Greenland,2013,rel,m,35-44,6,Relapse
Greenland,2013,rel,m,45-54,7,Relapse
Greenland,2013,rel,m,55-64,7,Relapse
Greenland,2013,rel,m,65+,3,Relapse
Greenland,2013,rel,f,0-14,3,Relapse
Greenland,2013,rel,f,15-24,9,Relapse
Greenland,2013,rel,f,25-34,3,Relapse
Greenland,2013,rel,f,35-44,3,Relapse
Greenland,2013,rel,f,45-54,13,Relapse
Greenland,2013,rel,f,55-64,4,Relapse
Greenland,2013,rel,f,65+,1,Relapse
Grenada,1997,sp,m,0-14,0,Smear Positive
Grenada,1997,sp,m,15-24,0,Smear Positive
Grenada,1997,sp,m,25-34,1,Smear Positive
Grenada,1997,sp,m,35-44,0,Smear Positive
Grenada,1997,sp,m,45-54,0,Smear Positive
Grenada,1997,sp,m,55-64,0,Smear Positive
Grenada,1997,sp,m,65+,0,Smear Positive
Grenada,1997,sp,f,0-14,0,Smear Positive
Grenada,1997,sp,f,15-24,1,Smear Positive
Grenada,1997,sp,f,25-34,0,Smear Positive
Grenada,1997,sp,f,35-44,0,Smear Positive
Grenada,1997,sp,f,45-54,0,Smear Positive
Grenada,1997,sp,f,55-64,0,Smear Positive
Grenada,1997,sp,f,65+,0,Smear Positive
Grenada,1998,sp,m,0-14,0,Smear Positive
Grenada,1998,sp,m,15-24,1,Smear Positive
Grenada,1998,sp,m,25-34,0,Smear Positive
Grenada,1998,sp,m,35-44,1,Smear Positive
Grenada,1998,sp,m,45-54,0,Smear Positive
Grenada,1998,sp,m,55-64,0,Smear Positive
Grenada,1998,sp,m,65+,0,Smear Positive
Grenada,1999,sp,m,0-14,0,Smear Positive
Grenada,1999,sp,m,15-24,0,Smear Positive
Grenada,1999,sp,m,25-34,1,Smear Positive
Grenada,1999,sp,m,35-44,0,Smear Positive
Grenada,1999,sp,m,45-54,0,Smear Positive
Grenada,1999,sp,m,55-64,1,Smear Positive
Grenada,1999,sp,m,65+,0,Smear Positive
Grenada,1999,sp,f,0-14,0,Smear Positive
Grenada,1999,sp,f,15-24,0,Smear Positive
Grenada,1999,sp,f,25-34,0,Smear Positive
Grenada,1999,sp,f,35-44,0,Smear Positive
Grenada,1999,sp,f,45-54,0,Smear Positive
Grenada,1999,sp,f,55-64,0,Smear Positive
Grenada,1999,sp,f,65+,1,Smear Positive
Grenada,2003,sp,m,45-54,1,Smear Positive
Grenada,2003,sp,f,55-64,1,Smear Positive
Grenada,2004,sp,f,65+,1,Smear Positive
Grenada,2006,sp,m,0-14,0,Smear Positive
Grenada,2006,sp,m,15-24,0,Smear Positive
Grenada,2006,sp,m,25-34,1,Smear Positive
Grenada,2006,sp,m,35-44,0,Smear Positive
Grenada,2006,sp,m,45-54,0,Smear Positive
Grenada,2006,sp,m,55-64,0,Smear Positive
Grenada,2006,sp,m,65+,0,Smear Positive
Grenada,2006,sp,f,0-14,0,Smear Positive
Grenada,2006,sp,f,15-24,0,Smear Positive
Grenada,2006,sp,f,25-34,0,Smear Positive
Grenada,2006,sp,f,35-44,0,Smear Positive
Grenada,2006,sp,f,45-54,0,Smear Positive
Grenada,2006,sp,f,55-64,0,Smear Positive
Grenada,2006,sp,f,65+,0,Smear Positive
Grenada,2006,sn,m,0-14,0,Smear Negative
Grenada,2006,sn,m,15-24,0,Smear Negative
Grenada,2006,sn,m,25-34,0,Smear Negative
Grenada,2006,sn,m,35-44,0,Smear Negative
Grenada,2006,sn,m,45-54,0,Smear Negative
Grenada,2006,sn,m,55-64,0,Smear Negative
Grenada,2006,sn,m,65+,0,Smear Negative
Grenada,2006,sn,f,0-14,0,Smear Negative
Grenada,2006,sn,f,15-24,0,Smear Negative
Grenada,2006,sn,f,25-34,0,Smear Negative
Grenada,2006,sn,f,35-44,0,Smear Negative
Grenada,2006,sn,f,45-54,0,Smear Negative
Grenada,2006,sn,f,55-64,0,Smear Negative
Grenada,2006,sn,f,65+,0,Smear Negative
Grenada,2006,ep,m,0-14,0,Extrapulmonary
Grenada,2006,ep,m,15-24,0,Extrapulmonary
Grenada,2006,ep,m,25-34,0,Extrapulmonary
Grenada,2006,ep,m,35-44,0,Extrapulmonary
Grenada,2006,ep,m,45-54,0,Extrapulmonary
Grenada,2006,ep,m,55-64,0,Extrapulmonary
Grenada,2006,ep,m,65+,0,Extrapulmonary
Grenada,2006,ep,f,0-14,0,Extrapulmonary
Grenada,2006,ep,f,15-24,0,Extrapulmonary
Grenada,2006,ep,f,25-34,0,Extrapulmonary
Grenada,2006,ep,f,35-44,0,Extrapulmonary
Grenada,2006,ep,f,45-54,0,Extrapulmonary
Grenada,2006,ep,f,55-64,0,Extrapulmonary
Grenada,2006,ep,f,65+,0,Extrapulmonary
Grenada,2007,sp,m,55-64,1,Smear Positive
Grenada,2007,sp,m,65+,1,Smear Positive
Grenada,2007,sp,f,15-24,1,Smear Positive
Grenada,2007,sn,m,0-14,0,Smear Negative
Grenada,2007,sn,m,15-24,0,Smear Negative
Grenada,2007,sn,m,25-34,0,Smear Negative
Grenada,2007,sn,m,35-44,0,Smear Negative
Grenada,2007,sn,m,45-54,0,Smear Negative
Grenada,2007,sn,m,55-64,0,Smear Negative
Grenada,2007,sn,m,65+,0,Smear Negative
Grenada,2007,sn,f,0-14,0,Smear Negative
Grenada,2007,sn,f,15-24,0,Smear Negative
Grenada,2007,sn,f,25-34,0,Smear Negative
Grenada,2007,sn,f,35-44,0,Smear Negative
Grenada,2007,sn,f,45-54,0,Smear Negative
Grenada,2007,sn,f,55-64,0,Smear Negative
Grenada,2007,sn,f,65+,0,Smear Negative
Grenada,2007,ep,m,0-14,0,Extrapulmonary
Grenada,2007,ep,m,15-24,0,Extrapulmonary
Grenada,2007,ep,m,25-34,0,Extrapulmonary
Grenada,2007,ep,m,35-44,0,Extrapulmonary
Grenada,2007,ep,m,45-54,0,Extrapulmonary
Grenada,2007,ep,m,55-64,0,Extrapulmonary
Grenada,2007,ep,m,65+,0,Extrapulmonary
Grenada,2007,ep,f,0-14,0,Extrapulmonary
Grenada,2007,ep,f,15-24,0,Extrapulmonary
Grenada,2007,ep,f,25-34,0,Extrapulmonary
Grenada,2007,ep,f,35-44,0,Extrapulmonary
Grenada,2007,ep,f,45-54,0,Extrapulmonary
Grenada,2007,ep,f,55-64,0,Extrapulmonary
Grenada,2007,ep,f,65+,0,Extrapulmonary
Grenada,2008,sp,m,15-24,1,Smear Positive
Grenada,2008,sp,m,35-44,1,Smear Positive
Grenada,2008,sp,m,45-54,2,Smear Positive
Grenada,2008,sp,m,65+,1,Smear Positive
Grenada,2008,sn,m,0-14,0,Smear Negative
Grenada,2008,sn,m,15-24,0,Smear Negative
Grenada,2008,sn,m,25-34,0,Smear Negative
Grenada,2008,sn,m,35-44,0,Smear Negative
Grenada,2008,sn,m,45-54,0,Smear Negative
Grenada,2008,sn,m,55-64,0,Smear Negative
Grenada,2008,sn,m,65+,0,Smear Negative
Grenada,2008,sn,f,0-14,0,Smear Negative
Grenada,2008,sn,f,15-24,0,Smear Negative
Grenada,2008,sn,f,25-34,0,Smear Negative
Grenada,2008,sn,f,35-44,0,Smear Negative
Grenada,2008,sn,f,45-54,0,Smear Negative
Grenada,2008,sn,f,55-64,0,Smear Negative
Grenada,2008,sn,f,65+,0,Smear Negative
Grenada,2008,ep,m,0-14,0,Extrapulmonary
Grenada,2008,ep,m,15-24,0,Extrapulmonary
Grenada,2008,ep,m,25-34,0,Extrapulmonary
Grenada,2008,ep,m,35-44,0,Extrapulmonary
Grenada,2008,ep,m,45-54,0,Extrapulmonary
Grenada,2008,ep,m,55-64,0,Extrapulmonary
Grenada,2008,ep,m,65+,0,Extrapulmonary
Grenada,2008,ep,f,0-14,0,Extrapulmonary
Grenada,2008,ep,f,15-24,0,Extrapulmonary
Grenada,2008,ep,f,25-34,0,Extrapulmonary
Grenada,2008,ep,f,35-44,0,Extrapulmonary
Grenada,2008,ep,f,45-54,0,Extrapulmonary
Grenada,2008,ep,f,55-64,0,Extrapulmonary
Grenada,2008,ep,f,65+,0,Extrapulmonary
Grenada,2009,sp,m,35-44,1,Smear Positive
Grenada,2009,sp,m,55-64,1,Smear Positive
Grenada,2009,sp,f,25-34,1,Smear Positive
Grenada,2009,sp,f,55-64,1,Smear Positive
Grenada,2009,sn,m,45-54,1,Smear Negative
Grenada,2010,sp,m,35-44,1,Smear Positive
Grenada,2010,sp,m,45-54,1,Smear Positive
Grenada,2010,sp,m,55-64,1,Smear Positive
Grenada,2010,sp,f,25-34,1,Smear Positive
Grenada,2011,sp,m,0-14,0,Smear Positive
Grenada,2011,sp,m,15-24,0,Smear Positive
Grenada,2011,sp,m,25-34,0,Smear Positive
Grenada,2011,sp,m,35-44,0,Smear Positive
Grenada,2011,sp,m,45-54,1,Smear Positive
Grenada,2011,sp,m,55-64,0,Smear Positive
Grenada,2011,sp,m,65+,0,Smear Positive
Grenada,2011,sp,f,0-14,0,Smear Positive
Grenada,2011,sp,f,15-24,0,Smear Positive
Grenada,2011,sp,f,25-34,0,Smear Positive
Grenada,2011,sp,f,35-44,0,Smear Positive
Grenada,2011,sp,f,45-54,0,Smear Positive
Grenada,2011,sp,f,55-64,0,Smear Positive
Grenada,2011,sp,f,65+,0,Smear Positive
Grenada,2011,sn,m,0-14,0,Smear Negative
Grenada,2011,sn,m,15-24,0,Smear Negative
Grenada,2011,sn,m,25-34,0,Smear Negative
Grenada,2011,sn,m,35-44,0,Smear Negative
Grenada,2011,sn,m,45-54,0,Smear Negative
Grenada,2011,sn,m,55-64,0,Smear Negative
Grenada,2011,sn,m,65+,0,Smear Negative
Grenada,2011,sn,f,0-14,0,Smear Negative
Grenada,2011,sn,f,15-24,0,Smear Negative
Grenada,2011,sn,f,25-34,0,Smear Negative
Grenada,2011,sn,f,35-44,0,Smear Negative
Grenada,2011,sn,f,45-54,1,Smear Negative
Grenada,2011,sn,f,55-64,0,Smear Negative
Grenada,2011,sn,f,65+,0,Smear Negative
Grenada,2011,ep,m,0-14,0,Extrapulmonary
Grenada,2011,ep,m,15-24,0,Extrapulmonary
Grenada,2011,ep,m,25-34,0,Extrapulmonary
Grenada,2011,ep,m,35-44,0,Extrapulmonary
Grenada,2011,ep,m,45-54,0,Extrapulmonary
Grenada,2011,ep,m,55-64,0,Extrapulmonary
Grenada,2011,ep,m,65+,0,Extrapulmonary
Grenada,2011,ep,f,0-14,0,Extrapulmonary
Grenada,2011,ep,f,15-24,0,Extrapulmonary
Grenada,2011,ep,f,25-34,0,Extrapulmonary
Grenada,2011,ep,f,35-44,0,Extrapulmonary
Grenada,2011,ep,f,45-54,0,Extrapulmonary
Grenada,2011,ep,f,55-64,0,Extrapulmonary
Grenada,2011,ep,f,65+,0,Extrapulmonary
Grenada,2012,sp,m,65+,1,Smear Positive
Grenada,2013,rel,m,55-64,1,Relapse
Guam,2000,sp,m,0-14,2,Smear Positive
Guam,2000,sp,m,15-24,1,Smear Positive
Guam,2000,sp,m,25-34,6,Smear Positive
Guam,2000,sp,m,35-44,6,Smear Positive
Guam,2000,sp,m,45-54,9,Smear Positive
Guam,2000,sp,m,55-64,6,Smear Positive
Guam,2000,sp,m,65+,9,Smear Positive
Guam,2000,sp,f,0-14,0,Smear Positive
Guam,2000,sp,f,15-24,3,Smear Positive
Guam,2000,sp,f,25-34,1,Smear Positive
Guam,2000,sp,f,35-44,2,Smear Positive
Guam,2000,sp,f,45-54,5,Smear Positive
Guam,2000,sp,f,55-64,2,Smear Positive
Guam,2000,sp,f,65+,2,Smear Positive
Guam,2001,sp,m,0-14,0,Smear Positive
Guam,2001,sp,m,15-24,1,Smear Positive
Guam,2001,sp,m,25-34,4,Smear Positive
Guam,2001,sp,m,35-44,10,Smear Positive
Guam,2001,sp,m,45-54,9,Smear Positive
Guam,2001,sp,m,55-64,3,Smear Positive
Guam,2001,sp,m,65+,6,Smear Positive
Guam,2001,sp,f,0-14,0,Smear Positive
Guam,2001,sp,f,15-24,2,Smear Positive
Guam,2001,sp,f,25-34,3,Smear Positive
Guam,2001,sp,f,35-44,3,Smear Positive
Guam,2001,sp,f,45-54,4,Smear Positive
Guam,2001,sp,f,55-64,2,Smear Positive
Guam,2001,sp,f,65+,1,Smear Positive
Guam,2002,sp,m,0-14,3,Smear Positive
Guam,2002,sp,m,15-24,3,Smear Positive
Guam,2002,sp,m,25-34,5,Smear Positive
Guam,2002,sp,m,35-44,5,Smear Positive
Guam,2002,sp,m,45-54,6,Smear Positive
Guam,2002,sp,m,55-64,12,Smear Positive
Guam,2002,sp,m,65+,4,Smear Positive
Guam,2002,sp,f,0-14,5,Smear Positive
Guam,2002,sp,f,15-24,1,Smear Positive
Guam,2002,sp,f,25-34,6,Smear Positive
Guam,2002,sp,f,35-44,3,Smear Positive
Guam,2002,sp,f,45-54,3,Smear Positive
Guam,2002,sp,f,55-64,2,Smear Positive
Guam,2002,sp,f,65+,7,Smear Positive
Guam,2003,sp,m,0-14,0,Smear Positive
Guam,2003,sp,m,15-24,2,Smear Positive
Guam,2003,sp,m,25-34,1,Smear Positive
Guam,2003,sp,m,35-44,3,Smear Positive
Guam,2003,sp,m,45-54,4,Smear Positive
Guam,2003,sp,m,55-64,7,Smear Positive
Guam,2003,sp,m,65+,5,Smear Positive
Guam,2003,sp,f,0-14,1,Smear Positive
Guam,2003,sp,f,15-24,3,Smear Positive
Guam,2003,sp,f,25-34,1,Smear Positive
Guam,2003,sp,f,35-44,4,Smear Positive
Guam,2003,sp,f,45-54,2,Smear Positive
Guam,2003,sp,f,55-64,1,Smear Positive
Guam,2003,sp,f,65+,5,Smear Positive
Guam,2004,sp,m,0-14,0,Smear Positive
Guam,2004,sp,m,15-24,0,Smear Positive
Guam,2004,sp,m,25-34,1,Smear Positive
Guam,2004,sp,m,35-44,2,Smear Positive
Guam,2004,sp,m,45-54,6,Smear Positive
Guam,2004,sp,m,55-64,2,Smear Positive
Guam,2004,sp,m,65+,3,Smear Positive
Guam,2004,sp,f,0-14,0,Smear Positive
Guam,2004,sp,f,15-24,0,Smear Positive
Guam,2004,sp,f,25-34,1,Smear Positive
Guam,2004,sp,f,35-44,2,Smear Positive
Guam,2004,sp,f,45-54,3,Smear Positive
Guam,2004,sp,f,55-64,1,Smear Positive
Guam,2004,sp,f,65+,1,Smear Positive
Guam,2005,sp,m,0-14,0,Smear Positive
Guam,2005,sp,m,15-24,2,Smear Positive
Guam,2005,sp,m,25-34,4,Smear Positive
Guam,2005,sp,m,35-44,4,Smear Positive
Guam,2005,sp,m,45-54,2,Smear Positive
Guam,2005,sp,m,55-64,2,Smear Positive
Guam,2005,sp,m,65+,4,Smear Positive
Guam,2005,sp,f,0-14,0,Smear Positive
Guam,2005,sp,f,15-24,3,Smear Positive
Guam,2005,sp,f,25-34,1,Smear Positive
Guam,2005,sp,f,35-44,1,Smear Positive
Guam,2005,sp,f,45-54,2,Smear Positive
Guam,2005,sp,f,55-64,0,Smear Positive
Guam,2005,sp,f,65+,2,Smear Positive
Guam,2006,sp,m,0-14,0,Smear Positive
Guam,2006,sp,m,15-24,1,Smear Positive
Guam,2006,sp,m,25-34,1,Smear Positive
Guam,2006,sp,m,35-44,2,Smear Positive
Guam,2006,sp,m,45-54,3,Smear Positive
Guam,2006,sp,m,55-64,2,Smear Positive
Guam,2006,sp,m,65+,6,Smear Positive
Guam,2006,sp,f,0-14,0,Smear Positive
Guam,2006,sp,f,15-24,0,Smear Positive
Guam,2006,sp,f,25-34,0,Smear Positive
Guam,2006,sp,f,35-44,1,Smear Positive
Guam,2006,sp,f,45-54,1,Smear Positive
Guam,2006,sp,f,55-64,2,Smear Positive
Guam,2006,sp,f,65+,2,Smear Positive
Guam,2006,sn,m,0-14,3,Smear Negative
Guam,2006,sn,m,15-24,0,Smear Negative
Guam,2006,sn,m,25-34,2,Smear Negative
Guam,2006,sn,m,35-44,0,Smear Negative
Guam,2006,sn,m,45-54,0,Smear Negative
Guam,2006,sn,m,55-64,1,Smear Negative
Guam,2006,sn,m,65+,0,Smear Negative
Guam,2006,sn,f,0-14,7,Smear Negative
Guam,2006,sn,f,15-24,1,Smear Negative
Guam,2006,sn,f,25-34,0,Smear Negative
Guam,2006,sn,f,35-44,0,Smear Negative
Guam,2006,sn,f,45-54,0,Smear Negative
Guam,2006,sn,f,55-64,0,Smear Negative
Guam,2006,sn,f,65+,1,Smear Negative
Guam,2006,ep,m,0-14,0,Extrapulmonary
Guam,2006,ep,m,15-24,0,Extrapulmonary
Guam,2006,ep,m,25-34,0,Extrapulmonary
Guam,2006,ep,m,35-44,0,Extrapulmonary
Guam,2006,ep,m,45-54,1,Extrapulmonary
Guam,2006,ep,m,55-64,1,Extrapulmonary
Guam,2006,ep,m,65+,0,Extrapulmonary
Guam,2006,ep,f,0-14,0,Extrapulmonary
Guam,2006,ep,f,15-24,2,Extrapulmonary
Guam,2006,ep,f,25-34,2,Extrapulmonary
Guam,2006,ep,f,35-44,1,Extrapulmonary
Guam,2006,ep,f,45-54,1,Extrapulmonary
Guam,2006,ep,f,55-64,0,Extrapulmonary
Guam,2006,ep,f,65+,0,Extrapulmonary
Guam,2007,sp,m,0-14,0,Smear Positive
Guam,2007,sp,m,15-24,0,Smear Positive
Guam,2007,sp,m,25-34,0,Smear Positive
Guam,2007,sp,m,35-44,2,Smear Positive
Guam,2007,sp,m,45-54,0,Smear Positive
Guam,2007,sp,m,55-64,0,Smear Positive
Guam,2007,sp,m,65+,0,Smear Positive
Guam,2007,sp,f,0-14,0,Smear Positive
Guam,2007,sp,f,15-24,0,Smear Positive
Guam,2007,sp,f,25-34,0,Smear Positive
Guam,2007,sp,f,35-44,0,Smear Positive
Guam,2007,sp,f,45-54,1,Smear Positive
Guam,2007,sp,f,55-64,1,Smear Positive
Guam,2007,sp,f,65+,1,Smear Positive
Guam,2007,sn,m,0-14,13,Smear Negative
Guam,2007,sn,m,15-24,2,Smear Negative
Guam,2007,sn,m,25-34,0,Smear Negative
Guam,2007,sn,m,35-44,1,Smear Negative
Guam,2007,sn,m,45-54,4,Smear Negative
Guam,2007,sn,m,55-64,0,Smear Negative
Guam,2007,sn,m,65+,1,Smear Negative
Guam,2007,sn,f,0-14,16,Smear Negative
Guam,2007,sn,f,15-24,2,Smear Negative
Guam,2007,sn,f,25-34,2,Smear Negative
Guam,2007,sn,f,35-44,0,Smear Negative
Guam,2007,sn,f,45-54,0,Smear Negative
Guam,2007,sn,f,55-64,1,Smear Negative
Guam,2007,sn,f,65+,1,Smear Negative
Guam,2007,ep,m,0-14,0,Extrapulmonary
Guam,2007,ep,m,15-24,0,Extrapulmonary
Guam,2007,ep,m,25-34,1,Extrapulmonary
Guam,2007,ep,m,35-44,0,Extrapulmonary
Guam,2007,ep,m,45-54,0,Extrapulmonary
Guam,2007,ep,m,55-64,0,Extrapulmonary
Guam,2007,ep,m,65+,0,Extrapulmonary
Guam,2007,ep,f,0-14,1,Extrapulmonary
Guam,2007,ep,f,15-24,0,Extrapulmonary
Guam,2007,ep,f,25-34,1,Extrapulmonary
Guam,2007,ep,f,35-44,0,Extrapulmonary
Guam,2007,ep,f,45-54,1,Extrapulmonary
Guam,2007,ep,f,55-64,0,Extrapulmonary
Guam,2007,ep,f,65+,0,Extrapulmonary
Guam,2008,sp,m,0-14,0,Smear Positive
Guam,2008,sp,m,15-24,0,Smear Positive
Guam,2008,sp,m,25-34,1,Smear Positive
Guam,2008,sp,m,35-44,7,Smear Positive
Guam,2008,sp,m,45-54,8,Smear Positive
Guam,2008,sp,m,55-64,3,Smear Positive
Guam,2008,sp,m,65+,4,Smear Positive
Guam,2008,sp,f,0-14,0,Smear Positive
Guam,2008,sp,f,15-24,1,Smear Positive
Guam,2008,sp,f,25-34,2,Smear Positive
Guam,2008,sp,f,35-44,0,Smear Positive
Guam,2008,sp,f,45-54,1,Smear Positive
Guam,2008,sp,f,55-64,1,Smear Positive
Guam,2008,sp,f,65+,3,Smear Positive
Guam,2008,sn,m,0-14,12,Smear Negative
Guam,2008,sn,m,15-24,1,Smear Negative
Guam,2008,sn,m,25-34,0,Smear Negative
Guam,2008,sn,m,35-44,4,Smear Negative
Guam,2008,sn,m,45-54,1,Smear Negative
Guam,2008,sn,m,55-64,4,Smear Negative
Guam,2008,sn,m,65+,6,Smear Negative
Guam,2008,sn,f,0-14,13,Smear Negative
Guam,2008,sn,f,15-24,2,Smear Negative
Guam,2008,sn,f,25-34,0,Smear Negative
Guam,2008,sn,f,35-44,2,Smear Negative
Guam,2008,sn,f,45-54,2,Smear Negative
Guam,2008,sn,f,55-64,1,Smear Negative
Guam,2008,sn,f,65+,2,Smear Negative
Guam,2008,ep,m,0-14,0,Extrapulmonary
Guam,2008,ep,m,15-24,1,Extrapulmonary
Guam,2008,ep,m,25-34,0,Extrapulmonary
Guam,2008,ep,m,35-44,0,Extrapulmonary
Guam,2008,ep,m,45-54,0,Extrapulmonary
Guam,2008,ep,m,55-64,1,Extrapulmonary
Guam,2008,ep,m,65+,1,Extrapulmonary
Guam,2008,ep,f,0-14,0,Extrapulmonary
Guam,2008,ep,f,15-24,1,Extrapulmonary
Guam,2008,ep,f,25-34,1,Extrapulmonary
Guam,2008,ep,f,35-44,0,Extrapulmonary
Guam,2008,ep,f,45-54,0,Extrapulmonary
Guam,2008,ep,f,55-64,3,Extrapulmonary
Guam,2008,ep,f,65+,0,Extrapulmonary
Guam,2009,sp,m,0-14,0,Smear Positive
Guam,2009,sp,m,15-24,1,Smear Positive
Guam,2009,sp,m,25-34,0,Smear Positive
Guam,2009,sp,m,35-44,5,Smear Positive
Guam,2009,sp,m,45-54,3,Smear Positive
Guam,2009,sp,m,55-64,9,Smear Positive
Guam,2009,sp,m,65+,4,Smear Positive
Guam,2009,sp,f,0-14,1,Smear Positive
Guam,2009,sp,f,15-24,1,Smear Positive
Guam,2009,sp,f,25-34,3,Smear Positive
Guam,2009,sp,f,35-44,1,Smear Positive
Guam,2009,sp,f,45-54,1,Smear Positive
Guam,2009,sp,f,55-64,2,Smear Positive
Guam,2009,sp,f,65+,0,Smear Positive
Guam,2009,sn,m,0-14,13,Smear Negative
Guam,2009,sn,m,15-24,4,Smear Negative
Guam,2009,sn,m,25-34,3,Smear Negative
Guam,2009,sn,m,35-44,3,Smear Negative
Guam,2009,sn,m,45-54,5,Smear Negative
Guam,2009,sn,m,55-64,6,Smear Negative
Guam,2009,sn,m,65+,5,Smear Negative
Guam,2009,sn,f,0-14,13,Smear Negative
Guam,2009,sn,f,15-24,2,Smear Negative
Guam,2009,sn,f,25-34,2,Smear Negative
Guam,2009,sn,f,35-44,0,Smear Negative
Guam,2009,sn,f,45-54,3,Smear Negative
Guam,2009,sn,f,55-64,1,Smear Negative
Guam,2009,sn,f,65+,0,Smear Negative
Guam,2009,ep,m,0-14,1,Extrapulmonary
Guam,2009,ep,m,15-24,1,Extrapulmonary
Guam,2009,ep,m,25-34,0,Extrapulmonary
Guam,2009,ep,m,35-44,0,Extrapulmonary
Guam,2009,ep,m,45-54,2,Extrapulmonary
Guam,2009,ep,m,55-64,0,Extrapulmonary
Guam,2009,ep,m,65+,0,Extrapulmonary
Guam,2009,ep,f,0-14,0,Extrapulmonary
Guam,2009,ep,f,15-24,0,Extrapulmonary
Guam,2009,ep,f,25-34,2,Extrapulmonary
Guam,2009,ep,f,35-44,1,Extrapulmonary
Guam,2009,ep,f,45-54,1,Extrapulmonary
Guam,2009,ep,f,55-64,1,Extrapulmonary
Guam,2009,ep,f,65+,1,Extrapulmonary
Guam,2010,sp,m,0-14,0,Smear Positive
Guam,2010,sp,m,15-24,2,Smear Positive
Guam,2010,sp,m,25-34,3,Smear Positive
Guam,2010,sp,m,35-44,5,Smear Positive
Guam,2010,sp,m,45-54,5,Smear Positive
Guam,2010,sp,m,55-64,7,Smear Positive
Guam,2010,sp,m,65+,3,Smear Positive
Guam,2010,sp,f,0-14,1,Smear Positive
Guam,2010,sp,f,15-24,0,Smear Positive
Guam,2010,sp,f,25-34,4,Smear Positive
Guam,2010,sp,f,35-44,3,Smear Positive
Guam,2010,sp,f,45-54,3,Smear Positive
Guam,2010,sp,f,55-64,0,Smear Positive
Guam,2010,sp,f,65+,3,Smear Positive
Guam,2010,sn,m,0-14,9,Smear Negative
Guam,2010,sn,m,15-24,0,Smear Negative
Guam,2010,sn,m,25-34,3,Smear Negative
Guam,2010,sn,m,35-44,7,Smear Negative
Guam,2010,sn,m,45-54,1,Smear Negative
Guam,2010,sn,m,55-64,5,Smear Negative
Guam,2010,sn,m,65+,2,Smear Negative
Guam,2010,sn,f,0-14,9,Smear Negative
Guam,2010,sn,f,15-24,1,Smear Negative
Guam,2010,sn,f,25-34,3,Smear Negative
Guam,2010,sn,f,35-44,5,Smear Negative
Guam,2010,sn,f,45-54,2,Smear Negative
Guam,2010,sn,f,55-64,4,Smear Negative
Guam,2010,sn,f,65+,0,Smear Negative
Guam,2010,ep,m,0-14,0,Extrapulmonary
Guam,2010,ep,m,15-24,0,Extrapulmonary
Guam,2010,ep,m,25-34,1,Extrapulmonary
Guam,2010,ep,m,35-44,0,Extrapulmonary
Guam,2010,ep,m,45-54,1,Extrapulmonary
Guam,2010,ep,m,55-64,0,Extrapulmonary
Guam,2010,ep,m,65+,1,Extrapulmonary
Guam,2010,ep,f,0-14,0,Extrapulmonary
Guam,2010,ep,f,15-24,3,Extrapulmonary
Guam,2010,ep,f,25-34,0,Extrapulmonary
Guam,2010,ep,f,35-44,1,Extrapulmonary
Guam,2010,ep,f,45-54,1,Extrapulmonary
Guam,2010,ep,f,55-64,0,Extrapulmonary
Guam,2010,ep,f,65+,1,Extrapulmonary
Guam,2011,sp,m,0-14,0,Smear Positive
Guam,2011,sp,m,15-24,1,Smear Positive
Guam,2011,sp,m,25-34,0,Smear Positive
Guam,2011,sp,m,35-44,2,Smear Positive
Guam,2011,sp,m,45-54,7,Smear Positive
Guam,2011,sp,m,55-64,4,Smear Positive
Guam,2011,sp,m,65+,4,Smear Positive
Guam,2011,sp,f,0-14,0,Smear Positive
Guam,2011,sp,f,15-24,1,Smear Positive
Guam,2011,sp,f,25-34,1,Smear Positive
Guam,2011,sp,f,35-44,1,Smear Positive
Guam,2011,sp,f,45-54,0,Smear Positive
Guam,2011,sp,f,55-64,3,Smear Positive
Guam,2011,sp,f,65+,4,Smear Positive
Guam,2011,sn,m,0-14,5,Smear Negative
Guam,2011,sn,m,15-24,0,Smear Negative
Guam,2011,sn,m,25-34,4,Smear Negative
Guam,2011,sn,m,35-44,1,Smear Negative
Guam,2011,sn,m,45-54,5,Smear Negative
Guam,2011,sn,m,55-64,1,Smear Negative
Guam,2011,sn,m,65+,4,Smear Negative
Guam,2011,sn,f,0-14,7,Smear Negative
Guam,2011,sn,f,15-24,1,Smear Negative
Guam,2011,sn,f,25-34,3,Smear Negative
Guam,2011,sn,f,35-44,1,Smear Negative
Guam,2011,sn,f,45-54,3,Smear Negative
Guam,2011,sn,f,55-64,1,Smear Negative
Guam,2011,sn,f,65+,3,Smear Negative
Guam,2011,ep,m,0-14,0,Extrapulmonary
Guam,2011,ep,m,15-24,2,Extrapulmonary
Guam,2011,ep,m,25-34,0,Extrapulmonary
Guam,2011,ep,m,35-44,0,Extrapulmonary
Guam,2011,ep,m,45-54,2,Extrapulmonary
Guam,2011,ep,m,55-64,0,Extrapulmonary
Guam,2011,ep,m,65+,3,Extrapulmonary
Guam,2011,ep,f,0-14,0,Extrapulmonary
Guam,2011,ep,f,15-24,1,Extrapulmonary
Guam,2011,ep,f,25-34,0,Extrapulmonary
Guam,2011,ep,f,35-44,0,Extrapulmonary
Guam,2011,ep,f,45-54,0,Extrapulmonary
Guam,2011,ep,f,55-64,3,Extrapulmonary
Guam,2011,ep,f,65+,0,Extrapulmonary
Guam,2012,sp,m,0-14,0,Smear Positive
Guam,2012,sp,m,15-24,1,Smear Positive
Guam,2012,sp,m,25-34,0,Smear Positive
Guam,2012,sp,m,35-44,4,Smear Positive
Guam,2012,sp,m,45-54,5,Smear Positive
Guam,2012,sp,m,55-64,2,Smear Positive
Guam,2012,sp,m,65+,6,Smear Positive
Guam,2012,sp,f,0-14,0,Smear Positive
Guam,2012,sp,f,15-24,0,Smear Positive
Guam,2012,sp,f,25-34,0,Smear Positive
Guam,2012,sp,f,35-44,0,Smear Positive
Guam,2012,sp,f,45-54,2,Smear Positive
Guam,2012,sp,f,55-64,1,Smear Positive
Guam,2012,sp,f,65+,2,Smear Positive
Guam,2012,sn,m,0-14,5,Smear Negative
Guam,2012,sn,m,15-24,4,Smear Negative
Guam,2012,sn,m,25-34,2,Smear Negative
Guam,2012,sn,m,35-44,0,Smear Negative
Guam,2012,sn,m,45-54,1,Smear Negative
Guam,2012,sn,m,55-64,0,Smear Negative
Guam,2012,sn,m,65+,1,Smear Negative
Guam,2012,sn,f,0-14,10,Smear Negative
Guam,2012,sn,f,15-24,0,Smear Negative
Guam,2012,sn,f,25-34,1,Smear Negative
Guam,2012,sn,f,35-44,1,Smear Negative
Guam,2012,sn,f,45-54,5,Smear Negative
Guam,2012,sn,f,55-64,4,Smear Negative
Guam,2012,sn,f,65+,3,Smear Negative
Guam,2012,ep,m,0-14,0,Extrapulmonary
Guam,2012,ep,m,15-24,1,Extrapulmonary
Guam,2012,ep,m,25-34,0,Extrapulmonary
Guam,2012,ep,m,35-44,1,Extrapulmonary
Guam,2012,ep,m,45-54,3,Extrapulmonary
Guam,2012,ep,m,55-64,0,Extrapulmonary
Guam,2012,ep,m,65+,1,Extrapulmonary
Guam,2012,ep,f,0-14,0,Extrapulmonary
Guam,2012,ep,f,15-24,0,Extrapulmonary
Guam,2012,ep,f,25-34,0,Extrapulmonary
Guam,2012,ep,f,35-44,1,Extrapulmonary
Guam,2012,ep,f,45-54,0,Extrapulmonary
Guam,2012,ep,f,55-64,0,Extrapulmonary
Guam,2012,ep,f,65+,1,Extrapulmonary
Guam,2013,rel,m,0-14,5,Relapse
Guam,2013,rel,m,15-24,3,Relapse
Guam,2013,rel,m,25-34,1,Relapse
Guam,2013,rel,m,35-44,2,Relapse
Guam,2013,rel,m,45-54,5,Relapse
Guam,2013,rel,m,55-64,0,Relapse
Guam,2013,rel,m,65+,10,Relapse
Guam,2013,rel,f,0-14,6,Relapse
Guam,2013,rel,f,15-24,2,Relapse
Guam,2013,rel,f,25-34,2,Relapse
Guam,2013,rel,f,35-44,5,Relapse
Guam,2013,rel,f,45-54,2,Relapse
Guam,2013,rel,f,55-64,2,Relapse
Guam,2013,rel,f,65+,3,Relapse
Guatemala,1995,sp,m,0-14,51,Smear Positive
Guatemala,1995,sp,m,15-24,235,Smear Positive
Guatemala,1995,sp,m,25-34,280,Smear Positive
Guatemala,1995,sp,m,35-44,236,Smear Positive
Guatemala,1995,sp,m,45-54,165,Smear Positive
Guatemala,1995,sp,m,55-64,142,Smear Positive
Guatemala,1995,sp,m,65+,139,Smear Positive
Guatemala,1995,sp,f,0-14,51,Smear Positive
Guatemala,1995,sp,f,15-24,224,Smear Positive
Guatemala,1995,sp,f,25-34,255,Smear Positive
Guatemala,1995,sp,f,35-44,221,Smear Positive
Guatemala,1995,sp,f,45-54,146,Smear Positive
Guatemala,1995,sp,f,55-64,129,Smear Positive
Guatemala,1995,sp,f,65+,94,Smear Positive
Guatemala,1996,sp,m,0-14,75,Smear Positive
Guatemala,1996,sp,m,15-24,230,Smear Positive
Guatemala,1996,sp,m,25-34,230,Smear Positive
Guatemala,1996,sp,m,35-44,218,Smear Positive
Guatemala,1996,sp,m,45-54,152,Smear Positive
Guatemala,1996,sp,m,55-64,132,Smear Positive
Guatemala,1996,sp,m,65+,142,Smear Positive
Guatemala,1996,sp,f,0-14,48,Smear Positive
Guatemala,1996,sp,f,15-24,214,Smear Positive
Guatemala,1996,sp,f,25-34,250,Smear Positive
Guatemala,1996,sp,f,35-44,212,Smear Positive
Guatemala,1996,sp,f,45-54,172,Smear Positive
Guatemala,1996,sp,f,55-64,134,Smear Positive
Guatemala,1996,sp,f,65+,99,Smear Positive
Guatemala,1997,sp,m,0-14,45,Smear Positive
Guatemala,1997,sp,m,15-24,246,Smear Positive
Guatemala,1997,sp,m,25-34,217,Smear Positive
Guatemala,1997,sp,m,35-44,229,Smear Positive
Guatemala,1997,sp,m,45-54,161,Smear Positive
Guatemala,1997,sp,m,55-64,155,Smear Positive
Guatemala,1997,sp,m,65+,150,Smear Positive
Guatemala,1997,sp,f,0-14,33,Smear Positive
Guatemala,1997,sp,f,15-24,228,Smear Positive
Guatemala,1997,sp,f,25-34,225,Smear Positive
Guatemala,1997,sp,f,35-44,183,Smear Positive
Guatemala,1997,sp,f,45-54,120,Smear Positive
Guatemala,1997,sp,f,55-64,109,Smear Positive
Guatemala,1997,sp,f,65+,117,Smear Positive
Guatemala,1998,sp,m,0-14,60,Smear Positive
Guatemala,1998,sp,m,15-24,206,Smear Positive
Guatemala,1998,sp,m,25-34,248,Smear Positive
Guatemala,1998,sp,m,35-44,234,Smear Positive
Guatemala,1998,sp,m,45-54,163,Smear Positive
Guatemala,1998,sp,m,55-64,148,Smear Positive
Guatemala,1998,sp,m,65+,152,Smear Positive
Guatemala,1998,sp,f,0-14,45,Smear Positive
Guatemala,1998,sp,f,15-24,203,Smear Positive
Guatemala,1998,sp,f,25-34,216,Smear Positive
Guatemala,1998,sp,f,35-44,199,Smear Positive
Guatemala,1998,sp,f,45-54,160,Smear Positive
Guatemala,1998,sp,f,55-64,118,Smear Positive
Guatemala,1998,sp,f,65+,103,Smear Positive
Guatemala,1999,sp,m,0-14,34,Smear Positive
Guatemala,1999,sp,m,15-24,216,Smear Positive
Guatemala,1999,sp,m,25-34,248,Smear Positive
Guatemala,1999,sp,m,35-44,235,Smear Positive
Guatemala,1999,sp,m,45-54,171,Smear Positive
Guatemala,1999,sp,m,55-64,141,Smear Positive
Guatemala,1999,sp,m,65+,158,Smear Positive
Guatemala,1999,sp,f,0-14,24,Smear Positive
Guatemala,1999,sp,f,15-24,229,Smear Positive
Guatemala,1999,sp,f,25-34,230,Smear Positive
Guatemala,1999,sp,f,35-44,194,Smear Positive
Guatemala,1999,sp,f,45-54,174,Smear Positive
Guatemala,1999,sp,f,55-64,121,Smear Positive
Guatemala,1999,sp,f,65+,89,Smear Positive
Guatemala,2000,sp,m,0-14,36,Smear Positive
Guatemala,2000,sp,m,15-24,220,Smear Positive
Guatemala,2000,sp,m,25-34,236,Smear Positive
Guatemala,2000,sp,m,35-44,216,Smear Positive
Guatemala,2000,sp,m,45-54,177,Smear Positive
Guatemala,2000,sp,m,55-64,112,Smear Positive
Guatemala,2000,sp,m,65+,140,Smear Positive
Guatemala,2000,sp,f,0-14,41,Smear Positive
Guatemala,2000,sp,f,15-24,199,Smear Positive
Guatemala,2000,sp,f,25-34,167,Smear Positive
Guatemala,2000,sp,f,35-44,175,Smear Positive
Guatemala,2000,sp,f,45-54,135,Smear Positive
Guatemala,2000,sp,f,55-64,87,Smear Positive
Guatemala,2000,sp,f,65+,111,Smear Positive
Guatemala,2001,sp,m,0-14,27,Smear Positive
Guatemala,2001,sp,m,15-24,171,Smear Positive
Guatemala,2001,sp,m,25-34,201,Smear Positive
Guatemala,2001,sp,m,35-44,169,Smear Positive
Guatemala,2001,sp,m,45-54,137,Smear Positive
Guatemala,2001,sp,m,55-64,98,Smear Positive
Guatemala,2001,sp,m,65+,97,Smear Positive
Guatemala,2001,sp,f,0-14,33,Smear Positive
Guatemala,2001,sp,f,15-24,180,Smear Positive
Guatemala,2001,sp,f,25-34,173,Smear Positive
Guatemala,2001,sp,f,35-44,118,Smear Positive
Guatemala,2001,sp,f,45-54,101,Smear Positive
Guatemala,2001,sp,f,55-64,74,Smear Positive
Guatemala,2001,sp,f,65+,90,Smear Positive
Guatemala,2002,sp,m,0-14,27,Smear Positive
Guatemala,2002,sp,m,15-24,217,Smear Positive
Guatemala,2002,sp,m,25-34,219,Smear Positive
Guatemala,2002,sp,m,35-44,171,Smear Positive
Guatemala,2002,sp,m,45-54,158,Smear Positive
Guatemala,2002,sp,m,55-64,117,Smear Positive
Guatemala,2002,sp,m,65+,146,Smear Positive
Guatemala,2002,sp,f,0-14,42,Smear Positive
Guatemala,2002,sp,f,15-24,192,Smear Positive
Guatemala,2002,sp,f,25-34,171,Smear Positive
Guatemala,2002,sp,f,35-44,147,Smear Positive
Guatemala,2002,sp,f,45-54,116,Smear Positive
Guatemala,2002,sp,f,55-64,68,Smear Positive
Guatemala,2002,sp,f,65+,74,Smear Positive
Guatemala,2003,sp,m,0-14,29,Smear Positive
Guatemala,2003,sp,m,15-24,175,Smear Positive
Guatemala,2003,sp,m,25-34,200,Smear Positive
Guatemala,2003,sp,m,35-44,169,Smear Positive
Guatemala,2003,sp,m,45-54,156,Smear Positive
Guatemala,2003,sp,m,55-64,125,Smear Positive
Guatemala,2003,sp,m,65+,128,Smear Positive
Guatemala,2003,sp,f,0-14,24,Smear Positive
Guatemala,2003,sp,f,15-24,186,Smear Positive
Guatemala,2003,sp,f,25-34,179,Smear Positive
Guatemala,2003,sp,f,35-44,157,Smear Positive
Guatemala,2003,sp,f,45-54,104,Smear Positive
Guatemala,2003,sp,f,55-64,88,Smear Positive
Guatemala,2003,sp,f,65+,75,Smear Positive
Guatemala,2004,sp,m,0-14,43,Smear Positive
Guatemala,2004,sp,m,15-24,282,Smear Positive
Guatemala,2004,sp,m,25-34,291,Smear Positive
Guatemala,2004,sp,m,35-44,209,Smear Positive
Guatemala,2004,sp,m,45-54,210,Smear Positive
Guatemala,2004,sp,m,55-64,144,Smear Positive
Guatemala,2004,sp,m,65+,129,Smear Positive
Guatemala,2004,sp,f,0-14,31,Smear Positive
Guatemala,2004,sp,f,15-24,278,Smear Positive
Guatemala,2004,sp,f,25-34,201,Smear Positive
Guatemala,2004,sp,f,35-44,227,Smear Positive
Guatemala,2004,sp,f,45-54,144,Smear Positive
Guatemala,2004,sp,f,55-64,72,Smear Positive
Guatemala,2004,sp,f,65+,78,Smear Positive
Guatemala,2005,sp,m,0-14,39,Smear Positive
Guatemala,2005,sp,m,15-24,251,Smear Positive
Guatemala,2005,sp,m,25-34,258,Smear Positive
Guatemala,2005,sp,m,35-44,185,Smear Positive
Guatemala,2005,sp,m,45-54,187,Smear Positive
Guatemala,2005,sp,m,55-64,127,Smear Positive
Guatemala,2005,sp,m,65+,115,Smear Positive
Guatemala,2005,sp,f,0-14,38,Smear Positive
Guatemala,2005,sp,f,15-24,339,Smear Positive
Guatemala,2005,sp,f,25-34,245,Smear Positive
Guatemala,2005,sp,f,35-44,277,Smear Positive
Guatemala,2005,sp,f,45-54,176,Smear Positive
Guatemala,2005,sp,f,55-64,88,Smear Positive
Guatemala,2005,sp,f,65+,95,Smear Positive
Guatemala,2007,sp,m,0-14,74,Smear Positive
Guatemala,2007,sp,m,15-24,169,Smear Positive
Guatemala,2007,sp,m,25-34,207,Smear Positive
Guatemala,2007,sp,m,35-44,226,Smear Positive
Guatemala,2007,sp,m,45-54,203,Smear Positive
Guatemala,2007,sp,m,55-64,159,Smear Positive
Guatemala,2007,sp,m,65+,155,Smear Positive
Guatemala,2007,sp,f,0-14,183,Smear Positive
Guatemala,2007,sp,f,15-24,163,Smear Positive
Guatemala,2007,sp,f,25-34,246,Smear Positive
Guatemala,2007,sp,f,35-44,145,Smear Positive
Guatemala,2007,sp,f,45-54,153,Smear Positive
Guatemala,2007,sp,f,55-64,143,Smear Positive
Guatemala,2007,sp,f,65+,122,Smear Positive
Guatemala,2007,sn,m,0-14,17,Smear Negative
Guatemala,2007,sn,m,15-24,35,Smear Negative
Guatemala,2007,sn,m,25-34,37,Smear Negative
Guatemala,2007,sn,m,35-44,35,Smear Negative
Guatemala,2007,sn,m,45-54,17,Smear Negative
Guatemala,2007,sn,m,55-64,10,Smear Negative
Guatemala,2007,sn,m,65+,21,Smear Negative
Guatemala,2007,sn,f,0-14,27,Smear Negative
Guatemala,2007,sn,f,15-24,51,Smear Negative
Guatemala,2007,sn,f,25-34,44,Smear Negative
Guatemala,2007,sn,f,35-44,40,Smear Negative
Guatemala,2007,sn,f,45-54,22,Smear Negative
Guatemala,2007,sn,f,55-64,13,Smear Negative
Guatemala,2007,sn,f,65+,7,Smear Negative
Guatemala,2007,ep,m,0-14,24,Extrapulmonary
Guatemala,2007,ep,m,15-24,21,Extrapulmonary
Guatemala,2007,ep,m,25-34,23,Extrapulmonary
Guatemala,2007,ep,m,35-44,28,Extrapulmonary
Guatemala,2007,ep,m,45-54,16,Extrapulmonary
Guatemala,2007,ep,m,55-64,15,Extrapulmonary
Guatemala,2007,ep,m,65+,16,Extrapulmonary
Guatemala,2007,ep,f,0-14,17,Extrapulmonary
Guatemala,2007,ep,f,15-24,16,Extrapulmonary
Guatemala,2007,ep,f,25-34,27,Extrapulmonary
Guatemala,2007,ep,f,35-44,26,Extrapulmonary
Guatemala,2007,ep,f,45-54,22,Extrapulmonary
Guatemala,2007,ep,f,55-64,17,Extrapulmonary
Guatemala,2007,ep,f,65+,14,Extrapulmonary
Guatemala,2008,sp,m,0-14,19,Smear Positive
Guatemala,2008,sp,m,15-24,220,Smear Positive
Guatemala,2008,sp,m,25-34,257,Smear Positive
Guatemala,2008,sp,m,35-44,193,Smear Positive
Guatemala,2008,sp,m,45-54,163,Smear Positive
Guatemala,2008,sp,m,55-64,124,Smear Positive
Guatemala,2008,sp,m,65+,167,Smear Positive
Guatemala,2008,sp,f,0-14,22,Smear Positive
Guatemala,2008,sp,f,15-24,199,Smear Positive
Guatemala,2008,sp,f,25-34,189,Smear Positive
Guatemala,2008,sp,f,35-44,162,Smear Positive
Guatemala,2008,sp,f,45-54,154,Smear Positive
Guatemala,2008,sp,f,55-64,100,Smear Positive
Guatemala,2008,sp,f,65+,101,Smear Positive
Guatemala,2008,sn,m,0-14,19,Smear Negative
Guatemala,2008,sn,m,15-24,24,Smear Negative
Guatemala,2008,sn,m,25-34,29,Smear Negative
Guatemala,2008,sn,m,35-44,34,Smear Negative
Guatemala,2008,sn,m,45-54,22,Smear Negative
Guatemala,2008,sn,m,55-64,17,Smear Negative
Guatemala,2008,sn,m,65+,22,Smear Negative
Guatemala,2008,sn,f,0-14,19,Smear Negative
Guatemala,2008,sn,f,15-24,20,Smear Negative
Guatemala,2008,sn,f,25-34,29,Smear Negative
Guatemala,2008,sn,f,35-44,36,Smear Negative
Guatemala,2008,sn,f,45-54,21,Smear Negative
Guatemala,2008,sn,f,55-64,19,Smear Negative
Guatemala,2008,sn,f,65+,15,Smear Negative
Guatemala,2008,ep,m,0-14,16,Extrapulmonary
Guatemala,2008,ep,m,15-24,23,Extrapulmonary
Guatemala,2008,ep,m,25-34,55,Extrapulmonary
Guatemala,2008,ep,m,35-44,36,Extrapulmonary
Guatemala,2008,ep,m,45-54,31,Extrapulmonary
Guatemala,2008,ep,m,55-64,16,Extrapulmonary
Guatemala,2008,ep,m,65+,11,Extrapulmonary
Guatemala,2008,ep,f,0-14,16,Extrapulmonary
Guatemala,2008,ep,f,15-24,28,Extrapulmonary
Guatemala,2008,ep,f,25-34,33,Extrapulmonary
Guatemala,2008,ep,f,35-44,27,Extrapulmonary
Guatemala,2008,ep,f,45-54,25,Extrapulmonary
Guatemala,2008,ep,f,55-64,16,Extrapulmonary
Guatemala,2008,ep,f,65+,13,Extrapulmonary
Guatemala,2009,sp,m,0-14,121,Smear Positive
Guatemala,2009,sp,m,15-24,144,Smear Positive
Guatemala,2009,sp,m,25-34,168,Smear Positive
Guatemala,2009,sp,m,35-44,117,Smear Positive
Guatemala,2009,sp,m,45-54,122,Smear Positive
Guatemala,2009,sp,m,55-64,91,Smear Positive
Guatemala,2009,sp,m,65+,88,Smear Positive
Guatemala,2009,sp,f,0-14,116,Smear Positive
Guatemala,2009,sp,f,15-24,148,Smear Positive
Guatemala,2009,sp,f,25-34,149,Smear Positive
Guatemala,2009,sp,f,35-44,99,Smear Positive
Guatemala,2009,sp,f,45-54,107,Smear Positive
Guatemala,2009,sp,f,55-64,73,Smear Positive
Guatemala,2009,sp,f,65+,66,Smear Positive
Guatemala,2009,ep,m,0-14,13,Extrapulmonary
Guatemala,2009,ep,m,15-24,144,Extrapulmonary
Guatemala,2009,ep,m,25-34,168,Extrapulmonary
Guatemala,2009,ep,m,35-44,117,Extrapulmonary
Guatemala,2009,ep,m,45-54,122,Extrapulmonary
Guatemala,2009,ep,m,55-64,91,Extrapulmonary
Guatemala,2009,ep,m,65+,88,Extrapulmonary
Guatemala,2009,ep,f,0-14,16,Extrapulmonary
Guatemala,2009,ep,f,15-24,148,Extrapulmonary
Guatemala,2009,ep,f,25-34,149,Extrapulmonary
Guatemala,2009,ep,f,35-44,99,Extrapulmonary
Guatemala,2009,ep,f,45-54,107,Extrapulmonary
Guatemala,2009,ep,f,55-64,73,Extrapulmonary
Guatemala,2009,ep,f,65+,66,Extrapulmonary
Guatemala,2010,sp,m,0-14,60,Smear Positive
Guatemala,2010,sp,m,15-24,187,Smear Positive
Guatemala,2010,sp,m,25-34,245,Smear Positive
Guatemala,2010,sp,m,35-44,207,Smear Positive
Guatemala,2010,sp,m,45-54,172,Smear Positive
Guatemala,2010,sp,m,55-64,143,Smear Positive
Guatemala,2010,sp,m,65+,165,Smear Positive
Guatemala,2010,sp,f,0-14,29,Smear Positive
Guatemala,2010,sp,f,15-24,194,Smear Positive
Guatemala,2010,sp,f,25-34,190,Smear Positive
Guatemala,2010,sp,f,35-44,179,Smear Positive
Guatemala,2010,sp,f,45-54,139,Smear Positive
Guatemala,2010,sp,f,55-64,108,Smear Positive
Guatemala,2010,sp,f,65+,103,Smear Positive
Guatemala,2011,sp,m,0-14,18,Smear Positive
Guatemala,2011,sp,m,15-24,197,Smear Positive
Guatemala,2011,sp,m,25-34,205,Smear Positive
Guatemala,2011,sp,m,35-44,172,Smear Positive
Guatemala,2011,sp,m,45-54,162,Smear Positive
Guatemala,2011,sp,m,55-64,136,Smear Positive
Guatemala,2011,sp,m,65+,152,Smear Positive
Guatemala,2011,sp,f,0-14,25,Smear Positive
Guatemala,2011,sp,f,15-24,186,Smear Positive
Guatemala,2011,sp,f,25-34,192,Smear Positive
Guatemala,2011,sp,f,35-44,154,Smear Positive
Guatemala,2011,sp,f,45-54,154,Smear Positive
Guatemala,2011,sp,f,55-64,102,Smear Positive
Guatemala,2011,sp,f,65+,106,Smear Positive
Guatemala,2013,rel,m,0-14,16,Relapse
Guatemala,2013,rel,m,15-24,239,Relapse
Guatemala,2013,rel,m,25-34,248,Relapse
Guatemala,2013,rel,m,35-44,212,Relapse
Guatemala,2013,rel,m,45-54,207,Relapse
Guatemala,2013,rel,m,55-64,155,Relapse
Guatemala,2013,rel,m,65+,164,Relapse
Guatemala,2013,rel,f,0-14,25,Relapse
Guatemala,2013,rel,f,15-24,197,Relapse
Guatemala,2013,rel,f,25-34,208,Relapse
Guatemala,2013,rel,f,35-44,167,Relapse
Guatemala,2013,rel,f,45-54,154,Relapse
Guatemala,2013,rel,f,55-64,106,Relapse
Guatemala,2013,rel,f,65+,98,Relapse
Guinea,1995,sp,m,0-14,18,Smear Positive
Guinea,1995,sp,m,15-24,244,Smear Positive
Guinea,1995,sp,m,25-34,538,Smear Positive
Guinea,1995,sp,m,35-44,357,Smear Positive
Guinea,1995,sp,m,45-54,189,Smear Positive
Guinea,1995,sp,m,55-64,98,Smear Positive
Guinea,1995,sp,m,65+,61,Smear Positive
Guinea,1995,sp,f,0-14,28,Smear Positive
Guinea,1995,sp,f,15-24,202,Smear Positive
Guinea,1995,sp,f,25-34,255,Smear Positive
Guinea,1995,sp,f,35-44,153,Smear Positive
Guinea,1995,sp,f,45-54,64,Smear Positive
Guinea,1995,sp,f,55-64,37,Smear Positive
Guinea,1995,sp,f,65+,19,Smear Positive
Guinea,1996,sp,m,0-14,29,Smear Positive
Guinea,1996,sp,m,15-24,319,Smear Positive
Guinea,1996,sp,m,25-34,631,Smear Positive
Guinea,1996,sp,m,35-44,416,Smear Positive
Guinea,1996,sp,m,45-54,214,Smear Positive
Guinea,1996,sp,m,55-64,133,Smear Positive
Guinea,1996,sp,m,65+,104,Smear Positive
Guinea,1996,sp,f,0-14,30,Smear Positive
Guinea,1996,sp,f,15-24,223,Smear Positive
Guinea,1996,sp,f,25-34,338,Smear Positive
Guinea,1996,sp,f,35-44,213,Smear Positive
Guinea,1996,sp,f,45-54,111,Smear Positive
Guinea,1996,sp,f,55-64,52,Smear Positive
Guinea,1996,sp,f,65+,31,Smear Positive
Guinea,1997,sp,m,0-14,25,Smear Positive
Guinea,1997,sp,m,15-24,326,Smear Positive
Guinea,1997,sp,m,25-34,653,Smear Positive
Guinea,1997,sp,m,35-44,483,Smear Positive
Guinea,1997,sp,m,45-54,220,Smear Positive
Guinea,1997,sp,m,55-64,147,Smear Positive
Guinea,1997,sp,m,65+,100,Smear Positive
Guinea,1997,sp,f,0-14,38,Smear Positive
Guinea,1997,sp,f,15-24,246,Smear Positive
Guinea,1997,sp,f,25-34,383,Smear Positive
Guinea,1997,sp,f,35-44,189,Smear Positive
Guinea,1997,sp,f,45-54,91,Smear Positive
Guinea,1997,sp,f,55-64,48,Smear Positive
Guinea,1997,sp,f,65+,32,Smear Positive
Guinea,1998,sp,m,0-14,22,Smear Positive
Guinea,1998,sp,m,15-24,409,Smear Positive
Guinea,1998,sp,m,25-34,763,Smear Positive
Guinea,1998,sp,m,35-44,494,Smear Positive
Guinea,1998,sp,m,45-54,271,Smear Positive
Guinea,1998,sp,m,55-64,168,Smear Positive
Guinea,1998,sp,m,65+,117,Smear Positive
Guinea,1998,sp,f,0-14,37,Smear Positive
Guinea,1998,sp,f,15-24,303,Smear Positive
Guinea,1998,sp,f,25-34,365,Smear Positive
Guinea,1998,sp,f,35-44,202,Smear Positive
Guinea,1998,sp,f,45-54,115,Smear Positive
Guinea,1998,sp,f,55-64,71,Smear Positive
Guinea,1998,sp,f,65+,25,Smear Positive
Guinea,1999,sp,m,0-14,30,Smear Positive
Guinea,1999,sp,m,15-24,434,Smear Positive
Guinea,1999,sp,m,25-34,736,Smear Positive
Guinea,1999,sp,m,35-44,519,Smear Positive
Guinea,1999,sp,m,45-54,294,Smear Positive
Guinea,1999,sp,m,55-64,173,Smear Positive
Guinea,1999,sp,m,65+,104,Smear Positive
Guinea,1999,sp,f,0-14,44,Smear Positive
Guinea,1999,sp,f,15-24,345,Smear Positive
Guinea,1999,sp,f,25-34,395,Smear Positive
Guinea,1999,sp,f,35-44,259,Smear Positive
Guinea,1999,sp,f,45-54,110,Smear Positive
Guinea,1999,sp,f,55-64,78,Smear Positive
Guinea,1999,sp,f,65+,41,Smear Positive
Guinea,2000,sp,m,0-14,39,Smear Positive
Guinea,2000,sp,m,15-24,551,Smear Positive
Guinea,2000,sp,m,25-34,860,Smear Positive
Guinea,2000,sp,m,35-44,570,Smear Positive
Guinea,2000,sp,m,45-54,282,Smear Positive
Guinea,2000,sp,m,55-64,203,Smear Positive
Guinea,2000,sp,m,65+,103,Smear Positive
Guinea,2000,sp,f,0-14,66,Smear Positive
Guinea,2000,sp,f,15-24,314,Smear Positive
Guinea,2000,sp,f,25-34,446,Smear Positive
Guinea,2000,sp,f,35-44,245,Smear Positive
Guinea,2000,sp,f,45-54,114,Smear Positive
Guinea,2000,sp,f,55-64,82,Smear Positive
Guinea,2000,sp,f,65+,45,Smear Positive
Guinea,2001,sp,m,0-14,24,Smear Positive
Guinea,2001,sp,m,15-24,506,Smear Positive
Guinea,2001,sp,m,25-34,876,Smear Positive
Guinea,2001,sp,m,35-44,612,Smear Positive
Guinea,2001,sp,m,45-54,325,Smear Positive
Guinea,2001,sp,m,55-64,185,Smear Positive
Guinea,2001,sp,m,65+,154,Smear Positive
Guinea,2001,sp,f,0-14,59,Smear Positive
Guinea,2001,sp,f,15-24,419,Smear Positive
Guinea,2001,sp,f,25-34,433,Smear Positive
Guinea,2001,sp,f,35-44,249,Smear Positive
Guinea,2001,sp,f,45-54,127,Smear Positive
Guinea,2001,sp,f,55-64,77,Smear Positive
Guinea,2001,sp,f,65+,46,Smear Positive
Guinea,2002,sp,m,0-14,24,Smear Positive
Guinea,2002,sp,m,15-24,413,Smear Positive
Guinea,2002,sp,m,25-34,958,Smear Positive
Guinea,2002,sp,m,35-44,634,Smear Positive
Guinea,2002,sp,m,45-54,336,Smear Positive
Guinea,2002,sp,m,55-64,139,Smear Positive
Guinea,2002,sp,m,65+,149,Smear Positive
Guinea,2002,sp,f,0-14,42,Smear Positive
Guinea,2002,sp,f,15-24,399,Smear Positive
Guinea,2002,sp,f,25-34,439,Smear Positive
Guinea,2002,sp,f,35-44,259,Smear Positive
Guinea,2002,sp,f,45-54,109,Smear Positive
Guinea,2002,sp,f,55-64,77,Smear Positive
Guinea,2002,sp,f,65+,50,Smear Positive
Guinea,2003,sp,m,0-14,34,Smear Positive
Guinea,2003,sp,m,15-24,617,Smear Positive
Guinea,2003,sp,m,25-34,1052,Smear Positive
Guinea,2003,sp,m,35-44,671,Smear Positive
Guinea,2003,sp,m,45-54,368,Smear Positive
Guinea,2003,sp,m,55-64,172,Smear Positive
Guinea,2003,sp,m,65+,134,Smear Positive
Guinea,2003,sp,f,0-14,53,Smear Positive
Guinea,2003,sp,f,15-24,353,Smear Positive
Guinea,2003,sp,f,25-34,451,Smear Positive
Guinea,2003,sp,f,35-44,307,Smear Positive
Guinea,2003,sp,f,45-54,137,Smear Positive
Guinea,2003,sp,f,55-64,106,Smear Positive
Guinea,2003,sp,f,65+,40,Smear Positive
Guinea,2004,sp,m,0-14,38,Smear Positive
Guinea,2004,sp,m,15-24,728,Smear Positive
Guinea,2004,sp,m,25-34,1091,Smear Positive
Guinea,2004,sp,m,35-44,726,Smear Positive
Guinea,2004,sp,m,45-54,389,Smear Positive
Guinea,2004,sp,m,55-64,199,Smear Positive
Guinea,2004,sp,m,65+,135,Smear Positive
Guinea,2004,sp,f,0-14,62,Smear Positive
Guinea,2004,sp,f,15-24,470,Smear Positive
Guinea,2004,sp,f,25-34,521,Smear Positive
Guinea,2004,sp,f,35-44,334,Smear Positive
Guinea,2004,sp,f,45-54,159,Smear Positive
Guinea,2004,sp,f,55-64,100,Smear Positive
Guinea,2004,sp,f,65+,63,Smear Positive
Guinea,2005,sp,m,0-14,51,Smear Positive
Guinea,2005,sp,m,15-24,749,Smear Positive
Guinea,2005,sp,m,25-34,1165,Smear Positive
Guinea,2005,sp,m,35-44,778,Smear Positive
Guinea,2005,sp,m,45-54,463,Smear Positive
Guinea,2005,sp,m,55-64,195,Smear Positive
Guinea,2005,sp,m,65+,130,Smear Positive
Guinea,2005,sp,f,0-14,65,Smear Positive
Guinea,2005,sp,f,15-24,594,Smear Positive
Guinea,2005,sp,f,25-34,583,Smear Positive
Guinea,2005,sp,f,35-44,354,Smear Positive
Guinea,2005,sp,f,45-54,203,Smear Positive
Guinea,2005,sp,f,55-64,94,Smear Positive
Guinea,2005,sp,f,65+,55,Smear Positive
Guinea,2006,sp,m,0-14,31,Smear Positive
Guinea,2006,sp,m,15-24,834,Smear Positive
Guinea,2006,sp,m,25-34,1168,Smear Positive
Guinea,2006,sp,m,35-44,916,Smear Positive
Guinea,2006,sp,m,45-54,512,Smear Positive
Guinea,2006,sp,m,55-64,274,Smear Positive
Guinea,2006,sp,m,65+,162,Smear Positive
Guinea,2006,sp,f,0-14,85,Smear Positive
Guinea,2006,sp,f,15-24,586,Smear Positive
Guinea,2006,sp,f,25-34,581,Smear Positive
Guinea,2006,sp,f,35-44,396,Smear Positive
Guinea,2006,sp,f,45-54,187,Smear Positive
Guinea,2006,sp,f,55-64,118,Smear Positive
Guinea,2006,sp,f,65+,53,Smear Positive
Guinea,2007,sp,m,0-14,46,Smear Positive
Guinea,2007,sp,m,15-24,901,Smear Positive
Guinea,2007,sp,m,25-34,1315,Smear Positive
Guinea,2007,sp,m,35-44,936,Smear Positive
Guinea,2007,sp,m,45-54,503,Smear Positive
Guinea,2007,sp,m,55-64,240,Smear Positive
Guinea,2007,sp,m,65+,204,Smear Positive
Guinea,2007,sp,f,0-14,76,Smear Positive
Guinea,2007,sp,f,15-24,631,Smear Positive
Guinea,2007,sp,f,25-34,613,Smear Positive
Guinea,2007,sp,f,35-44,367,Smear Positive
Guinea,2007,sp,f,45-54,207,Smear Positive
Guinea,2007,sp,f,55-64,106,Smear Positive
Guinea,2007,sp,f,65+,79,Smear Positive
Guinea,2008,sp,m,0-14,56,Smear Positive
Guinea,2008,sp,m,15-24,970,Smear Positive
Guinea,2008,sp,m,25-34,1419,Smear Positive
Guinea,2008,sp,m,35-44,985,Smear Positive
Guinea,2008,sp,m,45-54,561,Smear Positive
Guinea,2008,sp,m,55-64,264,Smear Positive
Guinea,2008,sp,m,65+,198,Smear Positive
Guinea,2008,sp,f,0-14,64,Smear Positive
Guinea,2008,sp,f,15-24,610,Smear Positive
Guinea,2008,sp,f,25-34,686,Smear Positive
Guinea,2008,sp,f,35-44,377,Smear Positive
Guinea,2008,sp,f,45-54,190,Smear Positive
Guinea,2008,sp,f,55-64,93,Smear Positive
Guinea,2008,sp,f,65+,88,Smear Positive
Guinea,2009,sp,m,0-14,65,Smear Positive
Guinea,2009,sp,m,15-24,746,Smear Positive
Guinea,2009,sp,m,25-34,1064,Smear Positive
Guinea,2009,sp,m,35-44,655,Smear Positive
Guinea,2009,sp,m,45-54,376,Smear Positive
Guinea,2009,sp,m,55-64,208,Smear Positive
Guinea,2009,sp,m,65+,150,Smear Positive
Guinea,2009,sp,f,0-14,68,Smear Positive
Guinea,2009,sp,f,15-24,549,Smear Positive
Guinea,2009,sp,f,25-34,644,Smear Positive
Guinea,2009,sp,f,35-44,429,Smear Positive
Guinea,2009,sp,f,45-54,225,Smear Positive
Guinea,2009,sp,f,55-64,132,Smear Positive
Guinea,2009,sp,f,65+,66,Smear Positive
Guinea,2010,sp,m,0-14,61,Smear Positive
Guinea,2010,sp,m,15-24,679,Smear Positive
Guinea,2010,sp,m,25-34,877,Smear Positive
Guinea,2010,sp,m,35-44,982,Smear Positive
Guinea,2010,sp,m,45-54,876,Smear Positive
Guinea,2010,sp,m,55-64,565,Smear Positive
Guinea,2010,sp,m,65+,289,Smear Positive
Guinea,2010,sp,f,0-14,51,Smear Positive
Guinea,2010,sp,f,15-24,549,Smear Positive
Guinea,2010,sp,f,25-34,739,Smear Positive
Guinea,2010,sp,f,35-44,751,Smear Positive
Guinea,2010,sp,f,45-54,405,Smear Positive
Guinea,2010,sp,f,55-64,145,Smear Positive
Guinea,2010,sp,f,65+,72,Smear Positive
Guinea,2011,sp,m,0-14,45,Smear Positive
Guinea,2011,sp,m,15-24,1051,Smear Positive
Guinea,2011,sp,m,25-34,1537,Smear Positive
Guinea,2011,sp,m,35-44,955,Smear Positive
Guinea,2011,sp,m,45-54,541,Smear Positive
Guinea,2011,sp,m,55-64,293,Smear Positive
Guinea,2011,sp,m,65+,197,Smear Positive
Guinea,2011,sp,f,0-14,85,Smear Positive
Guinea,2011,sp,f,15-24,709,Smear Positive
Guinea,2011,sp,f,25-34,688,Smear Positive
Guinea,2011,sp,f,35-44,432,Smear Positive
Guinea,2011,sp,f,45-54,219,Smear Positive
Guinea,2011,sp,f,55-64,109,Smear Positive
Guinea,2011,sp,f,65+,73,Smear Positive
Guinea,2011,sn,m,0-14,79,Smear Negative
Guinea,2011,sn,m,15-24,207,Smear Negative
Guinea,2011,sn,m,25-34,156,Smear Negative
Guinea,2011,sn,m,35-44,177,Smear Negative
Guinea,2011,sn,m,45-54,134,Smear Negative
Guinea,2011,sn,m,55-64,65,Smear Negative
Guinea,2011,sn,m,65+,52,Smear Negative
Guinea,2011,sn,f,0-14,27,Smear Negative
Guinea,2011,sn,f,15-24,67,Smear Negative
Guinea,2011,sn,f,25-34,180,Smear Negative
Guinea,2011,sn,f,35-44,102,Smear Negative
Guinea,2011,sn,f,45-54,100,Smear Negative
Guinea,2011,sn,f,55-64,67,Smear Negative
Guinea,2011,sn,f,65+,33,Smear Negative
Guinea,2011,ep,m,0-14,14,Extrapulmonary
Guinea,2011,ep,m,15-24,343,Extrapulmonary
Guinea,2011,ep,m,25-34,458,Extrapulmonary
Guinea,2011,ep,m,35-44,176,Extrapulmonary
Guinea,2011,ep,m,45-54,201,Extrapulmonary
Guinea,2011,ep,m,55-64,96,Extrapulmonary
Guinea,2011,ep,m,65+,20,Extrapulmonary
Guinea,2011,ep,f,0-14,0,Extrapulmonary
Guinea,2011,ep,f,15-24,109,Extrapulmonary
Guinea,2011,ep,f,25-34,241,Extrapulmonary
Guinea,2011,ep,f,35-44,278,Extrapulmonary
Guinea,2011,ep,f,45-54,169,Extrapulmonary
Guinea,2011,ep,f,55-64,112,Extrapulmonary
Guinea,2011,ep,f,65+,67,Extrapulmonary
Guinea,2012,sp,m,0-14,28,Smear Positive
Guinea,2012,sp,m,15-24,761,Smear Positive
Guinea,2012,sp,m,25-34,1104,Smear Positive
Guinea,2012,sp,m,35-44,791,Smear Positive
Guinea,2012,sp,m,45-54,383,Smear Positive
Guinea,2012,sp,m,55-64,190,Smear Positive
Guinea,2012,sp,m,65+,120,Smear Positive
Guinea,2012,sp,f,0-14,49,Smear Positive
Guinea,2012,sp,f,15-24,505,Smear Positive
Guinea,2012,sp,f,25-34,509,Smear Positive
Guinea,2012,sp,f,35-44,323,Smear Positive
Guinea,2012,sp,f,45-54,134,Smear Positive
Guinea,2012,sp,f,55-64,61,Smear Positive
Guinea,2012,sp,f,65+,57,Smear Positive
Guinea,2013,rel,m,0-14,107,Relapse
Guinea,2013,rel,m,15-24,1269,Relapse
Guinea,2013,rel,m,25-34,1690,Relapse
Guinea,2013,rel,m,35-44,1887,Relapse
Guinea,2013,rel,m,45-54,1031,Relapse
Guinea,2013,rel,m,55-64,642,Relapse
Guinea,2013,rel,m,65+,474,Relapse
Guinea,2013,rel,f,0-14,78,Relapse
Guinea,2013,rel,f,15-24,987,Relapse
Guinea,2013,rel,f,25-34,1056,Relapse
Guinea,2013,rel,f,35-44,998,Relapse
Guinea,2013,rel,f,45-54,693,Relapse
Guinea,2013,rel,f,55-64,214,Relapse
Guinea,2013,rel,f,65+,187,Relapse
Guinea-Bissau,1996,sp,m,0-14,9,Smear Positive
Guinea-Bissau,1996,sp,m,15-24,110,Smear Positive
Guinea-Bissau,1996,sp,m,25-34,159,Smear Positive
Guinea-Bissau,1996,sp,m,35-44,113,Smear Positive
Guinea-Bissau,1996,sp,m,45-54,99,Smear Positive
Guinea-Bissau,1996,sp,m,55-64,60,Smear Positive
Guinea-Bissau,1996,sp,m,65+,36,Smear Positive
Guinea-Bissau,1996,sp,f,0-14,7,Smear Positive
Guinea-Bissau,1996,sp,f,15-24,49,Smear Positive
Guinea-Bissau,1996,sp,f,25-34,80,Smear Positive
Guinea-Bissau,1996,sp,f,35-44,94,Smear Positive
Guinea-Bissau,1996,sp,f,45-54,62,Smear Positive
Guinea-Bissau,1996,sp,f,55-64,31,Smear Positive
Guinea-Bissau,1996,sp,f,65+,13,Smear Positive
Guinea-Bissau,2000,sp,m,0-14,2,Smear Positive
Guinea-Bissau,2000,sp,m,15-24,52,Smear Positive
Guinea-Bissau,2000,sp,m,25-34,92,Smear Positive
Guinea-Bissau,2000,sp,m,35-44,80,Smear Positive
Guinea-Bissau,2000,sp,m,45-54,64,Smear Positive
Guinea-Bissau,2000,sp,m,55-64,39,Smear Positive
Guinea-Bissau,2000,sp,m,65+,19,Smear Positive
Guinea-Bissau,2000,sp,f,0-14,4,Smear Positive
Guinea-Bissau,2000,sp,f,15-24,30,Smear Positive
Guinea-Bissau,2000,sp,f,25-34,46,Smear Positive
Guinea-Bissau,2000,sp,f,35-44,47,Smear Positive
Guinea-Bissau,2000,sp,f,45-54,24,Smear Positive
Guinea-Bissau,2000,sp,f,55-64,15,Smear Positive
Guinea-Bissau,2000,sp,f,65+,12,Smear Positive
Guinea-Bissau,2002,sp,m,0-14,7,Smear Positive
Guinea-Bissau,2002,sp,m,15-24,101,Smear Positive
Guinea-Bissau,2002,sp,m,25-34,146,Smear Positive
Guinea-Bissau,2002,sp,m,35-44,128,Smear Positive
Guinea-Bissau,2002,sp,m,45-54,70,Smear Positive
Guinea-Bissau,2002,sp,m,55-64,52,Smear Positive
Guinea-Bissau,2002,sp,m,65+,34,Smear Positive
Guinea-Bissau,2002,sp,f,0-14,9,Smear Positive
Guinea-Bissau,2002,sp,f,15-24,80,Smear Positive
Guinea-Bissau,2002,sp,f,25-34,108,Smear Positive
Guinea-Bissau,2002,sp,f,35-44,66,Smear Positive
Guinea-Bissau,2002,sp,f,45-54,49,Smear Positive
Guinea-Bissau,2002,sp,f,55-64,37,Smear Positive
Guinea-Bissau,2002,sp,f,65+,12,Smear Positive
Guinea-Bissau,2003,sp,m,0-14,9,Smear Positive
Guinea-Bissau,2003,sp,m,15-24,101,Smear Positive
Guinea-Bissau,2003,sp,m,25-34,153,Smear Positive
Guinea-Bissau,2003,sp,m,35-44,118,Smear Positive
Guinea-Bissau,2003,sp,m,45-54,108,Smear Positive
Guinea-Bissau,2003,sp,m,55-64,63,Smear Positive
Guinea-Bissau,2003,sp,m,65+,27,Smear Positive
Guinea-Bissau,2003,sp,f,0-14,7,Smear Positive
Guinea-Bissau,2003,sp,f,15-24,97,Smear Positive
Guinea-Bissau,2003,sp,f,25-34,82,Smear Positive
Guinea-Bissau,2003,sp,f,35-44,78,Smear Positive
Guinea-Bissau,2003,sp,f,45-54,58,Smear Positive
Guinea-Bissau,2003,sp,f,55-64,38,Smear Positive
Guinea-Bissau,2003,sp,f,65+,24,Smear Positive
Guinea-Bissau,2004,sp,m,0-14,16,Smear Positive
Guinea-Bissau,2004,sp,m,15-24,86,Smear Positive
Guinea-Bissau,2004,sp,m,25-34,175,Smear Positive
Guinea-Bissau,2004,sp,m,35-44,147,Smear Positive
Guinea-Bissau,2004,sp,m,45-54,130,Smear Positive
Guinea-Bissau,2004,sp,m,55-64,84,Smear Positive
Guinea-Bissau,2004,sp,m,65+,51,Smear Positive
Guinea-Bissau,2004,sp,f,0-14,11,Smear Positive
Guinea-Bissau,2004,sp,f,15-24,87,Smear Positive
Guinea-Bissau,2004,sp,f,25-34,115,Smear Positive
Guinea-Bissau,2004,sp,f,35-44,103,Smear Positive
Guinea-Bissau,2004,sp,f,45-54,98,Smear Positive
Guinea-Bissau,2004,sp,f,55-64,54,Smear Positive
Guinea-Bissau,2004,sp,f,65+,29,Smear Positive
Guinea-Bissau,2005,sp,m,0-14,14,Smear Positive
Guinea-Bissau,2005,sp,m,15-24,116,Smear Positive
Guinea-Bissau,2005,sp,m,25-34,167,Smear Positive
Guinea-Bissau,2005,sp,m,35-44,153,Smear Positive
Guinea-Bissau,2005,sp,m,45-54,130,Smear Positive
Guinea-Bissau,2005,sp,m,55-64,72,Smear Positive
Guinea-Bissau,2005,sp,m,65+,42,Smear Positive
Guinea-Bissau,2005,sp,f,0-14,13,Smear Positive
Guinea-Bissau,2005,sp,f,15-24,78,Smear Positive
Guinea-Bissau,2005,sp,f,25-34,110,Smear Positive
Guinea-Bissau,2005,sp,f,35-44,92,Smear Positive
Guinea-Bissau,2005,sp,f,45-54,82,Smear Positive
Guinea-Bissau,2005,sp,f,55-64,44,Smear Positive
Guinea-Bissau,2005,sp,f,65+,19,Smear Positive
Guinea-Bissau,2006,sp,m,0-14,8,Smear Positive
Guinea-Bissau,2006,sp,m,15-24,86,Smear Positive
Guinea-Bissau,2006,sp,m,25-34,178,Smear Positive
Guinea-Bissau,2006,sp,m,35-44,143,Smear Positive
Guinea-Bissau,2006,sp,m,45-54,90,Smear Positive
Guinea-Bissau,2006,sp,m,55-64,74,Smear Positive
Guinea-Bissau,2006,sp,m,65+,24,Smear Positive
Guinea-Bissau,2006,sp,f,0-14,7,Smear Positive
Guinea-Bissau,2006,sp,f,15-24,82,Smear Positive
Guinea-Bissau,2006,sp,f,25-34,116,Smear Positive
Guinea-Bissau,2006,sp,f,35-44,90,Smear Positive
Guinea-Bissau,2006,sp,f,45-54,81,Smear Positive
Guinea-Bissau,2006,sp,f,55-64,36,Smear Positive
Guinea-Bissau,2006,sp,f,65+,15,Smear Positive
Guinea-Bissau,2006,sn,m,0-14,554,Smear Negative
Guinea-Bissau,2006,sn,f,0-14,401,Smear Negative
Guinea-Bissau,2006,ep,m,0-14,13,Extrapulmonary
Guinea-Bissau,2006,ep,f,0-14,6,Extrapulmonary
Guinea-Bissau,2008,sp,m,0-14,8,Smear Positive
Guinea-Bissau,2008,sp,m,15-24,119,Smear Positive
Guinea-Bissau,2008,sp,m,25-34,194,Smear Positive
Guinea-Bissau,2008,sp,m,35-44,191,Smear Positive
Guinea-Bissau,2008,sp,m,45-54,109,Smear Positive
Guinea-Bissau,2008,sp,m,55-64,79,Smear Positive
Guinea-Bissau,2008,sp,m,65+,30,Smear Positive
Guinea-Bissau,2008,sp,f,0-14,12,Smear Positive
Guinea-Bissau,2008,sp,f,15-24,85,Smear Positive
Guinea-Bissau,2008,sp,f,25-34,129,Smear Positive
Guinea-Bissau,2008,sp,f,35-44,123,Smear Positive
Guinea-Bissau,2008,sp,f,45-54,92,Smear Positive
Guinea-Bissau,2008,sp,f,55-64,41,Smear Positive
Guinea-Bissau,2008,sp,f,65+,11,Smear Positive
Guinea-Bissau,2009,sp,m,0-14,8,Smear Positive
Guinea-Bissau,2009,sp,m,15-24,124,Smear Positive
Guinea-Bissau,2009,sp,m,25-34,230,Smear Positive
Guinea-Bissau,2009,sp,m,35-44,172,Smear Positive
Guinea-Bissau,2009,sp,m,45-54,138,Smear Positive
Guinea-Bissau,2009,sp,m,55-64,82,Smear Positive
Guinea-Bissau,2009,sp,m,65+,38,Smear Positive
Guinea-Bissau,2009,sp,f,0-14,5,Smear Positive
Guinea-Bissau,2009,sp,f,15-24,88,Smear Positive
Guinea-Bissau,2009,sp,f,25-34,149,Smear Positive
Guinea-Bissau,2009,sp,f,35-44,119,Smear Positive
Guinea-Bissau,2009,sp,f,45-54,92,Smear Positive
Guinea-Bissau,2009,sp,f,55-64,47,Smear Positive
Guinea-Bissau,2009,sp,f,65+,18,Smear Positive
Guinea-Bissau,2010,sp,m,0-14,18,Smear Positive
Guinea-Bissau,2010,sp,m,15-24,164,Smear Positive
Guinea-Bissau,2010,sp,m,25-34,219,Smear Positive
Guinea-Bissau,2010,sp,m,35-44,183,Smear Positive
Guinea-Bissau,2010,sp,m,45-54,141,Smear Positive
Guinea-Bissau,2010,sp,m,55-64,80,Smear Positive
Guinea-Bissau,2010,sp,m,65+,43,Smear Positive
Guinea-Bissau,2010,sp,f,0-14,30,Smear Positive
Guinea-Bissau,2010,sp,f,15-24,100,Smear Positive
Guinea-Bissau,2010,sp,f,25-34,161,Smear Positive
Guinea-Bissau,2010,sp,f,35-44,133,Smear Positive
Guinea-Bissau,2010,sp,f,45-54,80,Smear Positive
Guinea-Bissau,2010,sp,f,55-64,38,Smear Positive
Guinea-Bissau,2010,sp,f,65+,19,Smear Positive
Guinea-Bissau,2011,sp,m,0-14,6,Smear Positive
Guinea-Bissau,2011,sp,m,15-24,140,Smear Positive
Guinea-Bissau,2011,sp,m,25-34,230,Smear Positive
Guinea-Bissau,2011,sp,m,35-44,181,Smear Positive
Guinea-Bissau,2011,sp,m,45-54,104,Smear Positive
Guinea-Bissau,2011,sp,m,55-64,65,Smear Positive
Guinea-Bissau,2011,sp,m,65+,36,Smear Positive
Guinea-Bissau,2011,sp,f,0-14,12,Smear Positive
Guinea-Bissau,2011,sp,f,15-24,119,Smear Positive
Guinea-Bissau,2011,sp,f,25-34,122,Smear Positive
Guinea-Bissau,2011,sp,f,35-44,90,Smear Positive
Guinea-Bissau,2011,sp,f,45-54,56,Smear Positive
Guinea-Bissau,2011,sp,f,55-64,44,Smear Positive
Guinea-Bissau,2011,sp,f,65+,25,Smear Positive
Guinea-Bissau,2011,sn,m,0-14,34,Smear Negative
Guinea-Bissau,2011,sn,m,15-24,43,Smear Negative
Guinea-Bissau,2011,sn,m,25-34,77,Smear Negative
Guinea-Bissau,2011,sn,m,35-44,81,Smear Negative
Guinea-Bissau,2011,sn,m,45-54,57,Smear Negative
Guinea-Bissau,2011,sn,m,55-64,32,Smear Negative
Guinea-Bissau,2011,sn,m,65+,17,Smear Negative
Guinea-Bissau,2011,sn,f,0-14,30,Smear Negative
Guinea-Bissau,2011,sn,f,15-24,40,Smear Negative
Guinea-Bissau,2011,sn,f,25-34,69,Smear Negative
Guinea-Bissau,2011,sn,f,35-44,57,Smear Negative
Guinea-Bissau,2011,sn,f,45-54,29,Smear Negative
Guinea-Bissau,2011,sn,f,55-64,16,Smear Negative
Guinea-Bissau,2011,sn,f,65+,11,Smear Negative
Guinea-Bissau,2011,ep,m,0-14,17,Extrapulmonary
Guinea-Bissau,2011,ep,m,15-24,6,Extrapulmonary
Guinea-Bissau,2011,ep,m,25-34,4,Extrapulmonary
Guinea-Bissau,2011,ep,m,35-44,5,Extrapulmonary
Guinea-Bissau,2011,ep,m,45-54,6,Extrapulmonary
Guinea-Bissau,2011,ep,m,55-64,0,Extrapulmonary
Guinea-Bissau,2011,ep,m,65+,2,Extrapulmonary
Guinea-Bissau,2011,ep,f,0-14,10,Extrapulmonary
Guinea-Bissau,2011,ep,f,15-24,4,Extrapulmonary
Guinea-Bissau,2011,ep,f,25-34,3,Extrapulmonary
Guinea-Bissau,2011,ep,f,35-44,2,Extrapulmonary
Guinea-Bissau,2011,ep,f,45-54,2,Extrapulmonary
Guinea-Bissau,2011,ep,f,55-64,0,Extrapulmonary
Guinea-Bissau,2011,ep,f,65+,1,Extrapulmonary
Guinea-Bissau,2012,sp,m,0-14,7,Smear Positive
Guinea-Bissau,2012,sp,m,15-24,145,Smear Positive
Guinea-Bissau,2012,sp,m,25-34,262,Smear Positive
Guinea-Bissau,2012,sp,m,35-44,183,Smear Positive
Guinea-Bissau,2012,sp,m,45-54,115,Smear Positive
Guinea-Bissau,2012,sp,m,55-64,63,Smear Positive
Guinea-Bissau,2012,sp,m,65+,38,Smear Positive
Guinea-Bissau,2012,sp,f,0-14,7,Smear Positive
Guinea-Bissau,2012,sp,f,15-24,121,Smear Positive
Guinea-Bissau,2012,sp,f,25-34,157,Smear Positive
Guinea-Bissau,2012,sp,f,35-44,98,Smear Positive
Guinea-Bissau,2012,sp,f,45-54,56,Smear Positive
Guinea-Bissau,2012,sp,f,55-64,33,Smear Positive
Guinea-Bissau,2012,sp,f,65+,25,Smear Positive
Guinea-Bissau,2012,sn,m,0-14,41,Smear Negative
Guinea-Bissau,2012,sn,m,15-24,26,Smear Negative
Guinea-Bissau,2012,sn,m,25-34,61,Smear Negative
Guinea-Bissau,2012,sn,m,35-44,62,Smear Negative
Guinea-Bissau,2012,sn,m,45-54,40,Smear Negative
Guinea-Bissau,2012,sn,m,55-64,37,Smear Negative
Guinea-Bissau,2012,sn,m,65+,12,Smear Negative
Guinea-Bissau,2012,sn,f,0-14,29,Smear Negative
Guinea-Bissau,2012,sn,f,15-24,26,Smear Negative
Guinea-Bissau,2012,sn,f,25-34,44,Smear Negative
Guinea-Bissau,2012,sn,f,35-44,38,Smear Negative
Guinea-Bissau,2012,sn,f,45-54,39,Smear Negative
Guinea-Bissau,2012,sn,f,55-64,33,Smear Negative
Guinea-Bissau,2012,sn,f,65+,9,Smear Negative
Guinea-Bissau,2012,ep,m,0-14,6,Extrapulmonary
Guinea-Bissau,2012,ep,m,15-24,6,Extrapulmonary
Guinea-Bissau,2012,ep,m,25-34,5,Extrapulmonary
Guinea-Bissau,2012,ep,m,35-44,4,Extrapulmonary
Guinea-Bissau,2012,ep,m,45-54,4,Extrapulmonary
Guinea-Bissau,2012,ep,m,55-64,2,Extrapulmonary
Guinea-Bissau,2012,ep,m,65+,0,Extrapulmonary
Guinea-Bissau,2012,ep,f,0-14,2,Extrapulmonary
Guinea-Bissau,2012,ep,f,15-24,2,Extrapulmonary
Guinea-Bissau,2012,ep,f,25-34,4,Extrapulmonary
Guinea-Bissau,2012,ep,f,35-44,4,Extrapulmonary
Guinea-Bissau,2012,ep,f,45-54,0,Extrapulmonary
Guinea-Bissau,2012,ep,f,55-64,1,Extrapulmonary
Guinea-Bissau,2012,ep,f,65+,0,Extrapulmonary
Guinea-Bissau,2013,rel,m,0-14,60,Relapse
Guinea-Bissau,2013,rel,m,15-24,204,Relapse
Guinea-Bissau,2013,rel,m,25-34,387,Relapse
Guinea-Bissau,2013,rel,m,35-44,262,Relapse
Guinea-Bissau,2013,rel,m,45-54,169,Relapse
Guinea-Bissau,2013,rel,m,55-64,100,Relapse
Guinea-Bissau,2013,rel,m,65+,62,Relapse
Guinea-Bissau,2013,rel,f,0-14,36,Relapse
Guinea-Bissau,2013,rel,f,15-24,166,Relapse
Guinea-Bissau,2013,rel,f,25-34,275,Relapse
Guinea-Bissau,2013,rel,f,35-44,145,Relapse
Guinea-Bissau,2013,rel,f,45-54,80,Relapse
Guinea-Bissau,2013,rel,f,55-64,69,Relapse
Guinea-Bissau,2013,rel,f,65+,31,Relapse
Guyana,1995,sp,m,0-14,7,Smear Positive
Guyana,1995,sp,m,15-24,8,Smear Positive
Guyana,1995,sp,m,25-34,5,Smear Positive
Guyana,1995,sp,m,35-44,6,Smear Positive
Guyana,1995,sp,m,45-54,9,Smear Positive
Guyana,1995,sp,m,55-64,6,Smear Positive
Guyana,1995,sp,m,65+,7,Smear Positive
Guyana,1995,sp,f,0-14,3,Smear Positive
Guyana,1995,sp,f,15-24,5,Smear Positive
Guyana,1995,sp,f,25-34,7,Smear Positive
Guyana,1995,sp,f,35-44,6,Smear Positive
Guyana,1995,sp,f,45-54,5,Smear Positive
Guyana,1995,sp,f,55-64,2,Smear Positive
Guyana,1995,sp,f,65+,4,Smear Positive
Guyana,1996,sp,m,0-14,4,Smear Positive
Guyana,1996,sp,m,15-24,8,Smear Positive
Guyana,1996,sp,m,25-34,14,Smear Positive
Guyana,1996,sp,m,35-44,4,Smear Positive
Guyana,1996,sp,m,45-54,5,Smear Positive
Guyana,1996,sp,m,55-64,4,Smear Positive
Guyana,1996,sp,m,65+,7,Smear Positive
Guyana,1996,sp,f,0-14,4,Smear Positive
Guyana,1996,sp,f,15-24,8,Smear Positive
Guyana,1996,sp,f,25-34,4,Smear Positive
Guyana,1996,sp,f,35-44,4,Smear Positive
Guyana,1996,sp,f,45-54,5,Smear Positive
Guyana,1996,sp,f,55-64,0,Smear Positive
Guyana,1996,sp,f,65+,0,Smear Positive
Guyana,1997,sp,m,0-14,1,Smear Positive
Guyana,1997,sp,m,15-24,15,Smear Positive
Guyana,1997,sp,m,25-34,19,Smear Positive
Guyana,1997,sp,m,35-44,12,Smear Positive
Guyana,1997,sp,m,45-54,2,Smear Positive
Guyana,1997,sp,m,55-64,5,Smear Positive
Guyana,1997,sp,m,65+,8,Smear Positive
Guyana,1997,sp,f,0-14,3,Smear Positive
Guyana,1997,sp,f,15-24,9,Smear Positive
Guyana,1997,sp,f,25-34,8,Smear Positive
Guyana,1997,sp,f,35-44,8,Smear Positive
Guyana,1997,sp,f,45-54,4,Smear Positive
Guyana,1997,sp,f,55-64,7,Smear Positive
Guyana,1997,sp,f,65+,4,Smear Positive
Guyana,1998,sp,m,0-14,9,Smear Positive
Guyana,1998,sp,m,15-24,29,Smear Positive
Guyana,1998,sp,m,25-34,56,Smear Positive
Guyana,1998,sp,m,35-44,42,Smear Positive
Guyana,1998,sp,m,45-54,36,Smear Positive
Guyana,1998,sp,m,55-64,2,Smear Positive
Guyana,1998,sp,m,65+,12,Smear Positive
Guyana,1998,sp,f,0-14,13,Smear Positive
Guyana,1998,sp,f,15-24,32,Smear Positive
Guyana,1998,sp,f,25-34,38,Smear Positive
Guyana,1998,sp,f,35-44,26,Smear Positive
Guyana,1998,sp,f,45-54,4,Smear Positive
Guyana,1998,sp,f,55-64,8,Smear Positive
Guyana,1998,sp,f,65+,11,Smear Positive
Guyana,2000,sp,m,0-14,4,Smear Positive
Guyana,2000,sp,m,15-24,20,Smear Positive
Guyana,2000,sp,m,25-34,19,Smear Positive
Guyana,2000,sp,m,35-44,14,Smear Positive
Guyana,2000,sp,m,45-54,7,Smear Positive
Guyana,2000,sp,m,55-64,6,Smear Positive
Guyana,2000,sp,m,65+,9,Smear Positive
Guyana,2000,sp,f,0-14,1,Smear Positive
Guyana,2000,sp,f,15-24,11,Smear Positive
Guyana,2000,sp,f,25-34,8,Smear Positive
Guyana,2000,sp,f,35-44,7,Smear Positive
Guyana,2000,sp,f,45-54,5,Smear Positive
Guyana,2000,sp,f,55-64,5,Smear Positive
Guyana,2000,sp,f,65+,3,Smear Positive
Guyana,2001,sp,m,0-14,1,Smear Positive
Guyana,2001,sp,m,15-24,15,Smear Positive
Guyana,2001,sp,m,25-34,47,Smear Positive
Guyana,2001,sp,m,35-44,44,Smear Positive
Guyana,2001,sp,m,45-54,12,Smear Positive
Guyana,2001,sp,m,55-64,2,Smear Positive
Guyana,2001,sp,m,65+,1,Smear Positive
Guyana,2001,sp,f,0-14,0,Smear Positive
Guyana,2001,sp,f,15-24,6,Smear Positive
Guyana,2001,sp,f,25-34,16,Smear Positive
Guyana,2001,sp,f,35-44,16,Smear Positive
Guyana,2001,sp,f,45-54,9,Smear Positive
Guyana,2001,sp,f,55-64,3,Smear Positive
Guyana,2001,sp,f,65+,2,Smear Positive
Guyana,2002,sp,m,0-14,20,Smear Positive
Guyana,2002,sp,m,15-24,49,Smear Positive
Guyana,2002,sp,m,25-34,90,Smear Positive
Guyana,2002,sp,m,35-44,94,Smear Positive
Guyana,2002,sp,m,45-54,51,Smear Positive
Guyana,2002,sp,m,55-64,19,Smear Positive
Guyana,2002,sp,m,65+,23,Smear Positive
Guyana,2002,sp,f,0-14,26,Smear Positive
Guyana,2002,sp,f,15-24,32,Smear Positive
Guyana,2002,sp,f,25-34,36,Smear Positive
Guyana,2002,sp,f,35-44,34,Smear Positive
Guyana,2002,sp,f,45-54,19,Smear Positive
Guyana,2002,sp,f,55-64,15,Smear Positive
Guyana,2002,sp,f,65+,18,Smear Positive
Guyana,2003,sp,m,0-14,10,Smear Positive
Guyana,2003,sp,m,15-24,56,Smear Positive
Guyana,2003,sp,m,25-34,111,Smear Positive
Guyana,2003,sp,m,35-44,114,Smear Positive
Guyana,2003,sp,m,45-54,58,Smear Positive
Guyana,2003,sp,m,55-64,27,Smear Positive
Guyana,2003,sp,m,65+,13,Smear Positive
Guyana,2003,sp,f,0-14,12,Smear Positive
Guyana,2003,sp,f,15-24,35,Smear Positive
Guyana,2003,sp,f,25-34,61,Smear Positive
Guyana,2003,sp,f,35-44,56,Smear Positive
Guyana,2003,sp,f,45-54,27,Smear Positive
Guyana,2003,sp,f,55-64,10,Smear Positive
Guyana,2003,sp,f,65+,5,Smear Positive
Guyana,2004,sp,m,0-14,9,Smear Positive
Guyana,2004,sp,m,15-24,45,Smear Positive
Guyana,2004,sp,m,25-34,113,Smear Positive
Guyana,2004,sp,m,35-44,97,Smear Positive
Guyana,2004,sp,m,45-54,87,Smear Positive
Guyana,2004,sp,m,65+,4,Smear Positive
Guyana,2004,sp,f,0-14,15,Smear Positive
Guyana,2004,sp,f,15-24,35,Smear Positive
Guyana,2004,sp,f,25-34,38,Smear Positive
Guyana,2004,sp,f,35-44,29,Smear Positive
Guyana,2004,sp,f,45-54,23,Smear Positive
Guyana,2004,sp,f,65+,15,Smear Positive
Guyana,2005,sp,m,0-14,12,Smear Positive
Guyana,2005,sp,m,15-24,48,Smear Positive
Guyana,2005,sp,m,25-34,130,Smear Positive
Guyana,2005,sp,m,35-44,116,Smear Positive
Guyana,2005,sp,m,45-54,81,Smear Positive
Guyana,2005,sp,m,55-64,41,Smear Positive
Guyana,2005,sp,m,65+,20,Smear Positive
Guyana,2005,sp,f,0-14,14,Smear Positive
Guyana,2005,sp,f,15-24,41,Smear Positive
Guyana,2005,sp,f,25-34,62,Smear Positive
Guyana,2005,sp,f,35-44,41,Smear Positive
Guyana,2005,sp,f,45-54,30,Smear Positive
Guyana,2005,sp,f,55-64,11,Smear Positive
Guyana,2005,sp,f,65+,9,Smear Positive
Guyana,2006,sp,m,0-14,6,Smear Positive
Guyana,2006,sp,m,15-24,37,Smear Positive
Guyana,2006,sp,m,25-34,61,Smear Positive
Guyana,2006,sp,m,35-44,59,Smear Positive
Guyana,2006,sp,m,45-54,40,Smear Positive
Guyana,2006,sp,m,55-64,15,Smear Positive
Guyana,2006,sp,m,65+,5,Smear Positive
Guyana,2006,sp,f,0-14,1,Smear Positive
Guyana,2006,sp,f,15-24,15,Smear Positive
Guyana,2006,sp,f,25-34,21,Smear Positive
Guyana,2006,sp,f,35-44,20,Smear Positive
Guyana,2006,sp,f,45-54,14,Smear Positive
Guyana,2006,sp,f,55-64,3,Smear Positive
Guyana,2006,sp,f,65+,1,Smear Positive
Guyana,2006,sn,m,0-14,12,Smear Negative
Guyana,2006,sn,m,15-24,28,Smear Negative
Guyana,2006,sn,m,25-34,76,Smear Negative
Guyana,2006,sn,m,35-44,73,Smear Negative
Guyana,2006,sn,m,45-54,48,Smear Negative
Guyana,2006,sn,m,55-64,12,Smear Negative
Guyana,2006,sn,m,65+,13,Smear Negative
Guyana,2006,sn,f,0-14,13,Smear Negative
Guyana,2006,sn,f,15-24,16,Smear Negative
Guyana,2006,sn,f,25-34,36,Smear Negative
Guyana,2006,sn,f,35-44,29,Smear Negative
Guyana,2006,sn,f,45-54,12,Smear Negative
Guyana,2006,sn,f,55-64,5,Smear Negative
Guyana,2006,sn,f,65+,20,Smear Negative
Guyana,2006,ep,m,0-14,4,Extrapulmonary
Guyana,2006,ep,m,15-24,1,Extrapulmonary
Guyana,2006,ep,m,25-34,3,Extrapulmonary
Guyana,2006,ep,m,35-44,2,Extrapulmonary
Guyana,2006,ep,m,45-54,1,Extrapulmonary
Guyana,2006,ep,f,0-14,3,Extrapulmonary
Guyana,2006,ep,f,15-24,1,Extrapulmonary
Guyana,2006,ep,f,35-44,3,Extrapulmonary
Guyana,2006,ep,f,45-54,1,Extrapulmonary
Guyana,2007,sp,m,0-14,2,Smear Positive
Guyana,2007,sp,m,15-24,15,Smear Positive
Guyana,2007,sp,m,25-34,43,Smear Positive
Guyana,2007,sp,m,35-44,44,Smear Positive
Guyana,2007,sp,m,45-54,41,Smear Positive
Guyana,2007,sp,m,55-64,12,Smear Positive
Guyana,2007,sp,m,65+,8,Smear Positive
Guyana,2007,sp,f,0-14,1,Smear Positive
Guyana,2007,sp,f,15-24,20,Smear Positive
Guyana,2007,sp,f,25-34,19,Smear Positive
Guyana,2007,sp,f,35-44,17,Smear Positive
Guyana,2007,sp,f,45-54,5,Smear Positive
Guyana,2007,sp,f,55-64,3,Smear Positive
Guyana,2007,sp,f,65+,3,Smear Positive
Guyana,2007,sn,m,0-14,10,Smear Negative
Guyana,2007,sn,m,15-24,20,Smear Negative
Guyana,2007,sn,m,25-34,43,Smear Negative
Guyana,2007,sn,m,35-44,56,Smear Negative
Guyana,2007,sn,m,45-54,30,Smear Negative
Guyana,2007,sn,m,55-64,21,Smear Negative
Guyana,2007,sn,m,65+,13,Smear Negative
Guyana,2007,sn,f,0-14,13,Smear Negative
Guyana,2007,sn,f,15-24,17,Smear Negative
Guyana,2007,sn,f,25-34,32,Smear Negative
Guyana,2007,sn,f,35-44,24,Smear Negative
Guyana,2007,sn,f,45-54,10,Smear Negative
Guyana,2007,sn,f,55-64,4,Smear Negative
Guyana,2007,sn,f,65+,8,Smear Negative
Guyana,2007,ep,m,0-14,3,Extrapulmonary
Guyana,2007,ep,m,15-24,1,Extrapulmonary
Guyana,2007,ep,m,25-34,9,Extrapulmonary
Guyana,2007,ep,m,35-44,6,Extrapulmonary
Guyana,2007,ep,m,45-54,5,Extrapulmonary
Guyana,2007,ep,m,55-64,5,Extrapulmonary
Guyana,2007,ep,m,65+,1,Extrapulmonary
Guyana,2007,ep,f,0-14,4,Extrapulmonary
Guyana,2007,ep,f,15-24,2,Extrapulmonary
Guyana,2007,ep,f,25-34,2,Extrapulmonary
Guyana,2007,ep,f,35-44,2,Extrapulmonary
Guyana,2007,ep,f,45-54,2,Extrapulmonary
Guyana,2007,ep,f,65+,1,Extrapulmonary
Guyana,2008,sp,m,0-14,7,Smear Positive
Guyana,2008,sp,m,15-24,29,Smear Positive
Guyana,2008,sp,m,25-34,51,Smear Positive
Guyana,2008,sp,m,35-44,71,Smear Positive
Guyana,2008,sp,m,45-54,47,Smear Positive
Guyana,2008,sp,m,55-64,22,Smear Positive
Guyana,2008,sp,m,65+,11,Smear Positive
Guyana,2008,sp,f,0-14,4,Smear Positive
Guyana,2008,sp,f,15-24,20,Smear Positive
Guyana,2008,sp,f,25-34,23,Smear Positive
Guyana,2008,sp,f,35-44,13,Smear Positive
Guyana,2008,sp,f,45-54,12,Smear Positive
Guyana,2008,sp,f,55-64,3,Smear Positive
Guyana,2008,sp,f,65+,7,Smear Positive
Guyana,2008,sn,m,0-14,9,Smear Negative
Guyana,2008,sn,m,15-24,20,Smear Negative
Guyana,2008,sn,m,25-34,32,Smear Negative
Guyana,2008,sn,m,35-44,47,Smear Negative
Guyana,2008,sn,m,45-54,30,Smear Negative
Guyana,2008,sn,m,55-64,13,Smear Negative
Guyana,2008,sn,m,65+,14,Smear Negative
Guyana,2008,sn,f,0-14,7,Smear Negative
Guyana,2008,sn,f,15-24,13,Smear Negative
Guyana,2008,sn,f,25-34,23,Smear Negative
Guyana,2008,sn,f,35-44,12,Smear Negative
Guyana,2008,sn,f,45-54,11,Smear Negative
Guyana,2008,sn,f,55-64,5,Smear Negative
Guyana,2008,sn,f,65+,6,Smear Negative
Guyana,2008,ep,m,0-14,7,Extrapulmonary
Guyana,2008,ep,m,15-24,5,Extrapulmonary
Guyana,2008,ep,m,25-34,12,Extrapulmonary
Guyana,2008,ep,m,35-44,4,Extrapulmonary
Guyana,2008,ep,m,45-54,7,Extrapulmonary
Guyana,2008,ep,m,55-64,2,Extrapulmonary
Guyana,2008,ep,m,65+,0,Extrapulmonary
Guyana,2008,ep,f,0-14,4,Extrapulmonary
Guyana,2008,ep,f,15-24,1,Extrapulmonary
Guyana,2008,ep,f,25-34,7,Extrapulmonary
Guyana,2008,ep,f,35-44,6,Extrapulmonary
Guyana,2008,ep,f,45-54,4,Extrapulmonary
Guyana,2008,ep,f,55-64,2,Extrapulmonary
Guyana,2008,ep,f,65+,0,Extrapulmonary
Guyana,2009,sp,m,0-14,7,Smear Positive
Guyana,2009,sp,m,15-24,21,Smear Positive
Guyana,2009,sp,m,25-34,48,Smear Positive
Guyana,2009,sp,m,35-44,61,Smear Positive
Guyana,2009,sp,m,45-54,60,Smear Positive
Guyana,2009,sp,m,55-64,11,Smear Positive
Guyana,2009,sp,m,65+,20,Smear Positive
Guyana,2009,sp,f,0-14,3,Smear Positive
Guyana,2009,sp,f,15-24,21,Smear Positive
Guyana,2009,sp,f,25-34,26,Smear Positive
Guyana,2009,sp,f,35-44,22,Smear Positive
Guyana,2009,sp,f,45-54,12,Smear Positive
Guyana,2009,sp,f,55-64,8,Smear Positive
Guyana,2009,sp,f,65+,8,Smear Positive
Guyana,2009,sn,m,0-14,5,Smear Negative
Guyana,2009,sn,m,15-24,26,Smear Negative
Guyana,2009,sn,m,25-34,33,Smear Negative
Guyana,2009,sn,m,35-44,48,Smear Negative
Guyana,2009,sn,m,45-54,33,Smear Negative
Guyana,2009,sn,m,55-64,11,Smear Negative
Guyana,2009,sn,m,65+,15,Smear Negative
Guyana,2009,sn,f,0-14,2,Smear Negative
Guyana,2009,sn,f,15-24,15,Smear Negative
Guyana,2009,sn,f,25-34,16,Smear Negative
Guyana,2009,sn,f,35-44,19,Smear Negative
Guyana,2009,sn,f,45-54,12,Smear Negative
Guyana,2009,sn,f,55-64,9,Smear Negative
Guyana,2009,sn,f,65+,8,Smear Negative
Guyana,2009,ep,m,0-14,3,Extrapulmonary
Guyana,2009,ep,m,15-24,3,Extrapulmonary
Guyana,2009,ep,m,25-34,8,Extrapulmonary
Guyana,2009,ep,m,35-44,7,Extrapulmonary
Guyana,2009,ep,m,45-54,5,Extrapulmonary
Guyana,2009,ep,m,55-64,4,Extrapulmonary
Guyana,2009,ep,m,65+,2,Extrapulmonary
Guyana,2009,ep,f,0-14,0,Extrapulmonary
Guyana,2009,ep,f,15-24,2,Extrapulmonary
Guyana,2009,ep,f,25-34,6,Extrapulmonary
Guyana,2009,ep,f,35-44,4,Extrapulmonary
Guyana,2009,ep,f,45-54,1,Extrapulmonary
Guyana,2009,ep,f,55-64,1,Extrapulmonary
Guyana,2009,ep,f,65+,0,Extrapulmonary
Guyana,2010,sp,m,0-14,2,Smear Positive
Guyana,2010,sp,m,15-24,32,Smear Positive
Guyana,2010,sp,m,25-34,38,Smear Positive
Guyana,2010,sp,m,35-44,65,Smear Positive
Guyana,2010,sp,m,45-54,49,Smear Positive
Guyana,2010,sp,m,55-64,22,Smear Positive
Guyana,2010,sp,m,65+,13,Smear Positive
Guyana,2010,sp,f,0-14,2,Smear Positive
Guyana,2010,sp,f,15-24,22,Smear Positive
Guyana,2010,sp,f,25-34,25,Smear Positive
Guyana,2010,sp,f,35-44,19,Smear Positive
Guyana,2010,sp,f,45-54,20,Smear Positive
Guyana,2010,sp,f,55-64,10,Smear Positive
Guyana,2010,sp,f,65+,6,Smear Positive
Guyana,2010,sn,m,0-14,9,Smear Negative
Guyana,2010,sn,m,15-24,23,Smear Negative
Guyana,2010,sn,m,25-34,34,Smear Negative
Guyana,2010,sn,m,35-44,46,Smear Negative
Guyana,2010,sn,m,45-54,33,Smear Negative
Guyana,2010,sn,m,55-64,22,Smear Negative
Guyana,2010,sn,m,65+,11,Smear Negative
Guyana,2010,sn,f,0-14,8,Smear Negative
Guyana,2010,sn,f,15-24,10,Smear Negative
Guyana,2010,sn,f,25-34,28,Smear Negative
Guyana,2010,sn,f,35-44,17,Smear Negative
Guyana,2010,sn,f,45-54,13,Smear Negative
Guyana,2010,sn,f,55-64,11,Smear Negative
Guyana,2010,sn,f,65+,9,Smear Negative
Guyana,2010,ep,m,0-14,5,Extrapulmonary
Guyana,2010,ep,m,15-24,11,Extrapulmonary
Guyana,2010,ep,m,25-34,7,Extrapulmonary
Guyana,2010,ep,m,35-44,7,Extrapulmonary
Guyana,2010,ep,m,45-54,12,Extrapulmonary
Guyana,2010,ep,m,55-64,4,Extrapulmonary
Guyana,2010,ep,m,65+,1,Extrapulmonary
Guyana,2010,ep,f,0-14,9,Extrapulmonary
Guyana,2010,ep,f,15-24,4,Extrapulmonary
Guyana,2010,ep,f,25-34,4,Extrapulmonary
Guyana,2010,ep,f,35-44,2,Extrapulmonary
Guyana,2010,ep,f,45-54,6,Extrapulmonary
Guyana,2010,ep,f,55-64,1,Extrapulmonary
Guyana,2010,ep,f,65+,2,Extrapulmonary
Guyana,2011,sp,m,0-14,8,Smear Positive
Guyana,2011,sp,m,15-24,26,Smear Positive
Guyana,2011,sp,m,25-34,54,Smear Positive
Guyana,2011,sp,m,35-44,61,Smear Positive
Guyana,2011,sp,m,45-54,54,Smear Positive
Guyana,2011,sp,m,55-64,19,Smear Positive
Guyana,2011,sp,m,65+,13,Smear Positive
Guyana,2011,sp,f,0-14,2,Smear Positive
Guyana,2011,sp,f,15-24,17,Smear Positive
Guyana,2011,sp,f,25-34,19,Smear Positive
Guyana,2011,sp,f,35-44,17,Smear Positive
Guyana,2011,sp,f,45-54,17,Smear Positive
Guyana,2011,sp,f,55-64,7,Smear Positive
Guyana,2011,sp,f,65+,9,Smear Positive
Guyana,2011,sn,m,0-14,13,Smear Negative
Guyana,2011,sn,m,15-24,17,Smear Negative
Guyana,2011,sn,m,25-34,23,Smear Negative
Guyana,2011,sn,m,35-44,36,Smear Negative
Guyana,2011,sn,m,45-54,47,Smear Negative
Guyana,2011,sn,m,55-64,17,Smear Negative
Guyana,2011,sn,m,65+,30,Smear Negative
Guyana,2011,sn,f,0-14,6,Smear Negative
Guyana,2011,sn,f,15-24,13,Smear Negative
Guyana,2011,sn,f,25-34,23,Smear Negative
Guyana,2011,sn,f,35-44,19,Smear Negative
Guyana,2011,sn,f,45-54,19,Smear Negative
Guyana,2011,sn,f,55-64,13,Smear Negative
Guyana,2011,sn,f,65+,6,Smear Negative
Guyana,2011,ep,m,0-14,7,Extrapulmonary
Guyana,2011,ep,m,15-24,7,Extrapulmonary
Guyana,2011,ep,m,25-34,10,Extrapulmonary
Guyana,2011,ep,m,35-44,11,Extrapulmonary
Guyana,2011,ep,m,45-54,8,Extrapulmonary
Guyana,2011,ep,m,55-64,3,Extrapulmonary
Guyana,2011,ep,m,65+,0,Extrapulmonary
Guyana,2011,ep,f,0-14,2,Extrapulmonary
Guyana,2011,ep,f,15-24,3,Extrapulmonary
Guyana,2011,ep,f,25-34,5,Extrapulmonary
Guyana,2011,ep,f,35-44,9,Extrapulmonary
Guyana,2011,ep,f,45-54,3,Extrapulmonary
Guyana,2011,ep,f,55-64,4,Extrapulmonary
Guyana,2011,ep,f,65+,6,Extrapulmonary
Guyana,2012,sp,m,0-14,5,Smear Positive
Guyana,2012,sp,m,15-24,30,Smear Positive
Guyana,2012,sp,m,25-34,39,Smear Positive
Guyana,2012,sp,m,35-44,68,Smear Positive
Guyana,2012,sp,m,45-54,64,Smear Positive
Guyana,2012,sp,m,55-64,23,Smear Positive
Guyana,2012,sp,m,65+,8,Smear Positive
Guyana,2012,sp,f,0-14,4,Smear Positive
Guyana,2012,sp,f,15-24,17,Smear Positive
Guyana,2012,sp,f,25-34,10,Smear Positive
Guyana,2012,sp,f,35-44,17,Smear Positive
Guyana,2012,sp,f,45-54,12,Smear Positive
Guyana,2012,sp,f,55-64,7,Smear Positive
Guyana,2012,sp,f,65+,5,Smear Positive
Guyana,2012,sn,m,0-14,5,Smear Negative
Guyana,2012,sn,m,15-24,11,Smear Negative
Guyana,2012,sn,m,25-34,36,Smear Negative
Guyana,2012,sn,m,35-44,60,Smear Negative
Guyana,2012,sn,m,45-54,48,Smear Negative
Guyana,2012,sn,m,55-64,19,Smear Negative
Guyana,2012,sn,m,65+,19,Smear Negative
Guyana,2012,sn,f,0-14,10,Smear Negative
Guyana,2012,sn,f,15-24,19,Smear Negative
Guyana,2012,sn,f,25-34,21,Smear Negative
Guyana,2012,sn,f,35-44,28,Smear Negative
Guyana,2012,sn,f,45-54,22,Smear Negative
Guyana,2012,sn,f,55-64,26,Smear Negative
Guyana,2012,sn,f,65+,15,Smear Negative
Guyana,2012,ep,m,0-14,2,Extrapulmonary
Guyana,2012,ep,m,15-24,8,Extrapulmonary
Guyana,2012,ep,m,25-34,12,Extrapulmonary
Guyana,2012,ep,m,35-44,10,Extrapulmonary
Guyana,2012,ep,m,45-54,8,Extrapulmonary
Guyana,2012,ep,m,55-64,3,Extrapulmonary
Guyana,2012,ep,m,65+,6,Extrapulmonary
Guyana,2012,ep,f,0-14,0,Extrapulmonary
Guyana,2012,ep,f,15-24,5,Extrapulmonary
Guyana,2012,ep,f,25-34,5,Extrapulmonary
Guyana,2012,ep,f,35-44,6,Extrapulmonary
Guyana,2012,ep,f,45-54,8,Extrapulmonary
Guyana,2012,ep,f,55-64,2,Extrapulmonary
Guyana,2012,ep,f,65+,2,Extrapulmonary
Guyana,2013,rel,m,0-14,12,Relapse
Guyana,2013,rel,m,15-24,56,Relapse
Guyana,2013,rel,m,25-34,82,Relapse
Guyana,2013,rel,m,35-44,109,Relapse
Guyana,2013,rel,m,45-54,112,Relapse
Guyana,2013,rel,m,55-64,52,Relapse
Guyana,2013,rel,m,65+,31,Relapse
Guyana,2013,rel,f,0-14,10,Relapse
Guyana,2013,rel,f,15-24,39,Relapse
Guyana,2013,rel,f,25-34,50,Relapse
Guyana,2013,rel,f,35-44,42,Relapse
Guyana,2013,rel,f,45-54,39,Relapse
Guyana,2013,rel,f,55-64,19,Relapse
Guyana,2013,rel,f,65+,26,Relapse
Haiti,1996,sp,m,0-14,148,Smear Positive
Haiti,1996,sp,m,15-24,358,Smear Positive
Haiti,1996,sp,m,25-34,438,Smear Positive
Haiti,1996,sp,m,35-44,289,Smear Positive
Haiti,1996,sp,m,45-54,160,Smear Positive
Haiti,1996,sp,m,55-64,87,Smear Positive
Haiti,1996,sp,m,65+,97,Smear Positive
Haiti,1996,sp,f,0-14,224,Smear Positive
Haiti,1996,sp,f,15-24,417,Smear Positive
Haiti,1996,sp,f,25-34,492,Smear Positive
Haiti,1996,sp,f,35-44,303,Smear Positive
Haiti,1996,sp,f,45-54,176,Smear Positive
Haiti,1996,sp,f,55-64,62,Smear Positive
Haiti,1996,sp,f,65+,100,Smear Positive
Haiti,1997,sp,m,0-14,156,Smear Positive
Haiti,1997,sp,m,15-24,683,Smear Positive
Haiti,1997,sp,m,25-34,817,Smear Positive
Haiti,1997,sp,m,35-44,453,Smear Positive
Haiti,1997,sp,m,45-54,260,Smear Positive
Haiti,1997,sp,m,55-64,150,Smear Positive
Haiti,1997,sp,m,65+,162,Smear Positive
Haiti,1997,sp,f,0-14,149,Smear Positive
Haiti,1997,sp,f,15-24,760,Smear Positive
Haiti,1997,sp,f,25-34,878,Smear Positive
Haiti,1997,sp,f,35-44,515,Smear Positive
Haiti,1997,sp,f,45-54,250,Smear Positive
Haiti,1997,sp,f,55-64,119,Smear Positive
Haiti,1997,sp,f,65+,97,Smear Positive
Haiti,1998,sp,m,0-14,188,Smear Positive
Haiti,1998,sp,m,15-24,804,Smear Positive
Haiti,1998,sp,m,25-34,971,Smear Positive
Haiti,1998,sp,m,35-44,656,Smear Positive
Haiti,1998,sp,m,45-54,331,Smear Positive
Haiti,1998,sp,m,55-64,177,Smear Positive
Haiti,1998,sp,m,65+,142,Smear Positive
Haiti,1998,sp,f,0-14,208,Smear Positive
Haiti,1998,sp,f,15-24,827,Smear Positive
Haiti,1998,sp,f,25-34,958,Smear Positive
Haiti,1998,sp,f,35-44,620,Smear Positive
Haiti,1998,sp,f,45-54,300,Smear Positive
Haiti,1998,sp,f,55-64,141,Smear Positive
Haiti,1998,sp,f,65+,119,Smear Positive
Haiti,1999,sp,m,0-14,286,Smear Positive
Haiti,1999,sp,m,15-24,812,Smear Positive
Haiti,1999,sp,m,25-34,1059,Smear Positive
Haiti,1999,sp,m,35-44,672,Smear Positive
Haiti,1999,sp,m,45-54,348,Smear Positive
Haiti,1999,sp,m,55-64,186,Smear Positive
Haiti,1999,sp,m,65+,145,Smear Positive
Haiti,1999,sp,f,0-14,285,Smear Positive
Haiti,1999,sp,f,15-24,919,Smear Positive
Haiti,1999,sp,f,25-34,918,Smear Positive
Haiti,1999,sp,f,35-44,614,Smear Positive
Haiti,1999,sp,f,45-54,312,Smear Positive
Haiti,1999,sp,f,55-64,162,Smear Positive
Haiti,1999,sp,f,65+,110,Smear Positive
Haiti,2000,sp,m,0-14,67,Smear Positive
Haiti,2000,sp,m,15-24,836,Smear Positive
Haiti,2000,sp,m,25-34,898,Smear Positive
Haiti,2000,sp,m,35-44,613,Smear Positive
Haiti,2000,sp,m,45-54,350,Smear Positive
Haiti,2000,sp,m,55-64,147,Smear Positive
Haiti,2000,sp,m,65+,118,Smear Positive
Haiti,2000,sp,f,0-14,96,Smear Positive
Haiti,2000,sp,f,15-24,914,Smear Positive
Haiti,2000,sp,f,25-34,857,Smear Positive
Haiti,2000,sp,f,35-44,513,Smear Positive
Haiti,2000,sp,f,45-54,275,Smear Positive
Haiti,2000,sp,f,55-64,132,Smear Positive
Haiti,2000,sp,f,65+,71,Smear Positive
Haiti,2001,sp,m,0-14,72,Smear Positive
Haiti,2001,sp,m,15-24,752,Smear Positive
Haiti,2001,sp,m,25-34,785,Smear Positive
Haiti,2001,sp,m,35-44,587,Smear Positive
Haiti,2001,sp,m,45-54,319,Smear Positive
Haiti,2001,sp,m,55-64,169,Smear Positive
Haiti,2001,sp,m,65+,112,Smear Positive
Haiti,2001,sp,f,0-14,113,Smear Positive
Haiti,2001,sp,f,15-24,882,Smear Positive
Haiti,2001,sp,f,25-34,843,Smear Positive
Haiti,2001,sp,f,35-44,498,Smear Positive
Haiti,2001,sp,f,45-54,273,Smear Positive
Haiti,2001,sp,f,55-64,109,Smear Positive
Haiti,2001,sp,f,65+,93,Smear Positive
Haiti,2002,sp,m,0-14,79,Smear Positive
Haiti,2002,sp,m,15-24,903,Smear Positive
Haiti,2002,sp,m,25-34,904,Smear Positive
Haiti,2002,sp,m,35-44,572,Smear Positive
Haiti,2002,sp,m,45-54,377,Smear Positive
Haiti,2002,sp,m,55-64,184,Smear Positive
Haiti,2002,sp,m,65+,148,Smear Positive
Haiti,2002,sp,f,0-14,118,Smear Positive
Haiti,2002,sp,f,15-24,980,Smear Positive
Haiti,2002,sp,f,25-34,851,Smear Positive
Haiti,2002,sp,f,35-44,550,Smear Positive
Haiti,2002,sp,f,45-54,303,Smear Positive
Haiti,2002,sp,f,55-64,120,Smear Positive
Haiti,2002,sp,f,65+,99,Smear Positive
Haiti,2003,sp,m,0-14,89,Smear Positive
Haiti,2003,sp,m,15-24,1002,Smear Positive
Haiti,2003,sp,m,25-34,981,Smear Positive
Haiti,2003,sp,m,35-44,625,Smear Positive
Haiti,2003,sp,m,45-54,406,Smear Positive
Haiti,2003,sp,m,55-64,208,Smear Positive
Haiti,2003,sp,m,65+,147,Smear Positive
Haiti,2003,sp,f,0-14,122,Smear Positive
Haiti,2003,sp,f,15-24,1114,Smear Positive
Haiti,2003,sp,f,25-34,1064,Smear Positive
Haiti,2003,sp,f,35-44,606,Smear Positive
Haiti,2003,sp,f,45-54,378,Smear Positive
Haiti,2003,sp,f,55-64,165,Smear Positive
Haiti,2003,sp,f,65+,108,Smear Positive
Haiti,2004,sp,m,0-14,94,Smear Positive
Haiti,2004,sp,m,15-24,918,Smear Positive
Haiti,2004,sp,m,25-34,964,Smear Positive
Haiti,2004,sp,m,35-44,606,Smear Positive
Haiti,2004,sp,m,45-54,376,Smear Positive
Haiti,2004,sp,m,55-64,207,Smear Positive
Haiti,2004,sp,m,65+,176,Smear Positive
Haiti,2004,sp,f,0-14,137,Smear Positive
Haiti,2004,sp,f,15-24,1146,Smear Positive
Haiti,2004,sp,f,25-34,1045,Smear Positive
Haiti,2004,sp,f,35-44,688,Smear Positive
Haiti,2004,sp,f,45-54,386,Smear Positive
Haiti,2004,sp,f,55-64,176,Smear Positive
Haiti,2004,sp,f,65+,125,Smear Positive
Haiti,2005,sp,m,0-14,69,Smear Positive
Haiti,2005,sp,m,15-24,1045,Smear Positive
Haiti,2005,sp,m,25-34,1035,Smear Positive
Haiti,2005,sp,m,35-44,701,Smear Positive
Haiti,2005,sp,m,45-54,451,Smear Positive
Haiti,2005,sp,m,55-64,222,Smear Positive
Haiti,2005,sp,m,65+,156,Smear Positive
Haiti,2005,sp,f,0-14,116,Smear Positive
Haiti,2005,sp,f,15-24,1097,Smear Positive
Haiti,2005,sp,f,25-34,1099,Smear Positive
Haiti,2005,sp,f,35-44,633,Smear Positive
Haiti,2005,sp,f,45-54,414,Smear Positive
Haiti,2005,sp,f,55-64,170,Smear Positive
Haiti,2005,sp,f,65+,132,Smear Positive
Haiti,2006,sp,m,0-14,93,Smear Positive
Haiti,2006,sp,m,15-24,1110,Smear Positive
Haiti,2006,sp,m,25-34,1132,Smear Positive
Haiti,2006,sp,m,35-44,672,Smear Positive
Haiti,2006,sp,m,45-54,455,Smear Positive
Haiti,2006,sp,m,55-64,201,Smear Positive
Haiti,2006,sp,m,65+,174,Smear Positive
Haiti,2006,sp,f,0-14,137,Smear Positive
Haiti,2006,sp,f,15-24,1113,Smear Positive
Haiti,2006,sp,f,25-34,1039,Smear Positive
Haiti,2006,sp,f,35-44,638,Smear Positive
Haiti,2006,sp,f,45-54,387,Smear Positive
Haiti,2006,sp,f,55-64,184,Smear Positive
Haiti,2006,sp,f,65+,126,Smear Positive
Haiti,2006,sn,m,0-14,803,Smear Negative
Haiti,2006,sn,m,15-24,343,Smear Negative
Haiti,2006,sn,m,25-34,406,Smear Negative
Haiti,2006,sn,m,35-44,369,Smear Negative
Haiti,2006,sn,m,45-54,258,Smear Negative
Haiti,2006,sn,m,55-64,140,Smear Negative
Haiti,2006,sn,m,65+,148,Smear Negative
Haiti,2006,sn,f,0-14,725,Smear Negative
Haiti,2006,sn,f,15-24,361,Smear Negative
Haiti,2006,sn,f,25-34,462,Smear Negative
Haiti,2006,sn,f,35-44,312,Smear Negative
Haiti,2006,sn,f,45-54,237,Smear Negative
Haiti,2006,sn,f,55-64,134,Smear Negative
Haiti,2006,sn,f,65+,98,Smear Negative
Haiti,2006,ep,m,0-14,130,Extrapulmonary
Haiti,2006,ep,m,15-24,160,Extrapulmonary
Haiti,2006,ep,m,25-34,151,Extrapulmonary
Haiti,2006,ep,m,35-44,98,Extrapulmonary
Haiti,2006,ep,m,45-54,87,Extrapulmonary
Haiti,2006,ep,m,55-64,44,Extrapulmonary
Haiti,2006,ep,m,65+,38,Extrapulmonary
Haiti,2006,ep,f,0-14,148,Extrapulmonary
Haiti,2006,ep,f,15-24,165,Extrapulmonary
Haiti,2006,ep,f,25-34,164,Extrapulmonary
Haiti,2006,ep,f,35-44,121,Extrapulmonary
Haiti,2006,ep,f,45-54,60,Extrapulmonary
Haiti,2006,ep,f,55-64,43,Extrapulmonary
Haiti,2006,ep,f,65+,27,Extrapulmonary
Haiti,2007,sp,m,0-14,104,Smear Positive
Haiti,2007,sp,m,15-24,1166,Smear Positive
Haiti,2007,sp,m,25-34,1199,Smear Positive
Haiti,2007,sp,m,35-44,760,Smear Positive
Haiti,2007,sp,m,45-54,471,Smear Positive
Haiti,2007,sp,m,55-64,219,Smear Positive
Haiti,2007,sp,m,65+,192,Smear Positive
Haiti,2007,sp,f,0-14,147,Smear Positive
Haiti,2007,sp,f,15-24,1261,Smear Positive
Haiti,2007,sp,f,25-34,1107,Smear Positive
Haiti,2007,sp,f,35-44,632,Smear Positive
Haiti,2007,sp,f,45-54,344,Smear Positive
Haiti,2007,sp,f,55-64,182,Smear Positive
Haiti,2007,sp,f,65+,131,Smear Positive
Haiti,2007,sn,m,0-14,860,Smear Negative
Haiti,2007,sn,m,15-24,298,Smear Negative
Haiti,2007,sn,m,25-34,368,Smear Negative
Haiti,2007,sn,m,35-44,279,Smear Negative
Haiti,2007,sn,m,45-54,211,Smear Negative
Haiti,2007,sn,m,55-64,126,Smear Negative
Haiti,2007,sn,m,65+,133,Smear Negative
Haiti,2007,sn,f,0-14,763,Smear Negative
Haiti,2007,sn,f,15-24,348,Smear Negative
Haiti,2007,sn,f,25-34,378,Smear Negative
Haiti,2007,sn,f,35-44,286,Smear Negative
Haiti,2007,sn,f,45-54,197,Smear Negative
Haiti,2007,sn,f,55-64,132,Smear Negative
Haiti,2007,sn,f,65+,93,Smear Negative
Haiti,2007,ep,m,0-14,134,Extrapulmonary
Haiti,2007,ep,m,15-24,158,Extrapulmonary
Haiti,2007,ep,m,25-34,172,Extrapulmonary
Haiti,2007,ep,m,35-44,122,Extrapulmonary
Haiti,2007,ep,m,45-54,63,Extrapulmonary
Haiti,2007,ep,m,55-64,41,Extrapulmonary
Haiti,2007,ep,m,65+,41,Extrapulmonary
Haiti,2007,ep,f,0-14,129,Extrapulmonary
Haiti,2007,ep,f,15-24,152,Extrapulmonary
Haiti,2007,ep,f,25-34,174,Extrapulmonary
Haiti,2007,ep,f,35-44,119,Extrapulmonary
Haiti,2007,ep,f,45-54,68,Extrapulmonary
Haiti,2007,ep,f,55-64,35,Extrapulmonary
Haiti,2007,ep,f,65+,29,Extrapulmonary
Haiti,2008,sp,m,0-14,90,Smear Positive
Haiti,2008,sp,m,15-24,1137,Smear Positive
Haiti,2008,sp,m,25-34,1337,Smear Positive
Haiti,2008,sp,m,35-44,696,Smear Positive
Haiti,2008,sp,m,45-54,491,Smear Positive
Haiti,2008,sp,m,55-64,242,Smear Positive
Haiti,2008,sp,m,65+,175,Smear Positive
Haiti,2008,sp,f,0-14,154,Smear Positive
Haiti,2008,sp,f,15-24,1272,Smear Positive
Haiti,2008,sp,f,25-34,1204,Smear Positive
Haiti,2008,sp,f,35-44,677,Smear Positive
Haiti,2008,sp,f,45-54,378,Smear Positive
Haiti,2008,sp,f,55-64,179,Smear Positive
Haiti,2008,sp,f,65+,139,Smear Positive
Haiti,2008,sn,m,0-14,692,Smear Negative
Haiti,2008,sn,m,15-24,346,Smear Negative
Haiti,2008,sn,m,25-34,423,Smear Negative
Haiti,2008,sn,m,35-44,333,Smear Negative
Haiti,2008,sn,m,45-54,242,Smear Negative
Haiti,2008,sn,m,55-64,140,Smear Negative
Haiti,2008,sn,m,65+,118,Smear Negative
Haiti,2008,sn,f,0-14,638,Smear Negative
Haiti,2008,sn,f,15-24,392,Smear Negative
Haiti,2008,sn,f,25-34,488,Smear Negative
Haiti,2008,sn,f,35-44,356,Smear Negative
Haiti,2008,sn,f,45-54,220,Smear Negative
Haiti,2008,sn,f,55-64,141,Smear Negative
Haiti,2008,sn,f,65+,126,Smear Negative
Haiti,2008,ep,m,0-14,132,Extrapulmonary
Haiti,2008,ep,m,15-24,186,Extrapulmonary
Haiti,2008,ep,m,25-34,156,Extrapulmonary
Haiti,2008,ep,m,35-44,110,Extrapulmonary
Haiti,2008,ep,m,45-54,71,Extrapulmonary
Haiti,2008,ep,m,55-64,46,Extrapulmonary
Haiti,2008,ep,m,65+,32,Extrapulmonary
Haiti,2008,ep,f,0-14,128,Extrapulmonary
Haiti,2008,ep,f,15-24,157,Extrapulmonary
Haiti,2008,ep,f,25-34,198,Extrapulmonary
Haiti,2008,ep,f,35-44,98,Extrapulmonary
Haiti,2008,ep,f,45-54,58,Extrapulmonary
Haiti,2008,ep,f,55-64,40,Extrapulmonary
Haiti,2008,ep,f,65+,51,Extrapulmonary
Haiti,2010,sp,m,0-14,98,Smear Positive
Haiti,2010,sp,m,15-24,1225,Smear Positive
Haiti,2010,sp,m,25-34,1357,Smear Positive
Haiti,2010,sp,m,35-44,718,Smear Positive
Haiti,2010,sp,m,45-54,469,Smear Positive
Haiti,2010,sp,m,55-64,259,Smear Positive
Haiti,2010,sp,m,65+,160,Smear Positive
Haiti,2010,sp,f,0-14,158,Smear Positive
Haiti,2010,sp,f,15-24,1268,Smear Positive
Haiti,2010,sp,f,25-34,1223,Smear Positive
Haiti,2010,sp,f,35-44,608,Smear Positive
Haiti,2010,sp,f,45-54,358,Smear Positive
Haiti,2010,sp,f,55-64,207,Smear Positive
Haiti,2010,sp,f,65+,134,Smear Positive
Haiti,2010,sn,m,0-14,579,Smear Negative
Haiti,2010,sn,m,15-24,364,Smear Negative
Haiti,2010,sn,m,25-34,456,Smear Negative
Haiti,2010,sn,m,35-44,377,Smear Negative
Haiti,2010,sn,m,45-54,263,Smear Negative
Haiti,2010,sn,m,55-64,153,Smear Negative
Haiti,2010,sn,m,65+,122,Smear Negative
Haiti,2010,sn,f,0-14,532,Smear Negative
Haiti,2010,sn,f,15-24,332,Smear Negative
Haiti,2010,sn,f,25-34,427,Smear Negative
Haiti,2010,sn,f,35-44,317,Smear Negative
Haiti,2010,sn,f,45-54,198,Smear Negative
Haiti,2010,sn,f,55-64,121,Smear Negative
Haiti,2010,sn,f,65+,94,Smear Negative
Haiti,2010,ep,m,0-14,109,Extrapulmonary
Haiti,2010,ep,m,15-24,142,Extrapulmonary
Haiti,2010,ep,m,25-34,157,Extrapulmonary
Haiti,2010,ep,m,35-44,111,Extrapulmonary
Haiti,2010,ep,m,45-54,70,Extrapulmonary
Haiti,2010,ep,m,55-64,42,Extrapulmonary
Haiti,2010,ep,m,65+,34,Extrapulmonary
Haiti,2010,ep,f,0-14,87,Extrapulmonary
Haiti,2010,ep,f,15-24,152,Extrapulmonary
Haiti,2010,ep,f,25-34,166,Extrapulmonary
Haiti,2010,ep,f,35-44,101,Extrapulmonary
Haiti,2010,ep,f,45-54,60,Extrapulmonary
Haiti,2010,ep,f,55-64,42,Extrapulmonary
Haiti,2010,ep,f,65+,34,Extrapulmonary
Haiti,2011,sp,m,0-14,107,Smear Positive
Haiti,2011,sp,m,15-24,1239,Smear Positive
Haiti,2011,sp,m,25-34,1398,Smear Positive
Haiti,2011,sp,m,35-44,690,Smear Positive
Haiti,2011,sp,m,45-54,445,Smear Positive
Haiti,2011,sp,m,55-64,235,Smear Positive
Haiti,2011,sp,m,65+,133,Smear Positive
Haiti,2011,sp,f,0-14,170,Smear Positive
Haiti,2011,sp,f,15-24,1356,Smear Positive
Haiti,2011,sp,f,25-34,1291,Smear Positive
Haiti,2011,sp,f,35-44,601,Smear Positive
Haiti,2011,sp,f,45-54,397,Smear Positive
Haiti,2011,sp,f,55-64,199,Smear Positive
Haiti,2011,sp,f,65+,138,Smear Positive
Haiti,2011,sn,m,0-14,612,Smear Negative
Haiti,2011,sn,m,15-24,439,Smear Negative
Haiti,2011,sn,m,25-34,505,Smear Negative
Haiti,2011,sn,m,35-44,386,Smear Negative
Haiti,2011,sn,m,45-54,294,Smear Negative
Haiti,2011,sn,m,55-64,151,Smear Negative
Haiti,2011,sn,m,65+,109,Smear Negative
Haiti,2011,sn,f,0-14,566,Smear Negative
Haiti,2011,sn,f,15-24,389,Smear Negative
Haiti,2011,sn,f,25-34,523,Smear Negative
Haiti,2011,sn,f,35-44,381,Smear Negative
Haiti,2011,sn,f,45-54,256,Smear Negative
Haiti,2011,sn,f,55-64,152,Smear Negative
Haiti,2011,sn,f,65+,108,Smear Negative
Haiti,2011,ep,m,0-14,184,Extrapulmonary
Haiti,2011,ep,m,15-24,171,Extrapulmonary
Haiti,2011,ep,m,25-34,204,Extrapulmonary
Haiti,2011,ep,m,35-44,129,Extrapulmonary
Haiti,2011,ep,m,45-54,71,Extrapulmonary
Haiti,2011,ep,m,55-64,45,Extrapulmonary
Haiti,2011,ep,m,65+,43,Extrapulmonary
Haiti,2011,ep,f,0-14,138,Extrapulmonary
Haiti,2011,ep,f,15-24,156,Extrapulmonary
Haiti,2011,ep,f,25-34,173,Extrapulmonary
Haiti,2011,ep,f,35-44,136,Extrapulmonary
Haiti,2011,ep,f,45-54,75,Extrapulmonary
Haiti,2011,ep,f,55-64,35,Extrapulmonary
Haiti,2011,ep,f,65+,41,Extrapulmonary
Haiti,2012,sp,m,0-14,126,Smear Positive
Haiti,2012,sp,m,15-24,1358,Smear Positive
Haiti,2012,sp,m,25-34,1564,Smear Positive
Haiti,2012,sp,m,35-44,757,Smear Positive
Haiti,2012,sp,m,45-54,475,Smear Positive
Haiti,2012,sp,m,55-64,271,Smear Positive
Haiti,2012,sp,m,65+,164,Smear Positive
Haiti,2012,sp,f,0-14,160,Smear Positive
Haiti,2012,sp,f,15-24,1478,Smear Positive
Haiti,2012,sp,f,25-34,1418,Smear Positive
Haiti,2012,sp,f,35-44,697,Smear Positive
Haiti,2012,sp,f,45-54,416,Smear Positive
Haiti,2012,sp,f,55-64,220,Smear Positive
Haiti,2012,sp,f,65+,157,Smear Positive
Haiti,2012,sn,m,0-14,704,Smear Negative
Haiti,2012,sn,m,15-24,364,Smear Negative
Haiti,2012,sn,m,25-34,501,Smear Negative
Haiti,2012,sn,m,35-44,373,Smear Negative
Haiti,2012,sn,m,45-54,261,Smear Negative
Haiti,2012,sn,m,55-64,175,Smear Negative
Haiti,2012,sn,m,65+,105,Smear Negative
Haiti,2012,sn,f,0-14,616,Smear Negative
Haiti,2012,sn,f,15-24,367,Smear Negative
Haiti,2012,sn,f,25-34,430,Smear Negative
Haiti,2012,sn,f,35-44,318,Smear Negative
Haiti,2012,sn,f,45-54,273,Smear Negative
Haiti,2012,sn,f,55-64,123,Smear Negative
Haiti,2012,sn,f,65+,109,Smear Negative
Haiti,2012,ep,m,0-14,203,Extrapulmonary
Haiti,2012,ep,m,15-24,183,Extrapulmonary
Haiti,2012,ep,m,25-34,245,Extrapulmonary
Haiti,2012,ep,m,35-44,156,Extrapulmonary
Haiti,2012,ep,m,45-54,93,Extrapulmonary
Haiti,2012,ep,m,55-64,54,Extrapulmonary
Haiti,2012,ep,m,65+,47,Extrapulmonary
Haiti,2012,ep,f,0-14,176,Extrapulmonary
Haiti,2012,ep,f,15-24,202,Extrapulmonary
Haiti,2012,ep,f,25-34,248,Extrapulmonary
Haiti,2012,ep,f,35-44,136,Extrapulmonary
Haiti,2012,ep,f,45-54,73,Extrapulmonary
Haiti,2012,ep,f,55-64,65,Extrapulmonary
Haiti,2012,ep,f,65+,37,Extrapulmonary
Haiti,2013,rel,m,0-14,949,Relapse
Haiti,2013,rel,m,15-24,1973,Relapse
Haiti,2013,rel,m,25-34,2563,Relapse
Haiti,2013,rel,m,35-44,1463,Relapse
Haiti,2013,rel,m,45-54,1011,Relapse
Haiti,2013,rel,m,55-64,545,Relapse
Haiti,2013,rel,m,65+,385,Relapse
Haiti,2013,rel,f,0-14,956,Relapse
Haiti,2013,rel,f,15-24,2122,Relapse
Haiti,2013,rel,f,25-34,2241,Relapse
Haiti,2013,rel,f,35-44,1262,Relapse
Haiti,2013,rel,f,45-54,779,Relapse
Haiti,2013,rel,f,55-64,452,Relapse
Haiti,2013,rel,f,65+,339,Relapse
Honduras,1995,sp,m,0-14,42,Smear Positive
Honduras,1995,sp,m,15-24,280,Smear Positive
Honduras,1995,sp,m,25-34,540,Smear Positive
Honduras,1995,sp,m,35-44,204,Smear Positive
Honduras,1995,sp,m,45-54,130,Smear Positive
Honduras,1995,sp,m,55-64,236,Smear Positive
Honduras,1995,sp,m,65+,58,Smear Positive
Honduras,1995,sp,f,0-14,54,Smear Positive
Honduras,1995,sp,f,15-24,208,Smear Positive
Honduras,1995,sp,f,25-34,292,Smear Positive
Honduras,1995,sp,f,35-44,134,Smear Positive
Honduras,1995,sp,f,45-54,76,Smear Positive
Honduras,1995,sp,f,55-64,136,Smear Positive
Honduras,1995,sp,f,65+,48,Smear Positive
Honduras,1996,sp,m,0-14,51,Smear Positive
Honduras,1996,sp,m,15-24,247,Smear Positive
Honduras,1996,sp,m,25-34,389,Smear Positive
Honduras,1996,sp,m,35-44,142,Smear Positive
Honduras,1996,sp,m,45-54,108,Smear Positive
Honduras,1996,sp,m,55-64,190,Smear Positive
Honduras,1996,sp,m,65+,21,Smear Positive
Honduras,1996,sp,f,0-14,43,Smear Positive
Honduras,1996,sp,f,15-24,167,Smear Positive
Honduras,1996,sp,f,25-34,245,Smear Positive
Honduras,1996,sp,f,35-44,106,Smear Positive
Honduras,1996,sp,f,45-54,69,Smear Positive
Honduras,1996,sp,f,55-64,149,Smear Positive
Honduras,1996,sp,f,65+,17,Smear Positive
Honduras,1997,sp,m,0-14,26,Smear Positive
Honduras,1997,sp,m,15-24,214,Smear Positive
Honduras,1997,sp,m,25-34,321,Smear Positive
Honduras,1997,sp,m,35-44,111,Smear Positive
Honduras,1997,sp,m,45-54,78,Smear Positive
Honduras,1997,sp,m,55-64,140,Smear Positive
Honduras,1997,sp,m,65+,28,Smear Positive
Honduras,1997,sp,f,0-14,38,Smear Positive
Honduras,1997,sp,f,15-24,166,Smear Positive
Honduras,1997,sp,f,25-34,174,Smear Positive
Honduras,1997,sp,f,35-44,80,Smear Positive
Honduras,1997,sp,f,45-54,61,Smear Positive
Honduras,1997,sp,f,55-64,116,Smear Positive
Honduras,1997,sp,f,65+,26,Smear Positive
Honduras,1998,sp,m,0-14,147,Smear Positive
Honduras,1998,sp,m,15-24,277,Smear Positive
Honduras,1998,sp,m,25-34,256,Smear Positive
Honduras,1998,sp,m,35-44,211,Smear Positive
Honduras,1998,sp,m,45-54,205,Smear Positive
Honduras,1998,sp,m,55-64,181,Smear Positive
Honduras,1998,sp,m,65+,50,Smear Positive
Honduras,1998,sp,f,0-14,103,Smear Positive
Honduras,1998,sp,f,15-24,206,Smear Positive
Honduras,1998,sp,f,25-34,192,Smear Positive
Honduras,1998,sp,f,35-44,158,Smear Positive
Honduras,1998,sp,f,45-54,152,Smear Positive
Honduras,1998,sp,f,55-64,135,Smear Positive
Honduras,1998,sp,f,65+,38,Smear Positive
Honduras,1999,sp,m,0-14,150,Smear Positive
Honduras,1999,sp,m,15-24,288,Smear Positive
Honduras,1999,sp,m,25-34,268,Smear Positive
Honduras,1999,sp,m,35-44,219,Smear Positive
Honduras,1999,sp,m,45-54,220,Smear Positive
Honduras,1999,sp,m,55-64,190,Smear Positive
Honduras,1999,sp,m,65+,52,Smear Positive
Honduras,1999,sp,f,0-14,100,Smear Positive
Honduras,1999,sp,f,15-24,214,Smear Positive
Honduras,1999,sp,f,25-34,201,Smear Positive
Honduras,1999,sp,f,35-44,164,Smear Positive
Honduras,1999,sp,f,45-54,160,Smear Positive
Honduras,1999,sp,f,55-64,140,Smear Positive
Honduras,1999,sp,f,65+,40,Smear Positive
Honduras,2000,sp,m,0-14,30,Smear Positive
Honduras,2000,sp,m,15-24,123,Smear Positive
Honduras,2000,sp,m,25-34,371,Smear Positive
Honduras,2000,sp,m,35-44,246,Smear Positive
Honduras,2000,sp,m,45-54,277,Smear Positive
Honduras,2000,sp,m,55-64,214,Smear Positive
Honduras,2000,sp,m,65+,43,Smear Positive
Honduras,2000,sp,f,0-14,25,Smear Positive
Honduras,2000,sp,f,15-24,21,Smear Positive
Honduras,2000,sp,f,25-34,269,Smear Positive
Honduras,2000,sp,f,35-44,258,Smear Positive
Honduras,2000,sp,f,45-54,270,Smear Positive
Honduras,2000,sp,f,55-64,160,Smear Positive
Honduras,2000,sp,f,65+,38,Smear Positive
Honduras,2001,sp,m,0-14,12,Smear Positive
Honduras,2001,sp,m,15-24,47,Smear Positive
Honduras,2001,sp,m,25-34,509,Smear Positive
Honduras,2001,sp,m,35-44,344,Smear Positive
Honduras,2001,sp,m,45-54,337,Smear Positive
Honduras,2001,sp,m,55-64,257,Smear Positive
Honduras,2001,sp,m,65+,27,Smear Positive
Honduras,2001,sp,f,0-14,13,Smear Positive
Honduras,2001,sp,f,15-24,25,Smear Positive
Honduras,2001,sp,f,25-34,347,Smear Positive
Honduras,2001,sp,f,35-44,352,Smear Positive
Honduras,2001,sp,f,45-54,339,Smear Positive
Honduras,2001,sp,f,55-64,196,Smear Positive
Honduras,2001,sp,f,65+,34,Smear Positive
Honduras,2002,sp,m,0-14,76,Smear Positive
Honduras,2002,sp,m,15-24,29,Smear Positive
Honduras,2002,sp,m,25-34,519,Smear Positive
Honduras,2002,sp,m,35-44,353,Smear Positive
Honduras,2002,sp,m,45-54,338,Smear Positive
Honduras,2002,sp,m,55-64,257,Smear Positive
Honduras,2002,sp,m,65+,24,Smear Positive
Honduras,2002,sp,f,0-14,65,Smear Positive
Honduras,2002,sp,f,15-24,23,Smear Positive
Honduras,2002,sp,f,25-34,351,Smear Positive
Honduras,2002,sp,f,35-44,339,Smear Positive
Honduras,2002,sp,f,45-54,354,Smear Positive
Honduras,2002,sp,f,55-64,193,Smear Positive
Honduras,2002,sp,f,65+,35,Smear Positive
Honduras,2003,sp,m,0-14,52,Smear Positive
Honduras,2003,sp,m,15-24,20,Smear Positive
Honduras,2003,sp,m,25-34,344,Smear Positive
Honduras,2003,sp,m,35-44,235,Smear Positive
Honduras,2003,sp,m,45-54,227,Smear Positive
Honduras,2003,sp,m,55-64,161,Smear Positive
Honduras,2003,sp,m,65+,17,Smear Positive
Honduras,2003,sp,f,0-14,42,Smear Positive
Honduras,2003,sp,f,15-24,15,Smear Positive
Honduras,2003,sp,f,25-34,232,Smear Positive
Honduras,2003,sp,f,35-44,225,Smear Positive
Honduras,2003,sp,f,45-54,236,Smear Positive
Honduras,2003,sp,f,55-64,127,Smear Positive
Honduras,2003,sp,f,65+,23,Smear Positive
Honduras,2004,sp,m,0-14,54,Smear Positive
Honduras,2004,sp,m,15-24,20,Smear Positive
Honduras,2004,sp,m,25-34,379,Smear Positive
Honduras,2004,sp,m,35-44,259,Smear Positive
Honduras,2004,sp,m,45-54,247,Smear Positive
Honduras,2004,sp,m,55-64,189,Smear Positive
Honduras,2004,sp,m,65+,18,Smear Positive
Honduras,2004,sp,f,0-14,40,Smear Positive
Honduras,2004,sp,f,15-24,13,Smear Positive
Honduras,2004,sp,f,25-34,218,Smear Positive
Honduras,2004,sp,f,35-44,211,Smear Positive
Honduras,2004,sp,f,45-54,220,Smear Positive
Honduras,2004,sp,f,55-64,121,Smear Positive
Honduras,2004,sp,f,65+,23,Smear Positive
Honduras,2005,sp,m,0-14,13,Smear Positive
Honduras,2005,sp,m,15-24,238,Smear Positive
Honduras,2005,sp,m,25-34,280,Smear Positive
Honduras,2005,sp,m,35-44,215,Smear Positive
Honduras,2005,sp,m,45-54,152,Smear Positive
Honduras,2005,sp,m,55-64,134,Smear Positive
Honduras,2005,sp,m,65+,152,Smear Positive
Honduras,2005,sp,f,0-14,27,Smear Positive
Honduras,2005,sp,f,15-24,219,Smear Positive
Honduras,2005,sp,f,25-34,222,Smear Positive
Honduras,2005,sp,f,35-44,125,Smear Positive
Honduras,2005,sp,f,45-54,107,Smear Positive
Honduras,2005,sp,f,55-64,81,Smear Positive
Honduras,2005,sp,f,65+,104,Smear Positive
Honduras,2006,sp,m,0-14,21,Smear Positive
Honduras,2006,sp,m,15-24,213,Smear Positive
Honduras,2006,sp,m,25-34,297,Smear Positive
Honduras,2006,sp,m,35-44,213,Smear Positive
Honduras,2006,sp,m,45-54,139,Smear Positive
Honduras,2006,sp,m,55-64,96,Smear Positive
Honduras,2006,sp,m,65+,147,Smear Positive
Honduras,2006,sp,f,0-14,28,Smear Positive
Honduras,2006,sp,f,15-24,206,Smear Positive
Honduras,2006,sp,f,25-34,234,Smear Positive
Honduras,2006,sp,f,35-44,123,Smear Positive
Honduras,2006,sp,f,45-54,85,Smear Positive
Honduras,2006,sp,f,55-64,87,Smear Positive
Honduras,2006,sp,f,65+,129,Smear Positive
Honduras,2006,sn,m,0-14,72,Smear Negative
Honduras,2006,sn,m,15-24,36,Smear Negative
Honduras,2006,sn,m,25-34,81,Smear Negative
Honduras,2006,sn,m,35-44,67,Smear Negative
Honduras,2006,sn,m,45-54,46,Smear Negative
Honduras,2006,sn,m,55-64,40,Smear Negative
Honduras,2006,sn,m,65+,48,Smear Negative
Honduras,2006,sn,f,0-14,63,Smear Negative
Honduras,2006,sn,f,15-24,26,Smear Negative
Honduras,2006,sn,f,25-34,54,Smear Negative
Honduras,2006,sn,f,35-44,46,Smear Negative
Honduras,2006,sn,f,45-54,34,Smear Negative
Honduras,2006,sn,f,55-64,16,Smear Negative
Honduras,2006,sn,f,65+,27,Smear Negative
Honduras,2006,ep,m,0-14,26,Extrapulmonary
Honduras,2006,ep,m,15-24,24,Extrapulmonary
Honduras,2006,ep,m,25-34,36,Extrapulmonary
Honduras,2006,ep,m,35-44,29,Extrapulmonary
Honduras,2006,ep,m,45-54,19,Extrapulmonary
Honduras,2006,ep,m,55-64,11,Extrapulmonary
Honduras,2006,ep,m,65+,29,Extrapulmonary
Honduras,2006,ep,f,0-14,9,Extrapulmonary
Honduras,2006,ep,f,15-24,28,Extrapulmonary
Honduras,2006,ep,f,25-34,37,Extrapulmonary
Honduras,2006,ep,f,35-44,29,Extrapulmonary
Honduras,2006,ep,f,45-54,27,Extrapulmonary
Honduras,2006,ep,f,55-64,19,Extrapulmonary
Honduras,2006,ep,f,65+,27,Extrapulmonary
Honduras,2007,sp,m,0-14,21,Smear Positive
Honduras,2007,sp,m,15-24,204,Smear Positive
Honduras,2007,sp,m,25-34,293,Smear Positive
Honduras,2007,sp,m,35-44,194,Smear Positive
Honduras,2007,sp,m,45-54,158,Smear Positive
Honduras,2007,sp,m,55-64,123,Smear Positive
Honduras,2007,sp,m,65+,180,Smear Positive
Honduras,2007,sp,f,0-14,29,Smear Positive
Honduras,2007,sp,f,15-24,185,Smear Positive
Honduras,2007,sp,f,25-34,175,Smear Positive
Honduras,2007,sp,f,35-44,110,Smear Positive
Honduras,2007,sp,f,45-54,106,Smear Positive
Honduras,2007,sp,f,55-64,84,Smear Positive
Honduras,2007,sp,f,65+,112,Smear Positive
Honduras,2007,sn,m,0-14,36,Smear Negative
Honduras,2007,sn,m,15-24,42,Smear Negative
Honduras,2007,sn,m,25-34,62,Smear Negative
Honduras,2007,sn,m,35-44,48,Smear Negative
Honduras,2007,sn,m,45-54,37,Smear Negative
Honduras,2007,sn,m,55-64,20,Smear Negative
Honduras,2007,sn,m,65+,46,Smear Negative
Honduras,2007,sn,f,0-14,28,Smear Negative
Honduras,2007,sn,f,15-24,24,Smear Negative
Honduras,2007,sn,f,25-34,34,Smear Negative
Honduras,2007,sn,f,35-44,18,Smear Negative
Honduras,2007,sn,f,45-54,24,Smear Negative
Honduras,2007,sn,f,55-64,22,Smear Negative
Honduras,2007,sn,f,65+,29,Smear Negative
Honduras,2007,ep,m,0-14,25,Extrapulmonary
Honduras,2007,ep,m,15-24,25,Extrapulmonary
Honduras,2007,ep,m,25-34,45,Extrapulmonary
Honduras,2007,ep,m,35-44,32,Extrapulmonary
Honduras,2007,ep,m,45-54,21,Extrapulmonary
Honduras,2007,ep,m,55-64,12,Extrapulmonary
Honduras,2007,ep,m,65+,20,Extrapulmonary
Honduras,2007,ep,f,0-14,23,Extrapulmonary
Honduras,2007,ep,f,15-24,16,Extrapulmonary
Honduras,2007,ep,f,25-34,37,Extrapulmonary
Honduras,2007,ep,f,35-44,26,Extrapulmonary
Honduras,2007,ep,f,45-54,21,Extrapulmonary
Honduras,2007,ep,f,55-64,7,Extrapulmonary
Honduras,2007,ep,f,65+,18,Extrapulmonary
Honduras,2008,sp,m,0-14,11,Smear Positive
Honduras,2008,sp,m,15-24,254,Smear Positive
Honduras,2008,sp,m,25-34,263,Smear Positive
Honduras,2008,sp,m,35-44,202,Smear Positive
Honduras,2008,sp,m,45-54,140,Smear Positive
Honduras,2008,sp,m,55-64,103,Smear Positive
Honduras,2008,sp,m,65+,174,Smear Positive
Honduras,2008,sp,f,0-14,26,Smear Positive
Honduras,2008,sp,f,15-24,152,Smear Positive
Honduras,2008,sp,f,25-34,170,Smear Positive
Honduras,2008,sp,f,35-44,114,Smear Positive
Honduras,2008,sp,f,45-54,90,Smear Positive
Honduras,2008,sp,f,55-64,82,Smear Positive
Honduras,2008,sp,f,65+,116,Smear Positive
Honduras,2008,sn,m,0-14,33,Smear Negative
Honduras,2008,sn,m,15-24,28,Smear Negative
Honduras,2008,sn,m,25-34,55,Smear Negative
Honduras,2008,sn,m,35-44,47,Smear Negative
Honduras,2008,sn,m,45-54,33,Smear Negative
Honduras,2008,sn,m,55-64,35,Smear Negative
Honduras,2008,sn,m,65+,44,Smear Negative
Honduras,2008,sn,f,0-14,32,Smear Negative
Honduras,2008,sn,f,15-24,24,Smear Negative
Honduras,2008,sn,f,25-34,34,Smear Negative
Honduras,2008,sn,f,35-44,30,Smear Negative
Honduras,2008,sn,f,45-54,18,Smear Negative
Honduras,2008,sn,f,55-64,21,Smear Negative
Honduras,2008,sn,f,65+,17,Smear Negative
Honduras,2008,ep,m,0-14,15,Extrapulmonary
Honduras,2008,ep,m,15-24,26,Extrapulmonary
Honduras,2008,ep,m,25-34,40,Extrapulmonary
Honduras,2008,ep,m,35-44,28,Extrapulmonary
Honduras,2008,ep,m,45-54,23,Extrapulmonary
Honduras,2008,ep,m,55-64,19,Extrapulmonary
Honduras,2008,ep,m,65+,19,Extrapulmonary
Honduras,2008,ep,f,0-14,16,Extrapulmonary
Honduras,2008,ep,f,15-24,26,Extrapulmonary
Honduras,2008,ep,f,25-34,37,Extrapulmonary
Honduras,2008,ep,f,35-44,28,Extrapulmonary
Honduras,2008,ep,f,45-54,24,Extrapulmonary
Honduras,2008,ep,f,55-64,9,Extrapulmonary
Honduras,2008,ep,f,65+,20,Extrapulmonary
Honduras,2009,sp,m,0-14,13,Smear Positive
Honduras,2009,sp,m,15-24,227,Smear Positive
Honduras,2009,sp,m,25-34,269,Smear Positive
Honduras,2009,sp,m,35-44,177,Smear Positive
Honduras,2009,sp,m,45-54,155,Smear Positive
Honduras,2009,sp,m,55-64,131,Smear Positive
Honduras,2009,sp,m,65+,168,Smear Positive
Honduras,2009,sp,f,0-14,17,Smear Positive
Honduras,2009,sp,f,15-24,167,Smear Positive
Honduras,2009,sp,f,25-34,172,Smear Positive
Honduras,2009,sp,f,35-44,124,Smear Positive
Honduras,2009,sp,f,45-54,80,Smear Positive
Honduras,2009,sp,f,55-64,73,Smear Positive
Honduras,2009,sp,f,65+,108,Smear Positive
Honduras,2009,sn,m,0-14,37,Smear Negative
Honduras,2009,sn,m,15-24,52,Smear Negative
Honduras,2009,sn,m,25-34,58,Smear Negative
Honduras,2009,sn,m,35-44,53,Smear Negative
Honduras,2009,sn,m,45-54,39,Smear Negative
Honduras,2009,sn,m,55-64,40,Smear Negative
Honduras,2009,sn,m,65+,50,Smear Negative
Honduras,2009,sn,f,0-14,37,Smear Negative
Honduras,2009,sn,f,15-24,23,Smear Negative
Honduras,2009,sn,f,25-34,30,Smear Negative
Honduras,2009,sn,f,35-44,25,Smear Negative
Honduras,2009,sn,f,45-54,20,Smear Negative
Honduras,2009,sn,f,55-64,21,Smear Negative
Honduras,2009,sn,f,65+,35,Smear Negative
Honduras,2009,ep,m,0-14,23,Extrapulmonary
Honduras,2009,ep,m,15-24,26,Extrapulmonary
Honduras,2009,ep,m,25-34,36,Extrapulmonary
Honduras,2009,ep,m,35-44,36,Extrapulmonary
Honduras,2009,ep,m,45-54,23,Extrapulmonary
Honduras,2009,ep,m,55-64,18,Extrapulmonary
Honduras,2009,ep,m,65+,28,Extrapulmonary
Honduras,2009,ep,f,0-14,17,Extrapulmonary
Honduras,2009,ep,f,15-24,21,Extrapulmonary
Honduras,2009,ep,f,25-34,35,Extrapulmonary
Honduras,2009,ep,f,35-44,18,Extrapulmonary
Honduras,2009,ep,f,45-54,22,Extrapulmonary
Honduras,2009,ep,f,55-64,13,Extrapulmonary
Honduras,2009,ep,f,65+,15,Extrapulmonary
Honduras,2010,sp,m,0-14,15,Smear Positive
Honduras,2010,sp,m,15-24,177,Smear Positive
Honduras,2010,sp,m,25-34,246,Smear Positive
Honduras,2010,sp,m,35-44,207,Smear Positive
Honduras,2010,sp,m,45-54,165,Smear Positive
Honduras,2010,sp,m,55-64,113,Smear Positive
Honduras,2010,sp,m,65+,157,Smear Positive
Honduras,2010,sp,f,0-14,28,Smear Positive
Honduras,2010,sp,f,15-24,186,Smear Positive
Honduras,2010,sp,f,25-34,163,Smear Positive
Honduras,2010,sp,f,35-44,106,Smear Positive
Honduras,2010,sp,f,45-54,103,Smear Positive
Honduras,2010,sp,f,55-64,69,Smear Positive
Honduras,2010,sp,f,65+,107,Smear Positive
Honduras,2010,sn,m,0-14,30,Smear Negative
Honduras,2010,sn,m,15-24,33,Smear Negative
Honduras,2010,sn,m,25-34,53,Smear Negative
Honduras,2010,sn,m,35-44,35,Smear Negative
Honduras,2010,sn,m,45-54,41,Smear Negative
Honduras,2010,sn,m,55-64,30,Smear Negative
Honduras,2010,sn,m,65+,57,Smear Negative
Honduras,2010,sn,f,0-14,32,Smear Negative
Honduras,2010,sn,f,15-24,24,Smear Negative
Honduras,2010,sn,f,25-34,31,Smear Negative
Honduras,2010,sn,f,35-44,34,Smear Negative
Honduras,2010,sn,f,45-54,22,Smear Negative
Honduras,2010,sn,f,55-64,20,Smear Negative
Honduras,2010,sn,f,65+,40,Smear Negative
Honduras,2010,ep,m,0-14,27,Extrapulmonary
Honduras,2010,ep,m,15-24,37,Extrapulmonary
Honduras,2010,ep,m,25-34,44,Extrapulmonary
Honduras,2010,ep,m,35-44,38,Extrapulmonary
Honduras,2010,ep,m,45-54,27,Extrapulmonary
Honduras,2010,ep,m,55-64,20,Extrapulmonary
Honduras,2010,ep,m,65+,26,Extrapulmonary
Honduras,2010,ep,f,0-14,17,Extrapulmonary
Honduras,2010,ep,f,15-24,19,Extrapulmonary
Honduras,2010,ep,f,25-34,42,Extrapulmonary
Honduras,2010,ep,f,35-44,39,Extrapulmonary
Honduras,2010,ep,f,45-54,15,Extrapulmonary
Honduras,2010,ep,f,55-64,11,Extrapulmonary
Honduras,2010,ep,f,65+,20,Extrapulmonary
Honduras,2011,sp,m,0-14,17,Smear Positive
Honduras,2011,sp,m,15-24,194,Smear Positive
Honduras,2011,sp,m,25-34,291,Smear Positive
Honduras,2011,sp,m,35-44,227,Smear Positive
Honduras,2011,sp,m,45-54,184,Smear Positive
Honduras,2011,sp,m,55-64,120,Smear Positive
Honduras,2011,sp,m,65+,184,Smear Positive
Honduras,2011,sp,f,0-14,19,Smear Positive
Honduras,2011,sp,f,15-24,181,Smear Positive
Honduras,2011,sp,f,25-34,194,Smear Positive
Honduras,2011,sp,f,35-44,138,Smear Positive
Honduras,2011,sp,f,45-54,99,Smear Positive
Honduras,2011,sp,f,55-64,98,Smear Positive
Honduras,2011,sp,f,65+,126,Smear Positive
Honduras,2011,sn,m,0-14,63,Smear Negative
Honduras,2011,sn,m,15-24,36,Smear Negative
Honduras,2011,sn,m,25-34,73,Smear Negative
Honduras,2011,sn,m,35-44,57,Smear Negative
Honduras,2011,sn,m,45-54,48,Smear Negative
Honduras,2011,sn,m,55-64,35,Smear Negative
Honduras,2011,sn,m,65+,53,Smear Negative
Honduras,2011,sn,f,0-14,53,Smear Negative
Honduras,2011,sn,f,15-24,33,Smear Negative
Honduras,2011,sn,f,25-34,42,Smear Negative
Honduras,2011,sn,f,35-44,25,Smear Negative
Honduras,2011,sn,f,45-54,28,Smear Negative
Honduras,2011,sn,f,55-64,27,Smear Negative
Honduras,2011,sn,f,65+,43,Smear Negative
Honduras,2011,ep,m,0-14,19,Extrapulmonary
Honduras,2011,ep,m,15-24,31,Extrapulmonary
Honduras,2011,ep,m,25-34,39,Extrapulmonary
Honduras,2011,ep,m,35-44,41,Extrapulmonary
Honduras,2011,ep,m,45-54,34,Extrapulmonary
Honduras,2011,ep,m,55-64,26,Extrapulmonary
Honduras,2011,ep,m,65+,39,Extrapulmonary
Honduras,2011,ep,f,0-14,20,Extrapulmonary
Honduras,2011,ep,f,15-24,21,Extrapulmonary
Honduras,2011,ep,f,25-34,33,Extrapulmonary
Honduras,2011,ep,f,35-44,25,Extrapulmonary
Honduras,2011,ep,f,45-54,18,Extrapulmonary
Honduras,2011,ep,f,55-64,28,Extrapulmonary
Honduras,2011,ep,f,65+,16,Extrapulmonary
Honduras,2012,sp,m,0-14,18,Smear Positive
Honduras,2012,sp,m,15-24,247,Smear Positive
Honduras,2012,sp,m,25-34,285,Smear Positive
Honduras,2012,sp,m,35-44,192,Smear Positive
Honduras,2012,sp,m,45-54,184,Smear Positive
Honduras,2012,sp,m,55-64,129,Smear Positive
Honduras,2012,sp,m,65+,146,Smear Positive
Honduras,2012,sp,f,0-14,15,Smear Positive
Honduras,2012,sp,f,15-24,180,Smear Positive
Honduras,2012,sp,f,25-34,157,Smear Positive
Honduras,2012,sp,f,35-44,115,Smear Positive
Honduras,2012,sp,f,45-54,88,Smear Positive
Honduras,2012,sp,f,55-64,75,Smear Positive
Honduras,2012,sp,f,65+,114,Smear Positive
Honduras,2012,sn,m,0-14,49,Smear Negative
Honduras,2012,sn,m,15-24,38,Smear Negative
Honduras,2012,sn,m,25-34,62,Smear Negative
Honduras,2012,sn,m,35-44,48,Smear Negative
Honduras,2012,sn,m,45-54,33,Smear Negative
Honduras,2012,sn,m,55-64,24,Smear Negative
Honduras,2012,sn,m,65+,61,Smear Negative
Honduras,2012,sn,f,0-14,41,Smear Negative
Honduras,2012,sn,f,15-24,25,Smear Negative
Honduras,2012,sn,f,25-34,35,Smear Negative
Honduras,2012,sn,f,35-44,21,Smear Negative
Honduras,2012,sn,f,45-54,29,Smear Negative
Honduras,2012,sn,f,55-64,21,Smear Negative
Honduras,2012,sn,f,65+,22,Smear Negative
Honduras,2012,ep,m,0-14,26,Extrapulmonary
Honduras,2012,ep,m,15-24,27,Extrapulmonary
Honduras,2012,ep,m,25-34,46,Extrapulmonary
Honduras,2012,ep,m,35-44,32,Extrapulmonary
Honduras,2012,ep,m,45-54,22,Extrapulmonary
Honduras,2012,ep,m,55-64,18,Extrapulmonary
Honduras,2012,ep,m,65+,28,Extrapulmonary
Honduras,2012,ep,f,0-14,15,Extrapulmonary
Honduras,2012,ep,f,15-24,29,Extrapulmonary
Honduras,2012,ep,f,25-34,37,Extrapulmonary
Honduras,2012,ep,f,35-44,25,Extrapulmonary
Honduras,2012,ep,f,45-54,15,Extrapulmonary
Honduras,2012,ep,f,55-64,18,Extrapulmonary
Honduras,2012,ep,f,65+,24,Extrapulmonary
Honduras,2013,rel,m,0-14,72,Relapse
Honduras,2013,rel,m,15-24,300,Relapse
Honduras,2013,rel,m,25-34,391,Relapse
Honduras,2013,rel,m,35-44,317,Relapse
Honduras,2013,rel,m,45-54,248,Relapse
Honduras,2013,rel,m,55-64,191,Relapse
Honduras,2013,rel,m,65+,224,Relapse
Honduras,2013,rel,f,0-14,90,Relapse
Honduras,2013,rel,f,15-24,277,Relapse
Honduras,2013,rel,f,25-34,246,Relapse
Honduras,2013,rel,f,35-44,173,Relapse
Honduras,2013,rel,f,45-54,159,Relapse
Honduras,2013,rel,f,55-64,119,Relapse
Honduras,2013,rel,f,65+,174,Relapse
Hungary,1996,sp,m,0-14,3,Smear Positive
Hungary,1996,sp,m,15-24,28,Smear Positive
Hungary,1996,sp,m,25-34,139,Smear Positive
Hungary,1996,sp,m,35-44,151,Smear Positive
Hungary,1996,sp,m,45-54,209,Smear Positive
Hungary,1996,sp,m,55-64,140,Smear Positive
Hungary,1996,sp,m,65+,105,Smear Positive
Hungary,1996,sp,f,0-14,2,Smear Positive
Hungary,1996,sp,f,15-24,30,Smear Positive
Hungary,1996,sp,f,25-34,42,Smear Positive
Hungary,1996,sp,f,35-44,51,Smear Positive
Hungary,1996,sp,f,45-54,63,Smear Positive
Hungary,1996,sp,f,55-64,27,Smear Positive
Hungary,1996,sp,f,65+,76,Smear Positive
Hungary,1997,sp,m,0-14,0,Smear Positive
Hungary,1997,sp,m,15-24,8,Smear Positive
Hungary,1997,sp,m,25-34,51,Smear Positive
Hungary,1997,sp,m,35-44,163,Smear Positive
Hungary,1997,sp,m,45-54,164,Smear Positive
Hungary,1997,sp,m,55-64,90,Smear Positive
Hungary,1997,sp,m,65+,69,Smear Positive
Hungary,1997,sp,f,0-14,1,Smear Positive
Hungary,1997,sp,f,15-24,9,Smear Positive
Hungary,1997,sp,f,25-34,25,Smear Positive
Hungary,1997,sp,f,35-44,35,Smear Positive
Hungary,1997,sp,f,45-54,24,Smear Positive
Hungary,1997,sp,f,55-64,19,Smear Positive
Hungary,1997,sp,f,65+,44,Smear Positive
Hungary,1998,sp,m,0-14,0,Smear Positive
Hungary,1998,sp,m,15-24,14,Smear Positive
Hungary,1998,sp,m,25-34,64,Smear Positive
Hungary,1998,sp,m,35-44,149,Smear Positive
Hungary,1998,sp,m,45-54,163,Smear Positive
Hungary,1998,sp,m,55-64,62,Smear Positive
Hungary,1998,sp,m,65+,59,Smear Positive
Hungary,1998,sp,f,0-14,0,Smear Positive
Hungary,1998,sp,f,15-24,13,Smear Positive
Hungary,1998,sp,f,25-34,27,Smear Positive
Hungary,1998,sp,f,35-44,34,Smear Positive
Hungary,1998,sp,f,45-54,25,Smear Positive
Hungary,1998,sp,f,55-64,17,Smear Positive
Hungary,1998,sp,f,65+,40,Smear Positive
Hungary,1999,sp,m,0-14,2,Smear Positive
Hungary,1999,sp,m,15-24,16,Smear Positive
Hungary,1999,sp,m,25-34,48,Smear Positive
Hungary,1999,sp,m,35-44,155,Smear Positive
Hungary,1999,sp,m,45-54,183,Smear Positive
Hungary,1999,sp,m,55-64,74,Smear Positive
Hungary,1999,sp,m,65+,47,Smear Positive
Hungary,1999,sp,f,0-14,4,Smear Positive
Hungary,1999,sp,f,15-24,17,Smear Positive
Hungary,1999,sp,f,25-34,19,Smear Positive
Hungary,1999,sp,f,35-44,37,Smear Positive
Hungary,1999,sp,f,45-54,19,Smear Positive
Hungary,1999,sp,f,55-64,7,Smear Positive
Hungary,1999,sp,f,65+,32,Smear Positive
Hungary,2000,sp,m,0-14,0,Smear Positive
Hungary,2000,sp,m,15-24,8,Smear Positive
Hungary,2000,sp,m,25-34,24,Smear Positive
Hungary,2000,sp,m,35-44,85,Smear Positive
Hungary,2000,sp,m,45-54,104,Smear Positive
Hungary,2000,sp,m,55-64,58,Smear Positive
Hungary,2000,sp,m,65+,27,Smear Positive
Hungary,2000,sp,f,0-14,1,Smear Positive
Hungary,2000,sp,f,15-24,7,Smear Positive
Hungary,2000,sp,f,25-34,17,Smear Positive
Hungary,2000,sp,f,35-44,19,Smear Positive
Hungary,2000,sp,f,45-54,22,Smear Positive
Hungary,2000,sp,f,55-64,10,Smear Positive
Hungary,2000,sp,f,65+,30,Smear Positive
Hungary,2001,sp,m,0-14,1,Smear Positive
Hungary,2001,sp,m,15-24,11,Smear Positive
Hungary,2001,sp,m,25-34,42,Smear Positive
Hungary,2001,sp,m,35-44,97,Smear Positive
Hungary,2001,sp,m,45-54,133,Smear Positive
Hungary,2001,sp,m,55-64,73,Smear Positive
Hungary,2001,sp,m,65+,42,Smear Positive
Hungary,2001,sp,f,0-14,0,Smear Positive
Hungary,2001,sp,f,15-24,10,Smear Positive
Hungary,2001,sp,f,25-34,17,Smear Positive
Hungary,2001,sp,f,35-44,31,Smear Positive
Hungary,2001,sp,f,45-54,27,Smear Positive
Hungary,2001,sp,f,55-64,13,Smear Positive
Hungary,2001,sp,f,65+,37,Smear Positive
Hungary,2002,sp,m,0-14,1,Smear Positive
Hungary,2002,sp,m,15-24,10,Smear Positive
Hungary,2002,sp,m,25-34,41,Smear Positive
Hungary,2002,sp,m,35-44,102,Smear Positive
Hungary,2002,sp,m,45-54,145,Smear Positive
Hungary,2002,sp,m,55-64,61,Smear Positive
Hungary,2002,sp,m,65+,39,Smear Positive
Hungary,2002,sp,f,0-14,1,Smear Positive
Hungary,2002,sp,f,15-24,9,Smear Positive
Hungary,2002,sp,f,25-34,27,Smear Positive
Hungary,2002,sp,f,35-44,36,Smear Positive
Hungary,2002,sp,f,45-54,26,Smear Positive
Hungary,2002,sp,f,55-64,14,Smear Positive
Hungary,2002,sp,f,65+,38,Smear Positive
Hungary,2003,sp,m,0-14,0,Smear Positive
Hungary,2003,sp,m,15-24,6,Smear Positive
Hungary,2003,sp,m,25-34,30,Smear Positive
Hungary,2003,sp,m,35-44,89,Smear Positive
Hungary,2003,sp,m,45-54,140,Smear Positive
Hungary,2003,sp,m,55-64,70,Smear Positive
Hungary,2003,sp,m,65+,38,Smear Positive
Hungary,2003,sp,f,0-14,0,Smear Positive
Hungary,2003,sp,f,15-24,16,Smear Positive
Hungary,2003,sp,f,25-34,26,Smear Positive
Hungary,2003,sp,f,35-44,27,Smear Positive
Hungary,2003,sp,f,45-54,30,Smear Positive
Hungary,2003,sp,f,55-64,11,Smear Positive
Hungary,2003,sp,f,65+,33,Smear Positive
Hungary,2004,sp,m,0-14,2,Smear Positive
Hungary,2004,sp,m,15-24,7,Smear Positive
Hungary,2004,sp,m,25-34,38,Smear Positive
Hungary,2004,sp,m,35-44,99,Smear Positive
Hungary,2004,sp,m,45-54,145,Smear Positive
Hungary,2004,sp,m,55-64,64,Smear Positive
Hungary,2004,sp,m,65+,63,Smear Positive
Hungary,2004,sp,f,0-14,2,Smear Positive
Hungary,2004,sp,f,15-24,6,Smear Positive
Hungary,2004,sp,f,25-34,23,Smear Positive
Hungary,2004,sp,f,35-44,25,Smear Positive
Hungary,2004,sp,f,45-54,29,Smear Positive
Hungary,2004,sp,f,55-64,14,Smear Positive
Hungary,2004,sp,f,65+,40,Smear Positive
Hungary,2005,sp,m,0-14,0,Smear Positive
Hungary,2005,sp,m,15-24,6,Smear Positive
Hungary,2005,sp,m,25-34,24,Smear Positive
Hungary,2005,sp,m,35-44,67,Smear Positive
Hungary,2005,sp,m,45-54,117,Smear Positive
Hungary,2005,sp,m,55-64,67,Smear Positive
Hungary,2005,sp,m,65+,39,Smear Positive
Hungary,2005,sp,f,0-14,1,Smear Positive
Hungary,2005,sp,f,15-24,5,Smear Positive
Hungary,2005,sp,f,25-34,13,Smear Positive
Hungary,2005,sp,f,35-44,11,Smear Positive
Hungary,2005,sp,f,45-54,22,Smear Positive
Hungary,2005,sp,f,55-64,15,Smear Positive
Hungary,2005,sp,f,65+,33,Smear Positive
Hungary,2006,sp,m,0-14,2,Smear Positive
Hungary,2006,sp,m,15-24,10,Smear Positive
Hungary,2006,sp,m,25-34,31,Smear Positive
Hungary,2006,sp,m,35-44,71,Smear Positive
Hungary,2006,sp,m,45-54,98,Smear Positive
Hungary,2006,sp,m,55-64,54,Smear Positive
Hungary,2006,sp,m,65+,33,Smear Positive
Hungary,2006,sp,f,0-14,3,Smear Positive
Hungary,2006,sp,f,15-24,17,Smear Positive
Hungary,2006,sp,f,25-34,16,Smear Positive
Hungary,2006,sp,f,35-44,19,Smear Positive
Hungary,2006,sp,f,45-54,28,Smear Positive
Hungary,2006,sp,f,55-64,11,Smear Positive
Hungary,2006,sp,f,65+,29,Smear Positive
Hungary,2006,sn,m,0-14,1,Smear Negative
Hungary,2006,sn,m,15-24,33,Smear Negative
Hungary,2006,sn,m,25-34,53,Smear Negative
Hungary,2006,sn,m,35-44,98,Smear Negative
Hungary,2006,sn,m,45-54,214,Smear Negative
Hungary,2006,sn,m,55-64,161,Smear Negative
Hungary,2006,sn,m,65+,127,Smear Negative
Hungary,2006,sn,f,0-14,1,Smear Negative
Hungary,2006,sn,f,15-24,21,Smear Negative
Hungary,2006,sn,f,25-34,45,Smear Negative
Hungary,2006,sn,f,35-44,55,Smear Negative
Hungary,2006,sn,f,45-54,76,Smear Negative
Hungary,2006,sn,f,55-64,59,Smear Negative
Hungary,2006,sn,f,65+,123,Smear Negative
Hungary,2006,ep,m,0-14,1,Extrapulmonary
Hungary,2006,ep,m,15-24,0,Extrapulmonary
Hungary,2006,ep,m,25-34,7,Extrapulmonary
Hungary,2006,ep,m,35-44,6,Extrapulmonary
Hungary,2006,ep,m,45-54,15,Extrapulmonary
Hungary,2006,ep,m,55-64,10,Extrapulmonary
Hungary,2006,ep,m,65+,13,Extrapulmonary
Hungary,2006,ep,f,0-14,1,Extrapulmonary
Hungary,2006,ep,f,15-24,0,Extrapulmonary
Hungary,2006,ep,f,25-34,0,Extrapulmonary
Hungary,2006,ep,f,35-44,7,Extrapulmonary
Hungary,2006,ep,f,45-54,4,Extrapulmonary
Hungary,2006,ep,f,55-64,9,Extrapulmonary
Hungary,2006,ep,f,65+,13,Extrapulmonary
Hungary,2007,sp,m,0-14,0,Smear Positive
Hungary,2007,sp,m,15-24,7,Smear Positive
Hungary,2007,sp,m,25-34,31,Smear Positive
Hungary,2007,sp,m,35-44,48,Smear Positive
Hungary,2007,sp,m,45-54,103,Smear Positive
Hungary,2007,sp,m,55-64,50,Smear Positive
Hungary,2007,sp,m,65+,35,Smear Positive
Hungary,2007,sp,f,0-14,3,Smear Positive
Hungary,2007,sp,f,15-24,12,Smear Positive
Hungary,2007,sp,f,25-34,22,Smear Positive
Hungary,2007,sp,f,35-44,18,Smear Positive
Hungary,2007,sp,f,45-54,17,Smear Positive
Hungary,2007,sp,f,55-64,6,Smear Positive
Hungary,2007,sp,f,65+,29,Smear Positive
Hungary,2007,sn,m,0-14,3,Smear Negative
Hungary,2007,sn,m,15-24,11,Smear Negative
Hungary,2007,sn,m,25-34,33,Smear Negative
Hungary,2007,sn,m,35-44,87,Smear Negative
Hungary,2007,sn,m,45-54,175,Smear Negative
Hungary,2007,sn,m,55-64,147,Smear Negative
Hungary,2007,sn,m,65+,162,Smear Negative
Hungary,2007,sn,f,0-14,1,Smear Negative
Hungary,2007,sn,f,15-24,10,Smear Negative
Hungary,2007,sn,f,25-34,34,Smear Negative
Hungary,2007,sn,f,35-44,48,Smear Negative
Hungary,2007,sn,f,45-54,74,Smear Negative
Hungary,2007,sn,f,55-64,46,Smear Negative
Hungary,2007,sn,f,65+,126,Smear Negative
Hungary,2007,ep,m,0-14,0,Extrapulmonary
Hungary,2007,ep,m,15-24,0,Extrapulmonary
Hungary,2007,ep,m,25-34,5,Extrapulmonary
Hungary,2007,ep,m,35-44,8,Extrapulmonary
Hungary,2007,ep,m,45-54,6,Extrapulmonary
Hungary,2007,ep,m,55-64,8,Extrapulmonary
Hungary,2007,ep,m,65+,11,Extrapulmonary
Hungary,2007,ep,f,0-14,0,Extrapulmonary
Hungary,2007,ep,f,15-24,0,Extrapulmonary
Hungary,2007,ep,f,25-34,1,Extrapulmonary
Hungary,2007,ep,f,35-44,7,Extrapulmonary
Hungary,2007,ep,f,45-54,9,Extrapulmonary
Hungary,2007,ep,f,55-64,7,Extrapulmonary
Hungary,2007,ep,f,65+,24,Extrapulmonary
Hungary,2008,sp,m,0-14,0,Smear Positive
Hungary,2008,sp,m,15-24,12,Smear Positive
Hungary,2008,sp,m,25-34,23,Smear Positive
Hungary,2008,sp,m,35-44,47,Smear Positive
Hungary,2008,sp,m,45-54,86,Smear Positive
Hungary,2008,sp,m,55-64,72,Smear Positive
Hungary,2008,sp,m,65+,24,Smear Positive
Hungary,2008,sp,f,0-14,0,Smear Positive
Hungary,2008,sp,f,15-24,11,Smear Positive
Hungary,2008,sp,f,25-34,13,Smear Positive
Hungary,2008,sp,f,35-44,15,Smear Positive
Hungary,2008,sp,f,45-54,12,Smear Positive
Hungary,2008,sp,f,55-64,5,Smear Positive
Hungary,2008,sp,f,65+,25,Smear Positive
Hungary,2008,sn,m,0-14,1,Smear Negative
Hungary,2008,sn,m,15-24,19,Smear Negative
Hungary,2008,sn,m,25-34,39,Smear Negative
Hungary,2008,sn,m,35-44,91,Smear Negative
Hungary,2008,sn,m,45-54,141,Smear Negative
Hungary,2008,sn,m,55-64,146,Smear Negative
Hungary,2008,sn,m,65+,136,Smear Negative
Hungary,2008,sn,f,0-14,2,Smear Negative
Hungary,2008,sn,f,15-24,22,Smear Negative
Hungary,2008,sn,f,25-34,33,Smear Negative
Hungary,2008,sn,f,35-44,42,Smear Negative
Hungary,2008,sn,f,45-54,52,Smear Negative
Hungary,2008,sn,f,55-64,55,Smear Negative
Hungary,2008,sn,f,65+,117,Smear Negative
Hungary,2008,ep,m,0-14,1,Extrapulmonary
Hungary,2008,ep,m,15-24,1,Extrapulmonary
Hungary,2008,ep,m,25-34,4,Extrapulmonary
Hungary,2008,ep,m,35-44,7,Extrapulmonary
Hungary,2008,ep,m,45-54,8,Extrapulmonary
Hungary,2008,ep,m,55-64,8,Extrapulmonary
Hungary,2008,ep,m,65+,11,Extrapulmonary
Hungary,2008,ep,f,0-14,0,Extrapulmonary
Hungary,2008,ep,f,15-24,1,Extrapulmonary
Hungary,2008,ep,f,25-34,4,Extrapulmonary
Hungary,2008,ep,f,35-44,1,Extrapulmonary
Hungary,2008,ep,f,45-54,8,Extrapulmonary
Hungary,2008,ep,f,55-64,3,Extrapulmonary
Hungary,2008,ep,f,65+,22,Extrapulmonary
Hungary,2009,sp,m,0-14,0,Smear Positive
Hungary,2009,sp,m,15-24,10,Smear Positive
Hungary,2009,sp,m,25-34,14,Smear Positive
Hungary,2009,sp,m,35-44,49,Smear Positive
Hungary,2009,sp,m,45-54,89,Smear Positive
Hungary,2009,sp,m,55-64,56,Smear Positive
Hungary,2009,sp,m,65+,36,Smear Positive
Hungary,2009,sp,f,0-14,1,Smear Positive
Hungary,2009,sp,f,15-24,4,Smear Positive
Hungary,2009,sp,f,25-34,13,Smear Positive
Hungary,2009,sp,f,35-44,21,Smear Positive
Hungary,2009,sp,f,45-54,22,Smear Positive
Hungary,2009,sp,f,55-64,14,Smear Positive
Hungary,2009,sp,f,65+,32,Smear Positive
Hungary,2009,sn,m,0-14,0,Smear Negative
Hungary,2009,sn,m,15-24,15,Smear Negative
Hungary,2009,sn,m,25-34,28,Smear Negative
Hungary,2009,sn,m,35-44,56,Smear Negative
Hungary,2009,sn,m,45-54,135,Smear Negative
Hungary,2009,sn,m,55-64,121,Smear Negative
Hungary,2009,sn,m,65+,116,Smear Negative
Hungary,2009,sn,f,0-14,0,Smear Negative
Hungary,2009,sn,f,15-24,10,Smear Negative
Hungary,2009,sn,f,25-34,34,Smear Negative
Hungary,2009,sn,f,35-44,40,Smear Negative
Hungary,2009,sn,f,45-54,69,Smear Negative
Hungary,2009,sn,f,55-64,55,Smear Negative
Hungary,2009,sn,f,65+,87,Smear Negative
Hungary,2009,ep,m,0-14,1,Extrapulmonary
Hungary,2009,ep,m,15-24,2,Extrapulmonary
Hungary,2009,ep,m,25-34,2,Extrapulmonary
Hungary,2009,ep,m,35-44,6,Extrapulmonary
Hungary,2009,ep,m,45-54,10,Extrapulmonary
Hungary,2009,ep,m,55-64,4,Extrapulmonary
Hungary,2009,ep,m,65+,12,Extrapulmonary
Hungary,2009,ep,f,0-14,3,Extrapulmonary
Hungary,2009,ep,f,15-24,0,Extrapulmonary
Hungary,2009,ep,f,25-34,1,Extrapulmonary
Hungary,2009,ep,f,35-44,3,Extrapulmonary
Hungary,2009,ep,f,45-54,6,Extrapulmonary
Hungary,2009,ep,f,55-64,3,Extrapulmonary
Hungary,2009,ep,f,65+,12,Extrapulmonary
Hungary,2010,sp,m,0-14,1,Smear Positive
Hungary,2010,sp,m,15-24,9,Smear Positive
Hungary,2010,sp,m,25-34,14,Smear Positive
Hungary,2010,sp,m,35-44,36,Smear Positive
Hungary,2010,sp,m,45-54,51,Smear Positive
Hungary,2010,sp,m,55-64,50,Smear Positive
Hungary,2010,sp,m,65+,23,Smear Positive
Hungary,2010,sp,f,0-14,0,Smear Positive
Hungary,2010,sp,f,15-24,9,Smear Positive
Hungary,2010,sp,f,25-34,16,Smear Positive
Hungary,2010,sp,f,35-44,14,Smear Positive
Hungary,2010,sp,f,45-54,9,Smear Positive
Hungary,2010,sp,f,55-64,15,Smear Positive
Hungary,2010,sp,f,65+,20,Smear Positive
Hungary,2010,sn,m,0-14,4,Smear Negative
Hungary,2010,sn,m,15-24,34,Smear Negative
Hungary,2010,sn,m,25-34,41,Smear Negative
Hungary,2010,sn,m,35-44,111,Smear Negative
Hungary,2010,sn,m,45-54,159,Smear Negative
Hungary,2010,sn,m,55-64,170,Smear Negative
Hungary,2010,sn,m,65+,180,Smear Negative
Hungary,2010,sn,f,0-14,4,Smear Negative
Hungary,2010,sn,f,15-24,29,Smear Negative
Hungary,2010,sn,f,25-34,42,Smear Negative
Hungary,2010,sn,f,35-44,65,Smear Negative
Hungary,2010,sn,f,45-54,81,Smear Negative
Hungary,2010,sn,f,55-64,92,Smear Negative
Hungary,2010,sn,f,65+,123,Smear Negative
Hungary,2010,ep,m,0-14,0,Extrapulmonary
Hungary,2010,ep,m,15-24,4,Extrapulmonary
Hungary,2010,ep,m,25-34,4,Extrapulmonary
Hungary,2010,ep,m,35-44,2,Extrapulmonary
Hungary,2010,ep,m,45-54,7,Extrapulmonary
Hungary,2010,ep,m,55-64,10,Extrapulmonary
Hungary,2010,ep,m,65+,6,Extrapulmonary
Hungary,2010,ep,f,0-14,2,Extrapulmonary
Hungary,2010,ep,f,15-24,2,Extrapulmonary
Hungary,2010,ep,f,25-34,1,Extrapulmonary
Hungary,2010,ep,f,35-44,2,Extrapulmonary
Hungary,2010,ep,f,45-54,8,Extrapulmonary
Hungary,2010,ep,f,55-64,3,Extrapulmonary
Hungary,2010,ep,f,65+,19,Extrapulmonary
Hungary,2011,sp,m,0-14,0,Smear Positive
Hungary,2011,sp,m,15-24,11,Smear Positive
Hungary,2011,sp,m,25-34,18,Smear Positive
Hungary,2011,sp,m,35-44,34,Smear Positive
Hungary,2011,sp,m,45-54,46,Smear Positive
Hungary,2011,sp,m,55-64,53,Smear Positive
Hungary,2011,sp,m,65+,28,Smear Positive
Hungary,2011,sp,f,0-14,0,Smear Positive
Hungary,2011,sp,f,15-24,3,Smear Positive
Hungary,2011,sp,f,25-34,9,Smear Positive
Hungary,2011,sp,f,35-44,8,Smear Positive
Hungary,2011,sp,f,45-54,9,Smear Positive
Hungary,2011,sp,f,55-64,12,Smear Positive
Hungary,2011,sp,f,65+,29,Smear Positive
Hungary,2011,sn,m,0-14,2,Smear Negative
Hungary,2011,sn,m,15-24,16,Smear Negative
Hungary,2011,sn,m,25-34,52,Smear Negative
Hungary,2011,sn,m,35-44,82,Smear Negative
Hungary,2011,sn,m,45-54,141,Smear Negative
Hungary,2011,sn,m,55-64,135,Smear Negative
Hungary,2011,sn,m,65+,140,Smear Negative
Hungary,2011,sn,f,0-14,1,Smear Negative
Hungary,2011,sn,f,15-24,28,Smear Negative
Hungary,2011,sn,f,25-34,32,Smear Negative
Hungary,2011,sn,f,35-44,42,Smear Negative
Hungary,2011,sn,f,45-54,70,Smear Negative
Hungary,2011,sn,f,55-64,72,Smear Negative
Hungary,2011,sn,f,65+,97,Smear Negative
Hungary,2011,ep,m,0-14,0,Extrapulmonary
Hungary,2011,ep,m,15-24,2,Extrapulmonary
Hungary,2011,ep,m,25-34,3,Extrapulmonary
Hungary,2011,ep,m,35-44,2,Extrapulmonary
Hungary,2011,ep,m,45-54,4,Extrapulmonary
Hungary,2011,ep,m,55-64,7,Extrapulmonary
Hungary,2011,ep,m,65+,10,Extrapulmonary
Hungary,2011,ep,f,0-14,0,Extrapulmonary
Hungary,2011,ep,f,15-24,1,Extrapulmonary
Hungary,2011,ep,f,25-34,2,Extrapulmonary
Hungary,2011,ep,f,35-44,5,Extrapulmonary
Hungary,2011,ep,f,45-54,4,Extrapulmonary
Hungary,2011,ep,f,55-64,5,Extrapulmonary
Hungary,2011,ep,f,65+,8,Extrapulmonary
Hungary,2012,sp,m,0-14,2,Smear Positive
Hungary,2012,sp,m,15-24,7,Smear Positive
Hungary,2012,sp,m,25-34,15,Smear Positive
Hungary,2012,sp,m,35-44,29,Smear Positive
Hungary,2012,sp,m,45-54,64,Smear Positive
Hungary,2012,sp,m,55-64,41,Smear Positive
Hungary,2012,sp,m,65+,25,Smear Positive
Hungary,2012,sp,f,0-14,0,Smear Positive
Hungary,2012,sp,f,15-24,8,Smear Positive
Hungary,2012,sp,f,25-34,14,Smear Positive
Hungary,2012,sp,f,35-44,15,Smear Positive
Hungary,2012,sp,f,45-54,11,Smear Positive
Hungary,2012,sp,f,55-64,14,Smear Positive
Hungary,2012,sp,f,65+,28,Smear Positive
Hungary,2012,sn,m,0-14,5,Smear Negative
Hungary,2012,sn,m,15-24,23,Smear Negative
Hungary,2012,sn,m,25-34,29,Smear Negative
Hungary,2012,sn,m,35-44,73,Smear Negative
Hungary,2012,sn,m,45-54,127,Smear Negative
Hungary,2012,sn,m,55-64,152,Smear Negative
Hungary,2012,sn,m,65+,99,Smear Negative
Hungary,2012,sn,f,0-14,1,Smear Negative
Hungary,2012,sn,f,15-24,18,Smear Negative
Hungary,2012,sn,f,25-34,24,Smear Negative
Hungary,2012,sn,f,35-44,43,Smear Negative
Hungary,2012,sn,f,45-54,46,Smear Negative
Hungary,2012,sn,f,55-64,71,Smear Negative
Hungary,2012,sn,f,65+,120,Smear Negative
Hungary,2012,ep,m,0-14,0,Extrapulmonary
Hungary,2012,ep,m,15-24,1,Extrapulmonary
Hungary,2012,ep,m,25-34,1,Extrapulmonary
Hungary,2012,ep,m,35-44,2,Extrapulmonary
Hungary,2012,ep,m,45-54,4,Extrapulmonary
Hungary,2012,ep,m,55-64,6,Extrapulmonary
Hungary,2012,ep,m,65+,2,Extrapulmonary
Hungary,2012,ep,f,0-14,0,Extrapulmonary
Hungary,2012,ep,f,15-24,0,Extrapulmonary
Hungary,2012,ep,f,25-34,1,Extrapulmonary
Hungary,2012,ep,f,35-44,3,Extrapulmonary
Hungary,2012,ep,f,45-54,2,Extrapulmonary
Hungary,2012,ep,f,55-64,4,Extrapulmonary
Hungary,2012,ep,f,65+,9,Extrapulmonary
Hungary,2013,rel,m,0-14,6,Relapse
Hungary,2013,rel,m,15-24,22,Relapse
Hungary,2013,rel,m,25-34,54,Relapse
Hungary,2013,rel,m,35-44,81,Relapse
Hungary,2013,rel,m,45-54,170,Relapse
Hungary,2013,rel,m,55-64,194,Relapse
Hungary,2013,rel,m,65+,137,Relapse
Hungary,2013,rel,f,0-14,1,Relapse
Hungary,2013,rel,f,15-24,26,Relapse
Hungary,2013,rel,f,25-34,34,Relapse
Hungary,2013,rel,f,35-44,60,Relapse
Hungary,2013,rel,f,45-54,60,Relapse
Hungary,2013,rel,f,55-64,89,Relapse
Hungary,2013,rel,f,65+,106,Relapse
Iceland,1995,sp,m,0-14,0,Smear Positive
Iceland,1995,sp,m,15-24,0,Smear Positive
Iceland,1995,sp,m,25-34,0,Smear Positive
Iceland,1995,sp,m,35-44,0,Smear Positive
Iceland,1995,sp,m,45-54,0,Smear Positive
Iceland,1995,sp,m,55-64,0,Smear Positive
Iceland,1995,sp,m,65+,1,Smear Positive
Iceland,1995,sp,f,0-14,0,Smear Positive
Iceland,1995,sp,f,15-24,0,Smear Positive
Iceland,1995,sp,f,25-34,0,Smear Positive
Iceland,1995,sp,f,35-44,0,Smear Positive
Iceland,1995,sp,f,45-54,0,Smear Positive
Iceland,1995,sp,f,55-64,0,Smear Positive
Iceland,1995,sp,f,65+,1,Smear Positive
Iceland,1996,sp,f,0-14,0,Smear Positive
Iceland,1996,sp,f,15-24,1,Smear Positive
Iceland,1996,sp,f,25-34,0,Smear Positive
Iceland,1996,sp,f,35-44,0,Smear Positive
Iceland,1996,sp,f,45-54,0,Smear Positive
Iceland,1996,sp,f,55-64,0,Smear Positive
Iceland,1996,sp,f,65+,0,Smear Positive
Iceland,1997,sp,m,0-14,0,Smear Positive
Iceland,1997,sp,m,15-24,0,Smear Positive
Iceland,1997,sp,m,25-34,0,Smear Positive
Iceland,1997,sp,m,35-44,0,Smear Positive
Iceland,1997,sp,m,45-54,0,Smear Positive
Iceland,1997,sp,m,55-64,0,Smear Positive
Iceland,1997,sp,m,65+,1,Smear Positive
Iceland,1997,sp,f,0-14,0,Smear Positive
Iceland,1997,sp,f,15-24,1,Smear Positive
Iceland,1997,sp,f,25-34,0,Smear Positive
Iceland,1997,sp,f,35-44,0,Smear Positive
Iceland,1997,sp,f,45-54,0,Smear Positive
Iceland,1997,sp,f,55-64,1,Smear Positive
Iceland,1997,sp,f,65+,2,Smear Positive
Iceland,1998,sp,m,0-14,0,Smear Positive
Iceland,1998,sp,m,15-24,0,Smear Positive
Iceland,1998,sp,m,25-34,1,Smear Positive
Iceland,1998,sp,m,35-44,0,Smear Positive
Iceland,1998,sp,m,45-54,0,Smear Positive
Iceland,1998,sp,m,55-64,0,Smear Positive
Iceland,1998,sp,m,65+,0,Smear Positive
Iceland,1998,sp,f,0-14,0,Smear Positive
Iceland,1998,sp,f,15-24,0,Smear Positive
Iceland,1998,sp,f,25-34,0,Smear Positive
Iceland,1998,sp,f,35-44,0,Smear Positive
Iceland,1998,sp,f,45-54,0,Smear Positive
Iceland,1998,sp,f,55-64,0,Smear Positive
Iceland,1998,sp,f,65+,1,Smear Positive
Iceland,1999,sp,m,0-14,0,Smear Positive
Iceland,1999,sp,m,35-44,1,Smear Positive
Iceland,1999,sp,f,0-14,0,Smear Positive
Iceland,1999,sp,f,25-34,1,Smear Positive
Iceland,2000,sp,f,0-14,0,Smear Positive
Iceland,2000,sp,f,25-34,1,Smear Positive
Iceland,2001,sp,m,0-14,0,Smear Positive
Iceland,2001,sp,m,15-24,1,Smear Positive
Iceland,2001,sp,m,65+,1,Smear Positive
Iceland,2001,sp,f,0-14,0,Smear Positive
Iceland,2001,sp,f,35-44,1,Smear Positive
Iceland,2002,sp,m,0-14,0,Smear Positive
Iceland,2002,sp,m,15-24,1,Smear Positive
Iceland,2002,sp,m,25-34,0,Smear Positive
Iceland,2002,sp,m,35-44,0,Smear Positive
Iceland,2002,sp,m,45-54,0,Smear Positive
Iceland,2002,sp,m,55-64,0,Smear Positive
Iceland,2002,sp,m,65+,0,Smear Positive
Iceland,2002,sp,f,0-14,0,Smear Positive
Iceland,2002,sp,f,15-24,0,Smear Positive
Iceland,2002,sp,f,25-34,1,Smear Positive
Iceland,2002,sp,f,35-44,0,Smear Positive
Iceland,2002,sp,f,45-54,0,Smear Positive
Iceland,2002,sp,f,55-64,0,Smear Positive
Iceland,2002,sp,f,65+,0,Smear Positive
Iceland,2003,sp,m,0-14,0,Smear Positive
Iceland,2003,sp,m,15-24,0,Smear Positive
Iceland,2003,sp,m,25-34,0,Smear Positive
Iceland,2003,sp,m,35-44,0,Smear Positive
Iceland,2003,sp,m,45-54,0,Smear Positive
Iceland,2003,sp,m,55-64,0,Smear Positive
Iceland,2003,sp,m,65+,1,Smear Positive
Iceland,2003,sp,f,0-14,0,Smear Positive
Iceland,2003,sp,f,15-24,0,Smear Positive
Iceland,2003,sp,f,25-34,0,Smear Positive
Iceland,2003,sp,f,35-44,0,Smear Positive
Iceland,2003,sp,f,45-54,0,Smear Positive
Iceland,2003,sp,f,55-64,0,Smear Positive
Iceland,2003,sp,f,65+,0,Smear Positive
Iceland,2004,sp,m,0-14,0,Smear Positive
Iceland,2004,sp,m,15-24,0,Smear Positive
Iceland,2004,sp,m,25-34,0,Smear Positive
Iceland,2004,sp,m,35-44,0,Smear Positive
Iceland,2004,sp,m,45-54,1,Smear Positive
Iceland,2004,sp,m,55-64,1,Smear Positive
Iceland,2004,sp,m,65+,0,Smear Positive
Iceland,2004,sp,f,0-14,0,Smear Positive
Iceland,2004,sp,f,15-24,0,Smear Positive
Iceland,2004,sp,f,25-34,0,Smear Positive
Iceland,2004,sp,f,35-44,0,Smear Positive
Iceland,2004,sp,f,45-54,0,Smear Positive
Iceland,2004,sp,f,55-64,0,Smear Positive
Iceland,2004,sp,f,65+,0,Smear Positive
Iceland,2005,sp,m,0-14,0,Smear Positive
Iceland,2005,sp,m,15-24,0,Smear Positive
Iceland,2005,sp,m,25-34,0,Smear Positive
Iceland,2005,sp,m,35-44,1,Smear Positive
Iceland,2005,sp,m,45-54,0,Smear Positive
Iceland,2005,sp,m,55-64,0,Smear Positive
Iceland,2005,sp,m,65+,1,Smear Positive
Iceland,2005,sp,f,0-14,0,Smear Positive
Iceland,2005,sp,f,15-24,0,Smear Positive
Iceland,2005,sp,f,25-34,0,Smear Positive
Iceland,2005,sp,f,35-44,0,Smear Positive
Iceland,2005,sp,f,45-54,0,Smear Positive
Iceland,2005,sp,f,55-64,0,Smear Positive
Iceland,2005,sp,f,65+,0,Smear Positive
Iceland,2006,sp,m,0-14,0,Smear Positive
Iceland,2006,sp,m,15-24,0,Smear Positive
Iceland,2006,sp,m,25-34,0,Smear Positive
Iceland,2006,sp,m,35-44,0,Smear Positive
Iceland,2006,sp,m,45-54,0,Smear Positive
Iceland,2006,sp,m,55-64,0,Smear Positive
Iceland,2006,sp,m,65+,1,Smear Positive
Iceland,2006,sp,f,0-14,0,Smear Positive
Iceland,2006,sp,f,15-24,0,Smear Positive
Iceland,2006,sp,f,25-34,2,Smear Positive
Iceland,2006,sp,f,35-44,0,Smear Positive
Iceland,2006,sp,f,45-54,0,Smear Positive
Iceland,2006,sp,f,55-64,0,Smear Positive
Iceland,2006,sp,f,65+,1,Smear Positive
Iceland,2006,sn,m,0-14,0,Smear Negative
Iceland,2006,sn,m,15-24,0,Smear Negative
Iceland,2006,sn,m,25-34,0,Smear Negative
Iceland,2006,sn,m,35-44,1,Smear Negative
Iceland,2006,sn,m,45-54,0,Smear Negative
Iceland,2006,sn,m,55-64,0,Smear Negative
Iceland,2006,sn,m,65+,0,Smear Negative
Iceland,2006,sn,f,0-14,0,Smear Negative
Iceland,2006,sn,f,15-24,0,Smear Negative
Iceland,2006,sn,f,25-34,0,Smear Negative
Iceland,2006,sn,f,35-44,2,Smear Negative
Iceland,2006,sn,f,45-54,0,Smear Negative
Iceland,2006,sn,f,55-64,0,Smear Negative
Iceland,2006,sn,f,65+,0,Smear Negative
Iceland,2006,ep,m,0-14,0,Extrapulmonary
Iceland,2006,ep,m,15-24,2,Extrapulmonary
Iceland,2006,ep,m,25-34,1,Extrapulmonary
Iceland,2006,ep,m,35-44,1,Extrapulmonary
Iceland,2006,ep,m,45-54,0,Extrapulmonary
Iceland,2006,ep,m,55-64,1,Extrapulmonary
Iceland,2006,ep,m,65+,0,Extrapulmonary
Iceland,2006,ep,f,0-14,0,Extrapulmonary
Iceland,2006,ep,f,15-24,0,Extrapulmonary
Iceland,2006,ep,f,25-34,0,Extrapulmonary
Iceland,2006,ep,f,35-44,1,Extrapulmonary
Iceland,2006,ep,f,45-54,0,Extrapulmonary
Iceland,2006,ep,f,55-64,0,Extrapulmonary
Iceland,2006,ep,f,65+,0,Extrapulmonary
Iceland,2007,sp,m,0-14,0,Smear Positive
Iceland,2007,sp,m,15-24,0,Smear Positive
Iceland,2007,sp,m,25-34,0,Smear Positive
Iceland,2007,sp,m,35-44,0,Smear Positive
Iceland,2007,sp,m,45-54,0,Smear Positive
Iceland,2007,sp,m,55-64,0,Smear Positive
Iceland,2007,sp,m,65+,0,Smear Positive
Iceland,2007,sp,f,0-14,0,Smear Positive
Iceland,2007,sp,f,15-24,0,Smear Positive
Iceland,2007,sp,f,25-34,0,Smear Positive
Iceland,2007,sp,f,35-44,2,Smear Positive
Iceland,2007,sp,f,45-54,0,Smear Positive
Iceland,2007,sp,f,55-64,0,Smear Positive
Iceland,2007,sp,f,65+,2,Smear Positive
Iceland,2007,sn,m,0-14,0,Smear Negative
Iceland,2007,sn,m,15-24,0,Smear Negative
Iceland,2007,sn,m,25-34,0,Smear Negative
Iceland,2007,sn,m,35-44,2,Smear Negative
Iceland,2007,sn,m,45-54,1,Smear Negative
Iceland,2007,sn,m,55-64,0,Smear Negative
Iceland,2007,sn,m,65+,1,Smear Negative
Iceland,2007,sn,f,0-14,0,Smear Negative
Iceland,2007,sn,f,15-24,0,Smear Negative
Iceland,2007,sn,f,25-34,7,Smear Negative
Iceland,2007,sn,f,35-44,3,Smear Negative
Iceland,2007,sn,f,45-54,0,Smear Negative
Iceland,2007,sn,f,55-64,1,Smear Negative
Iceland,2007,sn,f,65+,0,Smear Negative
Iceland,2007,ep,m,0-14,0,Extrapulmonary
Iceland,2007,ep,m,25-34,0,Extrapulmonary
Iceland,2007,ep,m,35-44,0,Extrapulmonary
Iceland,2007,ep,m,45-54,2,Extrapulmonary
Iceland,2007,ep,m,55-64,0,Extrapulmonary
Iceland,2007,ep,m,65+,2,Extrapulmonary
Iceland,2007,ep,f,0-14,0,Extrapulmonary
Iceland,2007,ep,f,15-24,0,Extrapulmonary
Iceland,2007,ep,f,25-34,2,Extrapulmonary
Iceland,2007,ep,f,35-44,2,Extrapulmonary
Iceland,2007,ep,f,45-54,0,Extrapulmonary
Iceland,2007,ep,f,55-64,2,Extrapulmonary
Iceland,2007,ep,f,65+,0,Extrapulmonary
Iceland,2008,sp,m,0-14,0,Smear Positive
Iceland,2008,sp,m,15-24,0,Smear Positive
Iceland,2008,sp,m,25-34,1,Smear Positive
Iceland,2008,sp,m,35-44,1,Smear Positive
Iceland,2008,sp,m,45-54,0,Smear Positive
Iceland,2008,sp,m,55-64,0,Smear Positive
Iceland,2008,sp,m,65+,0,Smear Positive
Iceland,2008,sp,f,0-14,0,Smear Positive
Iceland,2008,sp,f,15-24,0,Smear Positive
Iceland,2008,sp,f,25-34,0,Smear Positive
Iceland,2008,sp,f,35-44,0,Smear Positive
Iceland,2008,sp,f,45-54,0,Smear Positive
Iceland,2008,sp,f,55-64,0,Smear Positive
Iceland,2008,sp,f,65+,0,Smear Positive
Iceland,2008,sn,m,0-14,0,Smear Negative
Iceland,2008,sn,m,15-24,0,Smear Negative
Iceland,2008,sn,m,25-34,0,Smear Negative
Iceland,2008,sn,m,35-44,0,Smear Negative
Iceland,2008,sn,m,45-54,0,Smear Negative
Iceland,2008,sn,m,55-64,0,Smear Negative
Iceland,2008,sn,m,65+,0,Smear Negative
Iceland,2008,sn,f,0-14,0,Smear Negative
Iceland,2008,sn,f,15-24,0,Smear Negative
Iceland,2008,sn,f,25-34,1,Smear Negative
Iceland,2008,sn,f,35-44,0,Smear Negative
Iceland,2008,sn,f,45-54,0,Smear Negative
Iceland,2008,sn,f,55-64,0,Smear Negative
Iceland,2008,sn,f,65+,0,Smear Negative
Iceland,2008,ep,m,0-14,0,Extrapulmonary
Iceland,2008,ep,m,15-24,1,Extrapulmonary
Iceland,2008,ep,m,25-34,1,Extrapulmonary
Iceland,2008,ep,m,35-44,0,Extrapulmonary
Iceland,2008,ep,m,45-54,0,Extrapulmonary
Iceland,2008,ep,m,55-64,0,Extrapulmonary
Iceland,2008,ep,m,65+,0,Extrapulmonary
Iceland,2008,ep,f,0-14,0,Extrapulmonary
Iceland,2008,ep,f,15-24,0,Extrapulmonary
Iceland,2008,ep,f,25-34,0,Extrapulmonary
Iceland,2008,ep,f,35-44,0,Extrapulmonary
Iceland,2008,ep,f,45-54,1,Extrapulmonary
Iceland,2008,ep,f,55-64,0,Extrapulmonary
Iceland,2008,ep,f,65+,0,Extrapulmonary
Iceland,2009,sp,m,0-14,0,Smear Positive
Iceland,2009,sp,m,15-24,0,Smear Positive
Iceland,2009,sp,m,25-34,0,Smear Positive
Iceland,2009,sp,m,35-44,1,Smear Positive
Iceland,2009,sp,m,45-54,1,Smear Positive
Iceland,2009,sp,m,55-64,0,Smear Positive
Iceland,2009,sp,m,65+,0,Smear Positive
Iceland,2009,sp,f,0-14,0,Smear Positive
Iceland,2009,sp,f,15-24,1,Smear Positive
Iceland,2009,sp,f,25-34,0,Smear Positive
Iceland,2009,sp,f,35-44,0,Smear Positive
Iceland,2009,sp,f,45-54,0,Smear Positive
Iceland,2009,sp,f,55-64,0,Smear Positive
Iceland,2009,sp,f,65+,0,Smear Positive
Iceland,2009,sn,m,0-14,1,Smear Negative
Iceland,2009,sn,m,15-24,1,Smear Negative
Iceland,2009,sn,m,25-34,0,Smear Negative
Iceland,2009,sn,m,35-44,0,Smear Negative
Iceland,2009,sn,m,45-54,0,Smear Negative
Iceland,2009,sn,m,55-64,0,Smear Negative
Iceland,2009,sn,m,65+,0,Smear Negative
Iceland,2009,sn,f,0-14,0,Smear Negative
Iceland,2009,sn,f,15-24,0,Smear Negative
Iceland,2009,sn,f,25-34,0,Smear Negative
Iceland,2009,sn,f,35-44,0,Smear Negative
Iceland,2009,sn,f,45-54,0,Smear Negative
Iceland,2009,sn,f,55-64,0,Smear Negative
Iceland,2009,sn,f,65+,0,Smear Negative
Iceland,2009,ep,m,0-14,0,Extrapulmonary
Iceland,2009,ep,m,15-24,1,Extrapulmonary
Iceland,2009,ep,m,25-34,0,Extrapulmonary
Iceland,2009,ep,m,35-44,0,Extrapulmonary
Iceland,2009,ep,m,45-54,0,Extrapulmonary
Iceland,2009,ep,m,55-64,0,Extrapulmonary
Iceland,2009,ep,m,65+,0,Extrapulmonary
Iceland,2009,ep,f,0-14,0,Extrapulmonary
Iceland,2009,ep,f,15-24,0,Extrapulmonary
Iceland,2009,ep,f,25-34,0,Extrapulmonary
Iceland,2009,ep,f,35-44,1,Extrapulmonary
Iceland,2009,ep,f,45-54,0,Extrapulmonary
Iceland,2009,ep,f,55-64,0,Extrapulmonary
Iceland,2009,ep,f,65+,0,Extrapulmonary
Iceland,2010,sp,m,0-14,0,Smear Positive
Iceland,2010,sp,m,15-24,0,Smear Positive
Iceland,2010,sp,m,25-34,1,Smear Positive
Iceland,2010,sp,m,35-44,0,Smear Positive
Iceland,2010,sp,m,45-54,3,Smear Positive
Iceland,2010,sp,m,55-64,0,Smear Positive
Iceland,2010,sp,m,65+,0,Smear Positive
Iceland,2010,sp,f,0-14,0,Smear Positive
Iceland,2010,sp,f,15-24,0,Smear Positive
Iceland,2010,sp,f,25-34,1,Smear Positive
Iceland,2010,sp,f,35-44,1,Smear Positive
Iceland,2010,sp,f,45-54,0,Smear Positive
Iceland,2010,sp,f,55-64,0,Smear Positive
Iceland,2010,sp,f,65+,0,Smear Positive
Iceland,2010,sn,m,0-14,0,Smear Negative
Iceland,2010,sn,m,15-24,2,Smear Negative
Iceland,2010,sn,m,25-34,0,Smear Negative
Iceland,2010,sn,m,35-44,0,Smear Negative
Iceland,2010,sn,m,45-54,1,Smear Negative
Iceland,2010,sn,m,55-64,0,Smear Negative
Iceland,2010,sn,m,65+,0,Smear Negative
Iceland,2010,sn,f,0-14,0,Smear Negative
Iceland,2010,sn,f,15-24,3,Smear Negative
Iceland,2010,sn,f,25-34,3,Smear Negative
Iceland,2010,sn,f,35-44,2,Smear Negative
Iceland,2010,sn,f,45-54,0,Smear Negative
Iceland,2010,sn,f,55-64,0,Smear Negative
Iceland,2010,sn,f,65+,1,Smear Negative
Iceland,2010,ep,m,0-14,0,Extrapulmonary
Iceland,2010,ep,m,15-24,0,Extrapulmonary
Iceland,2010,ep,m,25-34,1,Extrapulmonary
Iceland,2010,ep,m,35-44,0,Extrapulmonary
Iceland,2010,ep,m,45-54,0,Extrapulmonary
Iceland,2010,ep,m,55-64,0,Extrapulmonary
Iceland,2010,ep,m,65+,0,Extrapulmonary
Iceland,2010,ep,f,0-14,0,Extrapulmonary
Iceland,2010,ep,f,15-24,0,Extrapulmonary
Iceland,2010,ep,f,25-34,1,Extrapulmonary
Iceland,2010,ep,f,35-44,2,Extrapulmonary
Iceland,2010,ep,f,45-54,0,Extrapulmonary
Iceland,2010,ep,f,55-64,0,Extrapulmonary
Iceland,2010,ep,f,65+,0,Extrapulmonary
Iceland,2011,sp,m,0-14,0,Smear Positive
Iceland,2011,sp,m,15-24,0,Smear Positive
Iceland,2011,sp,m,25-34,0,Smear Positive
Iceland,2011,sp,m,35-44,0,Smear Positive
Iceland,2011,sp,m,45-54,0,Smear Positive
Iceland,2011,sp,m,55-64,0,Smear Positive
Iceland,2011,sp,m,65+,0,Smear Positive
Iceland,2011,sp,f,0-14,0,Smear Positive
Iceland,2011,sp,f,15-24,0,Smear Positive
Iceland,2011,sp,f,25-34,0,Smear Positive
Iceland,2011,sp,f,35-44,0,Smear Positive
Iceland,2011,sp,f,45-54,0,Smear Positive
Iceland,2011,sp,f,55-64,0,Smear Positive
Iceland,2011,sp,f,65+,1,Smear Positive
Iceland,2011,sn,m,0-14,1,Smear Negative
Iceland,2011,sn,m,15-24,0,Smear Negative
Iceland,2011,sn,m,25-34,1,Smear Negative
Iceland,2011,sn,m,35-44,0,Smear Negative
Iceland,2011,sn,m,45-54,0,Smear Negative
Iceland,2011,sn,m,55-64,0,Smear Negative
Iceland,2011,sn,m,65+,0,Smear Negative
Iceland,2011,sn,f,0-14,0,Smear Negative
Iceland,2011,sn,f,15-24,0,Smear Negative
Iceland,2011,sn,f,25-34,0,Smear Negative
Iceland,2011,sn,f,35-44,0,Smear Negative
Iceland,2011,sn,f,45-54,0,Smear Negative
Iceland,2011,sn,f,55-64,0,Smear Negative
Iceland,2011,sn,f,65+,0,Smear Negative
Iceland,2011,ep,m,0-14,0,Extrapulmonary
Iceland,2011,ep,m,15-24,0,Extrapulmonary
Iceland,2011,ep,m,25-34,0,Extrapulmonary
Iceland,2011,ep,m,35-44,0,Extrapulmonary
Iceland,2011,ep,m,45-54,0,Extrapulmonary
Iceland,2011,ep,m,55-64,0,Extrapulmonary
Iceland,2011,ep,m,65+,0,Extrapulmonary
Iceland,2011,ep,f,0-14,0,Extrapulmonary
Iceland,2011,ep,f,15-24,1,Extrapulmonary
Iceland,2011,ep,f,25-34,3,Extrapulmonary
Iceland,2011,ep,f,35-44,0,Extrapulmonary
Iceland,2011,ep,f,45-54,0,Extrapulmonary
Iceland,2011,ep,f,55-64,1,Extrapulmonary
Iceland,2011,ep,f,65+,0,Extrapulmonary
Iceland,2012,sp,m,0-14,0,Smear Positive
Iceland,2012,sp,m,15-24,0,Smear Positive
Iceland,2012,sp,m,25-34,0,Smear Positive
Iceland,2012,sp,m,35-44,0,Smear Positive
Iceland,2012,sp,m,45-54,1,Smear Positive
Iceland,2012,sp,m,55-64,0,Smear Positive
Iceland,2012,sp,m,65+,0,Smear Positive
Iceland,2012,sp,f,0-14,0,Smear Positive
Iceland,2012,sp,f,15-24,0,Smear Positive
Iceland,2012,sp,f,25-34,1,Smear Positive
Iceland,2012,sp,f,35-44,0,Smear Positive
Iceland,2012,sp,f,45-54,0,Smear Positive
Iceland,2012,sp,f,55-64,0,Smear Positive
Iceland,2012,sp,f,65+,0,Smear Positive
Iceland,2012,sn,m,0-14,0,Smear Negative
Iceland,2012,sn,m,15-24,0,Smear Negative
Iceland,2012,sn,m,25-34,0,Smear Negative
Iceland,2012,sn,m,35-44,0,Smear Negative
Iceland,2012,sn,m,45-54,2,Smear Negative
Iceland,2012,sn,m,55-64,0,Smear Negative
Iceland,2012,sn,m,65+,0,Smear Negative
Iceland,2012,sn,f,0-14,0,Smear Negative
Iceland,2012,sn,f,15-24,1,Smear Negative
Iceland,2012,sn,f,25-34,1,Smear Negative
Iceland,2012,sn,f,35-44,0,Smear Negative
Iceland,2012,sn,f,45-54,1,Smear Negative
Iceland,2012,sn,f,55-64,0,Smear Negative
Iceland,2012,sn,f,65+,0,Smear Negative
Iceland,2012,ep,m,0-14,0,Extrapulmonary
Iceland,2012,ep,m,15-24,0,Extrapulmonary
Iceland,2012,ep,m,25-34,0,Extrapulmonary
Iceland,2012,ep,m,35-44,0,Extrapulmonary
Iceland,2012,ep,m,45-54,0,Extrapulmonary
Iceland,2012,ep,m,55-64,0,Extrapulmonary
Iceland,2012,ep,m,65+,0,Extrapulmonary
Iceland,2012,ep,f,0-14,0,Extrapulmonary
Iceland,2012,ep,f,15-24,0,Extrapulmonary
Iceland,2012,ep,f,25-34,0,Extrapulmonary
Iceland,2012,ep,f,35-44,1,Extrapulmonary
Iceland,2012,ep,f,45-54,1,Extrapulmonary
Iceland,2012,ep,f,55-64,1,Extrapulmonary
Iceland,2012,ep,f,65+,0,Extrapulmonary
Iceland,2013,rel,m,0-14,0,Relapse
Iceland,2013,rel,m,15-24,1,Relapse
Iceland,2013,rel,m,25-34,2,Relapse
Iceland,2013,rel,m,35-44,1,Relapse
Iceland,2013,rel,m,45-54,0,Relapse
Iceland,2013,rel,m,55-64,1,Relapse
Iceland,2013,rel,m,65+,0,Relapse
Iceland,2013,rel,f,0-14,0,Relapse
Iceland,2013,rel,f,15-24,0,Relapse
Iceland,2013,rel,f,25-34,2,Relapse
Iceland,2013,rel,f,35-44,1,Relapse
Iceland,2013,rel,f,45-54,0,Relapse
Iceland,2013,rel,f,55-64,0,Relapse
Iceland,2013,rel,f,65+,3,Relapse
India,1995,sp,m,0-14,16,Smear Positive
India,1995,sp,m,15-24,334,Smear Positive
India,1995,sp,m,25-34,391,Smear Positive
India,1995,sp,m,35-44,287,Smear Positive
India,1995,sp,m,45-54,216,Smear Positive
India,1995,sp,m,55-64,123,Smear Positive
India,1995,sp,m,65+,68,Smear Positive
India,1995,sp,f,0-14,32,Smear Positive
India,1995,sp,f,15-24,179,Smear Positive
India,1995,sp,f,25-34,169,Smear Positive
India,1995,sp,f,35-44,80,Smear Positive
India,1995,sp,f,45-54,49,Smear Positive
India,1995,sp,f,55-64,30,Smear Positive
India,1995,sp,f,65+,11,Smear Positive
India,1996,sp,m,0-14,47,Smear Positive
India,1996,sp,m,15-24,966,Smear Positive
India,1996,sp,m,25-34,1143,Smear Positive
India,1996,sp,m,35-44,934,Smear Positive
India,1996,sp,m,45-54,666,Smear Positive
India,1996,sp,m,55-64,424,Smear Positive
India,1996,sp,m,65+,213,Smear Positive
India,1996,sp,f,0-14,79,Smear Positive
India,1996,sp,f,15-24,618,Smear Positive
India,1996,sp,f,25-34,571,Smear Positive
India,1996,sp,f,35-44,281,Smear Positive
India,1996,sp,f,45-54,167,Smear Positive
India,1996,sp,f,55-64,103,Smear Positive
India,1996,sp,f,65+,42,Smear Positive
India,1997,sp,m,0-14,50,Smear Positive
India,1997,sp,m,15-24,1257,Smear Positive
India,1997,sp,m,25-34,1351,Smear Positive
India,1997,sp,m,35-44,1056,Smear Positive
India,1997,sp,m,45-54,753,Smear Positive
India,1997,sp,m,55-64,499,Smear Positive
India,1997,sp,m,65+,245,Smear Positive
India,1997,sp,f,0-14,125,Smear Positive
India,1997,sp,f,15-24,861,Smear Positive
India,1997,sp,f,25-34,799,Smear Positive
India,1997,sp,f,35-44,369,Smear Positive
India,1997,sp,f,45-54,187,Smear Positive
India,1997,sp,f,55-64,102,Smear Positive
India,1997,sp,f,65+,54,Smear Positive
India,1998,sp,m,0-14,84,Smear Positive
India,1998,sp,m,15-24,1773,Smear Positive
India,1998,sp,m,25-34,2013,Smear Positive
India,1998,sp,m,35-44,1851,Smear Positive
India,1998,sp,m,45-54,1389,Smear Positive
India,1998,sp,m,55-64,885,Smear Positive
India,1998,sp,m,65+,419,Smear Positive
India,1998,sp,f,0-14,190,Smear Positive
India,1998,sp,f,15-24,1375,Smear Positive
India,1998,sp,f,25-34,1121,Smear Positive
India,1998,sp,f,35-44,670,Smear Positive
India,1998,sp,f,45-54,349,Smear Positive
India,1998,sp,f,55-64,200,Smear Positive
India,1998,sp,f,65+,102,Smear Positive
India,1999,sp,m,0-14,327,Smear Positive
India,1999,sp,m,15-24,7058,Smear Positive
India,1999,sp,m,25-34,8856,Smear Positive
India,1999,sp,m,35-44,7900,Smear Positive
India,1999,sp,m,45-54,6172,Smear Positive
India,1999,sp,m,55-64,3864,Smear Positive
India,1999,sp,m,65+,1982,Smear Positive
India,1999,sp,f,0-14,785,Smear Positive
India,1999,sp,f,15-24,5497,Smear Positive
India,1999,sp,f,25-34,4848,Smear Positive
India,1999,sp,f,35-44,2773,Smear Positive
India,1999,sp,f,45-54,1504,Smear Positive
India,1999,sp,f,55-64,898,Smear Positive
India,1999,sp,f,65+,436,Smear Positive
India,2000,sp,m,0-14,1588,Smear Positive
India,2000,sp,m,15-24,20963,Smear Positive
India,2000,sp,m,25-34,31090,Smear Positive
India,2000,sp,m,35-44,30829,Smear Positive
India,2000,sp,m,45-54,24230,Smear Positive
India,2000,sp,m,55-64,15308,Smear Positive
India,2000,sp,m,65+,8534,Smear Positive
India,2000,sp,f,0-14,2250,Smear Positive
India,2000,sp,f,15-24,14495,Smear Positive
India,2000,sp,f,25-34,17287,Smear Positive
India,2000,sp,f,35-44,11768,Smear Positive
India,2000,sp,f,45-54,7516,Smear Positive
India,2000,sp,f,55-64,4594,Smear Positive
India,2000,sp,f,65+,2697,Smear Positive
India,2001,sp,m,0-14,1063,Smear Positive
India,2001,sp,m,15-24,22483,Smear Positive
India,2001,sp,m,25-34,30007,Smear Positive
India,2001,sp,m,35-44,29649,Smear Positive
India,2001,sp,m,45-54,23961,Smear Positive
India,2001,sp,m,55-64,14879,Smear Positive
India,2001,sp,m,65+,7779,Smear Positive
India,2001,sp,f,0-14,2125,Smear Positive
India,2001,sp,f,15-24,15973,Smear Positive
India,2001,sp,f,25-34,16743,Smear Positive
India,2001,sp,f,35-44,10103,Smear Positive
India,2001,sp,f,45-54,5633,Smear Positive
India,2001,sp,f,55-64,3353,Smear Positive
India,2001,sp,f,65+,1526,Smear Positive
India,2002,sp,m,0-14,2551,Smear Positive
India,2002,sp,m,15-24,39923,Smear Positive
India,2002,sp,m,25-34,54719,Smear Positive
India,2002,sp,m,35-44,55829,Smear Positive
India,2002,sp,m,45-54,44532,Smear Positive
India,2002,sp,m,55-64,28199,Smear Positive
India,2002,sp,m,65+,14960,Smear Positive
India,2002,sp,f,0-14,4200,Smear Positive
India,2002,sp,f,15-24,28573,Smear Positive
India,2002,sp,f,25-34,31946,Smear Positive
India,2002,sp,f,35-44,21378,Smear Positive
India,2002,sp,f,45-54,13233,Smear Positive
India,2002,sp,f,55-64,7636,Smear Positive
India,2002,sp,f,65+,3814,Smear Positive
India,2003,sp,m,0-14,2411,Smear Positive
India,2003,sp,m,15-24,47251,Smear Positive
India,2003,sp,m,25-34,61758,Smear Positive
India,2003,sp,m,35-44,63587,Smear Positive
India,2003,sp,m,45-54,52865,Smear Positive
India,2003,sp,m,55-64,33739,Smear Positive
India,2003,sp,m,65+,18018,Smear Positive
India,2003,sp,f,0-14,4745,Smear Positive
India,2003,sp,f,15-24,34511,Smear Positive
India,2003,sp,f,25-34,36317,Smear Positive
India,2003,sp,f,35-44,23320,Smear Positive
India,2003,sp,f,45-54,14055,Smear Positive
India,2003,sp,f,55-64,8322,Smear Positive
India,2003,sp,f,65+,3985,Smear Positive
India,2004,sp,m,0-14,3018,Smear Positive
India,2004,sp,m,15-24,57208,Smear Positive
India,2004,sp,m,25-34,72132,Smear Positive
India,2004,sp,m,35-44,74450,Smear Positive
India,2004,sp,m,45-54,62173,Smear Positive
India,2004,sp,m,55-64,40769,Smear Positive
India,2004,sp,m,65+,22388,Smear Positive
India,2004,sp,f,0-14,5860,Smear Positive
India,2004,sp,f,15-24,41017,Smear Positive
India,2004,sp,f,25-34,42808,Smear Positive
India,2004,sp,f,35-44,27000,Smear Positive
India,2004,sp,f,45-54,16121,Smear Positive
India,2004,sp,f,55-64,9705,Smear Positive
India,2004,sp,f,65+,5016,Smear Positive
India,2005,sp,m,0-14,3185,Smear Positive
India,2005,sp,m,15-24,62620,Smear Positive
India,2005,sp,m,25-34,74678,Smear Positive
India,2005,sp,m,35-44,76870,Smear Positive
India,2005,sp,m,45-54,64843,Smear Positive
India,2005,sp,m,55-64,43038,Smear Positive
India,2005,sp,m,65+,24726,Smear Positive
India,2005,sp,f,0-14,6292,Smear Positive
India,2005,sp,f,15-24,45136,Smear Positive
India,2005,sp,f,25-34,45629,Smear Positive
India,2005,sp,f,35-44,28577,Smear Positive
India,2005,sp,f,45-54,17042,Smear Positive
India,2005,sp,f,55-64,10513,Smear Positive
India,2005,sp,f,65+,5408,Smear Positive
India,2006,sp,m,0-14,3566,Smear Positive
India,2006,sp,m,15-24,68346,Smear Positive
India,2006,sp,m,25-34,79037,Smear Positive
India,2006,sp,m,35-44,82939,Smear Positive
India,2006,sp,m,45-54,71621,Smear Positive
India,2006,sp,m,55-64,49320,Smear Positive
India,2006,sp,m,65+,28716,Smear Positive
India,2006,sp,f,0-14,6963,Smear Positive
India,2006,sp,f,15-24,47702,Smear Positive
India,2006,sp,f,25-34,47420,Smear Positive
India,2006,sp,f,35-44,31128,Smear Positive
India,2006,sp,f,45-54,18870,Smear Positive
India,2006,sp,f,55-64,11752,Smear Positive
India,2006,sp,f,65+,6417,Smear Positive
India,2007,sp,m,0-14,4305,Smear Positive
India,2007,sp,m,15-24,73947,Smear Positive
India,2007,sp,m,25-34,83850,Smear Positive
India,2007,sp,m,35-44,88045,Smear Positive
India,2007,sp,m,45-54,76408,Smear Positive
India,2007,sp,m,55-64,53414,Smear Positive
India,2007,sp,m,65+,31922,Smear Positive
India,2007,sp,f,0-14,7575,Smear Positive
India,2007,sp,f,15-24,50289,Smear Positive
India,2007,sp,f,25-34,49519,Smear Positive
India,2007,sp,f,35-44,32407,Smear Positive
India,2007,sp,f,45-54,20316,Smear Positive
India,2007,sp,f,55-64,13195,Smear Positive
India,2007,sp,f,65+,7395,Smear Positive
India,2007,sn,m,35-44,250051,Smear Negative
India,2007,sn,f,35-44,148811,Smear Negative
India,2007,ep,m,35-44,105825,Extrapulmonary
India,2007,ep,f,35-44,101015,Extrapulmonary
India,2008,sp,m,0-14,4648,Smear Positive
India,2008,sp,m,15-24,77121,Smear Positive
India,2008,sp,m,25-34,83798,Smear Positive
India,2008,sp,m,35-44,90498,Smear Positive
India,2008,sp,m,45-54,78815,Smear Positive
India,2008,sp,m,55-64,56928,Smear Positive
India,2008,sp,m,65+,36079,Smear Positive
India,2008,sp,f,0-14,8319,Smear Positive
India,2008,sp,f,15-24,51485,Smear Positive
India,2008,sp,f,25-34,49887,Smear Positive
India,2008,sp,f,35-44,33664,Smear Positive
India,2008,sp,f,45-54,21486,Smear Positive
India,2008,sp,f,55-64,14407,Smear Positive
India,2008,sp,f,65+,8357,Smear Positive
India,2009,sp,m,0-14,5001,Smear Positive
India,2009,sp,m,15-24,78177,Smear Positive
India,2009,sp,m,25-34,84003,Smear Positive
India,2009,sp,m,35-44,90830,Smear Positive
India,2009,sp,m,45-54,80097,Smear Positive
India,2009,sp,m,55-64,59163,Smear Positive
India,2009,sp,m,65+,37419,Smear Positive
India,2009,sp,f,0-14,8576,Smear Positive
India,2009,sp,f,15-24,51945,Smear Positive
India,2009,sp,f,25-34,49747,Smear Positive
India,2009,sp,f,35-44,33754,Smear Positive
India,2009,sp,f,45-54,22032,Smear Positive
India,2009,sp,f,55-64,14929,Smear Positive
India,2009,sp,f,65+,8944,Smear Positive
India,2010,sp,m,0-14,4871,Smear Positive
India,2010,sp,m,15-24,78278,Smear Positive
India,2010,sp,m,25-34,82757,Smear Positive
India,2010,sp,m,35-44,90440,Smear Positive
India,2010,sp,m,45-54,81210,Smear Positive
India,2010,sp,m,55-64,60766,Smear Positive
India,2010,sp,m,65+,38442,Smear Positive
India,2010,sp,f,0-14,8544,Smear Positive
India,2010,sp,f,15-24,53415,Smear Positive
India,2010,sp,f,25-34,49425,Smear Positive
India,2010,sp,f,35-44,34035,Smear Positive
India,2010,sp,f,45-54,22719,Smear Positive
India,2010,sp,f,55-64,15527,Smear Positive
India,2010,sp,f,65+,9735,Smear Positive
India,2011,sp,m,0-14,4649,Smear Positive
India,2011,sp,m,15-24,78096,Smear Positive
India,2011,sp,m,25-34,82762,Smear Positive
India,2011,sp,m,35-44,89706,Smear Positive
India,2011,sp,m,45-54,82921,Smear Positive
India,2011,sp,m,55-64,63625,Smear Positive
India,2011,sp,m,65+,42443,Smear Positive
India,2011,sp,f,0-14,8336,Smear Positive
India,2011,sp,f,15-24,53958,Smear Positive
India,2011,sp,f,25-34,49227,Smear Positive
India,2011,sp,f,35-44,34698,Smear Positive
India,2011,sp,f,45-54,23977,Smear Positive
India,2011,sp,f,55-64,17182,Smear Positive
India,2011,sp,f,65+,10731,Smear Positive
India,2012,sp,m,0-14,4697,Smear Positive
India,2012,sp,m,15-24,75502,Smear Positive
India,2012,sp,m,25-34,79594,Smear Positive
India,2012,sp,m,35-44,88111,Smear Positive
India,2012,sp,m,45-54,82356,Smear Positive
India,2012,sp,m,55-64,63814,Smear Positive
India,2012,sp,m,65+,41322,Smear Positive
India,2012,sp,f,0-14,8260,Smear Positive
India,2012,sp,f,15-24,53975,Smear Positive
India,2012,sp,f,25-34,47511,Smear Positive
India,2012,sp,f,35-44,33378,Smear Positive
India,2012,sp,f,45-54,23267,Smear Positive
India,2012,sp,f,55-64,17300,Smear Positive
India,2012,sp,f,65+,10502,Smear Positive
Indonesia,1995,sp,m,0-14,6,Smear Positive
Indonesia,1995,sp,m,15-24,203,Smear Positive
Indonesia,1995,sp,m,25-34,297,Smear Positive
Indonesia,1995,sp,m,35-44,306,Smear Positive
Indonesia,1995,sp,m,45-54,302,Smear Positive
Indonesia,1995,sp,m,55-64,228,Smear Positive
Indonesia,1995,sp,m,65+,109,Smear Positive
Indonesia,1995,sp,f,0-14,16,Smear Positive
Indonesia,1995,sp,f,15-24,160,Smear Positive
Indonesia,1995,sp,f,25-34,244,Smear Positive
Indonesia,1995,sp,f,35-44,282,Smear Positive
Indonesia,1995,sp,f,45-54,192,Smear Positive
Indonesia,1995,sp,f,55-64,90,Smear Positive
Indonesia,1995,sp,f,65+,33,Smear Positive
Indonesia,1996,sp,m,0-14,28,Smear Positive
Indonesia,1996,sp,m,15-24,781,Smear Positive
Indonesia,1996,sp,m,25-34,1349,Smear Positive
Indonesia,1996,sp,m,35-44,1443,Smear Positive
Indonesia,1996,sp,m,45-54,1305,Smear Positive
Indonesia,1996,sp,m,55-64,1037,Smear Positive
Indonesia,1996,sp,m,65+,510,Smear Positive
Indonesia,1996,sp,f,0-14,54,Smear Positive
Indonesia,1996,sp,f,15-24,860,Smear Positive
Indonesia,1996,sp,f,25-34,1175,Smear Positive
Indonesia,1996,sp,f,35-44,1091,Smear Positive
Indonesia,1996,sp,f,45-54,915,Smear Positive
Indonesia,1996,sp,f,55-64,586,Smear Positive
Indonesia,1996,sp,f,65+,247,Smear Positive
Indonesia,1997,sp,m,0-14,46,Smear Positive
Indonesia,1997,sp,m,15-24,1320,Smear Positive
Indonesia,1997,sp,m,25-34,2139,Smear Positive
Indonesia,1997,sp,m,35-44,2221,Smear Positive
Indonesia,1997,sp,m,45-54,2122,Smear Positive
Indonesia,1997,sp,m,55-64,1461,Smear Positive
Indonesia,1997,sp,m,65+,753,Smear Positive
Indonesia,1997,sp,f,0-14,65,Smear Positive
Indonesia,1997,sp,f,15-24,1305,Smear Positive
Indonesia,1997,sp,f,25-34,1671,Smear Positive
Indonesia,1997,sp,f,35-44,1751,Smear Positive
Indonesia,1997,sp,f,45-54,1365,Smear Positive
Indonesia,1997,sp,f,55-64,788,Smear Positive
Indonesia,1997,sp,f,65+,357,Smear Positive
Indonesia,1998,sp,m,0-14,78,Smear Positive
Indonesia,1998,sp,m,15-24,2732,Smear Positive
Indonesia,1998,sp,m,25-34,3873,Smear Positive
Indonesia,1998,sp,m,35-44,4054,Smear Positive
Indonesia,1998,sp,m,45-54,3486,Smear Positive
Indonesia,1998,sp,m,55-64,2654,Smear Positive
Indonesia,1998,sp,m,65+,1517,Smear Positive
Indonesia,1998,sp,f,0-14,108,Smear Positive
Indonesia,1998,sp,f,15-24,2674,Smear Positive
Indonesia,1998,sp,f,25-34,3412,Smear Positive
Indonesia,1998,sp,f,35-44,3130,Smear Positive
Indonesia,1998,sp,f,45-54,2335,Smear Positive
Indonesia,1998,sp,f,55-64,1610,Smear Positive
Indonesia,1998,sp,f,65+,617,Smear Positive
Indonesia,1999,sp,m,0-14,106,Smear Positive
Indonesia,1999,sp,m,15-24,3741,Smear Positive
Indonesia,1999,sp,m,25-34,5277,Smear Positive
Indonesia,1999,sp,m,35-44,4999,Smear Positive
Indonesia,1999,sp,m,45-54,4401,Smear Positive
Indonesia,1999,sp,m,55-64,3267,Smear Positive
Indonesia,1999,sp,m,65+,1697,Smear Positive
Indonesia,1999,sp,f,0-14,140,Smear Positive
Indonesia,1999,sp,f,15-24,3595,Smear Positive
Indonesia,1999,sp,f,25-34,12859,Smear Positive
Indonesia,1999,sp,f,35-44,3624,Smear Positive
Indonesia,1999,sp,f,45-54,2812,Smear Positive
Indonesia,1999,sp,f,55-64,1909,Smear Positive
Indonesia,1999,sp,f,65+,745,Smear Positive
Indonesia,2001,sp,m,0-14,298,Smear Positive
Indonesia,2001,sp,m,15-24,5400,Smear Positive
Indonesia,2001,sp,m,25-34,7279,Smear Positive
Indonesia,2001,sp,m,35-44,6241,Smear Positive
Indonesia,2001,sp,m,45-54,5538,Smear Positive
Indonesia,2001,sp,m,55-64,4076,Smear Positive
Indonesia,2001,sp,m,65+,1914,Smear Positive
Indonesia,2001,sp,f,0-14,354,Smear Positive
Indonesia,2001,sp,f,15-24,5213,Smear Positive
Indonesia,2001,sp,f,25-34,6040,Smear Positive
Indonesia,2001,sp,f,35-44,4849,Smear Positive
Indonesia,2001,sp,f,45-54,3537,Smear Positive
Indonesia,2001,sp,f,55-64,2381,Smear Positive
Indonesia,2001,sp,f,65+,845,Smear Positive
Indonesia,2002,sp,m,0-14,569,Smear Positive
Indonesia,2002,sp,m,15-24,7826,Smear Positive
Indonesia,2002,sp,m,25-34,10248,Smear Positive
Indonesia,2002,sp,m,35-44,8760,Smear Positive
Indonesia,2002,sp,m,45-54,7668,Smear Positive
Indonesia,2002,sp,m,55-64,5332,Smear Positive
Indonesia,2002,sp,m,65+,2891,Smear Positive
Indonesia,2002,sp,f,0-14,650,Smear Positive
Indonesia,2002,sp,f,15-24,7366,Smear Positive
Indonesia,2002,sp,f,25-34,8794,Smear Positive
Indonesia,2002,sp,f,35-44,6773,Smear Positive
Indonesia,2002,sp,f,45-54,4943,Smear Positive
Indonesia,2002,sp,f,55-64,3118,Smear Positive
Indonesia,2002,sp,f,65+,1292,Smear Positive
Indonesia,2003,sp,m,0-14,532,Smear Positive
Indonesia,2003,sp,m,15-24,9570,Smear Positive
Indonesia,2003,sp,m,25-34,12647,Smear Positive
Indonesia,2003,sp,m,35-44,10925,Smear Positive
Indonesia,2003,sp,m,45-54,9558,Smear Positive
Indonesia,2003,sp,m,55-64,6720,Smear Positive
Indonesia,2003,sp,m,65+,3615,Smear Positive
Indonesia,2003,sp,f,0-14,608,Smear Positive
Indonesia,2003,sp,f,15-24,8734,Smear Positive
Indonesia,2003,sp,f,25-34,10127,Smear Positive
Indonesia,2003,sp,f,35-44,7889,Smear Positive
Indonesia,2003,sp,f,45-54,6085,Smear Positive
Indonesia,2003,sp,f,55-64,3907,Smear Positive
Indonesia,2003,sp,f,65+,1649,Smear Positive
Indonesia,2004,sp,m,0-14,697,Smear Positive
Indonesia,2004,sp,m,15-24,12546,Smear Positive
Indonesia,2004,sp,m,25-34,17137,Smear Positive
Indonesia,2004,sp,m,35-44,14881,Smear Positive
Indonesia,2004,sp,m,45-54,14772,Smear Positive
Indonesia,2004,sp,m,55-64,9669,Smear Positive
Indonesia,2004,sp,m,65+,5197,Smear Positive
Indonesia,2004,sp,f,0-14,803,Smear Positive
Indonesia,2004,sp,f,15-24,11509,Smear Positive
Indonesia,2004,sp,f,25-34,13597,Smear Positive
Indonesia,2004,sp,f,35-44,10953,Smear Positive
Indonesia,2004,sp,f,45-54,9586,Smear Positive
Indonesia,2004,sp,f,55-64,5422,Smear Positive
Indonesia,2004,sp,f,65+,2212,Smear Positive
Indonesia,2005,sp,m,0-14,846,Smear Positive
Indonesia,2005,sp,m,15-24,15215,Smear Positive
Indonesia,2005,sp,m,25-34,20906,Smear Positive
Indonesia,2005,sp,m,35-44,18401,Smear Positive
Indonesia,2005,sp,m,45-54,17847,Smear Positive
Indonesia,2005,sp,m,55-64,13509,Smear Positive
Indonesia,2005,sp,m,65+,6390,Smear Positive
Indonesia,2005,sp,f,0-14,946,Smear Positive
Indonesia,2005,sp,f,15-24,13916,Smear Positive
Indonesia,2005,sp,f,25-34,16393,Smear Positive
Indonesia,2005,sp,f,35-44,13022,Smear Positive
Indonesia,2005,sp,f,45-54,10927,Smear Positive
Indonesia,2005,sp,f,55-64,7539,Smear Positive
Indonesia,2005,sp,f,65+,2783,Smear Positive
Indonesia,2006,sp,m,0-14,899,Smear Positive
Indonesia,2006,sp,m,15-24,16285,Smear Positive
Indonesia,2006,sp,m,25-34,22752,Smear Positive
Indonesia,2006,sp,m,35-44,20332,Smear Positive
Indonesia,2006,sp,m,45-54,20059,Smear Positive
Indonesia,2006,sp,m,55-64,15869,Smear Positive
Indonesia,2006,sp,m,65+,7348,Smear Positive
Indonesia,2006,sp,f,0-14,985,Smear Positive
Indonesia,2006,sp,f,15-24,14377,Smear Positive
Indonesia,2006,sp,f,25-34,17628,Smear Positive
Indonesia,2006,sp,f,35-44,14421,Smear Positive
Indonesia,2006,sp,f,45-54,12376,Smear Positive
Indonesia,2006,sp,f,55-64,8786,Smear Positive
Indonesia,2006,sp,f,65+,3203,Smear Positive
Indonesia,2007,sp,m,0-14,849,Smear Positive
Indonesia,2007,sp,m,15-24,14835,Smear Positive
Indonesia,2007,sp,m,25-34,21297,Smear Positive
Indonesia,2007,sp,m,35-44,18606,Smear Positive
Indonesia,2007,sp,m,45-54,18283,Smear Positive
Indonesia,2007,sp,m,55-64,14176,Smear Positive
Indonesia,2007,sp,m,65+,6762,Smear Positive
Indonesia,2007,sp,f,0-14,920,Smear Positive
Indonesia,2007,sp,f,15-24,13371,Smear Positive
Indonesia,2007,sp,f,25-34,16055,Smear Positive
Indonesia,2007,sp,f,35-44,13211,Smear Positive
Indonesia,2007,sp,f,45-54,11391,Smear Positive
Indonesia,2007,sp,f,55-64,7965,Smear Positive
Indonesia,2007,sp,f,65+,2896,Smear Positive
Indonesia,2007,sn,m,0-14,9828,Smear Negative
Indonesia,2007,sn,m,15-24,8171,Smear Negative
Indonesia,2007,sn,m,25-34,11436,Smear Negative
Indonesia,2007,sn,m,35-44,8070,Smear Negative
Indonesia,2007,sn,m,45-54,7652,Smear Negative
Indonesia,2007,sn,m,55-64,7076,Smear Negative
Indonesia,2007,sn,m,65+,4676,Smear Negative
Indonesia,2007,sn,f,0-14,8689,Smear Negative
Indonesia,2007,sn,f,15-24,8119,Smear Negative
Indonesia,2007,sn,f,25-34,9237,Smear Negative
Indonesia,2007,sn,f,35-44,6490,Smear Negative
Indonesia,2007,sn,f,45-54,5866,Smear Negative
Indonesia,2007,sn,f,55-64,4700,Smear Negative
Indonesia,2007,sn,f,65+,2603,Smear Negative
Indonesia,2007,ep,m,0-14,741,Extrapulmonary
Indonesia,2007,ep,m,15-24,924,Extrapulmonary
Indonesia,2007,ep,m,25-34,897,Extrapulmonary
Indonesia,2007,ep,m,35-44,401,Extrapulmonary
Indonesia,2007,ep,m,45-54,318,Extrapulmonary
Indonesia,2007,ep,m,55-64,159,Extrapulmonary
Indonesia,2007,ep,m,65+,143,Extrapulmonary
Indonesia,2007,ep,f,0-14,732,Extrapulmonary
Indonesia,2007,ep,f,15-24,1387,Extrapulmonary
Indonesia,2007,ep,f,25-34,1256,Extrapulmonary
Indonesia,2007,ep,f,35-44,532,Extrapulmonary
Indonesia,2007,ep,f,45-54,299,Extrapulmonary
Indonesia,2007,ep,f,55-64,172,Extrapulmonary
Indonesia,2007,ep,f,65+,87,Extrapulmonary
Indonesia,2008,sp,m,0-14,871,Smear Positive
Indonesia,2008,sp,m,15-24,15339,Smear Positive
Indonesia,2008,sp,m,25-34,22325,Smear Positive
Indonesia,2008,sp,m,35-44,19224,Smear Positive
Indonesia,2008,sp,m,45-54,18545,Smear Positive
Indonesia,2008,sp,m,55-64,14907,Smear Positive
Indonesia,2008,sp,m,65+,6831,Smear Positive
Indonesia,2008,sp,f,0-14,1015,Smear Positive
Indonesia,2008,sp,f,15-24,13987,Smear Positive
Indonesia,2008,sp,f,25-34,16292,Smear Positive
Indonesia,2008,sp,f,35-44,13513,Smear Positive
Indonesia,2008,sp,f,45-54,11899,Smear Positive
Indonesia,2008,sp,f,55-64,8485,Smear Positive
Indonesia,2008,sp,f,65+,3143,Smear Positive
Indonesia,2008,sn,m,0-14,15518,Smear Negative
Indonesia,2008,sn,m,15-24,7891,Smear Negative
Indonesia,2008,sn,m,25-34,10913,Smear Negative
Indonesia,2008,sn,m,35-44,8421,Smear Negative
Indonesia,2008,sn,m,45-54,8313,Smear Negative
Indonesia,2008,sn,m,55-64,7871,Smear Negative
Indonesia,2008,sn,m,65+,5275,Smear Negative
Indonesia,2008,sn,f,0-14,13794,Smear Negative
Indonesia,2008,sn,f,15-24,8097,Smear Negative
Indonesia,2008,sn,f,25-34,9290,Smear Negative
Indonesia,2008,sn,f,35-44,7148,Smear Negative
Indonesia,2008,sn,f,45-54,6493,Smear Negative
Indonesia,2008,sn,f,55-64,5170,Smear Negative
Indonesia,2008,sn,f,65+,2656,Smear Negative
Indonesia,2008,ep,m,0-14,1204,Extrapulmonary
Indonesia,2008,ep,m,15-24,1065,Extrapulmonary
Indonesia,2008,ep,m,25-34,1009,Extrapulmonary
Indonesia,2008,ep,m,35-44,512,Extrapulmonary
Indonesia,2008,ep,m,45-54,349,Extrapulmonary
Indonesia,2008,ep,m,55-64,229,Extrapulmonary
Indonesia,2008,ep,m,65+,147,Extrapulmonary
Indonesia,2008,ep,f,0-14,1047,Extrapulmonary
Indonesia,2008,ep,f,15-24,1452,Extrapulmonary
Indonesia,2008,ep,f,25-34,1348,Extrapulmonary
Indonesia,2008,ep,f,35-44,677,Extrapulmonary
Indonesia,2008,ep,f,45-54,349,Extrapulmonary
Indonesia,2008,ep,f,55-64,207,Extrapulmonary
Indonesia,2008,ep,f,65+,78,Extrapulmonary
Indonesia,2009,sp,m,0-14,811,Smear Positive
Indonesia,2009,sp,m,15-24,15721,Smear Positive
Indonesia,2009,sp,m,25-34,23011,Smear Positive
Indonesia,2009,sp,m,35-44,19523,Smear Positive
Indonesia,2009,sp,m,45-54,19026,Smear Positive
Indonesia,2009,sp,m,55-64,15091,Smear Positive
Indonesia,2009,sp,m,65+,6755,Smear Positive
Indonesia,2009,sp,f,0-14,1054,Smear Positive
Indonesia,2009,sp,f,15-24,14039,Smear Positive
Indonesia,2009,sp,f,25-34,16914,Smear Positive
Indonesia,2009,sp,f,35-44,13481,Smear Positive
Indonesia,2009,sp,f,45-54,12087,Smear Positive
Indonesia,2009,sp,f,55-64,8558,Smear Positive
Indonesia,2009,sp,f,65+,3142,Smear Positive
Indonesia,2009,sn,m,0-14,13787,Smear Negative
Indonesia,2009,sn,m,15-24,7318,Smear Negative
Indonesia,2009,sn,m,25-34,10334,Smear Negative
Indonesia,2009,sn,m,35-44,7976,Smear Negative
Indonesia,2009,sn,m,45-54,8049,Smear Negative
Indonesia,2009,sn,m,55-64,7585,Smear Negative
Indonesia,2009,sn,m,65+,5005,Smear Negative
Indonesia,2009,sn,f,0-14,12392,Smear Negative
Indonesia,2009,sn,f,15-24,7370,Smear Negative
Indonesia,2009,sn,f,25-34,8671,Smear Negative
Indonesia,2009,sn,f,35-44,6564,Smear Negative
Indonesia,2009,sn,f,45-54,6157,Smear Negative
Indonesia,2009,sn,f,55-64,4821,Smear Negative
Indonesia,2009,sn,f,65+,2587,Smear Negative
Indonesia,2009,ep,m,0-14,1479,Extrapulmonary
Indonesia,2009,ep,m,15-24,1192,Extrapulmonary
Indonesia,2009,ep,m,25-34,1211,Extrapulmonary
Indonesia,2009,ep,m,35-44,672,Extrapulmonary
Indonesia,2009,ep,m,45-54,410,Extrapulmonary
Indonesia,2009,ep,m,55-64,301,Extrapulmonary
Indonesia,2009,ep,m,65+,168,Extrapulmonary
Indonesia,2009,ep,f,0-14,1139,Extrapulmonary
Indonesia,2009,ep,f,15-24,1540,Extrapulmonary
Indonesia,2009,ep,f,25-34,1484,Extrapulmonary
Indonesia,2009,ep,f,35-44,793,Extrapulmonary
Indonesia,2009,ep,f,45-54,458,Extrapulmonary
Indonesia,2009,ep,f,55-64,253,Extrapulmonary
Indonesia,2009,ep,f,65+,115,Extrapulmonary
Indonesia,2010,sp,m,0-14,714,Smear Positive
Indonesia,2010,sp,m,15-24,16501,Smear Positive
Indonesia,2010,sp,m,25-34,24645,Smear Positive
Indonesia,2010,sp,m,35-44,21090,Smear Positive
Indonesia,2010,sp,m,45-54,20977,Smear Positive
Indonesia,2010,sp,m,55-64,17329,Smear Positive
Indonesia,2010,sp,m,65+,7910,Smear Positive
Indonesia,2010,sp,f,0-14,816,Smear Positive
Indonesia,2010,sp,f,15-24,14800,Smear Positive
Indonesia,2010,sp,f,25-34,17838,Smear Positive
Indonesia,2010,sp,f,35-44,14629,Smear Positive
Indonesia,2010,sp,f,45-54,13142,Smear Positive
Indonesia,2010,sp,f,55-64,9524,Smear Positive
Indonesia,2010,sp,f,65+,3451,Smear Positive
Indonesia,2010,sn,m,0-14,12831,Smear Negative
Indonesia,2010,sn,m,15-24,6941,Smear Negative
Indonesia,2010,sn,m,25-34,9711,Smear Negative
Indonesia,2010,sn,m,35-44,7406,Smear Negative
Indonesia,2010,sn,m,45-54,7688,Smear Negative
Indonesia,2010,sn,m,55-64,7244,Smear Negative
Indonesia,2010,sn,m,65+,4794,Smear Negative
Indonesia,2010,sn,f,0-14,11585,Smear Negative
Indonesia,2010,sn,f,15-24,6542,Smear Negative
Indonesia,2010,sn,f,25-34,8002,Smear Negative
Indonesia,2010,sn,f,35-44,5854,Smear Negative
Indonesia,2010,sn,f,45-54,5617,Smear Negative
Indonesia,2010,sn,f,55-64,4603,Smear Negative
Indonesia,2010,sn,f,65+,2429,Smear Negative
Indonesia,2010,ep,m,0-14,1268,Extrapulmonary
Indonesia,2010,ep,m,15-24,1220,Extrapulmonary
Indonesia,2010,ep,m,25-34,1245,Extrapulmonary
Indonesia,2010,ep,m,35-44,714,Extrapulmonary
Indonesia,2010,ep,m,45-54,454,Extrapulmonary
Indonesia,2010,ep,m,55-64,323,Extrapulmonary
Indonesia,2010,ep,m,65+,199,Extrapulmonary
Indonesia,2010,ep,f,0-14,1098,Extrapulmonary
Indonesia,2010,ep,f,15-24,1749,Extrapulmonary
Indonesia,2010,ep,f,25-34,1679,Extrapulmonary
Indonesia,2010,ep,f,35-44,821,Extrapulmonary
Indonesia,2010,ep,f,45-54,507,Extrapulmonary
Indonesia,2010,ep,f,55-64,266,Extrapulmonary
Indonesia,2010,ep,f,65+,116,Extrapulmonary
Indonesia,2011,sp,m,0-14,787,Smear Positive
Indonesia,2011,sp,m,15-24,17406,Smear Positive
Indonesia,2011,sp,m,25-34,25429,Smear Positive
Indonesia,2011,sp,m,35-44,22353,Smear Positive
Indonesia,2011,sp,m,45-54,22885,Smear Positive
Indonesia,2011,sp,m,55-64,19404,Smear Positive
Indonesia,2011,sp,m,65+,9089,Smear Positive
Indonesia,2011,sp,f,0-14,927,Smear Positive
Indonesia,2011,sp,f,15-24,15840,Smear Positive
Indonesia,2011,sp,f,25-34,18703,Smear Positive
Indonesia,2011,sp,f,35-44,15900,Smear Positive
Indonesia,2011,sp,f,45-54,14533,Smear Positive
Indonesia,2011,sp,f,55-64,10556,Smear Positive
Indonesia,2011,sp,f,65+,3985,Smear Positive
Indonesia,2011,sn,m,0-14,12340,Smear Negative
Indonesia,2011,sn,m,15-24,6828,Smear Negative
Indonesia,2011,sn,m,25-34,9696,Smear Negative
Indonesia,2011,sn,m,35-44,7588,Smear Negative
Indonesia,2011,sn,m,45-54,7541,Smear Negative
Indonesia,2011,sn,m,55-64,7734,Smear Negative
Indonesia,2011,sn,m,65+,5183,Smear Negative
Indonesia,2011,sn,f,0-14,11129,Smear Negative
Indonesia,2011,sn,f,15-24,6916,Smear Negative
Indonesia,2011,sn,f,25-34,7585,Smear Negative
Indonesia,2011,sn,f,35-44,6044,Smear Negative
Indonesia,2011,sn,f,45-54,5793,Smear Negative
Indonesia,2011,sn,f,55-64,4848,Smear Negative
Indonesia,2011,sn,f,65+,2525,Smear Negative
Indonesia,2011,ep,m,0-14,1518,Extrapulmonary
Indonesia,2011,ep,m,15-24,1554,Extrapulmonary
Indonesia,2011,ep,m,25-34,1539,Extrapulmonary
Indonesia,2011,ep,m,35-44,825,Extrapulmonary
Indonesia,2011,ep,m,45-54,532,Extrapulmonary
Indonesia,2011,ep,m,55-64,401,Extrapulmonary
Indonesia,2011,ep,m,65+,247,Extrapulmonary
Indonesia,2011,ep,f,0-14,1258,Extrapulmonary
Indonesia,2011,ep,f,15-24,2063,Extrapulmonary
Indonesia,2011,ep,f,25-34,2007,Extrapulmonary
Indonesia,2011,ep,f,35-44,1061,Extrapulmonary
Indonesia,2011,ep,f,45-54,537,Extrapulmonary
Indonesia,2011,ep,f,55-64,348,Extrapulmonary
Indonesia,2011,ep,f,65+,164,Extrapulmonary
Indonesia,2012,sp,m,0-14,824,Smear Positive
Indonesia,2012,sp,m,15-24,17304,Smear Positive
Indonesia,2012,sp,m,25-34,25460,Smear Positive
Indonesia,2012,sp,m,35-44,23057,Smear Positive
Indonesia,2012,sp,m,45-54,23751,Smear Positive
Indonesia,2012,sp,m,55-64,20204,Smear Positive
Indonesia,2012,sp,m,65+,9554,Smear Positive
Indonesia,2012,sp,f,0-14,879,Smear Positive
Indonesia,2012,sp,f,15-24,15875,Smear Positive
Indonesia,2012,sp,f,25-34,18484,Smear Positive
Indonesia,2012,sp,f,35-44,16146,Smear Positive
Indonesia,2012,sp,f,45-54,15215,Smear Positive
Indonesia,2012,sp,f,55-64,11321,Smear Positive
Indonesia,2012,sp,f,65+,4245,Smear Positive
Indonesia,2012,sn,m,0-14,12073,Smear Negative
Indonesia,2012,sn,m,15-24,7233,Smear Negative
Indonesia,2012,sn,m,25-34,9736,Smear Negative
Indonesia,2012,sn,m,35-44,8059,Smear Negative
Indonesia,2012,sn,m,45-54,8240,Smear Negative
Indonesia,2012,sn,m,55-64,8125,Smear Negative
Indonesia,2012,sn,m,65+,5417,Smear Negative
Indonesia,2012,sn,f,0-14,10883,Smear Negative
Indonesia,2012,sn,f,15-24,7092,Smear Negative
Indonesia,2012,sn,f,25-34,7898,Smear Negative
Indonesia,2012,sn,f,35-44,6127,Smear Negative
Indonesia,2012,sn,f,45-54,6055,Smear Negative
Indonesia,2012,sn,f,55-64,5072,Smear Negative
Indonesia,2012,sn,f,65+,2856,Smear Negative
Indonesia,2012,ep,m,0-14,1408,Extrapulmonary
Indonesia,2012,ep,m,15-24,1700,Extrapulmonary
Indonesia,2012,ep,m,25-34,1742,Extrapulmonary
Indonesia,2012,ep,m,35-44,946,Extrapulmonary
Indonesia,2012,ep,m,45-54,634,Extrapulmonary
Indonesia,2012,ep,m,55-64,512,Extrapulmonary
Indonesia,2012,ep,m,65+,304,Extrapulmonary
Indonesia,2012,ep,f,0-14,1276,Extrapulmonary
Indonesia,2012,ep,f,15-24,2382,Extrapulmonary
Indonesia,2012,ep,f,25-34,2223,Extrapulmonary
Indonesia,2012,ep,f,35-44,1242,Extrapulmonary
Indonesia,2012,ep,f,45-54,768,Extrapulmonary
Indonesia,2012,ep,f,55-64,357,Extrapulmonary
Indonesia,2012,ep,f,65+,203,Extrapulmonary
Indonesia,2013,rel,m,0-14,13416,Relapse
Indonesia,2013,rel,m,15-24,26056,Relapse
Indonesia,2013,rel,m,25-34,37102,Relapse
Indonesia,2013,rel,m,35-44,32925,Relapse
Indonesia,2013,rel,m,45-54,33737,Relapse
Indonesia,2013,rel,m,55-64,30440,Relapse
Indonesia,2013,rel,m,65+,15298,Relapse
Indonesia,2013,rel,f,0-14,12638,Relapse
Indonesia,2013,rel,f,15-24,25691,Relapse
Indonesia,2013,rel,f,25-34,28125,Relapse
Indonesia,2013,rel,f,35-44,23714,Relapse
Indonesia,2013,rel,f,45-54,22172,Relapse
Indonesia,2013,rel,f,55-64,16978,Relapse
Indonesia,2013,rel,f,65+,7290,Relapse
Iran (Islamic Republic of),1995,sp,m,0-14,118,Smear Positive
Iran (Islamic Republic of),1995,sp,m,15-24,751,Smear Positive
Iran (Islamic Republic of),1995,sp,m,25-34,754,Smear Positive
Iran (Islamic Republic of),1995,sp,m,35-44,636,Smear Positive
Iran (Islamic Republic of),1995,sp,m,45-54,494,Smear Positive
Iran (Islamic Republic of),1995,sp,m,55-64,737,Smear Positive
Iran (Islamic Republic of),1995,sp,m,65+,921,Smear Positive
Iran (Islamic Republic of),1995,sp,f,0-14,234,Smear Positive
Iran (Islamic Republic of),1995,sp,f,15-24,1039,Smear Positive
Iran (Islamic Republic of),1995,sp,f,25-34,890,Smear Positive
Iran (Islamic Republic of),1995,sp,f,35-44,664,Smear Positive
Iran (Islamic Republic of),1995,sp,f,45-54,613,Smear Positive
Iran (Islamic Republic of),1995,sp,f,55-64,685,Smear Positive
Iran (Islamic Republic of),1995,sp,f,65+,788,Smear Positive
Iran (Islamic Republic of),1996,sp,m,0-14,63,Smear Positive
Iran (Islamic Republic of),1996,sp,m,15-24,390,Smear Positive
Iran (Islamic Republic of),1996,sp,m,25-34,449,Smear Positive
Iran (Islamic Republic of),1996,sp,m,35-44,431,Smear Positive
Iran (Islamic Republic of),1996,sp,m,45-54,274,Smear Positive
Iran (Islamic Republic of),1996,sp,m,55-64,450,Smear Positive
Iran (Islamic Republic of),1996,sp,m,65+,577,Smear Positive
Iran (Islamic Republic of),1996,sp,f,0-14,113,Smear Positive
Iran (Islamic Republic of),1996,sp,f,15-24,599,Smear Positive
Iran (Islamic Republic of),1996,sp,f,25-34,412,Smear Positive
Iran (Islamic Republic of),1996,sp,f,35-44,347,Smear Positive
Iran (Islamic Republic of),1996,sp,f,45-54,323,Smear Positive
Iran (Islamic Republic of),1996,sp,f,55-64,452,Smear Positive
Iran (Islamic Republic of),1996,sp,f,65+,534,Smear Positive
Iran (Islamic Republic of),1997,sp,m,0-14,54,Smear Positive
Iran (Islamic Republic of),1997,sp,m,15-24,391,Smear Positive
Iran (Islamic Republic of),1997,sp,m,25-34,470,Smear Positive
Iran (Islamic Republic of),1997,sp,m,35-44,420,Smear Positive
Iran (Islamic Republic of),1997,sp,m,45-54,304,Smear Positive
Iran (Islamic Republic of),1997,sp,m,55-64,395,Smear Positive
Iran (Islamic Republic of),1997,sp,m,65+,608,Smear Positive
Iran (Islamic Republic of),1997,sp,f,0-14,92,Smear Positive
Iran (Islamic Republic of),1997,sp,f,15-24,518,Smear Positive
Iran (Islamic Republic of),1997,sp,f,25-34,393,Smear Positive
Iran (Islamic Republic of),1997,sp,f,35-44,361,Smear Positive
Iran (Islamic Republic of),1997,sp,f,45-54,342,Smear Positive
Iran (Islamic Republic of),1997,sp,f,55-64,341,Smear Positive
Iran (Islamic Republic of),1997,sp,f,65+,582,Smear Positive
Iran (Islamic Republic of),1998,sp,m,0-14,35,Smear Positive
Iran (Islamic Republic of),1998,sp,m,15-24,426,Smear Positive
Iran (Islamic Republic of),1998,sp,m,25-34,492,Smear Positive
Iran (Islamic Republic of),1998,sp,m,35-44,400,Smear Positive
Iran (Islamic Republic of),1998,sp,m,45-54,245,Smear Positive
Iran (Islamic Republic of),1998,sp,m,55-64,363,Smear Positive
Iran (Islamic Republic of),1998,sp,m,65+,579,Smear Positive
Iran (Islamic Republic of),1998,sp,f,0-14,87,Smear Positive
Iran (Islamic Republic of),1998,sp,f,15-24,561,Smear Positive
Iran (Islamic Republic of),1998,sp,f,25-34,403,Smear Positive
Iran (Islamic Republic of),1998,sp,f,35-44,307,Smear Positive
Iran (Islamic Republic of),1998,sp,f,45-54,290,Smear Positive
Iran (Islamic Republic of),1998,sp,f,55-64,431,Smear Positive
Iran (Islamic Republic of),1998,sp,f,65+,522,Smear Positive
Iran (Islamic Republic of),1999,sp,m,0-14,27,Smear Positive
Iran (Islamic Republic of),1999,sp,m,15-24,370,Smear Positive
Iran (Islamic Republic of),1999,sp,m,25-34,460,Smear Positive
Iran (Islamic Republic of),1999,sp,m,35-44,383,Smear Positive
Iran (Islamic Republic of),1999,sp,m,45-54,260,Smear Positive
Iran (Islamic Republic of),1999,sp,m,55-64,335,Smear Positive
Iran (Islamic Republic of),1999,sp,m,65+,591,Smear Positive
Iran (Islamic Republic of),1999,sp,f,0-14,51,Smear Positive
Iran (Islamic Republic of),1999,sp,f,15-24,551,Smear Positive
Iran (Islamic Republic of),1999,sp,f,25-34,360,Smear Positive
Iran (Islamic Republic of),1999,sp,f,35-44,277,Smear Positive
Iran (Islamic Republic of),1999,sp,f,45-54,279,Smear Positive
Iran (Islamic Republic of),1999,sp,f,55-64,396,Smear Positive
Iran (Islamic Republic of),1999,sp,f,65+,637,Smear Positive
Iran (Islamic Republic of),2000,sp,m,0-14,29,Smear Positive
Iran (Islamic Republic of),2000,sp,m,15-24,438,Smear Positive
Iran (Islamic Republic of),2000,sp,m,25-34,467,Smear Positive
Iran (Islamic Republic of),2000,sp,m,35-44,387,Smear Positive
Iran (Islamic Republic of),2000,sp,m,45-54,295,Smear Positive
Iran (Islamic Republic of),2000,sp,m,55-64,344,Smear Positive
Iran (Islamic Republic of),2000,sp,m,65+,642,Smear Positive
Iran (Islamic Republic of),2000,sp,f,0-14,77,Smear Positive
Iran (Islamic Republic of),2000,sp,f,15-24,593,Smear Positive
Iran (Islamic Republic of),2000,sp,f,25-34,410,Smear Positive
Iran (Islamic Republic of),2000,sp,f,35-44,322,Smear Positive
Iran (Islamic Republic of),2000,sp,f,45-54,320,Smear Positive
Iran (Islamic Republic of),2000,sp,f,55-64,407,Smear Positive
Iran (Islamic Republic of),2000,sp,f,65+,647,Smear Positive
Iran (Islamic Republic of),2001,sp,m,0-14,37,Smear Positive
Iran (Islamic Republic of),2001,sp,m,15-24,469,Smear Positive
Iran (Islamic Republic of),2001,sp,m,25-34,529,Smear Positive
Iran (Islamic Republic of),2001,sp,m,35-44,371,Smear Positive
Iran (Islamic Republic of),2001,sp,m,45-54,309,Smear Positive
Iran (Islamic Republic of),2001,sp,m,55-64,299,Smear Positive
Iran (Islamic Republic of),2001,sp,m,65+,649,Smear Positive
Iran (Islamic Republic of),2001,sp,f,0-14,104,Smear Positive
Iran (Islamic Republic of),2001,sp,f,15-24,621,Smear Positive
Iran (Islamic Republic of),2001,sp,f,25-34,401,Smear Positive
Iran (Islamic Republic of),2001,sp,f,35-44,278,Smear Positive
Iran (Islamic Republic of),2001,sp,f,45-54,327,Smear Positive
Iran (Islamic Republic of),2001,sp,f,55-64,442,Smear Positive
Iran (Islamic Republic of),2001,sp,f,65+,693,Smear Positive
Iran (Islamic Republic of),2002,sp,m,0-14,29,Smear Positive
Iran (Islamic Republic of),2002,sp,m,15-24,457,Smear Positive
Iran (Islamic Republic of),2002,sp,m,25-34,502,Smear Positive
Iran (Islamic Republic of),2002,sp,m,35-44,375,Smear Positive
Iran (Islamic Republic of),2002,sp,m,45-54,322,Smear Positive
Iran (Islamic Republic of),2002,sp,m,55-64,302,Smear Positive
Iran (Islamic Republic of),2002,sp,m,65+,668,Smear Positive
Iran (Islamic Republic of),2002,sp,f,0-14,77,Smear Positive
Iran (Islamic Republic of),2002,sp,f,15-24,558,Smear Positive
Iran (Islamic Republic of),2002,sp,f,25-34,332,Smear Positive
Iran (Islamic Republic of),2002,sp,f,35-44,275,Smear Positive
Iran (Islamic Republic of),2002,sp,f,45-54,298,Smear Positive
Iran (Islamic Republic of),2002,sp,f,55-64,439,Smear Positive
Iran (Islamic Republic of),2002,sp,f,65+,732,Smear Positive
Iran (Islamic Republic of),2003,sp,m,0-14,32,Smear Positive
Iran (Islamic Republic of),2003,sp,m,15-24,413,Smear Positive
Iran (Islamic Republic of),2003,sp,m,25-34,528,Smear Positive
Iran (Islamic Republic of),2003,sp,m,35-44,396,Smear Positive
Iran (Islamic Republic of),2003,sp,m,45-54,282,Smear Positive
Iran (Islamic Republic of),2003,sp,m,55-64,294,Smear Positive
Iran (Islamic Republic of),2003,sp,m,65+,673,Smear Positive
Iran (Islamic Republic of),2003,sp,f,0-14,76,Smear Positive
Iran (Islamic Republic of),2003,sp,f,15-24,442,Smear Positive
Iran (Islamic Republic of),2003,sp,f,25-34,282,Smear Positive
Iran (Islamic Republic of),2003,sp,f,35-44,254,Smear Positive
Iran (Islamic Republic of),2003,sp,f,45-54,300,Smear Positive
Iran (Islamic Republic of),2003,sp,f,55-64,440,Smear Positive
Iran (Islamic Republic of),2003,sp,f,65+,776,Smear Positive
Iran (Islamic Republic of),2004,sp,m,0-14,16,Smear Positive
Iran (Islamic Republic of),2004,sp,m,15-24,360,Smear Positive
Iran (Islamic Republic of),2004,sp,m,25-34,542,Smear Positive
Iran (Islamic Republic of),2004,sp,m,35-44,357,Smear Positive
Iran (Islamic Republic of),2004,sp,m,45-54,305,Smear Positive
Iran (Islamic Republic of),2004,sp,m,55-64,298,Smear Positive
Iran (Islamic Republic of),2004,sp,m,65+,640,Smear Positive
Iran (Islamic Republic of),2004,sp,f,0-14,65,Smear Positive
Iran (Islamic Republic of),2004,sp,f,15-24,419,Smear Positive
Iran (Islamic Republic of),2004,sp,f,25-34,301,Smear Positive
Iran (Islamic Republic of),2004,sp,f,35-44,213,Smear Positive
Iran (Islamic Republic of),2004,sp,f,45-54,293,Smear Positive
Iran (Islamic Republic of),2004,sp,f,55-64,378,Smear Positive
Iran (Islamic Republic of),2004,sp,f,65+,710,Smear Positive
Iran (Islamic Republic of),2005,sp,m,0-14,16,Smear Positive
Iran (Islamic Republic of),2005,sp,m,15-24,352,Smear Positive
Iran (Islamic Republic of),2005,sp,m,25-34,531,Smear Positive
Iran (Islamic Republic of),2005,sp,m,35-44,338,Smear Positive
Iran (Islamic Republic of),2005,sp,m,45-54,281,Smear Positive
Iran (Islamic Republic of),2005,sp,m,55-64,260,Smear Positive
Iran (Islamic Republic of),2005,sp,m,65+,630,Smear Positive
Iran (Islamic Republic of),2005,sp,f,0-14,45,Smear Positive
Iran (Islamic Republic of),2005,sp,f,15-24,394,Smear Positive
Iran (Islamic Republic of),2005,sp,f,25-34,205,Smear Positive
Iran (Islamic Republic of),2005,sp,f,35-44,186,Smear Positive
Iran (Islamic Republic of),2005,sp,f,45-54,260,Smear Positive
Iran (Islamic Republic of),2005,sp,f,55-64,382,Smear Positive
Iran (Islamic Republic of),2005,sp,f,65+,701,Smear Positive
Iran (Islamic Republic of),2006,sp,m,0-14,12,Smear Positive
Iran (Islamic Republic of),2006,sp,m,15-24,357,Smear Positive
Iran (Islamic Republic of),2006,sp,m,25-34,495,Smear Positive
Iran (Islamic Republic of),2006,sp,m,35-44,365,Smear Positive
Iran (Islamic Republic of),2006,sp,m,45-54,318,Smear Positive
Iran (Islamic Republic of),2006,sp,m,55-64,249,Smear Positive
Iran (Islamic Republic of),2006,sp,m,65+,686,Smear Positive
Iran (Islamic Republic of),2006,sp,f,0-14,48,Smear Positive
Iran (Islamic Republic of),2006,sp,f,15-24,430,Smear Positive
Iran (Islamic Republic of),2006,sp,f,25-34,236,Smear Positive
Iran (Islamic Republic of),2006,sp,f,35-44,185,Smear Positive
Iran (Islamic Republic of),2006,sp,f,45-54,292,Smear Positive
Iran (Islamic Republic of),2006,sp,f,55-64,336,Smear Positive
Iran (Islamic Republic of),2006,sp,f,65+,793,Smear Positive
Iran (Islamic Republic of),2006,sn,m,0-14,36,Smear Negative
Iran (Islamic Republic of),2006,sn,m,15-24,84,Smear Negative
Iran (Islamic Republic of),2006,sn,m,25-34,155,Smear Negative
Iran (Islamic Republic of),2006,sn,m,35-44,127,Smear Negative
Iran (Islamic Republic of),2006,sn,m,45-54,101,Smear Negative
Iran (Islamic Republic of),2006,sn,m,55-64,117,Smear Negative
Iran (Islamic Republic of),2006,sn,m,65+,300,Smear Negative
Iran (Islamic Republic of),2006,sn,f,0-14,43,Smear Negative
Iran (Islamic Republic of),2006,sn,f,15-24,106,Smear Negative
Iran (Islamic Republic of),2006,sn,f,25-34,77,Smear Negative
Iran (Islamic Republic of),2006,sn,f,35-44,94,Smear Negative
Iran (Islamic Republic of),2006,sn,f,45-54,123,Smear Negative
Iran (Islamic Republic of),2006,sn,f,55-64,175,Smear Negative
Iran (Islamic Republic of),2006,sn,f,65+,328,Smear Negative
Iran (Islamic Republic of),2006,ep,m,0-14,69,Extrapulmonary
Iran (Islamic Republic of),2006,ep,m,15-24,212,Extrapulmonary
Iran (Islamic Republic of),2006,ep,m,25-34,237,Extrapulmonary
Iran (Islamic Republic of),2006,ep,m,35-44,179,Extrapulmonary
Iran (Islamic Republic of),2006,ep,m,45-54,152,Extrapulmonary
Iran (Islamic Republic of),2006,ep,m,55-64,95,Extrapulmonary
Iran (Islamic Republic of),2006,ep,m,65+,187,Extrapulmonary
Iran (Islamic Republic of),2006,ep,f,0-14,80,Extrapulmonary
Iran (Islamic Republic of),2006,ep,f,15-24,250,Extrapulmonary
Iran (Islamic Republic of),2006,ep,f,25-34,245,Extrapulmonary
Iran (Islamic Republic of),2006,ep,f,35-44,234,Extrapulmonary
Iran (Islamic Republic of),2006,ep,f,45-54,195,Extrapulmonary
Iran (Islamic Republic of),2006,ep,f,55-64,115,Extrapulmonary
Iran (Islamic Republic of),2006,ep,f,65+,136,Extrapulmonary
Iran (Islamic Republic of),2007,sp,m,0-14,10,Smear Positive
Iran (Islamic Republic of),2007,sp,m,15-24,311,Smear Positive
Iran (Islamic Republic of),2007,sp,m,25-34,511,Smear Positive
Iran (Islamic Republic of),2007,sp,m,35-44,330,Smear Positive
Iran (Islamic Republic of),2007,sp,m,45-54,285,Smear Positive
Iran (Islamic Republic of),2007,sp,m,55-64,261,Smear Positive
Iran (Islamic Republic of),2007,sp,m,65+,680,Smear Positive
Iran (Islamic Republic of),2007,sp,f,0-14,42,Smear Positive
Iran (Islamic Republic of),2007,sp,f,15-24,394,Smear Positive
Iran (Islamic Republic of),2007,sp,f,25-34,236,Smear Positive
Iran (Islamic Republic of),2007,sp,f,35-44,173,Smear Positive
Iran (Islamic Republic of),2007,sp,f,45-54,268,Smear Positive
Iran (Islamic Republic of),2007,sp,f,55-64,387,Smear Positive
Iran (Islamic Republic of),2007,sp,f,65+,813,Smear Positive
Iran (Islamic Republic of),2007,sn,m,0-14,52,Smear Negative
Iran (Islamic Republic of),2007,sn,m,15-24,67,Smear Negative
Iran (Islamic Republic of),2007,sn,m,25-34,136,Smear Negative
Iran (Islamic Republic of),2007,sn,m,35-44,119,Smear Negative
Iran (Islamic Republic of),2007,sn,m,45-54,118,Smear Negative
Iran (Islamic Republic of),2007,sn,m,55-64,121,Smear Negative
Iran (Islamic Republic of),2007,sn,m,65+,312,Smear Negative
Iran (Islamic Republic of),2007,sn,f,0-14,51,Smear Negative
Iran (Islamic Republic of),2007,sn,f,15-24,126,Smear Negative
Iran (Islamic Republic of),2007,sn,f,25-34,71,Smear Negative
Iran (Islamic Republic of),2007,sn,f,35-44,67,Smear Negative
Iran (Islamic Republic of),2007,sn,f,45-54,109,Smear Negative
Iran (Islamic Republic of),2007,sn,f,55-64,156,Smear Negative
Iran (Islamic Republic of),2007,sn,f,65+,325,Smear Negative
Iran (Islamic Republic of),2007,ep,m,0-14,62,Extrapulmonary
Iran (Islamic Republic of),2007,ep,m,15-24,180,Extrapulmonary
Iran (Islamic Republic of),2007,ep,m,25-34,219,Extrapulmonary
Iran (Islamic Republic of),2007,ep,m,35-44,175,Extrapulmonary
Iran (Islamic Republic of),2007,ep,m,45-54,151,Extrapulmonary
Iran (Islamic Republic of),2007,ep,m,55-64,110,Extrapulmonary
Iran (Islamic Republic of),2007,ep,m,65+,217,Extrapulmonary
Iran (Islamic Republic of),2007,ep,f,0-14,84,Extrapulmonary
Iran (Islamic Republic of),2007,ep,f,15-24,270,Extrapulmonary
Iran (Islamic Republic of),2007,ep,f,25-34,289,Extrapulmonary
Iran (Islamic Republic of),2007,ep,f,35-44,221,Extrapulmonary
Iran (Islamic Republic of),2007,ep,f,45-54,222,Extrapulmonary
Iran (Islamic Republic of),2007,ep,f,55-64,144,Extrapulmonary
Iran (Islamic Republic of),2007,ep,f,65+,171,Extrapulmonary
Iran (Islamic Republic of),2008,sp,m,0-14,11,Smear Positive
Iran (Islamic Republic of),2008,sp,m,15-24,292,Smear Positive
Iran (Islamic Republic of),2008,sp,m,25-34,466,Smear Positive
Iran (Islamic Republic of),2008,sp,m,35-44,330,Smear Positive
Iran (Islamic Republic of),2008,sp,m,45-54,322,Smear Positive
Iran (Islamic Republic of),2008,sp,m,55-64,267,Smear Positive
Iran (Islamic Republic of),2008,sp,m,65+,706,Smear Positive
Iran (Islamic Republic of),2008,sp,f,0-14,42,Smear Positive
Iran (Islamic Republic of),2008,sp,f,15-24,386,Smear Positive
Iran (Islamic Republic of),2008,sp,f,25-34,254,Smear Positive
Iran (Islamic Republic of),2008,sp,f,35-44,137,Smear Positive
Iran (Islamic Republic of),2008,sp,f,45-54,263,Smear Positive
Iran (Islamic Republic of),2008,sp,f,55-64,367,Smear Positive
Iran (Islamic Republic of),2008,sp,f,65+,879,Smear Positive
Iran (Islamic Republic of),2008,sn,m,0-14,59,Smear Negative
Iran (Islamic Republic of),2008,sn,m,15-24,90,Smear Negative
Iran (Islamic Republic of),2008,sn,m,25-34,131,Smear Negative
Iran (Islamic Republic of),2008,sn,m,35-44,120,Smear Negative
Iran (Islamic Republic of),2008,sn,m,45-54,103,Smear Negative
Iran (Islamic Republic of),2008,sn,m,55-64,124,Smear Negative
Iran (Islamic Republic of),2008,sn,m,65+,324,Smear Negative
Iran (Islamic Republic of),2008,sn,f,0-14,50,Smear Negative
Iran (Islamic Republic of),2008,sn,f,15-24,112,Smear Negative
Iran (Islamic Republic of),2008,sn,f,25-34,77,Smear Negative
Iran (Islamic Republic of),2008,sn,f,35-44,62,Smear Negative
Iran (Islamic Republic of),2008,sn,f,45-54,129,Smear Negative
Iran (Islamic Republic of),2008,sn,f,55-64,141,Smear Negative
Iran (Islamic Republic of),2008,sn,f,65+,343,Smear Negative
Iran (Islamic Republic of),2008,ep,m,0-14,55,Extrapulmonary
Iran (Islamic Republic of),2008,ep,m,15-24,179,Extrapulmonary
Iran (Islamic Republic of),2008,ep,m,25-34,243,Extrapulmonary
Iran (Islamic Republic of),2008,ep,m,35-44,183,Extrapulmonary
Iran (Islamic Republic of),2008,ep,m,45-54,135,Extrapulmonary
Iran (Islamic Republic of),2008,ep,m,55-64,121,Extrapulmonary
Iran (Islamic Republic of),2008,ep,m,65+,213,Extrapulmonary
Iran (Islamic Republic of),2008,ep,f,0-14,79,Extrapulmonary
Iran (Islamic Republic of),2008,ep,f,15-24,292,Extrapulmonary
Iran (Islamic Republic of),2008,ep,f,25-34,310,Extrapulmonary
Iran (Islamic Republic of),2008,ep,f,35-44,251,Extrapulmonary
Iran (Islamic Republic of),2008,ep,f,45-54,218,Extrapulmonary
Iran (Islamic Republic of),2008,ep,f,55-64,146,Extrapulmonary
Iran (Islamic Republic of),2008,ep,f,65+,144,Extrapulmonary
Iran (Islamic Republic of),2009,sp,m,0-14,15,Smear Positive
Iran (Islamic Republic of),2009,sp,m,15-24,302,Smear Positive
Iran (Islamic Republic of),2009,sp,m,25-34,509,Smear Positive
Iran (Islamic Republic of),2009,sp,m,35-44,305,Smear Positive
Iran (Islamic Republic of),2009,sp,m,45-54,335,Smear Positive
Iran (Islamic Republic of),2009,sp,m,55-64,326,Smear Positive
Iran (Islamic Republic of),2009,sp,m,65+,753,Smear Positive
Iran (Islamic Republic of),2009,sp,f,0-14,46,Smear Positive
Iran (Islamic Republic of),2009,sp,f,15-24,455,Smear Positive
Iran (Islamic Republic of),2009,sp,f,25-34,276,Smear Positive
Iran (Islamic Republic of),2009,sp,f,35-44,210,Smear Positive
Iran (Islamic Republic of),2009,sp,f,45-54,273,Smear Positive
Iran (Islamic Republic of),2009,sp,f,55-64,396,Smear Positive
Iran (Islamic Republic of),2009,sp,f,65+,951,Smear Positive
Iran (Islamic Republic of),2009,sn,m,0-14,47,Smear Negative
Iran (Islamic Republic of),2009,sn,m,15-24,92,Smear Negative
Iran (Islamic Republic of),2009,sn,m,25-34,139,Smear Negative
Iran (Islamic Republic of),2009,sn,m,35-44,128,Smear Negative
Iran (Islamic Republic of),2009,sn,m,45-54,100,Smear Negative
Iran (Islamic Republic of),2009,sn,m,55-64,137,Smear Negative
Iran (Islamic Republic of),2009,sn,m,65+,316,Smear Negative
Iran (Islamic Republic of),2009,sn,f,0-14,71,Smear Negative
Iran (Islamic Republic of),2009,sn,f,15-24,118,Smear Negative
Iran (Islamic Republic of),2009,sn,f,25-34,83,Smear Negative
Iran (Islamic Republic of),2009,sn,f,35-44,86,Smear Negative
Iran (Islamic Republic of),2009,sn,f,45-54,99,Smear Negative
Iran (Islamic Republic of),2009,sn,f,55-64,158,Smear Negative
Iran (Islamic Republic of),2009,sn,f,65+,352,Smear Negative
Iran (Islamic Republic of),2009,ep,m,0-14,74,Extrapulmonary
Iran (Islamic Republic of),2009,ep,m,15-24,177,Extrapulmonary
Iran (Islamic Republic of),2009,ep,m,25-34,227,Extrapulmonary
Iran (Islamic Republic of),2009,ep,m,35-44,184,Extrapulmonary
Iran (Islamic Republic of),2009,ep,m,45-54,159,Extrapulmonary
Iran (Islamic Republic of),2009,ep,m,55-64,128,Extrapulmonary
Iran (Islamic Republic of),2009,ep,m,65+,227,Extrapulmonary
Iran (Islamic Republic of),2009,ep,f,0-14,87,Extrapulmonary
Iran (Islamic Republic of),2009,ep,f,15-24,245,Extrapulmonary
Iran (Islamic Republic of),2009,ep,f,25-34,307,Extrapulmonary
Iran (Islamic Republic of),2009,ep,f,35-44,259,Extrapulmonary
Iran (Islamic Republic of),2009,ep,f,45-54,251,Extrapulmonary
Iran (Islamic Republic of),2009,ep,f,55-64,170,Extrapulmonary
Iran (Islamic Republic of),2009,ep,f,65+,190,Extrapulmonary
Iran (Islamic Republic of),2010,sp,m,0-14,18,Smear Positive
Iran (Islamic Republic of),2010,sp,m,15-24,292,Smear Positive
Iran (Islamic Republic of),2010,sp,m,25-34,487,Smear Positive
Iran (Islamic Republic of),2010,sp,m,35-44,354,Smear Positive
Iran (Islamic Republic of),2010,sp,m,45-54,296,Smear Positive
Iran (Islamic Republic of),2010,sp,m,55-64,310,Smear Positive
Iran (Islamic Republic of),2010,sp,m,65+,760,Smear Positive
Iran (Islamic Republic of),2010,sp,f,0-14,54,Smear Positive
Iran (Islamic Republic of),2010,sp,f,15-24,433,Smear Positive
Iran (Islamic Republic of),2010,sp,f,25-34,288,Smear Positive
Iran (Islamic Republic of),2010,sp,f,35-44,208,Smear Positive
Iran (Islamic Republic of),2010,sp,f,45-54,276,Smear Positive
Iran (Islamic Republic of),2010,sp,f,55-64,398,Smear Positive
Iran (Islamic Republic of),2010,sp,f,65+,1014,Smear Positive
Iran (Islamic Republic of),2010,sn,m,0-14,59,Smear Negative
Iran (Islamic Republic of),2010,sn,m,15-24,93,Smear Negative
Iran (Islamic Republic of),2010,sn,m,25-34,134,Smear Negative
Iran (Islamic Republic of),2010,sn,m,35-44,109,Smear Negative
Iran (Islamic Republic of),2010,sn,m,45-54,118,Smear Negative
Iran (Islamic Republic of),2010,sn,m,55-64,123,Smear Negative
Iran (Islamic Republic of),2010,sn,m,65+,331,Smear Negative
Iran (Islamic Republic of),2010,sn,f,0-14,69,Smear Negative
Iran (Islamic Republic of),2010,sn,f,15-24,125,Smear Negative
Iran (Islamic Republic of),2010,sn,f,25-34,102,Smear Negative
Iran (Islamic Republic of),2010,sn,f,35-44,77,Smear Negative
Iran (Islamic Republic of),2010,sn,f,45-54,106,Smear Negative
Iran (Islamic Republic of),2010,sn,f,55-64,162,Smear Negative
Iran (Islamic Republic of),2010,sn,f,65+,377,Smear Negative
Iran (Islamic Republic of),2010,ep,m,0-14,79,Extrapulmonary
Iran (Islamic Republic of),2010,ep,m,15-24,191,Extrapulmonary
Iran (Islamic Republic of),2010,ep,m,25-34,247,Extrapulmonary
Iran (Islamic Republic of),2010,ep,m,35-44,231,Extrapulmonary
Iran (Islamic Republic of),2010,ep,m,45-54,158,Extrapulmonary
Iran (Islamic Republic of),2010,ep,m,55-64,139,Extrapulmonary
Iran (Islamic Republic of),2010,ep,m,65+,241,Extrapulmonary
Iran (Islamic Republic of),2010,ep,f,0-14,73,Extrapulmonary
Iran (Islamic Republic of),2010,ep,f,15-24,255,Extrapulmonary
Iran (Islamic Republic of),2010,ep,f,25-34,354,Extrapulmonary
Iran (Islamic Republic of),2010,ep,f,35-44,287,Extrapulmonary
Iran (Islamic Republic of),2010,ep,f,45-54,234,Extrapulmonary
Iran (Islamic Republic of),2010,ep,f,55-64,186,Extrapulmonary
Iran (Islamic Republic of),2010,ep,f,65+,194,Extrapulmonary
Iran (Islamic Republic of),2011,sp,m,0-14,13,Smear Positive
Iran (Islamic Republic of),2011,sp,m,15-24,289,Smear Positive
Iran (Islamic Republic of),2011,sp,m,25-34,543,Smear Positive
Iran (Islamic Republic of),2011,sp,m,35-44,398,Smear Positive
Iran (Islamic Republic of),2011,sp,m,45-54,315,Smear Positive
Iran (Islamic Republic of),2011,sp,m,55-64,351,Smear Positive
Iran (Islamic Republic of),2011,sp,m,65+,877,Smear Positive
Iran (Islamic Republic of),2011,sp,f,0-14,37,Smear Positive
Iran (Islamic Republic of),2011,sp,f,15-24,473,Smear Positive
Iran (Islamic Republic of),2011,sp,f,25-34,313,Smear Positive
Iran (Islamic Republic of),2011,sp,f,35-44,184,Smear Positive
Iran (Islamic Republic of),2011,sp,f,45-54,296,Smear Positive
Iran (Islamic Republic of),2011,sp,f,55-64,441,Smear Positive
Iran (Islamic Republic of),2011,sp,f,65+,1009,Smear Positive
Iran (Islamic Republic of),2011,sn,m,0-14,61,Smear Negative
Iran (Islamic Republic of),2011,sn,m,15-24,86,Smear Negative
Iran (Islamic Republic of),2011,sn,m,25-34,162,Smear Negative
Iran (Islamic Republic of),2011,sn,m,35-44,124,Smear Negative
Iran (Islamic Republic of),2011,sn,m,45-54,113,Smear Negative
Iran (Islamic Republic of),2011,sn,m,55-64,142,Smear Negative
Iran (Islamic Republic of),2011,sn,m,65+,331,Smear Negative
Iran (Islamic Republic of),2011,sn,f,0-14,57,Smear Negative
Iran (Islamic Republic of),2011,sn,f,15-24,107,Smear Negative
Iran (Islamic Republic of),2011,sn,f,25-34,97,Smear Negative
Iran (Islamic Republic of),2011,sn,f,35-44,70,Smear Negative
Iran (Islamic Republic of),2011,sn,f,45-54,119,Smear Negative
Iran (Islamic Republic of),2011,sn,f,55-64,149,Smear Negative
Iran (Islamic Republic of),2011,sn,f,65+,362,Smear Negative
Iran (Islamic Republic of),2011,ep,m,0-14,82,Extrapulmonary
Iran (Islamic Republic of),2011,ep,m,15-24,204,Extrapulmonary
Iran (Islamic Republic of),2011,ep,m,25-34,262,Extrapulmonary
Iran (Islamic Republic of),2011,ep,m,35-44,180,Extrapulmonary
Iran (Islamic Republic of),2011,ep,m,45-54,196,Extrapulmonary
Iran (Islamic Republic of),2011,ep,m,55-64,148,Extrapulmonary
Iran (Islamic Republic of),2011,ep,m,65+,256,Extrapulmonary
Iran (Islamic Republic of),2011,ep,f,0-14,95,Extrapulmonary
Iran (Islamic Republic of),2011,ep,f,15-24,272,Extrapulmonary
Iran (Islamic Republic of),2011,ep,f,25-34,428,Extrapulmonary
Iran (Islamic Republic of),2011,ep,f,35-44,304,Extrapulmonary
Iran (Islamic Republic of),2011,ep,f,45-54,271,Extrapulmonary
Iran (Islamic Republic of),2011,ep,f,55-64,200,Extrapulmonary
Iran (Islamic Republic of),2011,ep,f,65+,178,Extrapulmonary
Iran (Islamic Republic of),2012,sp,m,0-14,16,Smear Positive
Iran (Islamic Republic of),2012,sp,m,15-24,288,Smear Positive
Iran (Islamic Republic of),2012,sp,m,25-34,601,Smear Positive
Iran (Islamic Republic of),2012,sp,m,35-44,442,Smear Positive
Iran (Islamic Republic of),2012,sp,m,45-54,303,Smear Positive
Iran (Islamic Republic of),2012,sp,m,55-64,317,Smear Positive
Iran (Islamic Republic of),2012,sp,m,65+,850,Smear Positive
Iran (Islamic Republic of),2012,sp,f,0-14,43,Smear Positive
Iran (Islamic Republic of),2012,sp,f,15-24,434,Smear Positive
Iran (Islamic Republic of),2012,sp,f,25-34,318,Smear Positive
Iran (Islamic Republic of),2012,sp,f,35-44,206,Smear Positive
Iran (Islamic Republic of),2012,sp,f,45-54,252,Smear Positive
Iran (Islamic Republic of),2012,sp,f,55-64,374,Smear Positive
Iran (Islamic Republic of),2012,sp,f,65+,965,Smear Positive
Iran (Islamic Republic of),2012,sn,m,0-14,90,Smear Negative
Iran (Islamic Republic of),2012,sn,m,15-24,88,Smear Negative
Iran (Islamic Republic of),2012,sn,m,25-34,187,Smear Negative
Iran (Islamic Republic of),2012,sn,m,35-44,141,Smear Negative
Iran (Islamic Republic of),2012,sn,m,45-54,109,Smear Negative
Iran (Islamic Republic of),2012,sn,m,55-64,141,Smear Negative
Iran (Islamic Republic of),2012,sn,m,65+,352,Smear Negative
Iran (Islamic Republic of),2012,sn,f,0-14,74,Smear Negative
Iran (Islamic Republic of),2012,sn,f,15-24,115,Smear Negative
Iran (Islamic Republic of),2012,sn,f,25-34,113,Smear Negative
Iran (Islamic Republic of),2012,sn,f,35-44,80,Smear Negative
Iran (Islamic Republic of),2012,sn,f,45-54,116,Smear Negative
Iran (Islamic Republic of),2012,sn,f,55-64,200,Smear Negative
Iran (Islamic Republic of),2012,sn,f,65+,385,Smear Negative
Iran (Islamic Republic of),2012,ep,m,0-14,97,Extrapulmonary
Iran (Islamic Republic of),2012,ep,m,15-24,182,Extrapulmonary
Iran (Islamic Republic of),2012,ep,m,25-34,286,Extrapulmonary
Iran (Islamic Republic of),2012,ep,m,35-44,222,Extrapulmonary
Iran (Islamic Republic of),2012,ep,m,45-54,174,Extrapulmonary
Iran (Islamic Republic of),2012,ep,m,55-64,170,Extrapulmonary
Iran (Islamic Republic of),2012,ep,m,65+,242,Extrapulmonary
Iran (Islamic Republic of),2012,ep,f,0-14,81,Extrapulmonary
Iran (Islamic Republic of),2012,ep,f,15-24,258,Extrapulmonary
Iran (Islamic Republic of),2012,ep,f,25-34,410,Extrapulmonary
Iran (Islamic Republic of),2012,ep,f,35-44,323,Extrapulmonary
Iran (Islamic Republic of),2012,ep,f,45-54,260,Extrapulmonary
Iran (Islamic Republic of),2012,ep,f,55-64,231,Extrapulmonary
Iran (Islamic Republic of),2012,ep,f,65+,169,Extrapulmonary
Iran (Islamic Republic of),2013,rel,m,0-14,193,Relapse
Iran (Islamic Republic of),2013,rel,m,15-24,541,Relapse
Iran (Islamic Republic of),2013,rel,m,25-34,1174,Relapse
Iran (Islamic Republic of),2013,rel,m,35-44,892,Relapse
Iran (Islamic Republic of),2013,rel,m,45-54,652,Relapse
Iran (Islamic Republic of),2013,rel,m,55-64,658,Relapse
Iran (Islamic Republic of),2013,rel,m,65+,1488,Relapse
Iran (Islamic Republic of),2013,rel,f,0-14,227,Relapse
Iran (Islamic Republic of),2013,rel,f,15-24,795,Relapse
Iran (Islamic Republic of),2013,rel,f,25-34,827,Relapse
Iran (Islamic Republic of),2013,rel,f,35-44,553,Relapse
Iran (Islamic Republic of),2013,rel,f,45-54,616,Relapse
Iran (Islamic Republic of),2013,rel,f,55-64,783,Relapse
Iran (Islamic Republic of),2013,rel,f,65+,1653,Relapse
Iraq,1995,sp,m,0-14,1125,Smear Positive
Iraq,1995,sp,m,15-24,862,Smear Positive
Iraq,1995,sp,m,25-34,1409,Smear Positive
Iraq,1995,sp,m,35-44,1085,Smear Positive
Iraq,1995,sp,m,45-54,863,Smear Positive
Iraq,1995,sp,m,55-64,900,Smear Positive
Iraq,1995,sp,m,65+,271,Smear Positive
Iraq,1995,sp,f,0-14,725,Smear Positive
Iraq,1995,sp,f,15-24,304,Smear Positive
Iraq,1995,sp,f,25-34,1208,Smear Positive
Iraq,1995,sp,f,35-44,915,Smear Positive
Iraq,1995,sp,f,45-54,800,Smear Positive
Iraq,1995,sp,f,55-64,886,Smear Positive
Iraq,1995,sp,f,65+,200,Smear Positive
Iraq,1997,sp,m,0-14,416,Smear Positive
Iraq,1997,sp,m,15-24,791,Smear Positive
Iraq,1997,sp,m,25-34,708,Smear Positive
Iraq,1997,sp,m,35-44,541,Smear Positive
Iraq,1997,sp,m,45-54,832,Smear Positive
Iraq,1997,sp,m,55-64,664,Smear Positive
Iraq,1997,sp,m,65+,208,Smear Positive
Iraq,1997,sp,f,0-14,384,Smear Positive
Iraq,1997,sp,f,15-24,738,Smear Positive
Iraq,1997,sp,f,25-34,665,Smear Positive
Iraq,1997,sp,f,35-44,499,Smear Positive
Iraq,1997,sp,f,45-54,722,Smear Positive
Iraq,1997,sp,f,55-64,641,Smear Positive
Iraq,1997,sp,f,65+,192,Smear Positive
Iraq,1998,sp,m,0-14,453,Smear Positive
Iraq,1998,sp,m,15-24,879,Smear Positive
Iraq,1998,sp,m,25-34,781,Smear Positive
Iraq,1998,sp,m,35-44,583,Smear Positive
Iraq,1998,sp,m,45-54,913,Smear Positive
Iraq,1998,sp,m,55-64,735,Smear Positive
Iraq,1998,sp,m,65+,242,Smear Positive
Iraq,1998,sp,f,0-14,426,Smear Positive
Iraq,1998,sp,f,15-24,806,Smear Positive
Iraq,1998,sp,f,25-34,740,Smear Positive
Iraq,1998,sp,f,35-44,542,Smear Positive
Iraq,1998,sp,f,45-54,806,Smear Positive
Iraq,1998,sp,f,55-64,712,Smear Positive
Iraq,1998,sp,f,65+,232,Smear Positive
Iraq,1999,sp,m,0-14,519,Smear Positive
Iraq,1999,sp,m,15-24,1434,Smear Positive
Iraq,1999,sp,m,25-34,1246,Smear Positive
Iraq,1999,sp,m,35-44,1081,Smear Positive
Iraq,1999,sp,m,45-54,704,Smear Positive
Iraq,1999,sp,m,55-64,632,Smear Positive
Iraq,1999,sp,m,65+,376,Smear Positive
Iraq,1999,sp,f,0-14,509,Smear Positive
Iraq,1999,sp,f,15-24,1208,Smear Positive
Iraq,1999,sp,f,25-34,978,Smear Positive
Iraq,1999,sp,f,35-44,824,Smear Positive
Iraq,1999,sp,f,45-54,571,Smear Positive
Iraq,1999,sp,f,55-64,527,Smear Positive
Iraq,1999,sp,f,65+,202,Smear Positive
Iraq,2000,sp,m,0-14,21,Smear Positive
Iraq,2000,sp,m,15-24,627,Smear Positive
Iraq,2000,sp,m,25-34,317,Smear Positive
Iraq,2000,sp,m,35-44,297,Smear Positive
Iraq,2000,sp,m,45-54,205,Smear Positive
Iraq,2000,sp,m,55-64,135,Smear Positive
Iraq,2000,sp,m,65+,101,Smear Positive
Iraq,2000,sp,f,0-14,37,Smear Positive
Iraq,2000,sp,f,15-24,338,Smear Positive
Iraq,2000,sp,f,25-34,241,Smear Positive
Iraq,2000,sp,f,35-44,136,Smear Positive
Iraq,2000,sp,f,45-54,134,Smear Positive
Iraq,2000,sp,f,55-64,103,Smear Positive
Iraq,2000,sp,f,65+,87,Smear Positive
Iraq,2001,sp,m,0-14,10,Smear Positive
Iraq,2001,sp,m,15-24,722,Smear Positive
Iraq,2001,sp,m,25-34,737,Smear Positive
Iraq,2001,sp,m,35-44,275,Smear Positive
Iraq,2001,sp,m,45-54,260,Smear Positive
Iraq,2001,sp,m,55-64,200,Smear Positive
Iraq,2001,sp,m,65+,142,Smear Positive
Iraq,2001,sp,f,0-14,26,Smear Positive
Iraq,2001,sp,f,15-24,362,Smear Positive
Iraq,2001,sp,f,25-34,295,Smear Positive
Iraq,2001,sp,f,35-44,147,Smear Positive
Iraq,2001,sp,f,45-54,171,Smear Positive
Iraq,2001,sp,f,55-64,126,Smear Positive
Iraq,2001,sp,f,65+,86,Smear Positive
Iraq,2002,sp,m,0-14,47,Smear Positive
Iraq,2002,sp,m,15-24,706,Smear Positive
Iraq,2002,sp,m,25-34,923,Smear Positive
Iraq,2002,sp,m,35-44,308,Smear Positive
Iraq,2002,sp,m,45-54,284,Smear Positive
Iraq,2002,sp,m,55-64,205,Smear Positive
Iraq,2002,sp,m,65+,158,Smear Positive
Iraq,2002,sp,f,0-14,45,Smear Positive
Iraq,2002,sp,f,15-24,338,Smear Positive
Iraq,2002,sp,f,25-34,288,Smear Positive
Iraq,2002,sp,f,35-44,172,Smear Positive
Iraq,2002,sp,f,45-54,176,Smear Positive
Iraq,2002,sp,f,55-64,129,Smear Positive
Iraq,2002,sp,f,65+,116,Smear Positive
Iraq,2003,sp,m,0-14,30,Smear Positive
Iraq,2003,sp,m,15-24,659,Smear Positive
Iraq,2003,sp,m,25-34,876,Smear Positive
Iraq,2003,sp,m,35-44,355,Smear Positive
Iraq,2003,sp,m,45-54,293,Smear Positive
Iraq,2003,sp,m,55-64,168,Smear Positive
Iraq,2003,sp,m,65+,143,Smear Positive
Iraq,2003,sp,f,0-14,43,Smear Positive
Iraq,2003,sp,f,15-24,258,Smear Positive
Iraq,2003,sp,f,25-34,241,Smear Positive
Iraq,2003,sp,f,35-44,154,Smear Positive
Iraq,2003,sp,f,45-54,160,Smear Positive
Iraq,2003,sp,f,55-64,143,Smear Positive
Iraq,2003,sp,f,65+,34,Smear Positive
Iraq,2004,sp,m,0-14,28,Smear Positive
Iraq,2004,sp,m,15-24,615,Smear Positive
Iraq,2004,sp,m,25-34,770,Smear Positive
Iraq,2004,sp,m,35-44,288,Smear Positive
Iraq,2004,sp,m,45-54,244,Smear Positive
Iraq,2004,sp,m,55-64,183,Smear Positive
Iraq,2004,sp,m,65+,125,Smear Positive
Iraq,2004,sp,f,0-14,57,Smear Positive
Iraq,2004,sp,f,15-24,334,Smear Positive
Iraq,2004,sp,f,25-34,243,Smear Positive
Iraq,2004,sp,f,35-44,139,Smear Positive
Iraq,2004,sp,f,45-54,162,Smear Positive
Iraq,2004,sp,f,55-64,113,Smear Positive
Iraq,2004,sp,f,65+,80,Smear Positive
Iraq,2005,sp,m,0-14,13,Smear Positive
Iraq,2005,sp,m,15-24,424,Smear Positive
Iraq,2005,sp,m,25-34,644,Smear Positive
Iraq,2005,sp,m,35-44,261,Smear Positive
Iraq,2005,sp,m,45-54,245,Smear Positive
Iraq,2005,sp,m,55-64,189,Smear Positive
Iraq,2005,sp,m,65+,148,Smear Positive
Iraq,2005,sp,f,0-14,44,Smear Positive
Iraq,2005,sp,f,15-24,305,Smear Positive
Iraq,2005,sp,f,25-34,260,Smear Positive
Iraq,2005,sp,f,35-44,151,Smear Positive
Iraq,2005,sp,f,45-54,197,Smear Positive
Iraq,2005,sp,f,55-64,135,Smear Positive
Iraq,2005,sp,f,65+,80,Smear Positive
Iraq,2006,sp,m,0-14,14,Smear Positive
Iraq,2006,sp,m,15-24,409,Smear Positive
Iraq,2006,sp,m,25-34,593,Smear Positive
Iraq,2006,sp,m,35-44,278,Smear Positive
Iraq,2006,sp,m,45-54,230,Smear Positive
Iraq,2006,sp,m,55-64,147,Smear Positive
Iraq,2006,sp,m,65+,107,Smear Positive
Iraq,2006,sp,f,0-14,38,Smear Positive
Iraq,2006,sp,f,15-24,338,Smear Positive
Iraq,2006,sp,f,25-34,264,Smear Positive
Iraq,2006,sp,f,35-44,133,Smear Positive
Iraq,2006,sp,f,45-54,154,Smear Positive
Iraq,2006,sp,f,55-64,111,Smear Positive
Iraq,2006,sp,f,65+,70,Smear Positive
Iraq,2006,sn,m,0-14,75,Smear Negative
Iraq,2006,sn,m,15-24,165,Smear Negative
Iraq,2006,sn,m,25-34,237,Smear Negative
Iraq,2006,sn,m,35-44,140,Smear Negative
Iraq,2006,sn,m,45-54,141,Smear Negative
Iraq,2006,sn,m,55-64,167,Smear Negative
Iraq,2006,sn,m,65+,196,Smear Negative
Iraq,2006,sn,f,0-14,122,Smear Negative
Iraq,2006,sn,f,15-24,201,Smear Negative
Iraq,2006,sn,f,25-34,158,Smear Negative
Iraq,2006,sn,f,35-44,127,Smear Negative
Iraq,2006,sn,f,45-54,167,Smear Negative
Iraq,2006,sn,f,55-64,136,Smear Negative
Iraq,2006,sn,f,65+,147,Smear Negative
Iraq,2006,ep,m,0-14,120,Extrapulmonary
Iraq,2006,ep,m,15-24,310,Extrapulmonary
Iraq,2006,ep,m,25-34,321,Extrapulmonary
Iraq,2006,ep,m,35-44,162,Extrapulmonary
Iraq,2006,ep,m,45-54,121,Extrapulmonary
Iraq,2006,ep,m,55-64,69,Extrapulmonary
Iraq,2006,ep,m,65+,77,Extrapulmonary
Iraq,2006,ep,f,0-14,123,Extrapulmonary
Iraq,2006,ep,f,15-24,281,Extrapulmonary
Iraq,2006,ep,f,25-34,291,Extrapulmonary
Iraq,2006,ep,f,35-44,188,Extrapulmonary
Iraq,2006,ep,f,45-54,142,Extrapulmonary
Iraq,2006,ep,f,55-64,91,Extrapulmonary
Iraq,2006,ep,f,65+,79,Extrapulmonary
Iraq,2007,sp,m,0-14,20,Smear Positive
Iraq,2007,sp,m,15-24,319,Smear Positive
Iraq,2007,sp,m,25-34,531,Smear Positive
Iraq,2007,sp,m,35-44,276,Smear Positive
Iraq,2007,sp,m,45-54,223,Smear Positive
Iraq,2007,sp,m,55-64,188,Smear Positive
Iraq,2007,sp,m,65+,126,Smear Positive
Iraq,2007,sp,f,0-14,34,Smear Positive
Iraq,2007,sp,f,15-24,289,Smear Positive
Iraq,2007,sp,f,25-34,228,Smear Positive
Iraq,2007,sp,f,35-44,154,Smear Positive
Iraq,2007,sp,f,45-54,134,Smear Positive
Iraq,2007,sp,f,55-64,130,Smear Positive
Iraq,2007,sp,f,65+,74,Smear Positive
Iraq,2007,sn,m,0-14,80,Smear Negative
Iraq,2007,sn,m,15-24,177,Smear Negative
Iraq,2007,sn,m,25-34,249,Smear Negative
Iraq,2007,sn,m,35-44,159,Smear Negative
Iraq,2007,sn,m,45-54,154,Smear Negative
Iraq,2007,sn,m,55-64,183,Smear Negative
Iraq,2007,sn,m,65+,231,Smear Negative
Iraq,2007,sn,f,0-14,93,Smear Negative
Iraq,2007,sn,f,15-24,195,Smear Negative
Iraq,2007,sn,f,25-34,155,Smear Negative
Iraq,2007,sn,f,35-44,123,Smear Negative
Iraq,2007,sn,f,45-54,187,Smear Negative
Iraq,2007,sn,f,55-64,155,Smear Negative
Iraq,2007,sn,f,65+,152,Smear Negative
Iraq,2007,ep,m,0-14,120,Extrapulmonary
Iraq,2007,ep,m,15-24,279,Extrapulmonary
Iraq,2007,ep,m,25-34,292,Extrapulmonary
Iraq,2007,ep,m,35-44,178,Extrapulmonary
Iraq,2007,ep,m,45-54,125,Extrapulmonary
Iraq,2007,ep,m,55-64,86,Extrapulmonary
Iraq,2007,ep,m,65+,91,Extrapulmonary
Iraq,2007,ep,f,0-14,90,Extrapulmonary
Iraq,2007,ep,f,15-24,286,Extrapulmonary
Iraq,2007,ep,f,25-34,270,Extrapulmonary
Iraq,2007,ep,f,35-44,180,Extrapulmonary
Iraq,2007,ep,f,45-54,120,Extrapulmonary
Iraq,2007,ep,f,55-64,101,Extrapulmonary
Iraq,2007,ep,f,65+,72,Extrapulmonary
Iraq,2008,sp,m,0-14,18,Smear Positive
Iraq,2008,sp,m,15-24,348,Smear Positive
Iraq,2008,sp,m,25-34,525,Smear Positive
Iraq,2008,sp,m,35-44,317,Smear Positive
Iraq,2008,sp,m,45-54,273,Smear Positive
Iraq,2008,sp,m,55-64,224,Smear Positive
Iraq,2008,sp,m,65+,147,Smear Positive
Iraq,2008,sp,f,0-14,54,Smear Positive
Iraq,2008,sp,f,15-24,377,Smear Positive
Iraq,2008,sp,f,25-34,281,Smear Positive
Iraq,2008,sp,f,35-44,125,Smear Positive
Iraq,2008,sp,f,45-54,175,Smear Positive
Iraq,2008,sp,f,55-64,161,Smear Positive
Iraq,2008,sp,f,65+,125,Smear Positive
Iraq,2008,sn,m,0-14,110,Smear Negative
Iraq,2008,sn,m,15-24,233,Smear Negative
Iraq,2008,sn,m,25-34,246,Smear Negative
Iraq,2008,sn,m,35-44,154,Smear Negative
Iraq,2008,sn,m,45-54,168,Smear Negative
Iraq,2008,sn,m,55-64,205,Smear Negative
Iraq,2008,sn,m,65+,325,Smear Negative
Iraq,2008,sn,f,0-14,107,Smear Negative
Iraq,2008,sn,f,15-24,243,Smear Negative
Iraq,2008,sn,f,25-34,201,Smear Negative
Iraq,2008,sn,f,35-44,152,Smear Negative
Iraq,2008,sn,f,45-54,172,Smear Negative
Iraq,2008,sn,f,55-64,210,Smear Negative
Iraq,2008,sn,f,65+,201,Smear Negative
Iraq,2008,ep,m,0-14,146,Extrapulmonary
Iraq,2008,ep,m,15-24,286,Extrapulmonary
Iraq,2008,ep,m,25-34,286,Extrapulmonary
Iraq,2008,ep,m,35-44,179,Extrapulmonary
Iraq,2008,ep,m,45-54,114,Extrapulmonary
Iraq,2008,ep,m,55-64,130,Extrapulmonary
Iraq,2008,ep,m,65+,119,Extrapulmonary
Iraq,2008,ep,f,0-14,161,Extrapulmonary
Iraq,2008,ep,f,15-24,331,Extrapulmonary
Iraq,2008,ep,f,25-34,312,Extrapulmonary
Iraq,2008,ep,f,35-44,206,Extrapulmonary
Iraq,2008,ep,f,45-54,191,Extrapulmonary
Iraq,2008,ep,f,55-64,155,Extrapulmonary
Iraq,2008,ep,f,65+,102,Extrapulmonary
Iraq,2009,sp,m,0-14,33,Smear Positive
Iraq,2009,sp,m,15-24,377,Smear Positive
Iraq,2009,sp,m,25-34,506,Smear Positive
Iraq,2009,sp,m,35-44,340,Smear Positive
Iraq,2009,sp,m,45-54,263,Smear Positive
Iraq,2009,sp,m,55-64,213,Smear Positive
Iraq,2009,sp,m,65+,196,Smear Positive
Iraq,2009,sp,f,0-14,63,Smear Positive
Iraq,2009,sp,f,15-24,361,Smear Positive
Iraq,2009,sp,f,25-34,294,Smear Positive
Iraq,2009,sp,f,35-44,186,Smear Positive
Iraq,2009,sp,f,45-54,216,Smear Positive
Iraq,2009,sp,f,55-64,158,Smear Positive
Iraq,2009,sp,f,65+,141,Smear Positive
Iraq,2009,sn,m,0-14,111,Smear Negative
Iraq,2009,sn,m,15-24,216,Smear Negative
Iraq,2009,sn,m,25-34,225,Smear Negative
Iraq,2009,sn,m,35-44,203,Smear Negative
Iraq,2009,sn,m,45-54,170,Smear Negative
Iraq,2009,sn,m,55-64,189,Smear Negative
Iraq,2009,sn,m,65+,285,Smear Negative
Iraq,2009,sn,f,0-14,125,Smear Negative
Iraq,2009,sn,f,15-24,218,Smear Negative
Iraq,2009,sn,f,25-34,154,Smear Negative
Iraq,2009,sn,f,35-44,167,Smear Negative
Iraq,2009,sn,f,45-54,201,Smear Negative
Iraq,2009,sn,f,55-64,180,Smear Negative
Iraq,2009,sn,f,65+,222,Smear Negative
Iraq,2009,ep,m,0-14,175,Extrapulmonary
Iraq,2009,ep,m,15-24,329,Extrapulmonary
Iraq,2009,ep,m,25-34,315,Extrapulmonary
Iraq,2009,ep,m,35-44,211,Extrapulmonary
Iraq,2009,ep,m,45-54,150,Extrapulmonary
Iraq,2009,ep,m,55-64,120,Extrapulmonary
Iraq,2009,ep,m,65+,98,Extrapulmonary
Iraq,2009,ep,f,0-14,162,Extrapulmonary
Iraq,2009,ep,f,15-24,317,Extrapulmonary
Iraq,2009,ep,f,25-34,334,Extrapulmonary
Iraq,2009,ep,f,35-44,217,Extrapulmonary
Iraq,2009,ep,f,45-54,215,Extrapulmonary
Iraq,2009,ep,f,55-64,139,Extrapulmonary
Iraq,2009,ep,f,65+,122,Extrapulmonary
Iraq,2010,sp,m,0-14,42,Smear Positive
Iraq,2010,sp,m,15-24,370,Smear Positive
Iraq,2010,sp,m,25-34,482,Smear Positive
Iraq,2010,sp,m,35-44,384,Smear Positive
Iraq,2010,sp,m,45-54,276,Smear Positive
Iraq,2010,sp,m,55-64,286,Smear Positive
Iraq,2010,sp,m,65+,228,Smear Positive
Iraq,2010,sp,f,0-14,73,Smear Positive
Iraq,2010,sp,f,15-24,394,Smear Positive
Iraq,2010,sp,f,25-34,294,Smear Positive
Iraq,2010,sp,f,35-44,198,Smear Positive
Iraq,2010,sp,f,45-54,205,Smear Positive
Iraq,2010,sp,f,55-64,220,Smear Positive
Iraq,2010,sp,f,65+,166,Smear Positive
Iraq,2010,sn,m,0-14,108,Smear Negative
Iraq,2010,sn,m,15-24,189,Smear Negative
Iraq,2010,sn,m,25-34,204,Smear Negative
Iraq,2010,sn,m,35-44,176,Smear Negative
Iraq,2010,sn,m,45-54,170,Smear Negative
Iraq,2010,sn,m,55-64,215,Smear Negative
Iraq,2010,sn,m,65+,297,Smear Negative
Iraq,2010,sn,f,0-14,121,Smear Negative
Iraq,2010,sn,f,15-24,201,Smear Negative
Iraq,2010,sn,f,25-34,186,Smear Negative
Iraq,2010,sn,f,35-44,153,Smear Negative
Iraq,2010,sn,f,45-54,210,Smear Negative
Iraq,2010,sn,f,55-64,206,Smear Negative
Iraq,2010,sn,f,65+,257,Smear Negative
Iraq,2010,ep,m,0-14,191,Extrapulmonary
Iraq,2010,ep,m,15-24,297,Extrapulmonary
Iraq,2010,ep,m,25-34,342,Extrapulmonary
Iraq,2010,ep,m,35-44,210,Extrapulmonary
Iraq,2010,ep,m,45-54,133,Extrapulmonary
Iraq,2010,ep,m,55-64,124,Extrapulmonary
Iraq,2010,ep,m,65+,134,Extrapulmonary
Iraq,2010,ep,f,0-14,156,Extrapulmonary
Iraq,2010,ep,f,15-24,335,Extrapulmonary
Iraq,2010,ep,f,25-34,328,Extrapulmonary
Iraq,2010,ep,f,35-44,267,Extrapulmonary
Iraq,2010,ep,f,45-54,211,Extrapulmonary
Iraq,2010,ep,f,55-64,174,Extrapulmonary
Iraq,2010,ep,f,65+,107,Extrapulmonary
Iraq,2011,sp,m,0-14,35,Smear Positive
Iraq,2011,sp,m,15-24,304,Smear Positive
Iraq,2011,sp,m,25-34,395,Smear Positive
Iraq,2011,sp,m,35-44,313,Smear Positive
Iraq,2011,sp,m,45-54,237,Smear Positive
Iraq,2011,sp,m,55-64,223,Smear Positive
Iraq,2011,sp,m,65+,183,Smear Positive
Iraq,2011,sp,f,0-14,66,Smear Positive
Iraq,2011,sp,f,15-24,368,Smear Positive
Iraq,2011,sp,f,25-34,258,Smear Positive
Iraq,2011,sp,f,35-44,164,Smear Positive
Iraq,2011,sp,f,45-54,159,Smear Positive
Iraq,2011,sp,f,55-64,201,Smear Positive
Iraq,2011,sp,f,65+,153,Smear Positive
Iraq,2011,sn,m,0-14,117,Smear Negative
Iraq,2011,sn,m,15-24,165,Smear Negative
Iraq,2011,sn,m,25-34,168,Smear Negative
Iraq,2011,sn,m,35-44,146,Smear Negative
Iraq,2011,sn,m,45-54,114,Smear Negative
Iraq,2011,sn,m,55-64,233,Smear Negative
Iraq,2011,sn,m,65+,269,Smear Negative
Iraq,2011,sn,f,0-14,124,Smear Negative
Iraq,2011,sn,f,15-24,216,Smear Negative
Iraq,2011,sn,f,25-34,156,Smear Negative
Iraq,2011,sn,f,35-44,157,Smear Negative
Iraq,2011,sn,f,45-54,163,Smear Negative
Iraq,2011,sn,f,55-64,213,Smear Negative
Iraq,2011,sn,f,65+,222,Smear Negative
Iraq,2011,ep,m,0-14,213,Extrapulmonary
Iraq,2011,ep,m,15-24,294,Extrapulmonary
Iraq,2011,ep,m,25-34,274,Extrapulmonary
Iraq,2011,ep,m,35-44,174,Extrapulmonary
Iraq,2011,ep,m,45-54,145,Extrapulmonary
Iraq,2011,ep,m,55-64,129,Extrapulmonary
Iraq,2011,ep,m,65+,125,Extrapulmonary
Iraq,2011,ep,f,0-14,172,Extrapulmonary
Iraq,2011,ep,f,15-24,326,Extrapulmonary
Iraq,2011,ep,f,25-34,323,Extrapulmonary
Iraq,2011,ep,f,35-44,245,Extrapulmonary
Iraq,2011,ep,f,45-54,202,Extrapulmonary
Iraq,2011,ep,f,55-64,183,Extrapulmonary
Iraq,2011,ep,f,65+,152,Extrapulmonary
Iraq,2012,sp,m,0-14,27,Smear Positive
Iraq,2012,sp,m,15-24,283,Smear Positive
Iraq,2012,sp,m,25-34,317,Smear Positive
Iraq,2012,sp,m,35-44,263,Smear Positive
Iraq,2012,sp,m,45-54,203,Smear Positive
Iraq,2012,sp,m,55-64,203,Smear Positive
Iraq,2012,sp,m,65+,180,Smear Positive
Iraq,2012,sp,f,0-14,36,Smear Positive
Iraq,2012,sp,f,15-24,340,Smear Positive
Iraq,2012,sp,f,25-34,225,Smear Positive
Iraq,2012,sp,f,35-44,154,Smear Positive
Iraq,2012,sp,f,45-54,186,Smear Positive
Iraq,2012,sp,f,55-64,174,Smear Positive
Iraq,2012,sp,f,65+,169,Smear Positive
Iraq,2012,sn,m,0-14,98,Smear Negative
Iraq,2012,sn,m,15-24,154,Smear Negative
Iraq,2012,sn,m,25-34,152,Smear Negative
Iraq,2012,sn,m,35-44,133,Smear Negative
Iraq,2012,sn,m,45-54,147,Smear Negative
Iraq,2012,sn,m,55-64,182,Smear Negative
Iraq,2012,sn,m,65+,269,Smear Negative
Iraq,2012,sn,f,0-14,113,Smear Negative
Iraq,2012,sn,f,15-24,202,Smear Negative
Iraq,2012,sn,f,25-34,156,Smear Negative
Iraq,2012,sn,f,35-44,123,Smear Negative
Iraq,2012,sn,f,45-54,134,Smear Negative
Iraq,2012,sn,f,55-64,195,Smear Negative
Iraq,2012,sn,f,65+,257,Smear Negative
Iraq,2012,ep,m,0-14,185,Extrapulmonary
Iraq,2012,ep,m,15-24,271,Extrapulmonary
Iraq,2012,ep,m,25-34,288,Extrapulmonary
Iraq,2012,ep,m,35-44,198,Extrapulmonary
Iraq,2012,ep,m,45-54,151,Extrapulmonary
Iraq,2012,ep,m,55-64,142,Extrapulmonary
Iraq,2012,ep,m,65+,126,Extrapulmonary
Iraq,2012,ep,f,0-14,188,Extrapulmonary
Iraq,2012,ep,f,15-24,390,Extrapulmonary
Iraq,2012,ep,f,25-34,350,Extrapulmonary
Iraq,2012,ep,f,35-44,310,Extrapulmonary
Iraq,2012,ep,f,45-54,269,Extrapulmonary
Iraq,2012,ep,f,55-64,195,Extrapulmonary
Iraq,2012,ep,f,65+,198,Extrapulmonary
Iraq,2013,rel,m,0-14,321,Relapse
Iraq,2013,rel,m,15-24,693,Relapse
Iraq,2013,rel,m,25-34,772,Relapse
Iraq,2013,rel,m,35-44,675,Relapse
Iraq,2013,rel,m,45-54,588,Relapse
Iraq,2013,rel,m,55-64,555,Relapse
Iraq,2013,rel,m,65+,612,Relapse
Iraq,2013,rel,f,0-14,350,Relapse
Iraq,2013,rel,f,15-24,819,Relapse
Iraq,2013,rel,f,25-34,781,Relapse
Iraq,2013,rel,f,35-44,592,Relapse
Iraq,2013,rel,f,45-54,614,Relapse
Iraq,2013,rel,f,55-64,577,Relapse
Iraq,2013,rel,f,65+,605,Relapse
Ireland,1998,sp,m,0-14,1,Smear Positive
Ireland,1998,sp,m,15-24,11,Smear Positive
Ireland,1998,sp,m,25-34,8,Smear Positive
Ireland,1998,sp,m,35-44,21,Smear Positive
Ireland,1998,sp,m,45-54,8,Smear Positive
Ireland,1998,sp,m,55-64,8,Smear Positive
Ireland,1998,sp,m,65+,19,Smear Positive
Ireland,1998,sp,f,0-14,0,Smear Positive
Ireland,1998,sp,f,15-24,5,Smear Positive
Ireland,1998,sp,f,25-34,11,Smear Positive
Ireland,1998,sp,f,35-44,1,Smear Positive
Ireland,1998,sp,f,45-54,1,Smear Positive
Ireland,1998,sp,f,55-64,4,Smear Positive
Ireland,1998,sp,f,65+,13,Smear Positive
Ireland,1999,sp,m,0-14,0,Smear Positive
Ireland,1999,sp,m,15-24,7,Smear Positive
Ireland,1999,sp,m,25-34,15,Smear Positive
Ireland,1999,sp,m,35-44,10,Smear Positive
Ireland,1999,sp,m,45-54,12,Smear Positive
Ireland,1999,sp,m,55-64,7,Smear Positive
Ireland,1999,sp,m,65+,19,Smear Positive
Ireland,1999,sp,f,0-14,0,Smear Positive
Ireland,1999,sp,f,15-24,9,Smear Positive
Ireland,1999,sp,f,25-34,9,Smear Positive
Ireland,1999,sp,f,35-44,3,Smear Positive
Ireland,1999,sp,f,45-54,8,Smear Positive
Ireland,1999,sp,f,55-64,3,Smear Positive
Ireland,1999,sp,f,65+,13,Smear Positive
Ireland,2000,sp,m,0-14,0,Smear Positive
Ireland,2000,sp,m,15-24,10,Smear Positive
Ireland,2000,sp,m,25-34,7,Smear Positive
Ireland,2000,sp,m,35-44,7,Smear Positive
Ireland,2000,sp,m,45-54,6,Smear Positive
Ireland,2000,sp,m,55-64,4,Smear Positive
Ireland,2000,sp,m,65+,12,Smear Positive
Ireland,2000,sp,f,0-14,0,Smear Positive
Ireland,2000,sp,f,15-24,13,Smear Positive
Ireland,2000,sp,f,25-34,8,Smear Positive
Ireland,2000,sp,f,35-44,13,Smear Positive
Ireland,2000,sp,f,45-54,6,Smear Positive
Ireland,2000,sp,f,55-64,7,Smear Positive
Ireland,2000,sp,f,65+,15,Smear Positive
Ireland,2001,sp,m,0-14,0,Smear Positive
Ireland,2001,sp,m,15-24,6,Smear Positive
Ireland,2001,sp,m,25-34,12,Smear Positive
Ireland,2001,sp,m,35-44,14,Smear Positive
Ireland,2001,sp,m,45-54,8,Smear Positive
Ireland,2001,sp,m,55-64,7,Smear Positive
Ireland,2001,sp,m,65+,7,Smear Positive
Ireland,2001,sp,f,0-14,0,Smear Positive
Ireland,2001,sp,f,15-24,4,Smear Positive
Ireland,2001,sp,f,25-34,6,Smear Positive
Ireland,2001,sp,f,35-44,3,Smear Positive
Ireland,2001,sp,f,45-54,1,Smear Positive
Ireland,2001,sp,f,55-64,1,Smear Positive
Ireland,2001,sp,f,65+,5,Smear Positive
Ireland,2002,sp,m,0-14,0,Smear Positive
Ireland,2002,sp,m,15-24,7,Smear Positive
Ireland,2002,sp,m,25-34,18,Smear Positive
Ireland,2002,sp,m,35-44,13,Smear Positive
Ireland,2002,sp,m,45-54,14,Smear Positive
Ireland,2002,sp,m,55-64,12,Smear Positive
Ireland,2002,sp,m,65+,6,Smear Positive
Ireland,2002,sp,f,0-14,0,Smear Positive
Ireland,2002,sp,f,15-24,4,Smear Positive
Ireland,2002,sp,f,25-34,3,Smear Positive
Ireland,2002,sp,f,35-44,5,Smear Positive
Ireland,2002,sp,f,45-54,2,Smear Positive
Ireland,2002,sp,f,55-64,0,Smear Positive
Ireland,2002,sp,f,65+,4,Smear Positive
Ireland,2003,sp,m,0-14,0,Smear Positive
Ireland,2003,sp,m,15-24,10,Smear Positive
Ireland,2003,sp,m,25-34,11,Smear Positive
Ireland,2003,sp,m,35-44,13,Smear Positive
Ireland,2003,sp,m,45-54,14,Smear Positive
Ireland,2003,sp,m,55-64,7,Smear Positive
Ireland,2003,sp,m,65+,11,Smear Positive
Ireland,2003,sp,f,0-14,0,Smear Positive
Ireland,2003,sp,f,15-24,4,Smear Positive
Ireland,2003,sp,f,25-34,7,Smear Positive
Ireland,2003,sp,f,35-44,6,Smear Positive
Ireland,2003,sp,f,45-54,4,Smear Positive
Ireland,2003,sp,f,55-64,1,Smear Positive
Ireland,2003,sp,f,65+,10,Smear Positive
Ireland,2004,sp,m,0-14,1,Smear Positive
Ireland,2004,sp,m,15-24,4,Smear Positive
Ireland,2004,sp,m,25-34,17,Smear Positive
Ireland,2004,sp,m,35-44,10,Smear Positive
Ireland,2004,sp,m,45-54,12,Smear Positive
Ireland,2004,sp,m,55-64,7,Smear Positive
Ireland,2004,sp,m,65+,10,Smear Positive
Ireland,2004,sp,f,0-14,0,Smear Positive
Ireland,2004,sp,f,15-24,10,Smear Positive
Ireland,2004,sp,f,25-34,9,Smear Positive
Ireland,2004,sp,f,35-44,2,Smear Positive
Ireland,2004,sp,f,45-54,2,Smear Positive
Ireland,2004,sp,f,55-64,3,Smear Positive
Ireland,2004,sp,f,65+,6,Smear Positive
Ireland,2005,sp,m,0-14,1,Smear Positive
Ireland,2005,sp,m,15-24,6,Smear Positive
Ireland,2005,sp,m,25-34,10,Smear Positive
Ireland,2005,sp,m,35-44,21,Smear Positive
Ireland,2005,sp,m,45-54,10,Smear Positive
Ireland,2005,sp,m,55-64,7,Smear Positive
Ireland,2005,sp,m,65+,6,Smear Positive
Ireland,2005,sp,f,0-14,0,Smear Positive
Ireland,2005,sp,f,15-24,9,Smear Positive
Ireland,2005,sp,f,25-34,10,Smear Positive
Ireland,2005,sp,f,35-44,3,Smear Positive
Ireland,2005,sp,f,45-54,3,Smear Positive
Ireland,2005,sp,f,55-64,0,Smear Positive
Ireland,2005,sp,f,65+,8,Smear Positive
Ireland,2006,sp,m,0-14,0,Smear Positive
Ireland,2006,sp,m,15-24,8,Smear Positive
Ireland,2006,sp,m,25-34,18,Smear Positive
Ireland,2006,sp,m,35-44,17,Smear Positive
Ireland,2006,sp,m,45-54,11,Smear Positive
Ireland,2006,sp,m,55-64,16,Smear Positive
Ireland,2006,sp,m,65+,13,Smear Positive
Ireland,2006,sp,f,0-14,0,Smear Positive
Ireland,2006,sp,f,15-24,11,Smear Positive
Ireland,2006,sp,f,25-34,20,Smear Positive
Ireland,2006,sp,f,35-44,8,Smear Positive
Ireland,2006,sp,f,45-54,4,Smear Positive
Ireland,2006,sp,f,55-64,3,Smear Positive
Ireland,2006,sp,f,65+,3,Smear Positive
Ireland,2006,sn,m,0-14,8,Smear Negative
Ireland,2006,sn,m,15-24,12,Smear Negative
Ireland,2006,sn,m,25-34,21,Smear Negative
Ireland,2006,sn,m,35-44,14,Smear Negative
Ireland,2006,sn,m,45-54,11,Smear Negative
Ireland,2006,sn,m,55-64,11,Smear Negative
Ireland,2006,sn,m,65+,26,Smear Negative
Ireland,2006,sn,f,0-14,5,Smear Negative
Ireland,2006,sn,f,15-24,20,Smear Negative
Ireland,2006,sn,f,25-34,19,Smear Negative
Ireland,2006,sn,f,35-44,10,Smear Negative
Ireland,2006,sn,f,45-54,4,Smear Negative
Ireland,2006,sn,f,55-64,4,Smear Negative
Ireland,2006,sn,f,65+,14,Smear Negative
Ireland,2006,ep,m,0-14,2,Extrapulmonary
Ireland,2006,ep,m,15-24,4,Extrapulmonary
Ireland,2006,ep,m,25-34,19,Extrapulmonary
Ireland,2006,ep,m,35-44,15,Extrapulmonary
Ireland,2006,ep,m,45-54,7,Extrapulmonary
Ireland,2006,ep,m,55-64,6,Extrapulmonary
Ireland,2006,ep,m,65+,9,Extrapulmonary
Ireland,2006,ep,f,0-14,3,Extrapulmonary
Ireland,2006,ep,f,15-24,4,Extrapulmonary
Ireland,2006,ep,f,25-34,11,Extrapulmonary
Ireland,2006,ep,f,35-44,6,Extrapulmonary
Ireland,2006,ep,f,45-54,3,Extrapulmonary
Ireland,2006,ep,f,55-64,2,Extrapulmonary
Ireland,2006,ep,f,65+,8,Extrapulmonary
Ireland,2007,sp,m,0-14,0,Smear Positive
Ireland,2007,sp,m,15-24,26,Smear Positive
Ireland,2007,sp,m,25-34,49,Smear Positive
Ireland,2007,sp,m,35-44,32,Smear Positive
Ireland,2007,sp,m,45-54,28,Smear Positive
Ireland,2007,sp,m,55-64,26,Smear Positive
Ireland,2007,sp,m,65+,26,Smear Positive
Ireland,2007,sp,f,0-14,0,Smear Positive
Ireland,2007,sp,f,15-24,14,Smear Positive
Ireland,2007,sp,f,25-34,28,Smear Positive
Ireland,2007,sp,f,35-44,22,Smear Positive
Ireland,2007,sp,f,45-54,14,Smear Positive
Ireland,2007,sp,f,55-64,2,Smear Positive
Ireland,2007,sp,f,65+,4,Smear Positive
Ireland,2007,sn,m,0-14,41,Smear Negative
Ireland,2007,sn,m,15-24,32,Smear Negative
Ireland,2007,sn,m,25-34,53,Smear Negative
Ireland,2007,sn,m,35-44,52,Smear Negative
Ireland,2007,sn,m,45-54,14,Smear Negative
Ireland,2007,sn,m,55-64,20,Smear Negative
Ireland,2007,sn,m,65+,51,Smear Negative
Ireland,2007,sn,f,0-14,39,Smear Negative
Ireland,2007,sn,f,15-24,21,Smear Negative
Ireland,2007,sn,f,25-34,53,Smear Negative
Ireland,2007,sn,f,35-44,28,Smear Negative
Ireland,2007,sn,f,45-54,13,Smear Negative
Ireland,2007,sn,f,55-64,9,Smear Negative
Ireland,2007,sn,f,65+,35,Smear Negative
Ireland,2007,ep,m,0-14,0,Extrapulmonary
Ireland,2007,ep,m,15-24,16,Extrapulmonary
Ireland,2007,ep,m,25-34,46,Extrapulmonary
Ireland,2007,ep,m,35-44,28,Extrapulmonary
Ireland,2007,ep,m,45-54,8,Extrapulmonary
Ireland,2007,ep,m,55-64,14,Extrapulmonary
Ireland,2007,ep,m,65+,16,Extrapulmonary
Ireland,2007,ep,f,0-14,2,Extrapulmonary
Ireland,2007,ep,f,15-24,14,Extrapulmonary
Ireland,2007,ep,f,25-34,28,Extrapulmonary
Ireland,2007,ep,f,35-44,24,Extrapulmonary
Ireland,2007,ep,f,45-54,6,Extrapulmonary
Ireland,2007,ep,f,55-64,10,Extrapulmonary
Ireland,2007,ep,f,65+,10,Extrapulmonary
Ireland,2008,sp,m,0-14,2,Smear Positive
Ireland,2008,sp,m,15-24,9,Smear Positive
Ireland,2008,sp,m,25-34,18,Smear Positive
Ireland,2008,sp,m,35-44,6,Smear Positive
Ireland,2008,sp,m,45-54,21,Smear Positive
Ireland,2008,sp,m,55-64,10,Smear Positive
Ireland,2008,sp,m,65+,13,Smear Positive
Ireland,2008,sp,f,0-14,0,Smear Positive
Ireland,2008,sp,f,15-24,12,Smear Positive
Ireland,2008,sp,f,25-34,16,Smear Positive
Ireland,2008,sp,f,35-44,8,Smear Positive
Ireland,2008,sp,f,45-54,3,Smear Positive
Ireland,2008,sp,f,55-64,3,Smear Positive
Ireland,2008,sp,f,65+,2,Smear Positive
Ireland,2008,sn,m,0-14,4,Smear Negative
Ireland,2008,sn,m,15-24,4,Smear Negative
Ireland,2008,sn,m,25-34,15,Smear Negative
Ireland,2008,sn,m,35-44,14,Smear Negative
Ireland,2008,sn,m,45-54,12,Smear Negative
Ireland,2008,sn,m,55-64,13,Smear Negative
Ireland,2008,sn,m,65+,19,Smear Negative
Ireland,2008,sn,f,0-14,6,Smear Negative
Ireland,2008,sn,f,15-24,8,Smear Negative
Ireland,2008,sn,f,25-34,12,Smear Negative
Ireland,2008,sn,f,35-44,2,Smear Negative
Ireland,2008,sn,f,45-54,3,Smear Negative
Ireland,2008,sn,f,55-64,3,Smear Negative
Ireland,2008,sn,f,65+,9,Smear Negative
Ireland,2008,ep,m,0-14,0,Extrapulmonary
Ireland,2008,ep,m,15-24,8,Extrapulmonary
Ireland,2008,ep,m,25-34,10,Extrapulmonary
Ireland,2008,ep,m,35-44,15,Extrapulmonary
Ireland,2008,ep,m,45-54,4,Extrapulmonary
Ireland,2008,ep,m,55-64,3,Extrapulmonary
Ireland,2008,ep,m,65+,2,Extrapulmonary
Ireland,2008,ep,f,0-14,2,Extrapulmonary
Ireland,2008,ep,f,15-24,6,Extrapulmonary
Ireland,2008,ep,f,25-34,13,Extrapulmonary
Ireland,2008,ep,f,35-44,5,Extrapulmonary
Ireland,2008,ep,f,45-54,6,Extrapulmonary
Ireland,2008,ep,f,55-64,2,Extrapulmonary
Ireland,2008,ep,f,65+,5,Extrapulmonary
Ireland,2009,sp,m,0-14,0,Smear Positive
Ireland,2009,sp,m,15-24,5,Smear Positive
Ireland,2009,sp,m,25-34,19,Smear Positive
Ireland,2009,sp,m,35-44,13,Smear Positive
Ireland,2009,sp,m,45-54,12,Smear Positive
Ireland,2009,sp,m,55-64,10,Smear Positive
Ireland,2009,sp,m,65+,12,Smear Positive
Ireland,2009,sp,f,0-14,3,Smear Positive
Ireland,2009,sp,f,15-24,5,Smear Positive
Ireland,2009,sp,f,25-34,13,Smear Positive
Ireland,2009,sp,f,35-44,7,Smear Positive
Ireland,2009,sp,f,45-54,1,Smear Positive
Ireland,2009,sp,f,55-64,3,Smear Positive
Ireland,2009,sp,f,65+,3,Smear Positive
Ireland,2009,sn,m,0-14,4,Smear Negative
Ireland,2009,sn,m,15-24,8,Smear Negative
Ireland,2009,sn,m,25-34,15,Smear Negative
Ireland,2009,sn,m,35-44,11,Smear Negative
Ireland,2009,sn,m,45-54,13,Smear Negative
Ireland,2009,sn,m,55-64,11,Smear Negative
Ireland,2009,sn,m,65+,14,Smear Negative
Ireland,2009,sn,f,0-14,5,Smear Negative
Ireland,2009,sn,f,15-24,2,Smear Negative
Ireland,2009,sn,f,25-34,13,Smear Negative
Ireland,2009,sn,f,35-44,13,Smear Negative
Ireland,2009,sn,f,45-54,6,Smear Negative
Ireland,2009,sn,f,55-64,7,Smear Negative
Ireland,2009,sn,f,65+,8,Smear Negative
Ireland,2009,ep,m,0-14,4,Extrapulmonary
Ireland,2009,ep,m,15-24,9,Extrapulmonary
Ireland,2009,ep,m,25-34,27,Extrapulmonary
Ireland,2009,ep,m,35-44,12,Extrapulmonary
Ireland,2009,ep,m,45-54,10,Extrapulmonary
Ireland,2009,ep,m,55-64,7,Extrapulmonary
Ireland,2009,ep,m,65+,9,Extrapulmonary
Ireland,2009,ep,f,0-14,1,Extrapulmonary
Ireland,2009,ep,f,15-24,11,Extrapulmonary
Ireland,2009,ep,f,25-34,11,Extrapulmonary
Ireland,2009,ep,f,35-44,11,Extrapulmonary
Ireland,2009,ep,f,45-54,5,Extrapulmonary
Ireland,2009,ep,f,55-64,4,Extrapulmonary
Ireland,2009,ep,f,65+,4,Extrapulmonary
Ireland,2010,sp,m,0-14,0,Smear Positive
Ireland,2010,sp,m,15-24,8,Smear Positive
Ireland,2010,sp,m,25-34,17,Smear Positive
Ireland,2010,sp,m,35-44,4,Smear Positive
Ireland,2010,sp,m,45-54,13,Smear Positive
Ireland,2010,sp,m,55-64,5,Smear Positive
Ireland,2010,sp,m,65+,13,Smear Positive
Ireland,2010,sp,f,0-14,0,Smear Positive
Ireland,2010,sp,f,15-24,8,Smear Positive
Ireland,2010,sp,f,25-34,8,Smear Positive
Ireland,2010,sp,f,35-44,2,Smear Positive
Ireland,2010,sp,f,45-54,2,Smear Positive
Ireland,2010,sp,f,55-64,2,Smear Positive
Ireland,2010,sp,f,65+,3,Smear Positive
Ireland,2010,sn,m,0-14,10,Smear Negative
Ireland,2010,sn,m,15-24,8,Smear Negative
Ireland,2010,sn,m,25-34,21,Smear Negative
Ireland,2010,sn,m,35-44,15,Smear Negative
Ireland,2010,sn,m,45-54,7,Smear Negative
Ireland,2010,sn,m,55-64,5,Smear Negative
Ireland,2010,sn,m,65+,10,Smear Negative
Ireland,2010,sn,f,0-14,1,Smear Negative
Ireland,2010,sn,f,15-24,13,Smear Negative
Ireland,2010,sn,f,25-34,8,Smear Negative
Ireland,2010,sn,f,35-44,7,Smear Negative
Ireland,2010,sn,f,45-54,5,Smear Negative
Ireland,2010,sn,f,55-64,4,Smear Negative
Ireland,2010,sn,f,65+,13,Smear Negative
Ireland,2010,ep,m,0-14,4,Extrapulmonary
Ireland,2010,ep,m,15-24,7,Extrapulmonary
Ireland,2010,ep,m,25-34,20,Extrapulmonary
Ireland,2010,ep,m,35-44,20,Extrapulmonary
Ireland,2010,ep,m,45-54,5,Extrapulmonary
Ireland,2010,ep,m,55-64,3,Extrapulmonary
Ireland,2010,ep,m,65+,13,Extrapulmonary
Ireland,2010,ep,f,0-14,2,Extrapulmonary
Ireland,2010,ep,f,15-24,9,Extrapulmonary
Ireland,2010,ep,f,25-34,12,Extrapulmonary
Ireland,2010,ep,f,35-44,9,Extrapulmonary
Ireland,2010,ep,f,45-54,4,Extrapulmonary
Ireland,2010,ep,f,55-64,1,Extrapulmonary
Ireland,2010,ep,f,65+,6,Extrapulmonary
Ireland,2011,sp,m,0-14,0,Smear Positive
Ireland,2011,sp,m,15-24,7,Smear Positive
Ireland,2011,sp,m,25-34,9,Smear Positive
Ireland,2011,sp,m,35-44,12,Smear Positive
Ireland,2011,sp,m,45-54,12,Smear Positive
Ireland,2011,sp,m,55-64,7,Smear Positive
Ireland,2011,sp,m,65+,6,Smear Positive
Ireland,2011,sp,f,0-14,0,Smear Positive
Ireland,2011,sp,f,15-24,8,Smear Positive
Ireland,2011,sp,f,25-34,7,Smear Positive
Ireland,2011,sp,f,35-44,7,Smear Positive
Ireland,2011,sp,f,45-54,8,Smear Positive
Ireland,2011,sp,f,55-64,2,Smear Positive
Ireland,2011,sp,f,65+,1,Smear Positive
Ireland,2011,sn,m,0-14,2,Smear Negative
Ireland,2011,sn,m,15-24,5,Smear Negative
Ireland,2011,sn,m,25-34,21,Smear Negative
Ireland,2011,sn,m,35-44,14,Smear Negative
Ireland,2011,sn,m,45-54,10,Smear Negative
Ireland,2011,sn,m,55-64,4,Smear Negative
Ireland,2011,sn,m,65+,10,Smear Negative
Ireland,2011,sn,f,0-14,6,Smear Negative
Ireland,2011,sn,f,15-24,3,Smear Negative
Ireland,2011,sn,f,25-34,12,Smear Negative
Ireland,2011,sn,f,35-44,6,Smear Negative
Ireland,2011,sn,f,45-54,7,Smear Negative
Ireland,2011,sn,f,55-64,7,Smear Negative
Ireland,2011,sn,f,65+,4,Smear Negative
Ireland,2011,ep,m,0-14,0,Extrapulmonary
Ireland,2011,ep,m,15-24,8,Extrapulmonary
Ireland,2011,ep,m,25-34,15,Extrapulmonary
Ireland,2011,ep,m,35-44,9,Extrapulmonary
Ireland,2011,ep,m,45-54,6,Extrapulmonary
Ireland,2011,ep,m,55-64,1,Extrapulmonary
Ireland,2011,ep,m,65+,7,Extrapulmonary
Ireland,2011,ep,f,0-14,5,Extrapulmonary
Ireland,2011,ep,f,15-24,3,Extrapulmonary
Ireland,2011,ep,f,25-34,15,Extrapulmonary
Ireland,2011,ep,f,35-44,7,Extrapulmonary
Ireland,2011,ep,f,45-54,4,Extrapulmonary
Ireland,2011,ep,f,55-64,2,Extrapulmonary
Ireland,2011,ep,f,65+,1,Extrapulmonary
Ireland,2012,sp,m,0-14,1,Smear Positive
Ireland,2012,sp,m,15-24,7,Smear Positive
Ireland,2012,sp,m,25-34,9,Smear Positive
Ireland,2012,sp,m,35-44,9,Smear Positive
Ireland,2012,sp,m,45-54,9,Smear Positive
Ireland,2012,sp,m,55-64,12,Smear Positive
Ireland,2012,sp,m,65+,4,Smear Positive
Ireland,2012,sp,f,0-14,1,Smear Positive
Ireland,2012,sp,f,15-24,5,Smear Positive
Ireland,2012,sp,f,25-34,6,Smear Positive
Ireland,2012,sp,f,35-44,6,Smear Positive
Ireland,2012,sp,f,45-54,4,Smear Positive
Ireland,2012,sp,f,55-64,2,Smear Positive
Ireland,2012,sp,f,65+,2,Smear Positive
Ireland,2012,sn,m,0-14,3,Smear Negative
Ireland,2012,sn,m,15-24,5,Smear Negative
Ireland,2012,sn,m,25-34,9,Smear Negative
Ireland,2012,sn,m,35-44,12,Smear Negative
Ireland,2012,sn,m,45-54,8,Smear Negative
Ireland,2012,sn,m,55-64,6,Smear Negative
Ireland,2012,sn,m,65+,9,Smear Negative
Ireland,2012,sn,f,0-14,0,Smear Negative
Ireland,2012,sn,f,15-24,13,Smear Negative
Ireland,2012,sn,f,25-34,9,Smear Negative
Ireland,2012,sn,f,35-44,6,Smear Negative
Ireland,2012,sn,f,45-54,6,Smear Negative
Ireland,2012,sn,f,55-64,5,Smear Negative
Ireland,2012,sn,f,65+,6,Smear Negative
Ireland,2012,ep,m,0-14,1,Extrapulmonary
Ireland,2012,ep,m,15-24,3,Extrapulmonary
Ireland,2012,ep,m,25-34,13,Extrapulmonary
Ireland,2012,ep,m,35-44,10,Extrapulmonary
Ireland,2012,ep,m,45-54,3,Extrapulmonary
Ireland,2012,ep,m,55-64,7,Extrapulmonary
Ireland,2012,ep,m,65+,8,Extrapulmonary
Ireland,2012,ep,f,0-14,2,Extrapulmonary
Ireland,2012,ep,f,15-24,5,Extrapulmonary
Ireland,2012,ep,f,25-34,10,Extrapulmonary
Ireland,2012,ep,f,35-44,6,Extrapulmonary
Ireland,2012,ep,f,45-54,3,Extrapulmonary
Ireland,2012,ep,f,55-64,0,Extrapulmonary
Ireland,2012,ep,f,65+,3,Extrapulmonary
Ireland,2013,rel,m,0-14,4,Relapse
Ireland,2013,rel,m,15-24,19,Relapse
Ireland,2013,rel,m,25-34,55,Relapse
Ireland,2013,rel,m,35-44,41,Relapse
Ireland,2013,rel,m,45-54,38,Relapse
Ireland,2013,rel,m,55-64,32,Relapse
Ireland,2013,rel,m,65+,35,Relapse
Ireland,2013,rel,f,0-14,5,Relapse
Ireland,2013,rel,f,15-24,28,Relapse
Ireland,2013,rel,f,25-34,32,Relapse
Ireland,2013,rel,f,35-44,34,Relapse
Ireland,2013,rel,f,45-54,11,Relapse
Ireland,2013,rel,f,55-64,7,Relapse
Ireland,2013,rel,f,65+,13,Relapse
Israel,1996,sp,m,0-14,1,Smear Positive
Israel,1996,sp,m,15-24,5,Smear Positive
Israel,1996,sp,m,25-34,18,Smear Positive
Israel,1996,sp,m,35-44,21,Smear Positive
Israel,1996,sp,m,45-54,15,Smear Positive
Israel,1996,sp,m,55-64,11,Smear Positive
Israel,1996,sp,m,65+,33,Smear Positive
Israel,1996,sp,f,0-14,2,Smear Positive
Israel,1996,sp,f,15-24,8,Smear Positive
Israel,1996,sp,f,25-34,4,Smear Positive
Israel,1996,sp,f,35-44,2,Smear Positive
Israel,1996,sp,f,45-54,4,Smear Positive
Israel,1996,sp,f,55-64,5,Smear Positive
Israel,1996,sp,f,65+,18,Smear Positive
Israel,1997,sp,m,0-14,5,Smear Positive
Israel,1997,sp,m,15-24,9,Smear Positive
Israel,1997,sp,m,25-34,27,Smear Positive
Israel,1997,sp,m,35-44,20,Smear Positive
Israel,1997,sp,m,45-54,17,Smear Positive
Israel,1997,sp,m,55-64,19,Smear Positive
Israel,1997,sp,m,65+,43,Smear Positive
Israel,1997,sp,f,0-14,2,Smear Positive
Israel,1997,sp,f,15-24,16,Smear Positive
Israel,1997,sp,f,25-34,10,Smear Positive
Israel,1997,sp,f,35-44,18,Smear Positive
Israel,1997,sp,f,45-54,7,Smear Positive
Israel,1997,sp,f,55-64,3,Smear Positive
Israel,1997,sp,f,65+,27,Smear Positive
Israel,1998,sp,m,0-14,1,Smear Positive
Israel,1998,sp,m,15-24,20,Smear Positive
Israel,1998,sp,m,25-34,29,Smear Positive
Israel,1998,sp,m,35-44,35,Smear Positive
Israel,1998,sp,m,45-54,19,Smear Positive
Israel,1998,sp,m,55-64,16,Smear Positive
Israel,1998,sp,m,65+,30,Smear Positive
Israel,1998,sp,f,0-14,1,Smear Positive
Israel,1998,sp,f,15-24,9,Smear Positive
Israel,1998,sp,f,25-34,10,Smear Positive
Israel,1998,sp,f,35-44,7,Smear Positive
Israel,1998,sp,f,45-54,9,Smear Positive
Israel,1998,sp,f,55-64,9,Smear Positive
Israel,1998,sp,f,65+,26,Smear Positive
Israel,1999,sp,m,0-14,3,Smear Positive
Israel,1999,sp,m,15-24,19,Smear Positive
Israel,1999,sp,m,25-34,20,Smear Positive
Israel,1999,sp,m,35-44,28,Smear Positive
Israel,1999,sp,m,45-54,19,Smear Positive
Israel,1999,sp,m,55-64,13,Smear Positive
Israel,1999,sp,m,65+,36,Smear Positive
Israel,1999,sp,f,0-14,2,Smear Positive
Israel,1999,sp,f,15-24,8,Smear Positive
Israel,1999,sp,f,25-34,15,Smear Positive
Israel,1999,sp,f,35-44,7,Smear Positive
Israel,1999,sp,f,45-54,7,Smear Positive
Israel,1999,sp,f,55-64,5,Smear Positive
Israel,1999,sp,f,65+,26,Smear Positive
Israel,1999,sn,m,0-14,11,Smear Negative
Israel,1999,sn,m,15-24,11,Smear Negative
Israel,1999,sn,m,25-34,19,Smear Negative
Israel,1999,sn,m,35-44,13,Smear Negative
Israel,1999,sn,m,45-54,13,Smear Negative
Israel,1999,sn,m,55-64,11,Smear Negative
Israel,1999,sn,m,65+,21,Smear Negative
Israel,1999,sn,f,0-14,15,Smear Negative
Israel,1999,sn,f,15-24,6,Smear Negative
Israel,1999,sn,f,25-34,18,Smear Negative
Israel,1999,sn,f,35-44,5,Smear Negative
Israel,1999,sn,f,45-54,5,Smear Negative
Israel,1999,sn,f,55-64,5,Smear Negative
Israel,1999,sn,f,65+,24,Smear Negative
Israel,1999,ep,m,0-14,11,Extrapulmonary
Israel,1999,ep,m,15-24,3,Extrapulmonary
Israel,1999,ep,m,25-34,7,Extrapulmonary
Israel,1999,ep,m,35-44,10,Extrapulmonary
Israel,1999,ep,m,45-54,5,Extrapulmonary
Israel,1999,ep,m,55-64,7,Extrapulmonary
Israel,1999,ep,m,65+,20,Extrapulmonary
Israel,1999,ep,f,0-14,5,Extrapulmonary
Israel,1999,ep,f,15-24,5,Extrapulmonary
Israel,1999,ep,f,25-34,5,Extrapulmonary
Israel,1999,ep,f,35-44,7,Extrapulmonary
Israel,1999,ep,f,45-54,11,Extrapulmonary
Israel,1999,ep,f,55-64,11,Extrapulmonary
Israel,1999,ep,f,65+,25,Extrapulmonary
Israel,2000,sp,m,0-14,0,Smear Positive
Israel,2000,sp,m,15-24,20,Smear Positive
Israel,2000,sp,m,25-34,26,Smear Positive
Israel,2000,sp,m,35-44,23,Smear Positive
Israel,2000,sp,m,45-54,23,Smear Positive
Israel,2000,sp,m,55-64,13,Smear Positive
Israel,2000,sp,m,65+,38,Smear Positive
Israel,2000,sp,f,0-14,3,Smear Positive
Israel,2000,sp,f,15-24,10,Smear Positive
Israel,2000,sp,f,25-34,16,Smear Positive
Israel,2000,sp,f,35-44,6,Smear Positive
Israel,2000,sp,f,45-54,3,Smear Positive
Israel,2000,sp,f,55-64,3,Smear Positive
Israel,2000,sp,f,65+,32,Smear Positive
Israel,2000,sn,m,0-14,18,Smear Negative
Israel,2000,sn,m,15-24,6,Smear Negative
Israel,2000,sn,m,25-34,17,Smear Negative
Israel,2000,sn,m,35-44,26,Smear Negative
Israel,2000,sn,m,45-54,14,Smear Negative
Israel,2000,sn,m,55-64,16,Smear Negative
Israel,2000,sn,m,65+,30,Smear Negative
Israel,2000,sn,f,0-14,19,Smear Negative
Israel,2000,sn,f,15-24,7,Smear Negative
Israel,2000,sn,f,25-34,10,Smear Negative
Israel,2000,sn,f,35-44,12,Smear Negative
Israel,2000,sn,f,45-54,6,Smear Negative
Israel,2000,sn,f,55-64,11,Smear Negative
Israel,2000,sn,f,65+,21,Smear Negative
Israel,2000,ep,m,0-14,6,Extrapulmonary
Israel,2000,ep,m,15-24,0,Extrapulmonary
Israel,2000,ep,m,25-34,8,Extrapulmonary
Israel,2000,ep,m,35-44,5,Extrapulmonary
Israel,2000,ep,m,45-54,5,Extrapulmonary
Israel,2000,ep,m,55-64,2,Extrapulmonary
Israel,2000,ep,m,65+,12,Extrapulmonary
Israel,2000,ep,f,0-14,6,Extrapulmonary
Israel,2000,ep,f,15-24,3,Extrapulmonary
Israel,2000,ep,f,25-34,7,Extrapulmonary
Israel,2000,ep,f,35-44,7,Extrapulmonary
Israel,2000,ep,f,45-54,7,Extrapulmonary
Israel,2000,ep,f,55-64,6,Extrapulmonary
Israel,2000,ep,f,65+,26,Extrapulmonary
Israel,2001,sp,m,0-14,2,Smear Positive
Israel,2001,sp,m,15-24,13,Smear Positive
Israel,2001,sp,m,25-34,24,Smear Positive
Israel,2001,sp,m,35-44,24,Smear Positive
Israel,2001,sp,m,45-54,20,Smear Positive
Israel,2001,sp,m,55-64,17,Smear Positive
Israel,2001,sp,m,65+,36,Smear Positive
Israel,2001,sp,f,0-14,1,Smear Positive
Israel,2001,sp,f,15-24,9,Smear Positive
Israel,2001,sp,f,25-34,15,Smear Positive
Israel,2001,sp,f,35-44,14,Smear Positive
Israel,2001,sp,f,45-54,5,Smear Positive
Israel,2001,sp,f,55-64,2,Smear Positive
Israel,2001,sp,f,65+,24,Smear Positive
Israel,2001,sn,m,0-14,8,Smear Negative
Israel,2001,sn,m,15-24,12,Smear Negative
Israel,2001,sn,m,25-34,27,Smear Negative
Israel,2001,sn,m,35-44,14,Smear Negative
Israel,2001,sn,m,45-54,16,Smear Negative
Israel,2001,sn,m,55-64,12,Smear Negative
Israel,2001,sn,m,65+,37,Smear Negative
Israel,2001,sn,f,0-14,11,Smear Negative
Israel,2001,sn,f,15-24,5,Smear Negative
Israel,2001,sn,f,25-34,17,Smear Negative
Israel,2001,sn,f,35-44,13,Smear Negative
Israel,2001,sn,f,45-54,8,Smear Negative
Israel,2001,sn,f,55-64,9,Smear Negative
Israel,2001,sn,f,65+,31,Smear Negative
Israel,2001,ep,m,0-14,3,Extrapulmonary
Israel,2001,ep,m,15-24,3,Extrapulmonary
Israel,2001,ep,m,25-34,6,Extrapulmonary
Israel,2001,ep,m,35-44,7,Extrapulmonary
Israel,2001,ep,m,45-54,5,Extrapulmonary
Israel,2001,ep,m,55-64,6,Extrapulmonary
Israel,2001,ep,m,65+,16,Extrapulmonary
Israel,2001,ep,f,0-14,7,Extrapulmonary
Israel,2001,ep,f,15-24,0,Extrapulmonary
Israel,2001,ep,f,25-34,6,Extrapulmonary
Israel,2001,ep,f,35-44,2,Extrapulmonary
Israel,2001,ep,f,45-54,2,Extrapulmonary
Israel,2001,ep,f,55-64,2,Extrapulmonary
Israel,2001,ep,f,65+,14,Extrapulmonary
Israel,2002,sp,m,0-14,4,Smear Positive
Israel,2002,sp,m,15-24,10,Smear Positive
Israel,2002,sp,m,25-34,24,Smear Positive
Israel,2002,sp,m,35-44,13,Smear Positive
Israel,2002,sp,m,45-54,17,Smear Positive
Israel,2002,sp,m,55-64,13,Smear Positive
Israel,2002,sp,m,65+,25,Smear Positive
Israel,2002,sp,f,0-14,3,Smear Positive
Israel,2002,sp,f,15-24,21,Smear Positive
Israel,2002,sp,f,25-34,18,Smear Positive
Israel,2002,sp,f,35-44,13,Smear Positive
Israel,2002,sp,f,45-54,5,Smear Positive
Israel,2002,sp,f,55-64,6,Smear Positive
Israel,2002,sp,f,65+,20,Smear Positive
Israel,2002,sn,m,0-14,9,Smear Negative
Israel,2002,sn,m,15-24,4,Smear Negative
Israel,2002,sn,m,25-34,17,Smear Negative
Israel,2002,sn,m,35-44,10,Smear Negative
Israel,2002,sn,m,45-54,6,Smear Negative
Israel,2002,sn,m,55-64,12,Smear Negative
Israel,2002,sn,m,65+,32,Smear Negative
Israel,2002,sn,f,0-14,8,Smear Negative
Israel,2002,sn,f,15-24,11,Smear Negative
Israel,2002,sn,f,25-34,16,Smear Negative
Israel,2002,sn,f,35-44,4,Smear Negative
Israel,2002,sn,f,45-54,9,Smear Negative
Israel,2002,sn,f,55-64,6,Smear Negative
Israel,2002,sn,f,65+,17,Smear Negative
Israel,2002,ep,m,0-14,2,Extrapulmonary
Israel,2002,ep,m,15-24,5,Extrapulmonary
Israel,2002,ep,m,25-34,3,Extrapulmonary
Israel,2002,ep,m,35-44,3,Extrapulmonary
Israel,2002,ep,m,45-54,3,Extrapulmonary
Israel,2002,ep,m,55-64,5,Extrapulmonary
Israel,2002,ep,m,65+,19,Extrapulmonary
Israel,2002,ep,f,0-14,4,Extrapulmonary
Israel,2002,ep,f,15-24,7,Extrapulmonary
Israel,2002,ep,f,25-34,6,Extrapulmonary
Israel,2002,ep,f,35-44,6,Extrapulmonary
Israel,2002,ep,f,45-54,8,Extrapulmonary
Israel,2002,ep,f,55-64,6,Extrapulmonary
Israel,2002,ep,f,65+,22,Extrapulmonary
Israel,2003,sp,m,0-14,2,Smear Positive
Israel,2003,sp,m,15-24,9,Smear Positive
Israel,2003,sp,m,25-34,14,Smear Positive
Israel,2003,sp,m,35-44,30,Smear Positive
Israel,2003,sp,m,45-54,12,Smear Positive
Israel,2003,sp,m,55-64,10,Smear Positive
Israel,2003,sp,m,65+,33,Smear Positive
Israel,2003,sp,f,0-14,2,Smear Positive
Israel,2003,sp,f,15-24,17,Smear Positive
Israel,2003,sp,f,25-34,16,Smear Positive
Israel,2003,sp,f,35-44,18,Smear Positive
Israel,2003,sp,f,45-54,7,Smear Positive
Israel,2003,sp,f,55-64,5,Smear Positive
Israel,2003,sp,f,65+,14,Smear Positive
Israel,2003,sn,m,0-14,10,Smear Negative
Israel,2003,sn,m,15-24,4,Smear Negative
Israel,2003,sn,m,25-34,19,Smear Negative
Israel,2003,sn,m,35-44,12,Smear Negative
Israel,2003,sn,m,45-54,7,Smear Negative
Israel,2003,sn,m,55-64,7,Smear Negative
Israel,2003,sn,m,65+,25,Smear Negative
Israel,2003,sn,f,0-14,4,Smear Negative
Israel,2003,sn,f,15-24,3,Smear Negative
Israel,2003,sn,f,25-34,20,Smear Negative
Israel,2003,sn,f,35-44,14,Smear Negative
Israel,2003,sn,f,45-54,7,Smear Negative
Israel,2003,sn,f,55-64,9,Smear Negative
Israel,2003,sn,f,65+,28,Smear Negative
Israel,2003,ep,m,0-14,0,Extrapulmonary
Israel,2003,ep,m,15-24,3,Extrapulmonary
Israel,2003,ep,m,25-34,7,Extrapulmonary
Israel,2003,ep,m,35-44,12,Extrapulmonary
Israel,2003,ep,m,45-54,3,Extrapulmonary
Israel,2003,ep,m,55-64,5,Extrapulmonary
Israel,2003,ep,m,65+,13,Extrapulmonary
Israel,2003,ep,f,0-14,6,Extrapulmonary
Israel,2003,ep,f,15-24,3,Extrapulmonary
Israel,2003,ep,f,25-34,7,Extrapulmonary
Israel,2003,ep,f,35-44,8,Extrapulmonary
Israel,2003,ep,f,45-54,8,Extrapulmonary
Israel,2003,ep,f,55-64,7,Extrapulmonary
Israel,2003,ep,f,65+,17,Extrapulmonary
Israel,2004,sp,m,0-14,1,Smear Positive
Israel,2004,sp,m,15-24,5,Smear Positive
Israel,2004,sp,m,25-34,14,Smear Positive
Israel,2004,sp,m,35-44,21,Smear Positive
Israel,2004,sp,m,45-54,17,Smear Positive
Israel,2004,sp,m,55-64,8,Smear Positive
Israel,2004,sp,m,65+,26,Smear Positive
Israel,2004,sp,f,0-14,1,Smear Positive
Israel,2004,sp,f,15-24,7,Smear Positive
Israel,2004,sp,f,25-34,12,Smear Positive
Israel,2004,sp,f,35-44,12,Smear Positive
Israel,2004,sp,f,45-54,8,Smear Positive
Israel,2004,sp,f,55-64,3,Smear Positive
Israel,2004,sp,f,65+,16,Smear Positive
Israel,2004,sn,m,0-14,11,Smear Negative
Israel,2004,sn,m,15-24,7,Smear Negative
Israel,2004,sn,m,25-34,17,Smear Negative
Israel,2004,sn,m,35-44,13,Smear Negative
Israel,2004,sn,m,45-54,15,Smear Negative
Israel,2004,sn,m,55-64,14,Smear Negative
Israel,2004,sn,m,65+,32,Smear Negative
Israel,2004,sn,f,0-14,8,Smear Negative
Israel,2004,sn,f,15-24,4,Smear Negative
Israel,2004,sn,f,25-34,18,Smear Negative
Israel,2004,sn,f,35-44,8,Smear Negative
Israel,2004,sn,f,45-54,19,Smear Negative
Israel,2004,sn,f,55-64,9,Smear Negative
Israel,2004,sn,f,65+,22,Smear Negative
Israel,2004,ep,m,0-14,0,Extrapulmonary
Israel,2004,ep,m,15-24,5,Extrapulmonary
Israel,2004,ep,m,25-34,5,Extrapulmonary
Israel,2004,ep,m,35-44,6,Extrapulmonary
Israel,2004,ep,m,45-54,7,Extrapulmonary
Israel,2004,ep,m,55-64,2,Extrapulmonary
Israel,2004,ep,m,65+,9,Extrapulmonary
Israel,2004,ep,f,0-14,4,Extrapulmonary
Israel,2004,ep,f,15-24,3,Extrapulmonary
Israel,2004,ep,f,25-34,11,Extrapulmonary
Israel,2004,ep,f,35-44,9,Extrapulmonary
Israel,2004,ep,f,45-54,7,Extrapulmonary
Israel,2004,ep,f,55-64,6,Extrapulmonary
Israel,2004,ep,f,65+,21,Extrapulmonary
Israel,2005,sp,m,0-14,1,Smear Positive
Israel,2005,sp,m,15-24,4,Smear Positive
Israel,2005,sp,m,25-34,15,Smear Positive
Israel,2005,sp,m,35-44,18,Smear Positive
Israel,2005,sp,m,45-54,15,Smear Positive
Israel,2005,sp,m,55-64,5,Smear Positive
Israel,2005,sp,m,65+,26,Smear Positive
Israel,2005,sp,f,0-14,0,Smear Positive
Israel,2005,sp,f,15-24,6,Smear Positive
Israel,2005,sp,f,25-34,14,Smear Positive
Israel,2005,sp,f,35-44,7,Smear Positive
Israel,2005,sp,f,45-54,7,Smear Positive
Israel,2005,sp,f,55-64,5,Smear Positive
Israel,2005,sp,f,65+,19,Smear Positive
Israel,2005,sn,m,0-14,11,Smear Negative
Israel,2005,sn,m,15-24,3,Smear Negative
Israel,2005,sn,m,25-34,11,Smear Negative
Israel,2005,sn,m,35-44,15,Smear Negative
Israel,2005,sn,m,45-54,12,Smear Negative
Israel,2005,sn,m,55-64,16,Smear Negative
Israel,2005,sn,m,65+,24,Smear Negative
Israel,2005,sn,f,0-14,10,Smear Negative
Israel,2005,sn,f,15-24,6,Smear Negative
Israel,2005,sn,f,25-34,16,Smear Negative
Israel,2005,sn,f,35-44,8,Smear Negative
Israel,2005,sn,f,45-54,4,Smear Negative
Israel,2005,sn,f,55-64,9,Smear Negative
Israel,2005,sn,f,65+,23,Smear Negative
Israel,2005,ep,m,0-14,5,Extrapulmonary
Israel,2005,ep,m,15-24,0,Extrapulmonary
Israel,2005,ep,m,25-34,2,Extrapulmonary
Israel,2005,ep,m,35-44,4,Extrapulmonary
Israel,2005,ep,m,45-54,4,Extrapulmonary
Israel,2005,ep,m,55-64,2,Extrapulmonary
Israel,2005,ep,m,65+,8,Extrapulmonary
Israel,2005,ep,f,0-14,2,Extrapulmonary
Israel,2005,ep,f,15-24,1,Extrapulmonary
Israel,2005,ep,f,25-34,4,Extrapulmonary
Israel,2005,ep,f,35-44,3,Extrapulmonary
Israel,2005,ep,f,45-54,6,Extrapulmonary
Israel,2005,ep,f,55-64,4,Extrapulmonary
Israel,2005,ep,f,65+,10,Extrapulmonary
Israel,2006,sp,m,0-14,1,Smear Positive
Israel,2006,sp,m,15-24,4,Smear Positive
Israel,2006,sp,m,25-34,19,Smear Positive
Israel,2006,sp,m,35-44,17,Smear Positive
Israel,2006,sp,m,45-54,6,Smear Positive
Israel,2006,sp,m,55-64,9,Smear Positive
Israel,2006,sp,m,65+,11,Smear Positive
Israel,2006,sp,f,0-14,0,Smear Positive
Israel,2006,sp,f,15-24,3,Smear Positive
Israel,2006,sp,f,25-34,10,Smear Positive
Israel,2006,sp,f,35-44,7,Smear Positive
Israel,2006,sp,f,45-54,5,Smear Positive
Israel,2006,sp,f,55-64,2,Smear Positive
Israel,2006,sp,f,65+,14,Smear Positive
Israel,2006,sn,m,0-14,17,Smear Negative
Israel,2006,sn,m,15-24,4,Smear Negative
Israel,2006,sn,m,25-34,15,Smear Negative
Israel,2006,sn,m,35-44,19,Smear Negative
Israel,2006,sn,m,45-54,17,Smear Negative
Israel,2006,sn,m,55-64,6,Smear Negative
Israel,2006,sn,m,65+,29,Smear Negative
Israel,2006,sn,f,0-14,10,Smear Negative
Israel,2006,sn,f,15-24,7,Smear Negative
Israel,2006,sn,f,25-34,14,Smear Negative
Israel,2006,sn,f,35-44,7,Smear Negative
Israel,2006,sn,f,45-54,7,Smear Negative
Israel,2006,sn,f,55-64,4,Smear Negative
Israel,2006,sn,f,65+,22,Smear Negative
Israel,2006,ep,m,0-14,1,Extrapulmonary
Israel,2006,ep,m,15-24,0,Extrapulmonary
Israel,2006,ep,m,25-34,3,Extrapulmonary
Israel,2006,ep,m,35-44,2,Extrapulmonary
Israel,2006,ep,m,45-54,2,Extrapulmonary
Israel,2006,ep,m,55-64,2,Extrapulmonary
Israel,2006,ep,m,65+,4,Extrapulmonary
Israel,2006,ep,f,0-14,1,Extrapulmonary
Israel,2006,ep,f,15-24,5,Extrapulmonary
Israel,2006,ep,f,25-34,2,Extrapulmonary
Israel,2006,ep,f,35-44,5,Extrapulmonary
Israel,2006,ep,f,45-54,5,Extrapulmonary
Israel,2006,ep,f,55-64,6,Extrapulmonary
Israel,2006,ep,f,65+,11,Extrapulmonary
Israel,2007,sp,m,0-14,1,Smear Positive
Israel,2007,sp,m,15-24,7,Smear Positive
Israel,2007,sp,m,25-34,16,Smear Positive
Israel,2007,sp,m,35-44,22,Smear Positive
Israel,2007,sp,m,45-54,11,Smear Positive
Israel,2007,sp,m,55-64,8,Smear Positive
Israel,2007,sp,m,65+,17,Smear Positive
Israel,2007,sp,f,0-14,1,Smear Positive
Israel,2007,sp,f,15-24,2,Smear Positive
Israel,2007,sp,f,25-34,17,Smear Positive
Israel,2007,sp,f,35-44,3,Smear Positive
Israel,2007,sp,f,45-54,6,Smear Positive
Israel,2007,sp,f,55-64,3,Smear Positive
Israel,2007,sp,f,65+,12,Smear Positive
Israel,2007,sn,m,0-14,13,Smear Negative
Israel,2007,sn,m,15-24,10,Smear Negative
Israel,2007,sn,m,25-34,20,Smear Negative
Israel,2007,sn,m,35-44,19,Smear Negative
Israel,2007,sn,m,45-54,14,Smear Negative
Israel,2007,sn,m,55-64,15,Smear Negative
Israel,2007,sn,m,65+,31,Smear Negative
Israel,2007,sn,f,0-14,10,Smear Negative
Israel,2007,sn,f,15-24,7,Smear Negative
Israel,2007,sn,f,25-34,23,Smear Negative
Israel,2007,sn,f,35-44,16,Smear Negative
Israel,2007,sn,f,45-54,10,Smear Negative
Israel,2007,sn,f,55-64,7,Smear Negative
Israel,2007,sn,f,65+,22,Smear Negative
Israel,2007,ep,m,0-14,1,Extrapulmonary
Israel,2007,ep,m,15-24,1,Extrapulmonary
Israel,2007,ep,m,25-34,5,Extrapulmonary
Israel,2007,ep,m,35-44,5,Extrapulmonary
Israel,2007,ep,m,45-54,4,Extrapulmonary
Israel,2007,ep,m,55-64,2,Extrapulmonary
Israel,2007,ep,m,65+,6,Extrapulmonary
Israel,2007,ep,f,0-14,1,Extrapulmonary
Israel,2007,ep,f,15-24,4,Extrapulmonary
Israel,2007,ep,f,25-34,3,Extrapulmonary
Israel,2007,ep,f,35-44,2,Extrapulmonary
Israel,2007,ep,f,45-54,4,Extrapulmonary
Israel,2007,ep,f,55-64,3,Extrapulmonary
Israel,2007,ep,f,65+,5,Extrapulmonary
Israel,2008,sp,m,0-14,0,Smear Positive
Israel,2008,sp,m,15-24,13,Smear Positive
Israel,2008,sp,m,25-34,12,Smear Positive
Israel,2008,sp,m,35-44,12,Smear Positive
Israel,2008,sp,m,45-54,7,Smear Positive
Israel,2008,sp,m,55-64,6,Smear Positive
Israel,2008,sp,m,65+,10,Smear Positive
Israel,2008,sp,f,0-14,1,Smear Positive
Israel,2008,sp,f,15-24,5,Smear Positive
Israel,2008,sp,f,25-34,5,Smear Positive
Israel,2008,sp,f,35-44,7,Smear Positive
Israel,2008,sp,f,45-54,6,Smear Positive
Israel,2008,sp,f,55-64,0,Smear Positive
Israel,2008,sp,f,65+,11,Smear Positive
Israel,2008,sn,m,0-14,3,Smear Negative
Israel,2008,sn,m,15-24,10,Smear Negative
Israel,2008,sn,m,25-34,26,Smear Negative
Israel,2008,sn,m,35-44,13,Smear Negative
Israel,2008,sn,m,45-54,13,Smear Negative
Israel,2008,sn,m,55-64,9,Smear Negative
Israel,2008,sn,m,65+,21,Smear Negative
Israel,2008,sn,f,0-14,5,Smear Negative
Israel,2008,sn,f,15-24,2,Smear Negative
Israel,2008,sn,f,25-34,10,Smear Negative
Israel,2008,sn,f,35-44,8,Smear Negative
Israel,2008,sn,f,45-54,5,Smear Negative
Israel,2008,sn,f,55-64,5,Smear Negative
Israel,2008,sn,f,65+,17,Smear Negative
Israel,2008,ep,m,0-14,2,Extrapulmonary
Israel,2008,ep,m,15-24,2,Extrapulmonary
Israel,2008,ep,m,25-34,12,Extrapulmonary
Israel,2008,ep,m,35-44,4,Extrapulmonary
Israel,2008,ep,m,45-54,2,Extrapulmonary
Israel,2008,ep,m,55-64,3,Extrapulmonary
Israel,2008,ep,m,65+,16,Extrapulmonary
Israel,2008,ep,f,0-14,3,Extrapulmonary
Israel,2008,ep,f,15-24,1,Extrapulmonary
Israel,2008,ep,f,25-34,11,Extrapulmonary
Israel,2008,ep,f,35-44,2,Extrapulmonary
Israel,2008,ep,f,45-54,5,Extrapulmonary
Israel,2008,ep,f,55-64,3,Extrapulmonary
Israel,2008,ep,f,65+,10,Extrapulmonary
Israel,2009,sp,m,0-14,2,Smear Positive
Israel,2009,sp,m,15-24,7,Smear Positive
Israel,2009,sp,m,25-34,21,Smear Positive
Israel,2009,sp,m,35-44,13,Smear Positive
Israel,2009,sp,m,45-54,10,Smear Positive
Israel,2009,sp,m,55-64,1,Smear Positive
Israel,2009,sp,m,65+,15,Smear Positive
Israel,2009,sp,f,0-14,0,Smear Positive
Israel,2009,sp,f,15-24,4,Smear Positive
Israel,2009,sp,f,25-34,13,Smear Positive
Israel,2009,sp,f,35-44,10,Smear Positive
Israel,2009,sp,f,45-54,9,Smear Positive
Israel,2009,sp,f,55-64,2,Smear Positive
Israel,2009,sp,f,65+,12,Smear Positive
Israel,2009,sn,m,0-14,3,Smear Negative
Israel,2009,sn,m,15-24,12,Smear Negative
Israel,2009,sn,m,25-34,15,Smear Negative
Israel,2009,sn,m,35-44,13,Smear Negative
Israel,2009,sn,m,45-54,16,Smear Negative
Israel,2009,sn,m,55-64,9,Smear Negative
Israel,2009,sn,m,65+,18,Smear Negative
Israel,2009,sn,f,0-14,3,Smear Negative
Israel,2009,sn,f,15-24,4,Smear Negative
Israel,2009,sn,f,25-34,5,Smear Negative
Israel,2009,sn,f,35-44,9,Smear Negative
Israel,2009,sn,f,45-54,3,Smear Negative
Israel,2009,sn,f,55-64,5,Smear Negative
Israel,2009,sn,f,65+,15,Smear Negative
Israel,2009,ep,m,0-14,0,Extrapulmonary
Israel,2009,ep,m,15-24,3,Extrapulmonary
Israel,2009,ep,m,25-34,12,Extrapulmonary
Israel,2009,ep,m,35-44,6,Extrapulmonary
Israel,2009,ep,m,45-54,4,Extrapulmonary
Israel,2009,ep,m,55-64,8,Extrapulmonary
Israel,2009,ep,m,65+,12,Extrapulmonary
Israel,2009,ep,f,0-14,2,Extrapulmonary
Israel,2009,ep,f,15-24,5,Extrapulmonary
Israel,2009,ep,f,25-34,14,Extrapulmonary
Israel,2009,ep,f,35-44,6,Extrapulmonary
Israel,2009,ep,f,45-54,6,Extrapulmonary
Israel,2009,ep,f,55-64,4,Extrapulmonary
Israel,2009,ep,f,65+,7,Extrapulmonary
Israel,2010,sp,m,0-14,1,Smear Positive
Israel,2010,sp,m,15-24,13,Smear Positive
Israel,2010,sp,m,25-34,28,Smear Positive
Israel,2010,sp,m,35-44,12,Smear Positive
Israel,2010,sp,m,45-54,8,Smear Positive
Israel,2010,sp,m,55-64,4,Smear Positive
Israel,2010,sp,m,65+,6,Smear Positive
Israel,2010,sp,f,0-14,0,Smear Positive
Israel,2010,sp,f,15-24,1,Smear Positive
Israel,2010,sp,f,25-34,8,Smear Positive
Israel,2010,sp,f,35-44,10,Smear Positive
Israel,2010,sp,f,45-54,2,Smear Positive
Israel,2010,sp,f,55-64,0,Smear Positive
Israel,2010,sp,f,65+,10,Smear Positive
Israel,2010,sn,m,0-14,9,Smear Negative
Israel,2010,sn,m,15-24,18,Smear Negative
Israel,2010,sn,m,25-34,33,Smear Negative
Israel,2010,sn,m,35-44,17,Smear Negative
Israel,2010,sn,m,45-54,5,Smear Negative
Israel,2010,sn,m,55-64,14,Smear Negative
Israel,2010,sn,m,65+,13,Smear Negative
Israel,2010,sn,f,0-14,6,Smear Negative
Israel,2010,sn,f,15-24,4,Smear Negative
Israel,2010,sn,f,25-34,7,Smear Negative
Israel,2010,sn,f,35-44,9,Smear Negative
Israel,2010,sn,f,45-54,6,Smear Negative
Israel,2010,sn,f,55-64,3,Smear Negative
Israel,2010,sn,f,65+,17,Smear Negative
Israel,2010,ep,m,0-14,3,Extrapulmonary
Israel,2010,ep,m,15-24,8,Extrapulmonary
Israel,2010,ep,m,25-34,16,Extrapulmonary
Israel,2010,ep,m,35-44,3,Extrapulmonary
Israel,2010,ep,m,45-54,2,Extrapulmonary
Israel,2010,ep,m,55-64,2,Extrapulmonary
Israel,2010,ep,m,65+,10,Extrapulmonary
Israel,2010,ep,f,0-14,0,Extrapulmonary
Israel,2010,ep,f,15-24,3,Extrapulmonary
Israel,2010,ep,f,25-34,7,Extrapulmonary
Israel,2010,ep,f,35-44,6,Extrapulmonary
Israel,2010,ep,f,45-54,4,Extrapulmonary
Israel,2010,ep,f,55-64,4,Extrapulmonary
Israel,2010,ep,f,65+,6,Extrapulmonary
Israel,2011,sp,m,0-14,0,Smear Positive
Israel,2011,sp,m,15-24,29,Smear Positive
Israel,2011,sp,m,25-34,30,Smear Positive
Israel,2011,sp,m,35-44,11,Smear Positive
Israel,2011,sp,m,45-54,5,Smear Positive
Israel,2011,sp,m,55-64,9,Smear Positive
Israel,2011,sp,m,65+,9,Smear Positive
Israel,2011,sp,f,0-14,0,Smear Positive
Israel,2011,sp,f,15-24,10,Smear Positive
Israel,2011,sp,f,25-34,10,Smear Positive
Israel,2011,sp,f,35-44,7,Smear Positive
Israel,2011,sp,f,45-54,4,Smear Positive
Israel,2011,sp,f,55-64,4,Smear Positive
Israel,2011,sp,f,65+,7,Smear Positive
Israel,2011,sn,m,0-14,6,Smear Negative
Israel,2011,sn,m,15-24,39,Smear Negative
Israel,2011,sn,m,25-34,54,Smear Negative
Israel,2011,sn,m,35-44,15,Smear Negative
Israel,2011,sn,m,45-54,13,Smear Negative
Israel,2011,sn,m,55-64,11,Smear Negative
Israel,2011,sn,m,65+,17,Smear Negative
Israel,2011,sn,f,0-14,11,Smear Negative
Israel,2011,sn,f,15-24,5,Smear Negative
Israel,2011,sn,f,25-34,14,Smear Negative
Israel,2011,sn,f,35-44,4,Smear Negative
Israel,2011,sn,f,45-54,4,Smear Negative
Israel,2011,sn,f,55-64,7,Smear Negative
Israel,2011,sn,f,65+,7,Smear Negative
Israel,2011,ep,m,0-14,2,Extrapulmonary
Israel,2011,ep,m,15-24,14,Extrapulmonary
Israel,2011,ep,m,25-34,13,Extrapulmonary
Israel,2011,ep,m,35-44,8,Extrapulmonary
Israel,2011,ep,m,45-54,3,Extrapulmonary
Israel,2011,ep,m,55-64,1,Extrapulmonary
Israel,2011,ep,m,65+,1,Extrapulmonary
Israel,2011,ep,f,0-14,1,Extrapulmonary
Israel,2011,ep,f,15-24,1,Extrapulmonary
Israel,2011,ep,f,25-34,7,Extrapulmonary
Israel,2011,ep,f,35-44,6,Extrapulmonary
Israel,2011,ep,f,45-54,1,Extrapulmonary
Israel,2011,ep,f,55-64,2,Extrapulmonary
Israel,2011,ep,f,65+,6,Extrapulmonary
Israel,2012,sp,m,0-14,0,Smear Positive
Israel,2012,sp,m,15-24,9,Smear Positive
Israel,2012,sp,m,25-34,33,Smear Positive
Israel,2012,sp,m,35-44,20,Smear Positive
Israel,2012,sp,m,45-54,3,Smear Positive
Israel,2012,sp,m,55-64,6,Smear Positive
Israel,2012,sp,m,65+,13,Smear Positive
Israel,2012,sp,f,0-14,0,Smear Positive
Israel,2012,sp,f,15-24,4,Smear Positive
Israel,2012,sp,f,25-34,20,Smear Positive
Israel,2012,sp,f,35-44,11,Smear Positive
Israel,2012,sp,f,45-54,4,Smear Positive
Israel,2012,sp,f,55-64,2,Smear Positive
Israel,2012,sp,f,65+,17,Smear Positive
Israel,2012,sn,m,0-14,9,Smear Negative
Israel,2012,sn,m,15-24,40,Smear Negative
Israel,2012,sn,m,25-34,70,Smear Negative
Israel,2012,sn,m,35-44,27,Smear Negative
Israel,2012,sn,m,45-54,16,Smear Negative
Israel,2012,sn,m,55-64,11,Smear Negative
Israel,2012,sn,m,65+,16,Smear Negative
Israel,2012,sn,f,0-14,8,Smear Negative
Israel,2012,sn,f,15-24,11,Smear Negative
Israel,2012,sn,f,25-34,22,Smear Negative
Israel,2012,sn,f,35-44,7,Smear Negative
Israel,2012,sn,f,45-54,4,Smear Negative
Israel,2012,sn,f,55-64,1,Smear Negative
Israel,2012,sn,f,65+,12,Smear Negative
Israel,2012,ep,m,0-14,0,Extrapulmonary
Israel,2012,ep,m,15-24,11,Extrapulmonary
Israel,2012,ep,m,25-34,30,Extrapulmonary
Israel,2012,ep,m,35-44,8,Extrapulmonary
Israel,2012,ep,m,45-54,3,Extrapulmonary
Israel,2012,ep,m,55-64,2,Extrapulmonary
Israel,2012,ep,m,65+,5,Extrapulmonary
Israel,2012,ep,f,0-14,2,Extrapulmonary
Israel,2012,ep,f,15-24,5,Extrapulmonary
Israel,2012,ep,f,25-34,9,Extrapulmonary
Israel,2012,ep,f,35-44,6,Extrapulmonary
Israel,2012,ep,f,45-54,5,Extrapulmonary
Israel,2012,ep,f,55-64,6,Extrapulmonary
Israel,2012,ep,f,65+,10,Extrapulmonary
Israel,2013,rel,m,0-14,8,Relapse
Israel,2013,rel,m,15-24,34,Relapse
Israel,2013,rel,m,25-34,81,Relapse
Israel,2013,rel,m,35-44,34,Relapse
Israel,2013,rel,m,45-54,14,Relapse
Israel,2013,rel,m,55-64,14,Relapse
Israel,2013,rel,m,65+,24,Relapse
Israel,2013,rel,f,0-14,7,Relapse
Israel,2013,rel,f,15-24,15,Relapse
Israel,2013,rel,f,25-34,30,Relapse
Israel,2013,rel,f,35-44,17,Relapse
Israel,2013,rel,f,45-54,6,Relapse
Israel,2013,rel,f,55-64,6,Relapse
Israel,2013,rel,f,65+,18,Relapse
Italy,1995,sp,m,0-14,9,Smear Positive
Italy,1995,sp,m,15-24,59,Smear Positive
Italy,1995,sp,m,25-34,202,Smear Positive
Italy,1995,sp,m,35-44,157,Smear Positive
Italy,1995,sp,m,45-54,94,Smear Positive
Italy,1995,sp,m,55-64,124,Smear Positive
Italy,1995,sp,m,65+,289,Smear Positive
Italy,1995,sp,f,0-14,7,Smear Positive
Italy,1995,sp,f,15-24,52,Smear Positive
Italy,1995,sp,f,25-34,93,Smear Positive
Italy,1995,sp,f,35-44,57,Smear Positive
Italy,1995,sp,f,45-54,40,Smear Positive
Italy,1995,sp,f,55-64,51,Smear Positive
Italy,1995,sp,f,65+,168,Smear Positive
Italy,1996,sp,m,0-14,12,Smear Positive
Italy,1996,sp,m,15-24,72,Smear Positive
Italy,1996,sp,m,25-34,196,Smear Positive
Italy,1996,sp,m,35-44,168,Smear Positive
Italy,1996,sp,m,45-54,125,Smear Positive
Italy,1996,sp,m,55-64,155,Smear Positive
Italy,1996,sp,m,65+,319,Smear Positive
Italy,1996,sp,f,0-14,2,Smear Positive
Italy,1996,sp,f,15-24,53,Smear Positive
Italy,1996,sp,f,25-34,116,Smear Positive
Italy,1996,sp,f,35-44,60,Smear Positive
Italy,1996,sp,f,45-54,33,Smear Positive
Italy,1996,sp,f,55-64,56,Smear Positive
Italy,1996,sp,f,65+,172,Smear Positive
Italy,1997,sp,m,0-14,14,Smear Positive
Italy,1997,sp,m,15-24,93,Smear Positive
Italy,1997,sp,m,25-34,228,Smear Positive
Italy,1997,sp,m,35-44,244,Smear Positive
Italy,1997,sp,m,45-54,168,Smear Positive
Italy,1997,sp,m,55-64,187,Smear Positive
Italy,1997,sp,m,65+,381,Smear Positive
Italy,1997,sp,f,0-14,5,Smear Positive
Italy,1997,sp,f,15-24,74,Smear Positive
Italy,1997,sp,f,25-34,129,Smear Positive
Italy,1997,sp,f,35-44,90,Smear Positive
Italy,1997,sp,f,45-54,48,Smear Positive
Italy,1997,sp,f,55-64,68,Smear Positive
Italy,1997,sp,f,65+,201,Smear Positive
Italy,1998,sp,m,0-14,15,Smear Positive
Italy,1998,sp,m,15-24,128,Smear Positive
Italy,1998,sp,m,25-34,327,Smear Positive
Italy,1998,sp,m,35-44,248,Smear Positive
Italy,1998,sp,m,45-54,189,Smear Positive
Italy,1998,sp,m,55-64,226,Smear Positive
Italy,1998,sp,m,65+,429,Smear Positive
Italy,1998,sp,f,0-14,10,Smear Positive
Italy,1998,sp,f,15-24,105,Smear Positive
Italy,1998,sp,f,25-34,150,Smear Positive
Italy,1998,sp,f,35-44,110,Smear Positive
Italy,1998,sp,f,45-54,58,Smear Positive
Italy,1998,sp,f,55-64,75,Smear Positive
Italy,1998,sp,f,65+,283,Smear Positive
Italy,1999,sp,m,0-14,7,Smear Positive
Italy,1999,sp,m,15-24,78,Smear Positive
Italy,1999,sp,m,25-34,155,Smear Positive
Italy,1999,sp,m,35-44,137,Smear Positive
Italy,1999,sp,m,45-54,114,Smear Positive
Italy,1999,sp,m,55-64,104,Smear Positive
Italy,1999,sp,m,65+,247,Smear Positive
Italy,1999,sp,f,0-14,8,Smear Positive
Italy,1999,sp,f,15-24,49,Smear Positive
Italy,1999,sp,f,25-34,63,Smear Positive
Italy,1999,sp,f,35-44,63,Smear Positive
Italy,1999,sp,f,45-54,35,Smear Positive
Italy,1999,sp,f,55-64,32,Smear Positive
Italy,1999,sp,f,65+,141,Smear Positive
Italy,2000,sp,m,0-14,12,Smear Positive
Italy,2000,sp,m,15-24,63,Smear Positive
Italy,2000,sp,m,25-34,96,Smear Positive
Italy,2000,sp,m,35-44,75,Smear Positive
Italy,2000,sp,m,45-54,58,Smear Positive
Italy,2000,sp,m,55-64,54,Smear Positive
Italy,2000,sp,m,65+,112,Smear Positive
Italy,2000,sp,f,0-14,6,Smear Positive
Italy,2000,sp,f,15-24,38,Smear Positive
Italy,2000,sp,f,25-34,58,Smear Positive
Italy,2000,sp,f,35-44,33,Smear Positive
Italy,2000,sp,f,45-54,13,Smear Positive
Italy,2000,sp,f,55-64,19,Smear Positive
Italy,2000,sp,f,65+,39,Smear Positive
Italy,2001,sp,m,0-14,4,Smear Positive
Italy,2001,sp,m,15-24,43,Smear Positive
Italy,2001,sp,m,25-34,130,Smear Positive
Italy,2001,sp,m,35-44,98,Smear Positive
Italy,2001,sp,m,45-54,63,Smear Positive
Italy,2001,sp,m,55-64,50,Smear Positive
Italy,2001,sp,m,65+,99,Smear Positive
Italy,2001,sp,f,0-14,4,Smear Positive
Italy,2001,sp,f,15-24,37,Smear Positive
Italy,2001,sp,f,25-34,77,Smear Positive
Italy,2001,sp,f,35-44,46,Smear Positive
Italy,2001,sp,f,45-54,24,Smear Positive
Italy,2001,sp,f,55-64,14,Smear Positive
Italy,2001,sp,f,65+,54,Smear Positive
Italy,2002,sp,m,0-14,6,Smear Positive
Italy,2002,sp,m,15-24,51,Smear Positive
Italy,2002,sp,m,25-34,139,Smear Positive
Italy,2002,sp,m,35-44,127,Smear Positive
Italy,2002,sp,m,45-54,74,Smear Positive
Italy,2002,sp,m,55-64,68,Smear Positive
Italy,2002,sp,m,65+,134,Smear Positive
Italy,2002,sp,f,0-14,6,Smear Positive
Italy,2002,sp,f,15-24,51,Smear Positive
Italy,2002,sp,f,25-34,94,Smear Positive
Italy,2002,sp,f,35-44,55,Smear Positive
Italy,2002,sp,f,45-54,18,Smear Positive
Italy,2002,sp,f,55-64,28,Smear Positive
Italy,2002,sp,f,65+,85,Smear Positive
Italy,2003,sp,m,0-14,19,Smear Positive
Italy,2003,sp,m,15-24,79,Smear Positive
Italy,2003,sp,m,25-34,219,Smear Positive
Italy,2003,sp,m,35-44,168,Smear Positive
Italy,2003,sp,m,45-54,80,Smear Positive
Italy,2003,sp,m,55-64,61,Smear Positive
Italy,2003,sp,m,65+,146,Smear Positive
Italy,2003,sp,f,0-14,6,Smear Positive
Italy,2003,sp,f,15-24,63,Smear Positive
Italy,2003,sp,f,25-34,121,Smear Positive
Italy,2003,sp,f,35-44,77,Smear Positive
Italy,2003,sp,f,45-54,24,Smear Positive
Italy,2003,sp,f,55-64,13,Smear Positive
Italy,2003,sp,f,65+,91,Smear Positive
Italy,2004,sp,m,0-14,34,Smear Positive
Italy,2004,sp,m,15-24,52,Smear Positive
Italy,2004,sp,m,25-34,130,Smear Positive
Italy,2004,sp,m,35-44,115,Smear Positive
Italy,2004,sp,m,45-54,64,Smear Positive
Italy,2004,sp,m,55-64,43,Smear Positive
Italy,2004,sp,m,65+,123,Smear Positive
Italy,2004,sp,f,0-14,16,Smear Positive
Italy,2004,sp,f,15-24,48,Smear Positive
Italy,2004,sp,f,25-34,73,Smear Positive
Italy,2004,sp,f,35-44,39,Smear Positive
Italy,2004,sp,f,45-54,21,Smear Positive
Italy,2004,sp,f,55-64,19,Smear Positive
Italy,2004,sp,f,65+,56,Smear Positive
Italy,2005,sp,m,0-14,8,Smear Positive
Italy,2005,sp,m,15-24,93,Smear Positive
Italy,2005,sp,m,25-34,191,Smear Positive
Italy,2005,sp,m,35-44,137,Smear Positive
Italy,2005,sp,m,45-54,101,Smear Positive
Italy,2005,sp,m,55-64,61,Smear Positive
Italy,2005,sp,m,65+,115,Smear Positive
Italy,2005,sp,f,0-14,3,Smear Positive
Italy,2005,sp,f,15-24,80,Smear Positive
Italy,2005,sp,f,25-34,145,Smear Positive
Italy,2005,sp,f,35-44,56,Smear Positive
Italy,2005,sp,f,45-54,25,Smear Positive
Italy,2005,sp,f,55-64,19,Smear Positive
Italy,2005,sp,f,65+,70,Smear Positive
Italy,2006,sp,m,0-14,7,Smear Positive
Italy,2006,sp,m,15-24,113,Smear Positive
Italy,2006,sp,m,25-34,201,Smear Positive
Italy,2006,sp,m,35-44,197,Smear Positive
Italy,2006,sp,m,45-54,105,Smear Positive
Italy,2006,sp,m,55-64,75,Smear Positive
Italy,2006,sp,m,65+,152,Smear Positive
Italy,2006,sp,f,0-14,9,Smear Positive
Italy,2006,sp,f,15-24,88,Smear Positive
Italy,2006,sp,f,25-34,165,Smear Positive
Italy,2006,sp,f,35-44,82,Smear Positive
Italy,2006,sp,f,45-54,48,Smear Positive
Italy,2006,sp,f,55-64,16,Smear Positive
Italy,2006,sp,f,65+,88,Smear Positive
Italy,2006,sn,m,0-14,40,Smear Negative
Italy,2006,sn,m,15-24,90,Smear Negative
Italy,2006,sn,m,25-34,142,Smear Negative
Italy,2006,sn,m,35-44,132,Smear Negative
Italy,2006,sn,m,45-54,107,Smear Negative
Italy,2006,sn,m,55-64,91,Smear Negative
Italy,2006,sn,m,65+,254,Smear Negative
Italy,2006,sn,f,0-14,44,Smear Negative
Italy,2006,sn,f,15-24,70,Smear Negative
Italy,2006,sn,f,25-34,120,Smear Negative
Italy,2006,sn,f,35-44,97,Smear Negative
Italy,2006,sn,f,45-54,52,Smear Negative
Italy,2006,sn,f,55-64,43,Smear Negative
Italy,2006,sn,f,65+,151,Smear Negative
Italy,2006,ep,m,0-14,22,Extrapulmonary
Italy,2006,ep,m,15-24,71,Extrapulmonary
Italy,2006,ep,m,25-34,171,Extrapulmonary
Italy,2006,ep,m,35-44,162,Extrapulmonary
Italy,2006,ep,m,45-54,58,Extrapulmonary
Italy,2006,ep,m,55-64,66,Extrapulmonary
Italy,2006,ep,m,65+,146,Extrapulmonary
Italy,2006,ep,f,0-14,35,Extrapulmonary
Italy,2006,ep,f,15-24,52,Extrapulmonary
Italy,2006,ep,f,25-34,112,Extrapulmonary
Italy,2006,ep,f,35-44,81,Extrapulmonary
Italy,2006,ep,f,45-54,57,Extrapulmonary
Italy,2006,ep,f,55-64,46,Extrapulmonary
Italy,2006,ep,f,65+,200,Extrapulmonary
Italy,2007,sp,m,0-14,3,Smear Positive
Italy,2007,sp,m,15-24,75,Smear Positive
Italy,2007,sp,m,25-34,170,Smear Positive
Italy,2007,sp,m,35-44,113,Smear Positive
Italy,2007,sp,m,45-54,87,Smear Positive
Italy,2007,sp,m,55-64,48,Smear Positive
Italy,2007,sp,m,65+,106,Smear Positive
Italy,2007,sp,f,0-14,7,Smear Positive
Italy,2007,sp,f,15-24,74,Smear Positive
Italy,2007,sp,f,25-34,94,Smear Positive
Italy,2007,sp,f,35-44,58,Smear Positive
Italy,2007,sp,f,45-54,31,Smear Positive
Italy,2007,sp,f,55-64,19,Smear Positive
Italy,2007,sp,f,65+,76,Smear Positive
Italy,2007,sn,m,0-14,25,Smear Negative
Italy,2007,sn,m,15-24,38,Smear Negative
Italy,2007,sn,m,25-34,117,Smear Negative
Italy,2007,sn,m,35-44,103,Smear Negative
Italy,2007,sn,m,45-54,90,Smear Negative
Italy,2007,sn,m,55-64,75,Smear Negative
Italy,2007,sn,m,65+,189,Smear Negative
Italy,2007,sn,f,0-14,28,Smear Negative
Italy,2007,sn,f,15-24,45,Smear Negative
Italy,2007,sn,f,25-34,95,Smear Negative
Italy,2007,sn,f,35-44,69,Smear Negative
Italy,2007,sn,f,45-54,50,Smear Negative
Italy,2007,sn,f,55-64,32,Smear Negative
Italy,2007,sn,f,65+,123,Smear Negative
Italy,2007,ep,m,0-14,12,Extrapulmonary
Italy,2007,ep,m,15-24,47,Extrapulmonary
Italy,2007,ep,m,25-34,108,Extrapulmonary
Italy,2007,ep,m,35-44,110,Extrapulmonary
Italy,2007,ep,m,45-54,62,Extrapulmonary
Italy,2007,ep,m,55-64,34,Extrapulmonary
Italy,2007,ep,m,65+,121,Extrapulmonary
Italy,2007,ep,f,0-14,14,Extrapulmonary
Italy,2007,ep,f,15-24,43,Extrapulmonary
Italy,2007,ep,f,25-34,92,Extrapulmonary
Italy,2007,ep,f,35-44,77,Extrapulmonary
Italy,2007,ep,f,45-54,47,Extrapulmonary
Italy,2007,ep,f,55-64,35,Extrapulmonary
Italy,2007,ep,f,65+,123,Extrapulmonary
Italy,2008,sp,m,0-14,13,Smear Positive
Italy,2008,sp,m,15-24,78,Smear Positive
Italy,2008,sp,m,25-34,148,Smear Positive
Italy,2008,sp,m,35-44,137,Smear Positive
Italy,2008,sp,m,45-54,72,Smear Positive
Italy,2008,sp,m,55-64,42,Smear Positive
Italy,2008,sp,m,65+,104,Smear Positive
Italy,2008,sp,f,0-14,10,Smear Positive
Italy,2008,sp,f,15-24,65,Smear Positive
Italy,2008,sp,f,25-34,106,Smear Positive
Italy,2008,sp,f,35-44,56,Smear Positive
Italy,2008,sp,f,45-54,24,Smear Positive
Italy,2008,sp,f,55-64,21,Smear Positive
Italy,2008,sp,f,65+,56,Smear Positive
Italy,2008,sn,m,0-14,69,Smear Negative
Italy,2008,sn,m,15-24,102,Smear Negative
Italy,2008,sn,m,25-34,176,Smear Negative
Italy,2008,sn,m,35-44,165,Smear Negative
Italy,2008,sn,m,45-54,95,Smear Negative
Italy,2008,sn,m,55-64,91,Smear Negative
Italy,2008,sn,m,65+,197,Smear Negative
Italy,2008,sn,f,0-14,77,Smear Negative
Italy,2008,sn,f,15-24,73,Smear Negative
Italy,2008,sn,f,25-34,141,Smear Negative
Italy,2008,sn,f,35-44,95,Smear Negative
Italy,2008,sn,f,45-54,70,Smear Negative
Italy,2008,sn,f,55-64,55,Smear Negative
Italy,2008,sn,f,65+,160,Smear Negative
Italy,2008,ep,m,0-14,23,Extrapulmonary
Italy,2008,ep,m,15-24,70,Extrapulmonary
Italy,2008,ep,m,25-34,119,Extrapulmonary
Italy,2008,ep,m,35-44,99,Extrapulmonary
Italy,2008,ep,m,45-54,59,Extrapulmonary
Italy,2008,ep,m,55-64,45,Extrapulmonary
Italy,2008,ep,m,65+,117,Extrapulmonary
Italy,2008,ep,f,0-14,19,Extrapulmonary
Italy,2008,ep,f,15-24,44,Extrapulmonary
Italy,2008,ep,f,25-34,90,Extrapulmonary
Italy,2008,ep,f,35-44,61,Extrapulmonary
Italy,2008,ep,f,45-54,31,Extrapulmonary
Italy,2008,ep,f,55-64,23,Extrapulmonary
Italy,2008,ep,f,65+,97,Extrapulmonary
Italy,2009,sp,m,0-14,4,Smear Positive
Italy,2009,sp,m,15-24,89,Smear Positive
Italy,2009,sp,m,25-34,168,Smear Positive
Italy,2009,sp,m,35-44,108,Smear Positive
Italy,2009,sp,m,45-54,75,Smear Positive
Italy,2009,sp,m,55-64,34,Smear Positive
Italy,2009,sp,m,65+,83,Smear Positive
Italy,2009,sp,f,0-14,3,Smear Positive
Italy,2009,sp,f,15-24,68,Smear Positive
Italy,2009,sp,f,25-34,93,Smear Positive
Italy,2009,sp,f,35-44,46,Smear Positive
Italy,2009,sp,f,45-54,31,Smear Positive
Italy,2009,sp,f,55-64,16,Smear Positive
Italy,2009,sp,f,65+,62,Smear Positive
Italy,2009,sn,m,0-14,38,Smear Negative
Italy,2009,sn,m,15-24,50,Smear Negative
Italy,2009,sn,m,25-34,99,Smear Negative
Italy,2009,sn,m,35-44,61,Smear Negative
Italy,2009,sn,m,45-54,72,Smear Negative
Italy,2009,sn,m,55-64,40,Smear Negative
Italy,2009,sn,m,65+,124,Smear Negative
Italy,2009,sn,f,0-14,43,Smear Negative
Italy,2009,sn,f,15-24,52,Smear Negative
Italy,2009,sn,f,25-34,82,Smear Negative
Italy,2009,sn,f,35-44,57,Smear Negative
Italy,2009,sn,f,45-54,29,Smear Negative
Italy,2009,sn,f,55-64,20,Smear Negative
Italy,2009,sn,f,65+,87,Smear Negative
Italy,2009,ep,m,0-14,26,Extrapulmonary
Italy,2009,ep,m,15-24,52,Extrapulmonary
Italy,2009,ep,m,25-34,109,Extrapulmonary
Italy,2009,ep,m,35-44,81,Extrapulmonary
Italy,2009,ep,m,45-54,44,Extrapulmonary
Italy,2009,ep,m,55-64,29,Extrapulmonary
Italy,2009,ep,m,65+,89,Extrapulmonary
Italy,2009,ep,f,0-14,15,Extrapulmonary
Italy,2009,ep,f,15-24,29,Extrapulmonary
Italy,2009,ep,f,25-34,83,Extrapulmonary
Italy,2009,ep,f,35-44,48,Extrapulmonary
Italy,2009,ep,f,45-54,48,Extrapulmonary
Italy,2009,ep,f,55-64,26,Extrapulmonary
Italy,2009,ep,f,65+,107,Extrapulmonary
Italy,2010,sp,m,0-14,15,Smear Positive
Italy,2010,sp,m,15-24,87,Smear Positive
Italy,2010,sp,m,25-34,161,Smear Positive
Italy,2010,sp,m,35-44,133,Smear Positive
Italy,2010,sp,m,45-54,87,Smear Positive
Italy,2010,sp,m,55-64,42,Smear Positive
Italy,2010,sp,m,65+,89,Smear Positive
Italy,2010,sp,f,0-14,11,Smear Positive
Italy,2010,sp,f,15-24,80,Smear Positive
Italy,2010,sp,f,25-34,94,Smear Positive
Italy,2010,sp,f,35-44,66,Smear Positive
Italy,2010,sp,f,45-54,29,Smear Positive
Italy,2010,sp,f,55-64,21,Smear Positive
Italy,2010,sp,f,65+,48,Smear Positive
Italy,2010,sn,m,0-14,49,Smear Negative
Italy,2010,sn,m,15-24,66,Smear Negative
Italy,2010,sn,m,25-34,109,Smear Negative
Italy,2010,sn,m,35-44,81,Smear Negative
Italy,2010,sn,m,45-54,63,Smear Negative
Italy,2010,sn,m,55-64,40,Smear Negative
Italy,2010,sn,m,65+,96,Smear Negative
Italy,2010,sn,f,0-14,60,Smear Negative
Italy,2010,sn,f,15-24,46,Smear Negative
Italy,2010,sn,f,25-34,94,Smear Negative
Italy,2010,sn,f,35-44,75,Smear Negative
Italy,2010,sn,f,45-54,32,Smear Negative
Italy,2010,sn,f,55-64,25,Smear Negative
Italy,2010,sn,f,65+,70,Smear Negative
Italy,2010,ep,m,0-14,18,Extrapulmonary
Italy,2010,ep,m,15-24,46,Extrapulmonary
Italy,2010,ep,m,25-34,115,Extrapulmonary
Italy,2010,ep,m,35-44,106,Extrapulmonary
Italy,2010,ep,m,45-54,44,Extrapulmonary
Italy,2010,ep,m,55-64,31,Extrapulmonary
Italy,2010,ep,m,65+,78,Extrapulmonary
Italy,2010,ep,f,0-14,32,Extrapulmonary
Italy,2010,ep,f,15-24,52,Extrapulmonary
Italy,2010,ep,f,25-34,92,Extrapulmonary
Italy,2010,ep,f,35-44,68,Extrapulmonary
Italy,2010,ep,f,45-54,43,Extrapulmonary
Italy,2010,ep,f,55-64,23,Extrapulmonary
Italy,2010,ep,f,65+,105,Extrapulmonary
Italy,2011,sp,m,0-14,0,Smear Positive
Italy,2011,sp,m,15-24,51,Smear Positive
Italy,2011,sp,m,25-34,88,Smear Positive
Italy,2011,sp,m,35-44,81,Smear Positive
Italy,2011,sp,m,45-54,52,Smear Positive
Italy,2011,sp,m,55-64,24,Smear Positive
Italy,2011,sp,m,65+,59,Smear Positive
Italy,2011,sp,f,0-14,5,Smear Positive
Italy,2011,sp,f,15-24,41,Smear Positive
Italy,2011,sp,f,25-34,73,Smear Positive
Italy,2011,sp,f,35-44,37,Smear Positive
Italy,2011,sp,f,45-54,18,Smear Positive
Italy,2011,sp,f,55-64,14,Smear Positive
Italy,2011,sp,f,65+,43,Smear Positive
Italy,2011,sn,m,0-14,52,Smear Negative
Italy,2011,sn,m,15-24,53,Smear Negative
Italy,2011,sn,m,25-34,74,Smear Negative
Italy,2011,sn,m,35-44,82,Smear Negative
Italy,2011,sn,m,45-54,49,Smear Negative
Italy,2011,sn,m,55-64,49,Smear Negative
Italy,2011,sn,m,65+,85,Smear Negative
Italy,2011,sn,f,0-14,40,Smear Negative
Italy,2011,sn,f,15-24,45,Smear Negative
Italy,2011,sn,f,25-34,67,Smear Negative
Italy,2011,sn,f,35-44,57,Smear Negative
Italy,2011,sn,f,45-54,32,Smear Negative
Italy,2011,sn,f,55-64,25,Smear Negative
Italy,2011,sn,f,65+,71,Smear Negative
Italy,2011,ep,m,0-14,9,Extrapulmonary
Italy,2011,ep,m,15-24,27,Extrapulmonary
Italy,2011,ep,m,25-34,77,Extrapulmonary
Italy,2011,ep,m,35-44,67,Extrapulmonary
Italy,2011,ep,m,45-54,40,Extrapulmonary
Italy,2011,ep,m,55-64,34,Extrapulmonary
Italy,2011,ep,m,65+,73,Extrapulmonary
Italy,2011,ep,f,0-14,15,Extrapulmonary
Italy,2011,ep,f,15-24,33,Extrapulmonary
Italy,2011,ep,f,25-34,72,Extrapulmonary
Italy,2011,ep,f,35-44,53,Extrapulmonary
Italy,2011,ep,f,45-54,39,Extrapulmonary
Italy,2011,ep,f,55-64,22,Extrapulmonary
Italy,2011,ep,f,65+,79,Extrapulmonary
Italy,2012,sp,m,0-14,1,Smear Positive
Italy,2012,sp,m,15-24,43,Smear Positive
Italy,2012,sp,m,25-34,90,Smear Positive
Italy,2012,sp,m,35-44,83,Smear Positive
Italy,2012,sp,m,45-54,46,Smear Positive
Italy,2012,sp,m,55-64,13,Smear Positive
Italy,2012,sp,m,65+,52,Smear Positive
Italy,2012,sp,f,0-14,1,Smear Positive
Italy,2012,sp,f,15-24,27,Smear Positive
Italy,2012,sp,f,25-34,62,Smear Positive
Italy,2012,sp,f,35-44,39,Smear Positive
Italy,2012,sp,f,45-54,14,Smear Positive
Italy,2012,sp,f,55-64,12,Smear Positive
Italy,2012,sp,f,65+,38,Smear Positive
Italy,2012,sn,m,0-14,28,Smear Negative
Italy,2012,sn,m,15-24,34,Smear Negative
Italy,2012,sn,m,25-34,51,Smear Negative
Italy,2012,sn,m,35-44,31,Smear Negative
Italy,2012,sn,m,45-54,33,Smear Negative
Italy,2012,sn,m,55-64,31,Smear Negative
Italy,2012,sn,m,65+,61,Smear Negative
Italy,2012,sn,f,0-14,36,Smear Negative
Italy,2012,sn,f,15-24,15,Smear Negative
Italy,2012,sn,f,25-34,40,Smear Negative
Italy,2012,sn,f,35-44,49,Smear Negative
Italy,2012,sn,f,45-54,32,Smear Negative
Italy,2012,sn,f,55-64,12,Smear Negative
Italy,2012,sn,f,65+,56,Smear Negative
Italy,2012,ep,m,0-14,11,Extrapulmonary
Italy,2012,ep,m,15-24,27,Extrapulmonary
Italy,2012,ep,m,25-34,86,Extrapulmonary
Italy,2012,ep,m,35-44,70,Extrapulmonary
Italy,2012,ep,m,45-54,31,Extrapulmonary
Italy,2012,ep,m,55-64,33,Extrapulmonary
Italy,2012,ep,m,65+,56,Extrapulmonary
Italy,2012,ep,f,0-14,12,Extrapulmonary
Italy,2012,ep,f,15-24,24,Extrapulmonary
Italy,2012,ep,f,25-34,67,Extrapulmonary
Italy,2012,ep,f,35-44,55,Extrapulmonary
Italy,2012,ep,f,45-54,26,Extrapulmonary
Italy,2012,ep,f,55-64,18,Extrapulmonary
Italy,2012,ep,f,65+,65,Extrapulmonary
Italy,2013,rel,m,0-14,63,Relapse
Italy,2013,rel,m,15-24,149,Relapse
Italy,2013,rel,m,25-34,335,Relapse
Italy,2013,rel,m,35-44,258,Relapse
Italy,2013,rel,m,45-54,170,Relapse
Italy,2013,rel,m,55-64,144,Relapse
Italy,2013,rel,m,65+,244,Relapse
Italy,2013,rel,f,0-14,61,Relapse
Italy,2013,rel,f,15-24,159,Relapse
Italy,2013,rel,f,25-34,217,Relapse
Italy,2013,rel,f,35-44,178,Relapse
Italy,2013,rel,f,45-54,126,Relapse
Italy,2013,rel,f,55-64,81,Relapse
Italy,2013,rel,f,65+,249,Relapse
Jamaica,1995,sp,m,0-14,2,Smear Positive
Jamaica,1995,sp,m,15-24,9,Smear Positive
Jamaica,1995,sp,m,25-34,14,Smear Positive
Jamaica,1995,sp,m,35-44,9,Smear Positive
Jamaica,1995,sp,m,45-54,11,Smear Positive
Jamaica,1995,sp,m,55-64,8,Smear Positive
Jamaica,1995,sp,m,65+,9,Smear Positive
Jamaica,1995,sp,f,0-14,2,Smear Positive
Jamaica,1995,sp,f,15-24,7,Smear Positive
Jamaica,1995,sp,f,25-34,6,Smear Positive
Jamaica,1995,sp,f,35-44,5,Smear Positive
Jamaica,1995,sp,f,45-54,5,Smear Positive
Jamaica,1995,sp,f,55-64,2,Smear Positive
Jamaica,1995,sp,f,65+,2,Smear Positive
Jamaica,1996,sp,m,0-14,1,Smear Positive
Jamaica,1996,sp,m,15-24,9,Smear Positive
Jamaica,1996,sp,m,25-34,10,Smear Positive
Jamaica,1996,sp,m,35-44,12,Smear Positive
Jamaica,1996,sp,m,45-54,12,Smear Positive
Jamaica,1996,sp,m,55-64,8,Smear Positive
Jamaica,1996,sp,m,65+,3,Smear Positive
Jamaica,1996,sp,f,0-14,1,Smear Positive
Jamaica,1996,sp,f,15-24,5,Smear Positive
Jamaica,1996,sp,f,25-34,3,Smear Positive
Jamaica,1996,sp,f,35-44,5,Smear Positive
Jamaica,1996,sp,f,45-54,2,Smear Positive
Jamaica,1996,sp,f,55-64,3,Smear Positive
Jamaica,1996,sp,f,65+,1,Smear Positive
Jamaica,1997,sp,m,0-14,1,Smear Positive
Jamaica,1997,sp,m,15-24,2,Smear Positive
Jamaica,1997,sp,m,25-34,9,Smear Positive
Jamaica,1997,sp,m,35-44,16,Smear Positive
Jamaica,1997,sp,m,45-54,12,Smear Positive
Jamaica,1997,sp,m,55-64,8,Smear Positive
Jamaica,1997,sp,m,65+,1,Smear Positive
Jamaica,1997,sp,f,0-14,0,Smear Positive
Jamaica,1997,sp,f,15-24,5,Smear Positive
Jamaica,1997,sp,f,25-34,6,Smear Positive
Jamaica,1997,sp,f,35-44,4,Smear Positive
Jamaica,1997,sp,f,45-54,3,Smear Positive
Jamaica,1997,sp,f,55-64,1,Smear Positive
Jamaica,1997,sp,f,65+,3,Smear Positive
Jamaica,1998,sp,m,0-14,0,Smear Positive
Jamaica,1998,sp,m,15-24,3,Smear Positive
Jamaica,1998,sp,m,25-34,19,Smear Positive
Jamaica,1998,sp,m,35-44,9,Smear Positive
Jamaica,1998,sp,m,45-54,10,Smear Positive
Jamaica,1998,sp,m,55-64,7,Smear Positive
Jamaica,1998,sp,m,65+,7,Smear Positive
Jamaica,1998,sp,f,0-14,1,Smear Positive
Jamaica,1998,sp,f,15-24,8,Smear Positive
Jamaica,1998,sp,f,25-34,3,Smear Positive
Jamaica,1998,sp,f,35-44,8,Smear Positive
Jamaica,1998,sp,f,45-54,1,Smear Positive
Jamaica,1998,sp,f,55-64,4,Smear Positive
Jamaica,1998,sp,f,65+,2,Smear Positive
Jamaica,1999,sp,m,0-14,2,Smear Positive
Jamaica,1999,sp,m,15-24,10,Smear Positive
Jamaica,1999,sp,m,25-34,16,Smear Positive
Jamaica,1999,sp,m,35-44,6,Smear Positive
Jamaica,1999,sp,m,45-54,6,Smear Positive
Jamaica,1999,sp,m,55-64,15,Smear Positive
Jamaica,1999,sp,m,65+,6,Smear Positive
Jamaica,1999,sp,f,0-14,2,Smear Positive
Jamaica,1999,sp,f,15-24,5,Smear Positive
Jamaica,1999,sp,f,25-34,9,Smear Positive
Jamaica,1999,sp,f,35-44,3,Smear Positive
Jamaica,1999,sp,f,45-54,4,Smear Positive
Jamaica,1999,sp,f,55-64,5,Smear Positive
Jamaica,1999,sp,f,65+,3,Smear Positive
Jamaica,2000,sp,m,0-14,0,Smear Positive
Jamaica,2000,sp,m,15-24,6,Smear Positive
Jamaica,2000,sp,m,25-34,13,Smear Positive
Jamaica,2000,sp,m,35-44,13,Smear Positive
Jamaica,2000,sp,m,45-54,15,Smear Positive
Jamaica,2000,sp,m,55-64,6,Smear Positive
Jamaica,2000,sp,m,65+,5,Smear Positive
Jamaica,2000,sp,f,0-14,1,Smear Positive
Jamaica,2000,sp,f,15-24,8,Smear Positive
Jamaica,2000,sp,f,25-34,8,Smear Positive
Jamaica,2000,sp,f,35-44,7,Smear Positive
Jamaica,2000,sp,f,45-54,2,Smear Positive
Jamaica,2000,sp,f,55-64,5,Smear Positive
Jamaica,2000,sp,f,65+,1,Smear Positive
Jamaica,2001,sp,m,0-14,3,Smear Positive
Jamaica,2001,sp,m,15-24,10,Smear Positive
Jamaica,2001,sp,m,25-34,9,Smear Positive
Jamaica,2001,sp,m,35-44,21,Smear Positive
Jamaica,2001,sp,m,45-54,5,Smear Positive
Jamaica,2001,sp,m,55-64,1,Smear Positive
Jamaica,2001,sp,m,65+,1,Smear Positive
Jamaica,2001,sp,f,0-14,2,Smear Positive
Jamaica,2001,sp,f,15-24,2,Smear Positive
Jamaica,2001,sp,f,25-34,7,Smear Positive
Jamaica,2001,sp,f,35-44,6,Smear Positive
Jamaica,2001,sp,f,45-54,3,Smear Positive
Jamaica,2001,sp,f,55-64,2,Smear Positive
Jamaica,2001,sp,f,65+,3,Smear Positive
Jamaica,2002,sp,m,0-14,0,Smear Positive
Jamaica,2002,sp,m,15-24,9,Smear Positive
Jamaica,2002,sp,m,25-34,11,Smear Positive
Jamaica,2002,sp,m,35-44,8,Smear Positive
Jamaica,2002,sp,m,45-54,7,Smear Positive
Jamaica,2002,sp,m,55-64,7,Smear Positive
Jamaica,2002,sp,m,65+,4,Smear Positive
Jamaica,2002,sp,f,0-14,1,Smear Positive
Jamaica,2002,sp,f,15-24,3,Smear Positive
Jamaica,2002,sp,f,25-34,3,Smear Positive
Jamaica,2002,sp,f,35-44,3,Smear Positive
Jamaica,2002,sp,f,45-54,1,Smear Positive
Jamaica,2002,sp,f,55-64,3,Smear Positive
Jamaica,2002,sp,f,65+,0,Smear Positive
Jamaica,2003,sp,m,0-14,1,Smear Positive
Jamaica,2003,sp,m,15-24,11,Smear Positive
Jamaica,2003,sp,m,25-34,9,Smear Positive
Jamaica,2003,sp,m,35-44,14,Smear Positive
Jamaica,2003,sp,m,45-54,12,Smear Positive
Jamaica,2003,sp,m,55-64,4,Smear Positive
Jamaica,2003,sp,m,65+,6,Smear Positive
Jamaica,2003,sp,f,0-14,2,Smear Positive
Jamaica,2003,sp,f,15-24,7,Smear Positive
Jamaica,2003,sp,f,25-34,8,Smear Positive
Jamaica,2003,sp,f,35-44,2,Smear Positive
Jamaica,2003,sp,f,45-54,3,Smear Positive
Jamaica,2003,sp,f,55-64,0,Smear Positive
Jamaica,2003,sp,f,65+,2,Smear Positive
Jamaica,2004,sp,m,0-14,0,Smear Positive
Jamaica,2004,sp,m,15-24,9,Smear Positive
Jamaica,2004,sp,m,25-34,7,Smear Positive
Jamaica,2004,sp,m,35-44,4,Smear Positive
Jamaica,2004,sp,m,45-54,13,Smear Positive
Jamaica,2004,sp,m,55-64,8,Smear Positive
Jamaica,2004,sp,m,65+,10,Smear Positive
Jamaica,2004,sp,f,0-14,0,Smear Positive
Jamaica,2004,sp,f,15-24,4,Smear Positive
Jamaica,2004,sp,f,25-34,6,Smear Positive
Jamaica,2004,sp,f,35-44,4,Smear Positive
Jamaica,2004,sp,f,45-54,1,Smear Positive
Jamaica,2004,sp,f,55-64,2,Smear Positive
Jamaica,2004,sp,f,65+,1,Smear Positive
Jamaica,2005,sp,m,0-14,0,Smear Positive
Jamaica,2005,sp,m,15-24,4,Smear Positive
Jamaica,2005,sp,m,25-34,6,Smear Positive
Jamaica,2005,sp,m,35-44,6,Smear Positive
Jamaica,2005,sp,m,45-54,10,Smear Positive
Jamaica,2005,sp,m,55-64,6,Smear Positive
Jamaica,2005,sp,m,65+,7,Smear Positive
Jamaica,2005,sp,f,0-14,0,Smear Positive
Jamaica,2005,sp,f,15-24,1,Smear Positive
Jamaica,2005,sp,f,25-34,5,Smear Positive
Jamaica,2005,sp,f,35-44,4,Smear Positive
Jamaica,2005,sp,f,45-54,0,Smear Positive
Jamaica,2005,sp,f,55-64,1,Smear Positive
Jamaica,2005,sp,f,65+,3,Smear Positive
Jamaica,2006,sp,m,0-14,0,Smear Positive
Jamaica,2006,sp,m,15-24,9,Smear Positive
Jamaica,2006,sp,m,25-34,10,Smear Positive
Jamaica,2006,sp,m,35-44,9,Smear Positive
Jamaica,2006,sp,m,45-54,6,Smear Positive
Jamaica,2006,sp,m,55-64,6,Smear Positive
Jamaica,2006,sp,m,65+,9,Smear Positive
Jamaica,2006,sp,f,0-14,0,Smear Positive
Jamaica,2006,sp,f,15-24,2,Smear Positive
Jamaica,2006,sp,f,25-34,5,Smear Positive
Jamaica,2006,sp,f,35-44,3,Smear Positive
Jamaica,2006,sp,f,45-54,1,Smear Positive
Jamaica,2006,sp,f,55-64,0,Smear Positive
Jamaica,2006,sp,f,65+,1,Smear Positive
Jamaica,2006,sn,m,0-14,0,Smear Negative
Jamaica,2006,sn,m,15-24,2,Smear Negative
Jamaica,2006,sn,m,25-34,0,Smear Negative
Jamaica,2006,sn,m,35-44,2,Smear Negative
Jamaica,2006,sn,m,45-54,3,Smear Negative
Jamaica,2006,sn,m,55-64,2,Smear Negative
Jamaica,2006,sn,m,65+,1,Smear Negative
Jamaica,2006,sn,f,0-14,1,Smear Negative
Jamaica,2006,sn,f,15-24,1,Smear Negative
Jamaica,2006,sn,f,25-34,2,Smear Negative
Jamaica,2006,sn,f,35-44,2,Smear Negative
Jamaica,2006,sn,f,45-54,3,Smear Negative
Jamaica,2006,sn,f,55-64,0,Smear Negative
Jamaica,2006,sn,f,65+,0,Smear Negative
Jamaica,2006,ep,m,0-14,4,Extrapulmonary
Jamaica,2006,ep,m,15-24,2,Extrapulmonary
Jamaica,2006,ep,m,25-34,1,Extrapulmonary
Jamaica,2006,ep,m,35-44,2,Extrapulmonary
Jamaica,2006,ep,m,45-54,1,Extrapulmonary
Jamaica,2006,ep,m,55-64,2,Extrapulmonary
Jamaica,2006,ep,m,65+,0,Extrapulmonary
Jamaica,2006,ep,f,0-14,0,Extrapulmonary
Jamaica,2006,ep,f,15-24,0,Extrapulmonary
Jamaica,2006,ep,f,25-34,1,Extrapulmonary
Jamaica,2006,ep,f,35-44,0,Extrapulmonary
Jamaica,2006,ep,f,45-54,0,Extrapulmonary
Jamaica,2006,ep,f,55-64,0,Extrapulmonary
Jamaica,2006,ep,f,65+,0,Extrapulmonary
Jamaica,2007,sp,m,15-24,12,Smear Positive
Jamaica,2007,sp,m,25-34,10,Smear Positive
Jamaica,2007,sp,m,35-44,7,Smear Positive
Jamaica,2007,sp,m,45-54,17,Smear Positive
Jamaica,2007,sp,m,55-64,7,Smear Positive
Jamaica,2007,sp,m,65+,3,Smear Positive
Jamaica,2007,sp,f,0-14,2,Smear Positive
Jamaica,2007,sp,f,15-24,5,Smear Positive
Jamaica,2007,sp,f,25-34,2,Smear Positive
Jamaica,2007,sp,f,35-44,6,Smear Positive
Jamaica,2007,sp,f,45-54,2,Smear Positive
Jamaica,2007,sp,f,55-64,2,Smear Positive
Jamaica,2007,sp,f,65+,3,Smear Positive
Jamaica,2007,sn,m,15-24,0,Smear Negative
Jamaica,2007,sn,m,25-34,3,Smear Negative
Jamaica,2007,sn,m,35-44,2,Smear Negative
Jamaica,2007,sn,m,45-54,2,Smear Negative
Jamaica,2007,sn,m,55-64,0,Smear Negative
Jamaica,2007,sn,m,65+,0,Smear Negative
Jamaica,2007,sn,f,15-24,0,Smear Negative
Jamaica,2007,sn,f,25-34,2,Smear Negative
Jamaica,2007,sn,f,35-44,0,Smear Negative
Jamaica,2007,sn,f,45-54,2,Smear Negative
Jamaica,2007,sn,f,55-64,0,Smear Negative
Jamaica,2007,sn,f,65+,1,Smear Negative
Jamaica,2007,ep,m,15-24,0,Extrapulmonary
Jamaica,2007,ep,m,25-34,0,Extrapulmonary
Jamaica,2007,ep,m,35-44,1,Extrapulmonary
Jamaica,2007,ep,m,45-54,1,Extrapulmonary
Jamaica,2007,ep,m,55-64,0,Extrapulmonary
Jamaica,2007,ep,m,65+,0,Extrapulmonary
Jamaica,2007,ep,f,15-24,0,Extrapulmonary
Jamaica,2007,ep,f,25-34,1,Extrapulmonary
Jamaica,2007,ep,f,35-44,1,Extrapulmonary
Jamaica,2007,ep,f,45-54,0,Extrapulmonary
Jamaica,2007,ep,f,55-64,0,Extrapulmonary
Jamaica,2007,ep,f,65+,0,Extrapulmonary
Jamaica,2008,sp,m,0-14,3,Smear Positive
Jamaica,2008,sp,m,15-24,2,Smear Positive
Jamaica,2008,sp,m,25-34,10,Smear Positive
Jamaica,2008,sp,m,35-44,10,Smear Positive
Jamaica,2008,sp,m,45-54,11,Smear Positive
Jamaica,2008,sp,m,55-64,11,Smear Positive
Jamaica,2008,sp,m,65+,5,Smear Positive
Jamaica,2008,sp,f,0-14,1,Smear Positive
Jamaica,2008,sp,f,15-24,8,Smear Positive
Jamaica,2008,sp,f,25-34,3,Smear Positive
Jamaica,2008,sp,f,35-44,3,Smear Positive
Jamaica,2008,sp,f,45-54,1,Smear Positive
Jamaica,2008,sp,f,55-64,1,Smear Positive
Jamaica,2008,sp,f,65+,6,Smear Positive
Jamaica,2008,sn,m,0-14,2,Smear Negative
Jamaica,2008,sn,m,15-24,2,Smear Negative
Jamaica,2008,sn,m,25-34,2,Smear Negative
Jamaica,2008,sn,m,35-44,1,Smear Negative
Jamaica,2008,sn,m,45-54,3,Smear Negative
Jamaica,2008,sn,m,55-64,3,Smear Negative
Jamaica,2008,sn,m,65+,3,Smear Negative
Jamaica,2008,sn,f,0-14,3,Smear Negative
Jamaica,2008,sn,f,15-24,1,Smear Negative
Jamaica,2008,sn,f,25-34,0,Smear Negative
Jamaica,2008,sn,f,35-44,0,Smear Negative
Jamaica,2008,sn,f,45-54,1,Smear Negative
Jamaica,2008,sn,f,55-64,1,Smear Negative
Jamaica,2008,sn,f,65+,0,Smear Negative
Jamaica,2008,ep,m,0-14,0,Extrapulmonary
Jamaica,2008,ep,m,15-24,0,Extrapulmonary
Jamaica,2008,ep,m,25-34,1,Extrapulmonary
Jamaica,2008,ep,m,35-44,1,Extrapulmonary
Jamaica,2008,ep,m,45-54,0,Extrapulmonary
Jamaica,2008,ep,m,55-64,0,Extrapulmonary
Jamaica,2008,ep,m,65+,0,Extrapulmonary
Jamaica,2008,ep,f,0-14,0,Extrapulmonary
Jamaica,2008,ep,f,15-24,0,Extrapulmonary
Jamaica,2008,ep,f,25-34,0,Extrapulmonary
Jamaica,2008,ep,f,35-44,0,Extrapulmonary
Jamaica,2008,ep,f,45-54,0,Extrapulmonary
Jamaica,2008,ep,f,55-64,0,Extrapulmonary
Jamaica,2008,ep,f,65+,0,Extrapulmonary
Jamaica,2009,sp,m,0-14,1,Smear Positive
Jamaica,2009,sp,m,15-24,5,Smear Positive
Jamaica,2009,sp,m,25-34,8,Smear Positive
Jamaica,2009,sp,m,35-44,10,Smear Positive
Jamaica,2009,sp,m,45-54,7,Smear Positive
Jamaica,2009,sp,m,55-64,4,Smear Positive
Jamaica,2009,sp,m,65+,5,Smear Positive
Jamaica,2009,sp,f,0-14,7,Smear Positive
Jamaica,2009,sp,f,15-24,7,Smear Positive
Jamaica,2009,sp,f,25-34,8,Smear Positive
Jamaica,2009,sp,f,35-44,7,Smear Positive
Jamaica,2009,sp,f,45-54,4,Smear Positive
Jamaica,2009,sp,f,55-64,3,Smear Positive
Jamaica,2009,sp,f,65+,1,Smear Positive
Jamaica,2009,sn,m,0-14,2,Smear Negative
Jamaica,2009,sn,m,15-24,4,Smear Negative
Jamaica,2009,sn,m,25-34,2,Smear Negative
Jamaica,2009,sn,m,35-44,8,Smear Negative
Jamaica,2009,sn,m,45-54,4,Smear Negative
Jamaica,2009,sn,m,55-64,8,Smear Negative
Jamaica,2009,sn,m,65+,4,Smear Negative
Jamaica,2009,sn,f,0-14,0,Smear Negative
Jamaica,2009,sn,f,15-24,3,Smear Negative
Jamaica,2009,sn,f,25-34,6,Smear Negative
Jamaica,2009,sn,f,35-44,3,Smear Negative
Jamaica,2009,sn,f,45-54,0,Smear Negative
Jamaica,2009,sn,f,55-64,2,Smear Negative
Jamaica,2009,sn,f,65+,2,Smear Negative
Jamaica,2009,ep,m,0-14,0,Extrapulmonary
Jamaica,2009,ep,m,15-24,0,Extrapulmonary
Jamaica,2009,ep,m,25-34,1,Extrapulmonary
Jamaica,2009,ep,m,35-44,0,Extrapulmonary
Jamaica,2009,ep,m,45-54,1,Extrapulmonary
Jamaica,2009,ep,m,55-64,1,Extrapulmonary
Jamaica,2009,ep,m,65+,0,Extrapulmonary
Jamaica,2009,ep,f,0-14,0,Extrapulmonary
Jamaica,2009,ep,f,15-24,0,Extrapulmonary
Jamaica,2009,ep,f,25-34,1,Extrapulmonary
Jamaica,2009,ep,f,35-44,0,Extrapulmonary
Jamaica,2009,ep,f,45-54,1,Extrapulmonary
Jamaica,2009,ep,f,55-64,0,Extrapulmonary
Jamaica,2009,ep,f,65+,0,Extrapulmonary
Jamaica,2010,sp,m,0-14,1,Smear Positive
Jamaica,2010,sp,m,15-24,7,Smear Positive
Jamaica,2010,sp,m,25-34,15,Smear Positive
Jamaica,2010,sp,m,35-44,15,Smear Positive
Jamaica,2010,sp,m,45-54,8,Smear Positive
Jamaica,2010,sp,m,55-64,6,Smear Positive
Jamaica,2010,sp,m,65+,7,Smear Positive
Jamaica,2010,sp,f,0-14,0,Smear Positive
Jamaica,2010,sp,f,15-24,5,Smear Positive
Jamaica,2010,sp,f,25-34,4,Smear Positive
Jamaica,2010,sp,f,35-44,5,Smear Positive
Jamaica,2010,sp,f,45-54,1,Smear Positive
Jamaica,2010,sp,f,55-64,0,Smear Positive
Jamaica,2010,sp,f,65+,2,Smear Positive
Jamaica,2010,sn,m,0-14,11,Smear Negative
Jamaica,2010,sn,m,15-24,0,Smear Negative
Jamaica,2010,sn,m,25-34,5,Smear Negative
Jamaica,2010,sn,m,35-44,3,Smear Negative
Jamaica,2010,sn,m,45-54,5,Smear Negative
Jamaica,2010,sn,m,55-64,5,Smear Negative
Jamaica,2010,sn,m,65+,7,Smear Negative
Jamaica,2010,sn,f,0-14,3,Smear Negative
Jamaica,2010,sn,f,15-24,1,Smear Negative
Jamaica,2010,sn,f,25-34,2,Smear Negative
Jamaica,2010,sn,f,35-44,1,Smear Negative
Jamaica,2010,sn,f,45-54,1,Smear Negative
Jamaica,2010,sn,f,55-64,0,Smear Negative
Jamaica,2010,sn,f,65+,2,Smear Negative
Jamaica,2010,ep,m,0-14,0,Extrapulmonary
Jamaica,2010,ep,m,15-24,0,Extrapulmonary
Jamaica,2010,ep,m,25-34,1,Extrapulmonary
Jamaica,2010,ep,m,35-44,1,Extrapulmonary
Jamaica,2010,ep,m,45-54,0,Extrapulmonary
Jamaica,2010,ep,m,55-64,0,Extrapulmonary
Jamaica,2010,ep,m,65+,0,Extrapulmonary
Jamaica,2010,ep,f,0-14,2,Extrapulmonary
Jamaica,2010,ep,f,15-24,0,Extrapulmonary
Jamaica,2010,ep,f,25-34,1,Extrapulmonary
Jamaica,2010,ep,f,35-44,0,Extrapulmonary
Jamaica,2010,ep,f,45-54,0,Extrapulmonary
Jamaica,2010,ep,f,55-64,1,Extrapulmonary
Jamaica,2010,ep,f,65+,0,Extrapulmonary
Jamaica,2011,sp,m,0-14,0,Smear Positive
Jamaica,2011,sp,m,15-24,2,Smear Positive
Jamaica,2011,sp,m,25-34,6,Smear Positive
Jamaica,2011,sp,m,35-44,3,Smear Positive
Jamaica,2011,sp,m,45-54,4,Smear Positive
Jamaica,2011,sp,m,55-64,4,Smear Positive
Jamaica,2011,sp,m,65+,3,Smear Positive
Jamaica,2011,sp,f,0-14,1,Smear Positive
Jamaica,2011,sp,f,15-24,3,Smear Positive
Jamaica,2011,sp,f,25-34,4,Smear Positive
Jamaica,2011,sp,f,35-44,0,Smear Positive
Jamaica,2011,sp,f,45-54,3,Smear Positive
Jamaica,2011,sp,f,55-64,1,Smear Positive
Jamaica,2011,sp,f,65+,1,Smear Positive
Jamaica,2011,sn,m,0-14,6,Smear Negative
Jamaica,2011,sn,m,15-24,1,Smear Negative
Jamaica,2011,sn,m,25-34,0,Smear Negative
Jamaica,2011,sn,m,35-44,5,Smear Negative
Jamaica,2011,sn,m,45-54,2,Smear Negative
Jamaica,2011,sn,m,55-64,5,Smear Negative
Jamaica,2011,sn,m,65+,6,Smear Negative
Jamaica,2011,sn,f,0-14,5,Smear Negative
Jamaica,2011,sn,f,15-24,1,Smear Negative
Jamaica,2011,sn,f,25-34,1,Smear Negative
Jamaica,2011,sn,f,35-44,0,Smear Negative
Jamaica,2011,sn,f,45-54,3,Smear Negative
Jamaica,2011,sn,f,55-64,1,Smear Negative
Jamaica,2011,sn,f,65+,0,Smear Negative
Jamaica,2011,ep,m,0-14,0,Extrapulmonary
Jamaica,2011,ep,m,15-24,2,Extrapulmonary
Jamaica,2011,ep,m,25-34,0,Extrapulmonary
Jamaica,2011,ep,m,35-44,0,Extrapulmonary
Jamaica,2011,ep,m,45-54,0,Extrapulmonary
Jamaica,2011,ep,m,55-64,0,Extrapulmonary
Jamaica,2011,ep,m,65+,0,Extrapulmonary
Jamaica,2011,ep,f,0-14,0,Extrapulmonary
Jamaica,2011,ep,f,15-24,1,Extrapulmonary
Jamaica,2011,ep,f,25-34,2,Extrapulmonary
Jamaica,2011,ep,f,35-44,0,Extrapulmonary
Jamaica,2011,ep,f,45-54,0,Extrapulmonary
Jamaica,2011,ep,f,55-64,1,Extrapulmonary
Jamaica,2011,ep,f,65+,1,Extrapulmonary
Jamaica,2012,sp,m,0-14,1,Smear Positive
Jamaica,2012,sp,m,15-24,10,Smear Positive
Jamaica,2012,sp,m,25-34,8,Smear Positive
Jamaica,2012,sp,m,35-44,3,Smear Positive
Jamaica,2012,sp,m,45-54,5,Smear Positive
Jamaica,2012,sp,m,55-64,5,Smear Positive
Jamaica,2012,sp,m,65+,1,Smear Positive
Jamaica,2012,sp,f,0-14,1,Smear Positive
Jamaica,2012,sp,f,15-24,1,Smear Positive
Jamaica,2012,sp,f,25-34,5,Smear Positive
Jamaica,2012,sp,f,35-44,4,Smear Positive
Jamaica,2012,sp,f,45-54,2,Smear Positive
Jamaica,2012,sp,f,55-64,0,Smear Positive
Jamaica,2012,sp,f,65+,0,Smear Positive
Jamaica,2012,sn,m,0-14,3,Smear Negative
Jamaica,2012,sn,m,15-24,0,Smear Negative
Jamaica,2012,sn,m,25-34,3,Smear Negative
Jamaica,2012,sn,m,35-44,1,Smear Negative
Jamaica,2012,sn,m,45-54,3,Smear Negative
Jamaica,2012,sn,m,55-64,4,Smear Negative
Jamaica,2012,sn,m,65+,4,Smear Negative
Jamaica,2012,sn,f,0-14,6,Smear Negative
Jamaica,2012,sn,f,15-24,2,Smear Negative
Jamaica,2012,sn,f,25-34,6,Smear Negative
Jamaica,2012,sn,f,35-44,0,Smear Negative
Jamaica,2012,sn,f,45-54,1,Smear Negative
Jamaica,2012,sn,f,55-64,0,Smear Negative
Jamaica,2012,sn,f,65+,0,Smear Negative
Jamaica,2012,ep,m,0-14,0,Extrapulmonary
Jamaica,2012,ep,m,15-24,0,Extrapulmonary
Jamaica,2012,ep,m,25-34,2,Extrapulmonary
Jamaica,2012,ep,m,35-44,0,Extrapulmonary
Jamaica,2012,ep,m,45-54,4,Extrapulmonary
Jamaica,2012,ep,m,55-64,0,Extrapulmonary
Jamaica,2012,ep,m,65+,0,Extrapulmonary
Jamaica,2012,ep,f,0-14,0,Extrapulmonary
Jamaica,2012,ep,f,15-24,0,Extrapulmonary
Jamaica,2012,ep,f,25-34,1,Extrapulmonary
Jamaica,2012,ep,f,35-44,1,Extrapulmonary
Jamaica,2012,ep,f,45-54,0,Extrapulmonary
Jamaica,2012,ep,f,55-64,0,Extrapulmonary
Jamaica,2012,ep,f,65+,1,Extrapulmonary
Jamaica,2013,rel,m,0-14,4,Relapse
Jamaica,2013,rel,m,15-24,12,Relapse
Jamaica,2013,rel,m,25-34,18,Relapse
Jamaica,2013,rel,m,35-44,11,Relapse
Jamaica,2013,rel,m,45-54,11,Relapse
Jamaica,2013,rel,m,55-64,6,Relapse
Jamaica,2013,rel,m,65+,1,Relapse
Jamaica,2013,rel,f,0-14,6,Relapse
Jamaica,2013,rel,f,15-24,6,Relapse
Jamaica,2013,rel,f,25-34,4,Relapse
Jamaica,2013,rel,f,35-44,6,Relapse
Jamaica,2013,rel,f,45-54,7,Relapse
Jamaica,2013,rel,f,55-64,1,Relapse
Jamaica,2013,rel,f,65+,2,Relapse
Japan,1995,sp,m,0-14,15,Smear Positive
Japan,1995,sp,m,15-24,342,Smear Positive
Japan,1995,sp,m,25-34,627,Smear Positive
Japan,1995,sp,m,35-44,995,Smear Positive
Japan,1995,sp,m,45-54,1847,Smear Positive
Japan,1995,sp,m,55-64,2059,Smear Positive
Japan,1995,sp,m,65+,4089,Smear Positive
Japan,1995,sp,f,0-14,14,Smear Positive
Japan,1995,sp,f,15-24,258,Smear Positive
Japan,1995,sp,f,25-34,476,Smear Positive
Japan,1995,sp,f,35-44,298,Smear Positive
Japan,1995,sp,f,45-54,476,Smear Positive
Japan,1995,sp,f,55-64,637,Smear Positive
Japan,1995,sp,f,65+,2234,Smear Positive
Japan,1996,sp,m,0-14,16,Smear Positive
Japan,1996,sp,m,15-24,309,Smear Positive
Japan,1996,sp,m,25-34,621,Smear Positive
Japan,1996,sp,m,35-44,843,Smear Positive
Japan,1996,sp,m,45-54,1756,Smear Positive
Japan,1996,sp,m,55-64,1878,Smear Positive
Japan,1996,sp,m,65+,3639,Smear Positive
Japan,1996,sp,f,0-14,7,Smear Positive
Japan,1996,sp,f,15-24,224,Smear Positive
Japan,1996,sp,f,25-34,409,Smear Positive
Japan,1996,sp,f,35-44,262,Smear Positive
Japan,1996,sp,f,45-54,364,Smear Positive
Japan,1996,sp,f,55-64,565,Smear Positive
Japan,1996,sp,f,65+,1974,Smear Positive
Japan,1997,sp,m,0-14,8,Smear Positive
Japan,1997,sp,m,15-24,304,Smear Positive
Japan,1997,sp,m,25-34,625,Smear Positive
Japan,1997,sp,m,35-44,798,Smear Positive
Japan,1997,sp,m,45-54,1793,Smear Positive
Japan,1997,sp,m,55-64,1908,Smear Positive
Japan,1997,sp,m,65+,4055,Smear Positive
Japan,1997,sp,f,0-14,11,Smear Positive
Japan,1997,sp,f,15-24,248,Smear Positive
Japan,1997,sp,f,25-34,455,Smear Positive
Japan,1997,sp,f,35-44,237,Smear Positive
Japan,1997,sp,f,45-54,405,Smear Positive
Japan,1997,sp,f,55-64,547,Smear Positive
Japan,1997,sp,f,65+,2177,Smear Positive
Japan,1998,sp,m,0-14,2,Smear Positive
Japan,1998,sp,m,15-24,306,Smear Positive
Japan,1998,sp,m,25-34,597,Smear Positive
Japan,1998,sp,m,35-44,724,Smear Positive
Japan,1998,sp,m,45-54,1571,Smear Positive
Japan,1998,sp,m,55-64,1660,Smear Positive
Japan,1998,sp,m,65+,3545,Smear Positive
Japan,1998,sp,f,0-14,6,Smear Positive
Japan,1998,sp,f,15-24,243,Smear Positive
Japan,1998,sp,f,25-34,418,Smear Positive
Japan,1998,sp,f,35-44,233,Smear Positive
Japan,1998,sp,f,45-54,329,Smear Positive
Japan,1998,sp,f,55-64,417,Smear Positive
Japan,1998,sp,f,65+,1884,Smear Positive
Japan,1999,sp,m,0-14,6,Smear Positive
Japan,1999,sp,m,15-24,290,Smear Positive
Japan,1999,sp,m,25-34,623,Smear Positive
Japan,1999,sp,m,35-44,706,Smear Positive
Japan,1999,sp,m,45-54,1605,Smear Positive
Japan,1999,sp,m,55-64,1768,Smear Positive
Japan,1999,sp,m,65+,4117,Smear Positive
Japan,1999,sp,f,0-14,7,Smear Positive
Japan,1999,sp,f,15-24,236,Smear Positive
Japan,1999,sp,f,25-34,459,Smear Positive
Japan,1999,sp,f,35-44,253,Smear Positive
Japan,1999,sp,f,45-54,292,Smear Positive
Japan,1999,sp,f,55-64,419,Smear Positive
Japan,1999,sp,f,65+,2128,Smear Positive
Japan,2000,sp,m,0-14,2,Smear Positive
Japan,2000,sp,m,15-24,246,Smear Positive
Japan,2000,sp,m,25-34,572,Smear Positive
Japan,2000,sp,m,35-44,676,Smear Positive
Japan,2000,sp,m,45-54,1494,Smear Positive
Japan,2000,sp,m,55-64,1509,Smear Positive
Japan,2000,sp,m,65+,3816,Smear Positive
Japan,2000,sp,f,0-14,5,Smear Positive
Japan,2000,sp,f,15-24,222,Smear Positive
Japan,2000,sp,f,25-34,464,Smear Positive
Japan,2000,sp,f,35-44,213,Smear Positive
Japan,2000,sp,f,45-54,292,Smear Positive
Japan,2000,sp,f,55-64,384,Smear Positive
Japan,2000,sp,f,65+,1958,Smear Positive
Japan,2001,sp,m,0-14,3,Smear Positive
Japan,2001,sp,m,15-24,220,Smear Positive
Japan,2001,sp,m,25-34,576,Smear Positive
Japan,2001,sp,m,35-44,632,Smear Positive
Japan,2001,sp,m,45-54,1319,Smear Positive
Japan,2001,sp,m,55-64,1513,Smear Positive
Japan,2001,sp,m,65+,3840,Smear Positive
Japan,2001,sp,f,0-14,5,Smear Positive
Japan,2001,sp,f,15-24,175,Smear Positive
Japan,2001,sp,f,25-34,437,Smear Positive
Japan,2001,sp,f,35-44,228,Smear Positive
Japan,2001,sp,f,45-54,250,Smear Positive
Japan,2001,sp,f,55-64,330,Smear Positive
Japan,2001,sp,f,65+,1880,Smear Positive
Japan,2002,sp,m,0-14,2,Smear Positive
Japan,2002,sp,m,15-24,191,Smear Positive
Japan,2002,sp,m,25-34,549,Smear Positive
Japan,2002,sp,m,35-44,579,Smear Positive
Japan,2002,sp,m,45-54,1192,Smear Positive
Japan,2002,sp,m,55-64,1334,Smear Positive
Japan,2002,sp,m,65+,3747,Smear Positive
Japan,2002,sp,f,0-14,3,Smear Positive
Japan,2002,sp,f,15-24,192,Smear Positive
Japan,2002,sp,f,25-34,395,Smear Positive
Japan,2002,sp,f,35-44,259,Smear Positive
Japan,2002,sp,f,45-54,248,Smear Positive
Japan,2002,sp,f,55-64,308,Smear Positive
Japan,2002,sp,f,65+,1808,Smear Positive
Japan,2003,sp,m,0-14,1,Smear Positive
Japan,2003,sp,m,15-24,210,Smear Positive
Japan,2003,sp,m,25-34,521,Smear Positive
Japan,2003,sp,m,35-44,550,Smear Positive
Japan,2003,sp,m,45-54,1063,Smear Positive
Japan,2003,sp,m,55-64,1388,Smear Positive
Japan,2003,sp,m,65+,3731,Smear Positive
Japan,2003,sp,f,0-14,2,Smear Positive
Japan,2003,sp,f,15-24,203,Smear Positive
Japan,2003,sp,f,25-34,395,Smear Positive
Japan,2003,sp,f,35-44,246,Smear Positive
Japan,2003,sp,f,45-54,254,Smear Positive
Japan,2003,sp,f,55-64,313,Smear Positive
Japan,2003,sp,f,65+,1966,Smear Positive
Japan,2004,sp,m,0-14,2,Smear Positive
Japan,2004,sp,m,15-24,193,Smear Positive
Japan,2004,sp,m,25-34,462,Smear Positive
Japan,2004,sp,m,35-44,599,Smear Positive
Japan,2004,sp,m,45-54,934,Smear Positive
Japan,2004,sp,m,55-64,1363,Smear Positive
Japan,2004,sp,m,65+,3759,Smear Positive
Japan,2004,sp,f,0-14,6,Smear Positive
Japan,2004,sp,f,15-24,182,Smear Positive
Japan,2004,sp,f,25-34,364,Smear Positive
Japan,2004,sp,f,35-44,230,Smear Positive
Japan,2004,sp,f,45-54,222,Smear Positive
Japan,2004,sp,f,55-64,294,Smear Positive
Japan,2004,sp,f,65+,1861,Smear Positive
Japan,2005,sp,m,0-14,9,Smear Positive
Japan,2005,sp,m,15-24,197,Smear Positive
Japan,2005,sp,m,25-34,488,Smear Positive
Japan,2005,sp,m,35-44,605,Smear Positive
Japan,2005,sp,m,45-54,868,Smear Positive
Japan,2005,sp,m,55-64,1418,Smear Positive
Japan,2005,sp,m,65+,3867,Smear Positive
Japan,2005,sp,f,0-14,5,Smear Positive
Japan,2005,sp,f,15-24,187,Smear Positive
Japan,2005,sp,f,25-34,428,Smear Positive
Japan,2005,sp,f,35-44,249,Smear Positive
Japan,2005,sp,f,45-54,224,Smear Positive
Japan,2005,sp,f,55-64,309,Smear Positive
Japan,2005,sp,f,65+,2077,Smear Positive
Japan,2006,sp,m,0-14,3,Smear Positive
Japan,2006,sp,m,15-24,175,Smear Positive
Japan,2006,sp,m,25-34,436,Smear Positive
Japan,2006,sp,m,35-44,529,Smear Positive
Japan,2006,sp,m,45-54,743,Smear Positive
Japan,2006,sp,m,55-64,1388,Smear Positive
Japan,2006,sp,m,65+,3728,Smear Positive
Japan,2006,sp,f,0-14,5,Smear Positive
Japan,2006,sp,f,15-24,179,Smear Positive
Japan,2006,sp,f,25-34,361,Smear Positive
Japan,2006,sp,f,35-44,280,Smear Positive
Japan,2006,sp,f,45-54,213,Smear Positive
Japan,2006,sp,f,55-64,256,Smear Positive
Japan,2006,sp,f,65+,1863,Smear Positive
Japan,2006,sn,m,0-14,23,Smear Negative
Japan,2006,sn,m,15-24,271,Smear Negative
Japan,2006,sn,m,25-34,631,Smear Negative
Japan,2006,sn,m,35-44,556,Smear Negative
Japan,2006,sn,m,45-54,643,Smear Negative
Japan,2006,sn,m,55-64,991,Smear Negative
Japan,2006,sn,m,65+,2720,Smear Negative
Japan,2006,sn,f,0-14,24,Smear Negative
Japan,2006,sn,f,15-24,284,Smear Negative
Japan,2006,sn,f,25-34,566,Smear Negative
Japan,2006,sn,f,35-44,379,Smear Negative
Japan,2006,sn,f,45-54,229,Smear Negative
Japan,2006,sn,f,55-64,329,Smear Negative
Japan,2006,sn,f,65+,1452,Smear Negative
Japan,2006,ep,m,0-14,15,Extrapulmonary
Japan,2006,ep,m,15-24,79,Extrapulmonary
Japan,2006,ep,m,25-34,173,Extrapulmonary
Japan,2006,ep,m,35-44,220,Extrapulmonary
Japan,2006,ep,m,45-54,208,Extrapulmonary
Japan,2006,ep,m,55-64,397,Extrapulmonary
Japan,2006,ep,m,65+,1775,Extrapulmonary
Japan,2006,ep,f,0-14,12,Extrapulmonary
Japan,2006,ep,f,15-24,79,Extrapulmonary
Japan,2006,ep,f,25-34,179,Extrapulmonary
Japan,2006,ep,f,35-44,148,Extrapulmonary
Japan,2006,ep,f,45-54,147,Extrapulmonary
Japan,2006,ep,f,55-64,272,Extrapulmonary
Japan,2006,ep,f,65+,1499,Extrapulmonary
Japan,2007,sp,m,0-14,1,Smear Positive
Japan,2007,sp,m,15-24,142,Smear Positive
Japan,2007,sp,m,25-34,372,Smear Positive
Japan,2007,sp,m,35-44,512,Smear Positive
Japan,2007,sp,m,45-54,668,Smear Positive
Japan,2007,sp,m,55-64,1174,Smear Positive
Japan,2007,sp,m,65+,3678,Smear Positive
Japan,2007,sp,f,0-14,3,Smear Positive
Japan,2007,sp,f,15-24,134,Smear Positive
Japan,2007,sp,f,25-34,318,Smear Positive
Japan,2007,sp,f,35-44,231,Smear Positive
Japan,2007,sp,f,45-54,156,Smear Positive
Japan,2007,sp,f,55-64,212,Smear Positive
Japan,2007,sp,f,65+,1832,Smear Positive
Japan,2007,sn,m,0-14,28,Smear Negative
Japan,2007,sn,m,15-24,271,Smear Negative
Japan,2007,sn,m,25-34,591,Smear Negative
Japan,2007,sn,m,35-44,536,Smear Negative
Japan,2007,sn,m,45-54,549,Smear Negative
Japan,2007,sn,m,55-64,1000,Smear Negative
Japan,2007,sn,m,65+,2748,Smear Negative
Japan,2007,sn,f,0-14,35,Smear Negative
Japan,2007,sn,f,15-24,278,Smear Negative
Japan,2007,sn,f,25-34,554,Smear Negative
Japan,2007,sn,f,35-44,367,Smear Negative
Japan,2007,sn,f,45-54,256,Smear Negative
Japan,2007,sn,f,55-64,359,Smear Negative
Japan,2007,sn,f,65+,1479,Smear Negative
Japan,2007,ep,m,0-14,12,Extrapulmonary
Japan,2007,ep,m,15-24,84,Extrapulmonary
Japan,2007,ep,m,25-34,196,Extrapulmonary
Japan,2007,ep,m,35-44,211,Extrapulmonary
Japan,2007,ep,m,45-54,191,Extrapulmonary
Japan,2007,ep,m,55-64,351,Extrapulmonary
Japan,2007,ep,m,65+,1740,Extrapulmonary
Japan,2007,ep,f,0-14,13,Extrapulmonary
Japan,2007,ep,f,15-24,62,Extrapulmonary
Japan,2007,ep,f,25-34,158,Extrapulmonary
Japan,2007,ep,f,35-44,168,Extrapulmonary
Japan,2007,ep,f,45-54,127,Extrapulmonary
Japan,2007,ep,f,55-64,271,Extrapulmonary
Japan,2007,ep,f,65+,1558,Extrapulmonary
Japan,2008,sp,m,0-14,2,Smear Positive
Japan,2008,sp,m,15-24,117,Smear Positive
Japan,2008,sp,m,25-34,339,Smear Positive
Japan,2008,sp,m,35-44,456,Smear Positive
Japan,2008,sp,m,45-54,599,Smear Positive
Japan,2008,sp,m,55-64,1063,Smear Positive
Japan,2008,sp,m,65+,3482,Smear Positive
Japan,2008,sp,f,0-14,1,Smear Positive
Japan,2008,sp,f,15-24,115,Smear Positive
Japan,2008,sp,f,25-34,293,Smear Positive
Japan,2008,sp,f,35-44,230,Smear Positive
Japan,2008,sp,f,45-54,173,Smear Positive
Japan,2008,sp,f,55-64,253,Smear Positive
Japan,2008,sp,f,65+,1872,Smear Positive
Japan,2008,sn,m,0-14,27,Smear Negative
Japan,2008,sn,m,15-24,269,Smear Negative
Japan,2008,sn,m,25-34,609,Smear Negative
Japan,2008,sn,m,35-44,535,Smear Negative
Japan,2008,sn,m,45-54,532,Smear Negative
Japan,2008,sn,m,55-64,922,Smear Negative
Japan,2008,sn,m,65+,2688,Smear Negative
Japan,2008,sn,f,0-14,27,Smear Negative
Japan,2008,sn,f,15-24,280,Smear Negative
Japan,2008,sn,f,25-34,528,Smear Negative
Japan,2008,sn,f,35-44,398,Smear Negative
Japan,2008,sn,f,45-54,261,Smear Negative
Japan,2008,sn,f,55-64,283,Smear Negative
Japan,2008,sn,f,65+,1497,Smear Negative
Japan,2008,ep,m,0-14,21,Extrapulmonary
Japan,2008,ep,m,15-24,62,Extrapulmonary
Japan,2008,ep,m,25-34,147,Extrapulmonary
Japan,2008,ep,m,35-44,199,Extrapulmonary
Japan,2008,ep,m,45-54,185,Extrapulmonary
Japan,2008,ep,m,55-64,350,Extrapulmonary
Japan,2008,ep,m,65+,1752,Extrapulmonary
Japan,2008,ep,f,0-14,14,Extrapulmonary
Japan,2008,ep,f,15-24,51,Extrapulmonary
Japan,2008,ep,f,25-34,157,Extrapulmonary
Japan,2008,ep,f,35-44,158,Extrapulmonary
Japan,2008,ep,f,45-54,136,Extrapulmonary
Japan,2008,ep,f,55-64,287,Extrapulmonary
Japan,2008,ep,f,65+,1554,Extrapulmonary
Japan,2009,sp,m,0-14,1,Smear Positive
Japan,2009,sp,m,15-24,134,Smear Positive
Japan,2009,sp,m,25-34,328,Smear Positive
Japan,2009,sp,m,35-44,410,Smear Positive
Japan,2009,sp,m,45-54,580,Smear Positive
Japan,2009,sp,m,55-64,946,Smear Positive
Japan,2009,sp,m,65+,3406,Smear Positive
Japan,2009,sp,f,0-14,3,Smear Positive
Japan,2009,sp,f,15-24,105,Smear Positive
Japan,2009,sp,f,25-34,287,Smear Positive
Japan,2009,sp,f,35-44,254,Smear Positive
Japan,2009,sp,f,45-54,169,Smear Positive
Japan,2009,sp,f,55-64,221,Smear Positive
Japan,2009,sp,f,65+,2009,Smear Positive
Japan,2009,sn,m,0-14,14,Smear Negative
Japan,2009,sn,m,15-24,266,Smear Negative
Japan,2009,sn,m,25-34,533,Smear Negative
Japan,2009,sn,m,35-44,511,Smear Negative
Japan,2009,sn,m,45-54,506,Smear Negative
Japan,2009,sn,m,55-64,879,Smear Negative
Japan,2009,sn,m,65+,2668,Smear Negative
Japan,2009,sn,f,0-14,24,Smear Negative
Japan,2009,sn,f,15-24,250,Smear Negative
Japan,2009,sn,f,25-34,498,Smear Negative
Japan,2009,sn,f,35-44,396,Smear Negative
Japan,2009,sn,f,45-54,253,Smear Negative
Japan,2009,sn,f,55-64,294,Smear Negative
Japan,2009,sn,f,65+,1499,Smear Negative
Japan,2009,ep,m,0-14,12,Extrapulmonary
Japan,2009,ep,m,15-24,58,Extrapulmonary
Japan,2009,ep,m,25-34,161,Extrapulmonary
Japan,2009,ep,m,35-44,182,Extrapulmonary
Japan,2009,ep,m,45-54,152,Extrapulmonary
Japan,2009,ep,m,55-64,316,Extrapulmonary
Japan,2009,ep,m,65+,1727,Extrapulmonary
Japan,2009,ep,f,0-14,13,Extrapulmonary
Japan,2009,ep,f,15-24,51,Extrapulmonary
Japan,2009,ep,f,25-34,142,Extrapulmonary
Japan,2009,ep,f,35-44,148,Extrapulmonary
Japan,2009,ep,f,45-54,155,Extrapulmonary
Japan,2009,ep,f,55-64,283,Extrapulmonary
Japan,2009,ep,f,65+,1575,Extrapulmonary
Japan,2010,sp,m,0-14,1,Smear Positive
Japan,2010,sp,m,15-24,128,Smear Positive
Japan,2010,sp,m,25-34,252,Smear Positive
Japan,2010,sp,m,35-44,382,Smear Positive
Japan,2010,sp,m,45-54,469,Smear Positive
Japan,2010,sp,m,55-64,911,Smear Positive
Japan,2010,sp,m,65+,3326,Smear Positive
Japan,2010,sp,f,0-14,6,Smear Positive
Japan,2010,sp,f,15-24,89,Smear Positive
Japan,2010,sp,f,25-34,232,Smear Positive
Japan,2010,sp,f,35-44,194,Smear Positive
Japan,2010,sp,f,45-54,155,Smear Positive
Japan,2010,sp,f,55-64,183,Smear Positive
Japan,2010,sp,f,65+,1909,Smear Positive
Japan,2010,sn,m,0-14,23,Smear Negative
Japan,2010,sn,m,15-24,291,Smear Negative
Japan,2010,sn,m,25-34,533,Smear Negative
Japan,2010,sn,m,35-44,522,Smear Negative
Japan,2010,sn,m,45-54,501,Smear Negative
Japan,2010,sn,m,55-64,849,Smear Negative
Japan,2010,sn,m,65+,2742,Smear Negative
Japan,2010,sn,f,0-14,31,Smear Negative
Japan,2010,sn,f,15-24,250,Smear Negative
Japan,2010,sn,f,25-34,421,Smear Negative
Japan,2010,sn,f,35-44,391,Smear Negative
Japan,2010,sn,f,45-54,244,Smear Negative
Japan,2010,sn,f,55-64,304,Smear Negative
Japan,2010,sn,f,65+,1528,Smear Negative
Japan,2010,ep,m,0-14,15,Extrapulmonary
Japan,2010,ep,m,15-24,65,Extrapulmonary
Japan,2010,ep,m,25-34,131,Extrapulmonary
Japan,2010,ep,m,35-44,164,Extrapulmonary
Japan,2010,ep,m,45-54,155,Extrapulmonary
Japan,2010,ep,m,55-64,309,Extrapulmonary
Japan,2010,ep,m,65+,1594,Extrapulmonary
Japan,2010,ep,f,0-14,9,Extrapulmonary
Japan,2010,ep,f,15-24,52,Extrapulmonary
Japan,2010,ep,f,25-34,134,Extrapulmonary
Japan,2010,ep,f,35-44,131,Extrapulmonary
Japan,2010,ep,f,45-54,117,Extrapulmonary
Japan,2010,ep,f,55-64,238,Extrapulmonary
Japan,2010,ep,f,65+,1518,Extrapulmonary
Japan,2011,sp,m,0-14,0,Smear Positive
Japan,2011,sp,m,15-24,96,Smear Positive
Japan,2011,sp,m,25-34,215,Smear Positive
Japan,2011,sp,m,35-44,367,Smear Positive
Japan,2011,sp,m,45-54,465,Smear Positive
Japan,2011,sp,m,55-64,812,Smear Positive
Japan,2011,sp,m,65+,3256,Smear Positive
Japan,2011,sp,f,0-14,5,Smear Positive
Japan,2011,sp,f,15-24,94,Smear Positive
Japan,2011,sp,f,25-34,213,Smear Positive
Japan,2011,sp,f,35-44,203,Smear Positive
Japan,2011,sp,f,45-54,148,Smear Positive
Japan,2011,sp,f,55-64,223,Smear Positive
Japan,2011,sp,f,65+,1840,Smear Positive
Japan,2011,sn,m,0-14,18,Smear Negative
Japan,2011,sn,m,15-24,240,Smear Negative
Japan,2011,sn,m,25-34,436,Smear Negative
Japan,2011,sn,m,35-44,501,Smear Negative
Japan,2011,sn,m,45-54,479,Smear Negative
Japan,2011,sn,m,55-64,748,Smear Negative
Japan,2011,sn,m,65+,2651,Smear Negative
Japan,2011,sn,f,0-14,35,Smear Negative
Japan,2011,sn,f,15-24,227,Smear Negative
Japan,2011,sn,f,25-34,435,Smear Negative
Japan,2011,sn,f,35-44,353,Smear Negative
Japan,2011,sn,f,45-54,270,Smear Negative
Japan,2011,sn,f,55-64,307,Smear Negative
Japan,2011,sn,f,65+,1531,Smear Negative
Japan,2011,ep,m,0-14,17,Extrapulmonary
Japan,2011,ep,m,15-24,54,Extrapulmonary
Japan,2011,ep,m,25-34,112,Extrapulmonary
Japan,2011,ep,m,35-44,171,Extrapulmonary
Japan,2011,ep,m,45-54,169,Extrapulmonary
Japan,2011,ep,m,55-64,268,Extrapulmonary
Japan,2011,ep,m,65+,1734,Extrapulmonary
Japan,2011,ep,f,0-14,5,Extrapulmonary
Japan,2011,ep,f,15-24,43,Extrapulmonary
Japan,2011,ep,f,25-34,121,Extrapulmonary
Japan,2011,ep,f,35-44,162,Extrapulmonary
Japan,2011,ep,f,45-54,132,Extrapulmonary
Japan,2011,ep,f,55-64,248,Extrapulmonary
Japan,2011,ep,f,65+,1590,Extrapulmonary
Japan,2012,sp,m,0-14,2,Smear Positive
Japan,2012,sp,m,15-24,94,Smear Positive
Japan,2012,sp,m,25-34,209,Smear Positive
Japan,2012,sp,m,35-44,309,Smear Positive
Japan,2012,sp,m,45-54,415,Smear Positive
Japan,2012,sp,m,55-64,741,Smear Positive
Japan,2012,sp,m,65+,3230,Smear Positive
Japan,2012,sp,f,0-14,2,Smear Positive
Japan,2012,sp,f,15-24,79,Smear Positive
Japan,2012,sp,f,25-34,180,Smear Positive
Japan,2012,sp,f,35-44,169,Smear Positive
Japan,2012,sp,f,45-54,111,Smear Positive
Japan,2012,sp,f,55-64,175,Smear Positive
Japan,2012,sp,f,65+,1947,Smear Positive
Japan,2012,sn,m,0-14,23,Smear Negative
Japan,2012,sn,m,15-24,212,Smear Negative
Japan,2012,sn,m,25-34,389,Smear Negative
Japan,2012,sn,m,35-44,471,Smear Negative
Japan,2012,sn,m,45-54,427,Smear Negative
Japan,2012,sn,m,55-64,656,Smear Negative
Japan,2012,sn,m,65+,2527,Smear Negative
Japan,2012,sn,f,0-14,17,Smear Negative
Japan,2012,sn,f,15-24,197,Smear Negative
Japan,2012,sn,f,25-34,366,Smear Negative
Japan,2012,sn,f,35-44,325,Smear Negative
Japan,2012,sn,f,45-54,228,Smear Negative
Japan,2012,sn,f,55-64,276,Smear Negative
Japan,2012,sn,f,65+,1561,Smear Negative
Japan,2012,ep,m,0-14,8,Extrapulmonary
Japan,2012,ep,m,15-24,60,Extrapulmonary
Japan,2012,ep,m,25-34,98,Extrapulmonary
Japan,2012,ep,m,35-44,169,Extrapulmonary
Japan,2012,ep,m,45-54,146,Extrapulmonary
Japan,2012,ep,m,55-64,279,Extrapulmonary
Japan,2012,ep,m,65+,1598,Extrapulmonary
Japan,2012,ep,f,0-14,8,Extrapulmonary
Japan,2012,ep,f,15-24,50,Extrapulmonary
Japan,2012,ep,f,25-34,119,Extrapulmonary
Japan,2012,ep,f,35-44,131,Extrapulmonary
Japan,2012,ep,f,45-54,115,Extrapulmonary
Japan,2012,ep,f,55-64,244,Extrapulmonary
Japan,2012,ep,f,65+,1584,Extrapulmonary
Japan,2013,rel,m,0-14,31,Relapse
Japan,2013,rel,m,15-24,388,Relapse
Japan,2013,rel,m,25-34,674,Relapse
Japan,2013,rel,m,35-44,849,Relapse
Japan,2013,rel,m,45-54,974,Relapse
Japan,2013,rel,m,55-64,1613,Relapse
Japan,2013,rel,m,65+,7975,Relapse
Japan,2013,rel,f,0-14,35,Relapse
Japan,2013,rel,f,15-24,313,Relapse
Japan,2013,rel,f,25-34,627,Relapse
Japan,2013,rel,f,35-44,618,Relapse
Japan,2013,rel,f,45-54,510,Relapse
Japan,2013,rel,f,55-64,636,Relapse
Japan,2013,rel,f,65+,5252,Relapse
Jordan,1995,sp,m,0-14,0,Smear Positive
Jordan,1995,sp,m,15-24,19,Smear Positive
Jordan,1995,sp,m,25-34,37,Smear Positive
Jordan,1995,sp,m,35-44,17,Smear Positive
Jordan,1995,sp,m,45-54,20,Smear Positive
Jordan,1995,sp,m,55-64,26,Smear Positive
Jordan,1995,sp,m,65+,11,Smear Positive
Jordan,1995,sp,f,0-14,1,Smear Positive
Jordan,1995,sp,f,15-24,15,Smear Positive
Jordan,1995,sp,f,25-34,4,Smear Positive
Jordan,1995,sp,f,35-44,10,Smear Positive
Jordan,1995,sp,f,45-54,14,Smear Positive
Jordan,1995,sp,f,55-64,12,Smear Positive
Jordan,1995,sp,f,65+,7,Smear Positive
Jordan,1996,sp,m,0-14,2,Smear Positive
Jordan,1996,sp,m,15-24,22,Smear Positive
Jordan,1996,sp,m,25-34,30,Smear Positive
Jordan,1996,sp,m,35-44,17,Smear Positive
Jordan,1996,sp,m,45-54,13,Smear Positive
Jordan,1996,sp,m,55-64,21,Smear Positive
Jordan,1996,sp,m,65+,9,Smear Positive
Jordan,1996,sp,f,0-14,1,Smear Positive
Jordan,1996,sp,f,15-24,8,Smear Positive
Jordan,1996,sp,f,25-34,11,Smear Positive
Jordan,1996,sp,f,35-44,8,Smear Positive
Jordan,1996,sp,f,45-54,16,Smear Positive
Jordan,1996,sp,f,55-64,8,Smear Positive
Jordan,1996,sp,f,65+,4,Smear Positive
Jordan,1997,sp,m,0-14,5,Smear Positive
Jordan,1997,sp,m,15-24,14,Smear Positive
Jordan,1997,sp,m,25-34,18,Smear Positive
Jordan,1997,sp,m,35-44,11,Smear Positive
Jordan,1997,sp,m,45-54,10,Smear Positive
Jordan,1997,sp,m,55-64,19,Smear Positive
Jordan,1997,sp,m,65+,22,Smear Positive
Jordan,1997,sp,f,0-14,3,Smear Positive
Jordan,1997,sp,f,15-24,8,Smear Positive
Jordan,1997,sp,f,25-34,6,Smear Positive
Jordan,1997,sp,f,35-44,4,Smear Positive
Jordan,1997,sp,f,45-54,4,Smear Positive
Jordan,1997,sp,f,55-64,5,Smear Positive
Jordan,1997,sp,f,65+,7,Smear Positive
Jordan,1998,sp,m,0-14,0,Smear Positive
Jordan,1998,sp,m,15-24,22,Smear Positive
Jordan,1998,sp,m,25-34,26,Smear Positive
Jordan,1998,sp,m,35-44,7,Smear Positive
Jordan,1998,sp,m,45-54,12,Smear Positive
Jordan,1998,sp,m,55-64,10,Smear Positive
Jordan,1998,sp,m,65+,6,Smear Positive
Jordan,1998,sp,f,0-14,0,Smear Positive
Jordan,1998,sp,f,15-24,7,Smear Positive
Jordan,1998,sp,f,25-34,6,Smear Positive
Jordan,1998,sp,f,35-44,3,Smear Positive
Jordan,1998,sp,f,45-54,3,Smear Positive
Jordan,1998,sp,f,55-64,7,Smear Positive
Jordan,1998,sp,f,65+,1,Smear Positive
Jordan,1999,sp,m,0-14,0,Smear Positive
Jordan,1999,sp,m,15-24,16,Smear Positive
Jordan,1999,sp,m,25-34,19,Smear Positive
Jordan,1999,sp,m,35-44,16,Smear Positive
Jordan,1999,sp,m,45-54,10,Smear Positive
Jordan,1999,sp,m,55-64,8,Smear Positive
Jordan,1999,sp,m,65+,2,Smear Positive
Jordan,1999,sp,f,0-14,0,Smear Positive
Jordan,1999,sp,f,15-24,8,Smear Positive
Jordan,1999,sp,f,25-34,7,Smear Positive
Jordan,1999,sp,f,35-44,2,Smear Positive
Jordan,1999,sp,f,45-54,2,Smear Positive
Jordan,1999,sp,f,55-64,7,Smear Positive
Jordan,1999,sp,f,65+,5,Smear Positive
Jordan,2000,sp,m,0-14,0,Smear Positive
Jordan,2000,sp,m,15-24,8,Smear Positive
Jordan,2000,sp,m,25-34,16,Smear Positive
Jordan,2000,sp,m,35-44,13,Smear Positive
Jordan,2000,sp,m,45-54,9,Smear Positive
Jordan,2000,sp,m,55-64,14,Smear Positive
Jordan,2000,sp,m,65+,2,Smear Positive
Jordan,2000,sp,f,0-14,0,Smear Positive
Jordan,2000,sp,f,15-24,8,Smear Positive
Jordan,2000,sp,f,25-34,9,Smear Positive
Jordan,2000,sp,f,35-44,1,Smear Positive
Jordan,2000,sp,f,45-54,2,Smear Positive
Jordan,2000,sp,f,55-64,2,Smear Positive
Jordan,2000,sp,f,65+,5,Smear Positive
Jordan,2001,sp,m,0-14,2,Smear Positive
Jordan,2001,sp,m,15-24,7,Smear Positive
Jordan,2001,sp,m,25-34,22,Smear Positive
Jordan,2001,sp,m,35-44,10,Smear Positive
Jordan,2001,sp,m,45-54,10,Smear Positive
Jordan,2001,sp,m,55-64,8,Smear Positive
Jordan,2001,sp,m,65+,7,Smear Positive
Jordan,2001,sp,f,0-14,0,Smear Positive
Jordan,2001,sp,f,15-24,8,Smear Positive
Jordan,2001,sp,f,25-34,6,Smear Positive
Jordan,2001,sp,f,35-44,1,Smear Positive
Jordan,2001,sp,f,45-54,0,Smear Positive
Jordan,2001,sp,f,55-64,9,Smear Positive
Jordan,2001,sp,f,65+,4,Smear Positive
Jordan,2002,sp,m,0-14,0,Smear Positive
Jordan,2002,sp,m,15-24,8,Smear Positive
Jordan,2002,sp,m,25-34,9,Smear Positive
Jordan,2002,sp,m,35-44,11,Smear Positive
Jordan,2002,sp,m,45-54,12,Smear Positive
Jordan,2002,sp,m,55-64,11,Smear Positive
Jordan,2002,sp,m,65+,5,Smear Positive
Jordan,2002,sp,f,0-14,0,Smear Positive
Jordan,2002,sp,f,15-24,9,Smear Positive
Jordan,2002,sp,f,25-34,4,Smear Positive
Jordan,2002,sp,f,35-44,3,Smear Positive
Jordan,2002,sp,f,45-54,2,Smear Positive
Jordan,2002,sp,f,55-64,12,Smear Positive
Jordan,2002,sp,f,65+,5,Smear Positive
Jordan,2003,sp,m,0-14,0,Smear Positive
Jordan,2003,sp,m,15-24,19,Smear Positive
Jordan,2003,sp,m,25-34,20,Smear Positive
Jordan,2003,sp,m,35-44,17,Smear Positive
Jordan,2003,sp,m,45-54,8,Smear Positive
Jordan,2003,sp,m,55-64,13,Smear Positive
Jordan,2003,sp,m,65+,0,Smear Positive
Jordan,2003,sp,f,0-14,1,Smear Positive
Jordan,2003,sp,f,15-24,6,Smear Positive
Jordan,2003,sp,f,25-34,7,Smear Positive
Jordan,2003,sp,f,35-44,2,Smear Positive
Jordan,2003,sp,f,45-54,3,Smear Positive
Jordan,2003,sp,f,55-64,12,Smear Positive
Jordan,2003,sp,f,65+,0,Smear Positive
Jordan,2004,sp,m,0-14,0,Smear Positive
Jordan,2004,sp,m,15-24,8,Smear Positive
Jordan,2004,sp,m,25-34,12,Smear Positive
Jordan,2004,sp,m,35-44,14,Smear Positive
Jordan,2004,sp,m,45-54,6,Smear Positive
Jordan,2004,sp,m,55-64,17,Smear Positive
Jordan,2004,sp,m,65+,0,Smear Positive
Jordan,2004,sp,f,0-14,0,Smear Positive
Jordan,2004,sp,f,15-24,10,Smear Positive
Jordan,2004,sp,f,25-34,4,Smear Positive
Jordan,2004,sp,f,35-44,3,Smear Positive
Jordan,2004,sp,f,45-54,5,Smear Positive
Jordan,2004,sp,f,55-64,12,Smear Positive
Jordan,2004,sp,f,65+,0,Smear Positive
Jordan,2005,sp,m,0-14,0,Smear Positive
Jordan,2005,sp,m,15-24,8,Smear Positive
Jordan,2005,sp,m,25-34,17,Smear Positive
Jordan,2005,sp,m,35-44,9,Smear Positive
Jordan,2005,sp,m,45-54,4,Smear Positive
Jordan,2005,sp,m,55-64,6,Smear Positive
Jordan,2005,sp,m,65+,5,Smear Positive
Jordan,2005,sp,f,0-14,1,Smear Positive
Jordan,2005,sp,f,15-24,6,Smear Positive
Jordan,2005,sp,f,25-34,6,Smear Positive
Jordan,2005,sp,f,35-44,6,Smear Positive
Jordan,2005,sp,f,45-54,5,Smear Positive
Jordan,2005,sp,f,55-64,8,Smear Positive
Jordan,2005,sp,f,65+,5,Smear Positive
Jordan,2006,sp,m,0-14,0,Smear Positive
Jordan,2006,sp,m,15-24,9,Smear Positive
Jordan,2006,sp,m,25-34,23,Smear Positive
Jordan,2006,sp,m,35-44,16,Smear Positive
Jordan,2006,sp,m,45-54,7,Smear Positive
Jordan,2006,sp,m,55-64,4,Smear Positive
Jordan,2006,sp,m,65+,10,Smear Positive
Jordan,2006,sp,f,0-14,0,Smear Positive
Jordan,2006,sp,f,15-24,8,Smear Positive
Jordan,2006,sp,f,25-34,11,Smear Positive
Jordan,2006,sp,f,35-44,3,Smear Positive
Jordan,2006,sp,f,45-54,5,Smear Positive
Jordan,2006,sp,f,55-64,2,Smear Positive
Jordan,2006,sp,f,65+,6,Smear Positive
Jordan,2006,sn,m,0-14,13,Smear Negative
Jordan,2006,sn,m,15-24,3,Smear Negative
Jordan,2006,sn,m,25-34,5,Smear Negative
Jordan,2006,sn,m,35-44,4,Smear Negative
Jordan,2006,sn,m,45-54,6,Smear Negative
Jordan,2006,sn,m,55-64,3,Smear Negative
Jordan,2006,sn,m,65+,6,Smear Negative
Jordan,2006,sn,f,0-14,8,Smear Negative
Jordan,2006,sn,f,15-24,6,Smear Negative
Jordan,2006,sn,f,25-34,3,Smear Negative
Jordan,2006,sn,f,35-44,3,Smear Negative
Jordan,2006,sn,f,45-54,3,Smear Negative
Jordan,2006,sn,f,55-64,2,Smear Negative
Jordan,2006,sn,f,65+,5,Smear Negative
Jordan,2006,ep,m,0-14,22,Extrapulmonary
Jordan,2006,ep,m,15-24,11,Extrapulmonary
Jordan,2006,ep,m,25-34,13,Extrapulmonary
Jordan,2006,ep,m,35-44,7,Extrapulmonary
Jordan,2006,ep,m,45-54,4,Extrapulmonary
Jordan,2006,ep,m,55-64,1,Extrapulmonary
Jordan,2006,ep,m,65+,10,Extrapulmonary
Jordan,2006,ep,f,0-14,9,Extrapulmonary
Jordan,2006,ep,f,15-24,26,Extrapulmonary
Jordan,2006,ep,f,25-34,22,Extrapulmonary
Jordan,2006,ep,f,35-44,20,Extrapulmonary
Jordan,2006,ep,f,45-54,13,Extrapulmonary
Jordan,2006,ep,f,55-64,14,Extrapulmonary
Jordan,2006,ep,f,65+,9,Extrapulmonary
Jordan,2007,sp,m,0-14,0,Smear Positive
Jordan,2007,sp,m,15-24,7,Smear Positive
Jordan,2007,sp,m,25-34,20,Smear Positive
Jordan,2007,sp,m,35-44,14,Smear Positive
Jordan,2007,sp,m,45-54,9,Smear Positive
Jordan,2007,sp,m,55-64,7,Smear Positive
Jordan,2007,sp,m,65+,5,Smear Positive
Jordan,2007,sp,f,0-14,0,Smear Positive
Jordan,2007,sp,f,15-24,9,Smear Positive
Jordan,2007,sp,f,25-34,12,Smear Positive
Jordan,2007,sp,f,35-44,6,Smear Positive
Jordan,2007,sp,f,45-54,1,Smear Positive
Jordan,2007,sp,f,55-64,12,Smear Positive
Jordan,2007,sp,f,65+,7,Smear Positive
Jordan,2007,sn,m,0-14,2,Smear Negative
Jordan,2007,sn,m,15-24,9,Smear Negative
Jordan,2007,sn,m,25-34,8,Smear Negative
Jordan,2007,sn,m,35-44,6,Smear Negative
Jordan,2007,sn,m,45-54,0,Smear Negative
Jordan,2007,sn,m,55-64,4,Smear Negative
Jordan,2007,sn,m,65+,4,Smear Negative
Jordan,2007,sn,f,0-14,5,Smear Negative
Jordan,2007,sn,f,15-24,6,Smear Negative
Jordan,2007,sn,f,25-34,9,Smear Negative
Jordan,2007,sn,f,35-44,6,Smear Negative
Jordan,2007,sn,f,45-54,5,Smear Negative
Jordan,2007,sn,f,55-64,3,Smear Negative
Jordan,2007,sn,f,65+,3,Smear Negative
Jordan,2007,ep,m,0-14,17,Extrapulmonary
Jordan,2007,ep,m,15-24,6,Extrapulmonary
Jordan,2007,ep,m,25-34,19,Extrapulmonary
Jordan,2007,ep,m,35-44,10,Extrapulmonary
Jordan,2007,ep,m,45-54,3,Extrapulmonary
Jordan,2007,ep,m,55-64,8,Extrapulmonary
Jordan,2007,ep,m,65+,4,Extrapulmonary
Jordan,2007,ep,f,0-14,9,Extrapulmonary
Jordan,2007,ep,f,15-24,20,Extrapulmonary
Jordan,2007,ep,f,25-34,21,Extrapulmonary
Jordan,2007,ep,f,35-44,7,Extrapulmonary
Jordan,2007,ep,f,45-54,12,Extrapulmonary
Jordan,2007,ep,f,55-64,11,Extrapulmonary
Jordan,2007,ep,f,65+,7,Extrapulmonary
Jordan,2008,sp,m,0-14,0,Smear Positive
Jordan,2008,sp,m,15-24,13,Smear Positive
Jordan,2008,sp,m,25-34,10,Smear Positive
Jordan,2008,sp,m,35-44,3,Smear Positive
Jordan,2008,sp,m,45-54,5,Smear Positive
Jordan,2008,sp,m,55-64,13,Smear Positive
Jordan,2008,sp,m,65+,5,Smear Positive
Jordan,2008,sp,f,0-14,0,Smear Positive
Jordan,2008,sp,f,15-24,20,Smear Positive
Jordan,2008,sp,f,25-34,15,Smear Positive
Jordan,2008,sp,f,35-44,6,Smear Positive
Jordan,2008,sp,f,45-54,4,Smear Positive
Jordan,2008,sp,f,55-64,7,Smear Positive
Jordan,2008,sp,f,65+,3,Smear Positive
Jordan,2008,sn,m,0-14,6,Smear Negative
Jordan,2008,sn,m,15-24,4,Smear Negative
Jordan,2008,sn,m,25-34,8,Smear Negative
Jordan,2008,sn,m,35-44,5,Smear Negative
Jordan,2008,sn,m,45-54,3,Smear Negative
Jordan,2008,sn,m,55-64,7,Smear Negative
Jordan,2008,sn,m,65+,3,Smear Negative
Jordan,2008,sn,f,0-14,4,Smear Negative
Jordan,2008,sn,f,15-24,8,Smear Negative
Jordan,2008,sn,f,25-34,10,Smear Negative
Jordan,2008,sn,f,35-44,3,Smear Negative
Jordan,2008,sn,f,45-54,1,Smear Negative
Jordan,2008,sn,f,55-64,4,Smear Negative
Jordan,2008,sn,f,65+,2,Smear Negative
Jordan,2008,ep,m,0-14,16,Extrapulmonary
Jordan,2008,ep,m,15-24,10,Extrapulmonary
Jordan,2008,ep,m,25-34,12,Extrapulmonary
Jordan,2008,ep,m,35-44,8,Extrapulmonary
Jordan,2008,ep,m,45-54,8,Extrapulmonary
Jordan,2008,ep,m,55-64,5,Extrapulmonary
Jordan,2008,ep,m,65+,7,Extrapulmonary
Jordan,2008,ep,f,0-14,10,Extrapulmonary
Jordan,2008,ep,f,15-24,25,Extrapulmonary
Jordan,2008,ep,f,25-34,17,Extrapulmonary
Jordan,2008,ep,f,35-44,18,Extrapulmonary
Jordan,2008,ep,f,45-54,7,Extrapulmonary
Jordan,2008,ep,f,55-64,12,Extrapulmonary
Jordan,2008,ep,f,65+,10,Extrapulmonary
Jordan,2009,sp,m,0-14,1,Smear Positive
Jordan,2009,sp,m,15-24,5,Smear Positive
Jordan,2009,sp,m,25-34,15,Smear Positive
Jordan,2009,sp,m,35-44,14,Smear Positive
Jordan,2009,sp,m,45-54,10,Smear Positive
Jordan,2009,sp,m,55-64,7,Smear Positive
Jordan,2009,sp,m,65+,6,Smear Positive
Jordan,2009,sp,f,0-14,0,Smear Positive
Jordan,2009,sp,f,15-24,7,Smear Positive
Jordan,2009,sp,f,25-34,14,Smear Positive
Jordan,2009,sp,f,35-44,8,Smear Positive
Jordan,2009,sp,f,45-54,3,Smear Positive
Jordan,2009,sp,f,55-64,7,Smear Positive
Jordan,2009,sp,f,65+,12,Smear Positive
Jordan,2009,sn,m,0-14,1,Smear Negative
Jordan,2009,sn,m,15-24,1,Smear Negative
Jordan,2009,sn,m,25-34,11,Smear Negative
Jordan,2009,sn,m,35-44,3,Smear Negative
Jordan,2009,sn,m,45-54,2,Smear Negative
Jordan,2009,sn,m,55-64,7,Smear Negative
Jordan,2009,sn,m,65+,4,Smear Negative
Jordan,2009,sn,f,0-14,6,Smear Negative
Jordan,2009,sn,f,15-24,5,Smear Negative
Jordan,2009,sn,f,25-34,10,Smear Negative
Jordan,2009,sn,f,35-44,6,Smear Negative
Jordan,2009,sn,f,45-54,1,Smear Negative
Jordan,2009,sn,f,55-64,3,Smear Negative
Jordan,2009,sn,f,65+,4,Smear Negative
Jordan,2009,ep,m,0-14,19,Extrapulmonary
Jordan,2009,ep,m,15-24,18,Extrapulmonary
Jordan,2009,ep,m,25-34,13,Extrapulmonary
Jordan,2009,ep,m,35-44,7,Extrapulmonary
Jordan,2009,ep,m,45-54,6,Extrapulmonary
Jordan,2009,ep,m,55-64,5,Extrapulmonary
Jordan,2009,ep,m,65+,5,Extrapulmonary
Jordan,2009,ep,f,0-14,13,Extrapulmonary
Jordan,2009,ep,f,15-24,24,Extrapulmonary
Jordan,2009,ep,f,25-34,30,Extrapulmonary
Jordan,2009,ep,f,35-44,11,Extrapulmonary
Jordan,2009,ep,f,45-54,15,Extrapulmonary
Jordan,2009,ep,f,55-64,7,Extrapulmonary
Jordan,2009,ep,f,65+,17,Extrapulmonary
Jordan,2010,sp,m,0-14,2,Smear Positive
Jordan,2010,sp,m,15-24,5,Smear Positive
Jordan,2010,sp,m,25-34,14,Smear Positive
Jordan,2010,sp,m,35-44,10,Smear Positive
Jordan,2010,sp,m,45-54,12,Smear Positive
Jordan,2010,sp,m,55-64,12,Smear Positive
Jordan,2010,sp,m,65+,6,Smear Positive
Jordan,2010,sp,f,0-14,3,Smear Positive
Jordan,2010,sp,f,15-24,14,Smear Positive
Jordan,2010,sp,f,25-34,24,Smear Positive
Jordan,2010,sp,f,35-44,4,Smear Positive
Jordan,2010,sp,f,45-54,3,Smear Positive
Jordan,2010,sp,f,55-64,5,Smear Positive
Jordan,2010,sp,f,65+,3,Smear Positive
Jordan,2010,sn,m,0-14,3,Smear Negative
Jordan,2010,sn,m,15-24,4,Smear Negative
Jordan,2010,sn,m,25-34,3,Smear Negative
Jordan,2010,sn,m,35-44,5,Smear Negative
Jordan,2010,sn,m,45-54,3,Smear Negative
Jordan,2010,sn,m,55-64,2,Smear Negative
Jordan,2010,sn,m,65+,5,Smear Negative
Jordan,2010,sn,f,0-14,11,Smear Negative
Jordan,2010,sn,f,15-24,3,Smear Negative
Jordan,2010,sn,f,25-34,10,Smear Negative
Jordan,2010,sn,f,35-44,6,Smear Negative
Jordan,2010,sn,f,45-54,4,Smear Negative
Jordan,2010,sn,f,55-64,4,Smear Negative
Jordan,2010,sn,f,65+,6,Smear Negative
Jordan,2010,ep,m,0-14,15,Extrapulmonary
Jordan,2010,ep,m,15-24,7,Extrapulmonary
Jordan,2010,ep,m,25-34,6,Extrapulmonary
Jordan,2010,ep,m,35-44,8,Extrapulmonary
Jordan,2010,ep,m,45-54,3,Extrapulmonary
Jordan,2010,ep,m,55-64,4,Extrapulmonary
Jordan,2010,ep,m,65+,2,Extrapulmonary
Jordan,2010,ep,f,0-14,17,Extrapulmonary
Jordan,2010,ep,f,15-24,18,Extrapulmonary
Jordan,2010,ep,f,25-34,23,Extrapulmonary
Jordan,2010,ep,f,35-44,20,Extrapulmonary
Jordan,2010,ep,f,45-54,12,Extrapulmonary
Jordan,2010,ep,f,55-64,7,Extrapulmonary
Jordan,2010,ep,f,65+,8,Extrapulmonary
Jordan,2011,sp,m,0-14,0,Smear Positive
Jordan,2011,sp,m,15-24,9,Smear Positive
Jordan,2011,sp,m,25-34,10,Smear Positive
Jordan,2011,sp,m,35-44,13,Smear Positive
Jordan,2011,sp,m,45-54,8,Smear Positive
Jordan,2011,sp,m,55-64,13,Smear Positive
Jordan,2011,sp,m,65+,5,Smear Positive
Jordan,2011,sp,f,0-14,0,Smear Positive
Jordan,2011,sp,f,15-24,8,Smear Positive
Jordan,2011,sp,f,25-34,11,Smear Positive
Jordan,2011,sp,f,35-44,8,Smear Positive
Jordan,2011,sp,f,45-54,4,Smear Positive
Jordan,2011,sp,f,55-64,8,Smear Positive
Jordan,2011,sp,f,65+,6,Smear Positive
Jordan,2011,sn,m,0-14,3,Smear Negative
Jordan,2011,sn,m,15-24,3,Smear Negative
Jordan,2011,sn,m,25-34,9,Smear Negative
Jordan,2011,sn,m,35-44,9,Smear Negative
Jordan,2011,sn,m,45-54,3,Smear Negative
Jordan,2011,sn,m,55-64,7,Smear Negative
Jordan,2011,sn,m,65+,8,Smear Negative
Jordan,2011,sn,f,0-14,3,Smear Negative
Jordan,2011,sn,f,15-24,11,Smear Negative
Jordan,2011,sn,f,25-34,9,Smear Negative
Jordan,2011,sn,f,35-44,3,Smear Negative
Jordan,2011,sn,f,45-54,2,Smear Negative
Jordan,2011,sn,f,55-64,4,Smear Negative
Jordan,2011,sn,f,65+,7,Smear Negative
Jordan,2011,ep,m,0-14,15,Extrapulmonary
Jordan,2011,ep,m,15-24,10,Extrapulmonary
Jordan,2011,ep,m,25-34,5,Extrapulmonary
Jordan,2011,ep,m,35-44,3,Extrapulmonary
Jordan,2011,ep,m,45-54,5,Extrapulmonary
Jordan,2011,ep,m,55-64,2,Extrapulmonary
Jordan,2011,ep,m,65+,5,Extrapulmonary
Jordan,2011,ep,f,0-14,30,Extrapulmonary
Jordan,2011,ep,f,15-24,16,Extrapulmonary
Jordan,2011,ep,f,25-34,11,Extrapulmonary
Jordan,2011,ep,f,35-44,11,Extrapulmonary
Jordan,2011,ep,f,45-54,2,Extrapulmonary
Jordan,2011,ep,f,55-64,9,Extrapulmonary
Jordan,2011,ep,f,65+,4,Extrapulmonary
Jordan,2012,sp,m,0-14,0,Smear Positive
Jordan,2012,sp,m,15-24,8,Smear Positive
Jordan,2012,sp,m,25-34,12,Smear Positive
Jordan,2012,sp,m,35-44,8,Smear Positive
Jordan,2012,sp,m,45-54,5,Smear Positive
Jordan,2012,sp,m,55-64,7,Smear Positive
Jordan,2012,sp,m,65+,7,Smear Positive
Jordan,2012,sp,f,0-14,1,Smear Positive
Jordan,2012,sp,f,15-24,9,Smear Positive
Jordan,2012,sp,f,25-34,12,Smear Positive
Jordan,2012,sp,f,35-44,7,Smear Positive
Jordan,2012,sp,f,45-54,1,Smear Positive
Jordan,2012,sp,f,55-64,3,Smear Positive
Jordan,2012,sp,f,65+,5,Smear Positive
Jordan,2012,sn,m,0-14,2,Smear Negative
Jordan,2012,sn,m,15-24,6,Smear Negative
Jordan,2012,sn,m,25-34,10,Smear Negative
Jordan,2012,sn,m,35-44,5,Smear Negative
Jordan,2012,sn,m,45-54,2,Smear Negative
Jordan,2012,sn,m,55-64,5,Smear Negative
Jordan,2012,sn,m,65+,6,Smear Negative
Jordan,2012,sn,f,0-14,3,Smear Negative
Jordan,2012,sn,f,15-24,9,Smear Negative
Jordan,2012,sn,f,25-34,7,Smear Negative
Jordan,2012,sn,f,35-44,7,Smear Negative
Jordan,2012,sn,f,45-54,4,Smear Negative
Jordan,2012,sn,f,55-64,4,Smear Negative
Jordan,2012,sn,f,65+,3,Smear Negative
Jordan,2012,ep,m,0-14,16,Extrapulmonary
Jordan,2012,ep,m,15-24,6,Extrapulmonary
Jordan,2012,ep,m,25-34,11,Extrapulmonary
Jordan,2012,ep,m,35-44,9,Extrapulmonary
Jordan,2012,ep,m,45-54,6,Extrapulmonary
Jordan,2012,ep,m,55-64,5,Extrapulmonary
Jordan,2012,ep,m,65+,2,Extrapulmonary
Jordan,2012,ep,f,0-14,13,Extrapulmonary
Jordan,2012,ep,f,15-24,21,Extrapulmonary
Jordan,2012,ep,f,25-34,26,Extrapulmonary
Jordan,2012,ep,f,35-44,23,Extrapulmonary
Jordan,2012,ep,f,45-54,14,Extrapulmonary
Jordan,2012,ep,f,55-64,11,Extrapulmonary
Jordan,2012,ep,f,65+,9,Extrapulmonary
Jordan,2013,rel,m,0-14,12,Relapse
Jordan,2013,rel,m,15-24,19,Relapse
Jordan,2013,rel,m,25-34,39,Relapse
Jordan,2013,rel,m,35-44,37,Relapse
Jordan,2013,rel,m,45-54,19,Relapse
Jordan,2013,rel,m,55-64,10,Relapse
Jordan,2013,rel,m,65+,21,Relapse
Jordan,2013,rel,f,0-14,8,Relapse
Jordan,2013,rel,f,15-24,43,Relapse
Jordan,2013,rel,f,25-34,49,Relapse
Jordan,2013,rel,f,35-44,30,Relapse
Jordan,2013,rel,f,45-54,19,Relapse
Jordan,2013,rel,f,55-64,11,Relapse
Jordan,2013,rel,f,65+,9,Relapse
Kazakhstan,1997,sp,m,0-14,22,Smear Positive
Kazakhstan,1997,sp,m,15-24,68,Smear Positive
Kazakhstan,1997,sp,m,25-34,827,Smear Positive
Kazakhstan,1997,sp,m,35-44,725,Smear Positive
Kazakhstan,1997,sp,m,45-54,475,Smear Positive
Kazakhstan,1997,sp,m,55-64,485,Smear Positive
Kazakhstan,1997,sp,m,65+,211,Smear Positive
Kazakhstan,1997,sp,f,0-14,47,Smear Positive
Kazakhstan,1997,sp,f,15-24,78,Smear Positive
Kazakhstan,1997,sp,f,25-34,673,Smear Positive
Kazakhstan,1997,sp,f,35-44,423,Smear Positive
Kazakhstan,1997,sp,f,45-54,141,Smear Positive
Kazakhstan,1997,sp,f,55-64,142,Smear Positive
Kazakhstan,1997,sp,f,65+,115,Smear Positive
Kazakhstan,1998,sp,m,0-14,34,Smear Positive
Kazakhstan,1998,sp,m,15-24,795,Smear Positive
Kazakhstan,1998,sp,m,25-34,1009,Smear Positive
Kazakhstan,1998,sp,m,35-44,817,Smear Positive
Kazakhstan,1998,sp,m,45-54,628,Smear Positive
Kazakhstan,1998,sp,m,55-64,515,Smear Positive
Kazakhstan,1998,sp,m,65+,78,Smear Positive
Kazakhstan,1998,sp,f,0-14,62,Smear Positive
Kazakhstan,1998,sp,f,15-24,625,Smear Positive
Kazakhstan,1998,sp,f,25-34,713,Smear Positive
Kazakhstan,1998,sp,f,35-44,457,Smear Positive
Kazakhstan,1998,sp,f,45-54,204,Smear Positive
Kazakhstan,1998,sp,f,55-64,174,Smear Positive
Kazakhstan,1998,sp,f,65+,69,Smear Positive
Kazakhstan,1999,sp,m,0-14,34,Smear Positive
Kazakhstan,1999,sp,m,15-24,778,Smear Positive
Kazakhstan,1999,sp,m,25-34,1217,Smear Positive
Kazakhstan,1999,sp,m,35-44,1026,Smear Positive
Kazakhstan,1999,sp,m,45-54,560,Smear Positive
Kazakhstan,1999,sp,m,55-64,368,Smear Positive
Kazakhstan,1999,sp,m,65+,165,Smear Positive
Kazakhstan,1999,sp,f,0-14,60,Smear Positive
Kazakhstan,1999,sp,f,15-24,822,Smear Positive
Kazakhstan,1999,sp,f,25-34,872,Smear Positive
Kazakhstan,1999,sp,f,35-44,452,Smear Positive
Kazakhstan,1999,sp,f,45-54,226,Smear Positive
Kazakhstan,1999,sp,f,55-64,171,Smear Positive
Kazakhstan,1999,sp,f,65+,136,Smear Positive
Kazakhstan,2000,sp,m,0-14,36,Smear Positive
Kazakhstan,2000,sp,m,15-24,1057,Smear Positive
Kazakhstan,2000,sp,m,25-34,1409,Smear Positive
Kazakhstan,2000,sp,m,35-44,1379,Smear Positive
Kazakhstan,2000,sp,m,45-54,923,Smear Positive
Kazakhstan,2000,sp,m,55-64,439,Smear Positive
Kazakhstan,2000,sp,m,65+,218,Smear Positive
Kazakhstan,2000,sp,f,0-14,84,Smear Positive
Kazakhstan,2000,sp,f,15-24,999,Smear Positive
Kazakhstan,2000,sp,f,25-34,1079,Smear Positive
Kazakhstan,2000,sp,f,35-44,599,Smear Positive
Kazakhstan,2000,sp,f,45-54,275,Smear Positive
Kazakhstan,2000,sp,f,55-64,202,Smear Positive
Kazakhstan,2000,sp,f,65+,204,Smear Positive
Kazakhstan,2001,sp,m,0-14,38,Smear Positive
Kazakhstan,2001,sp,m,15-24,1038,Smear Positive
Kazakhstan,2001,sp,m,25-34,1477,Smear Positive
Kazakhstan,2001,sp,m,35-44,1485,Smear Positive
Kazakhstan,2001,sp,m,45-54,1011,Smear Positive
Kazakhstan,2001,sp,m,55-64,429,Smear Positive
Kazakhstan,2001,sp,m,65+,211,Smear Positive
Kazakhstan,2001,sp,f,0-14,88,Smear Positive
Kazakhstan,2001,sp,f,15-24,1040,Smear Positive
Kazakhstan,2001,sp,f,25-34,1062,Smear Positive
Kazakhstan,2001,sp,f,35-44,570,Smear Positive
Kazakhstan,2001,sp,f,45-54,263,Smear Positive
Kazakhstan,2001,sp,f,55-64,194,Smear Positive
Kazakhstan,2001,sp,f,65+,173,Smear Positive
Kazakhstan,2002,sp,m,0-14,33,Smear Positive
Kazakhstan,2002,sp,m,15-24,1067,Smear Positive
Kazakhstan,2002,sp,m,25-34,1565,Smear Positive
Kazakhstan,2002,sp,m,35-44,1490,Smear Positive
Kazakhstan,2002,sp,m,45-54,1042,Smear Positive
Kazakhstan,2002,sp,m,55-64,435,Smear Positive
Kazakhstan,2002,sp,m,65+,212,Smear Positive
Kazakhstan,2002,sp,f,0-14,68,Smear Positive
Kazakhstan,2002,sp,f,15-24,1035,Smear Positive
Kazakhstan,2002,sp,f,25-34,1086,Smear Positive
Kazakhstan,2002,sp,f,35-44,669,Smear Positive
Kazakhstan,2002,sp,f,45-54,348,Smear Positive
Kazakhstan,2002,sp,f,55-64,194,Smear Positive
Kazakhstan,2002,sp,f,65+,208,Smear Positive
Kazakhstan,2004,sp,m,0-14,24,Smear Positive
Kazakhstan,2004,sp,m,15-24,989,Smear Positive
Kazakhstan,2004,sp,m,25-34,1291,Smear Positive
Kazakhstan,2004,sp,m,35-44,1183,Smear Positive
Kazakhstan,2004,sp,m,45-54,899,Smear Positive
Kazakhstan,2004,sp,m,55-64,336,Smear Positive
Kazakhstan,2004,sp,m,65+,196,Smear Positive
Kazakhstan,2004,sp,f,0-14,62,Smear Positive
Kazakhstan,2004,sp,f,15-24,844,Smear Positive
Kazakhstan,2004,sp,f,25-34,912,Smear Positive
Kazakhstan,2004,sp,f,35-44,517,Smear Positive
Kazakhstan,2004,sp,f,45-54,307,Smear Positive
Kazakhstan,2004,sp,f,55-64,178,Smear Positive
Kazakhstan,2004,sp,f,65+,189,Smear Positive
Kazakhstan,2005,sp,m,0-14,31,Smear Positive
Kazakhstan,2005,sp,m,15-24,917,Smear Positive
Kazakhstan,2005,sp,m,25-34,1142,Smear Positive
Kazakhstan,2005,sp,m,35-44,983,Smear Positive
Kazakhstan,2005,sp,m,45-54,795,Smear Positive
Kazakhstan,2005,sp,m,55-64,274,Smear Positive
Kazakhstan,2005,sp,m,65+,175,Smear Positive
Kazakhstan,2005,sp,f,0-14,46,Smear Positive
Kazakhstan,2005,sp,f,15-24,751,Smear Positive
Kazakhstan,2005,sp,f,25-34,767,Smear Positive
Kazakhstan,2005,sp,f,35-44,436,Smear Positive
Kazakhstan,2005,sp,f,45-54,286,Smear Positive
Kazakhstan,2005,sp,f,55-64,121,Smear Positive
Kazakhstan,2005,sp,f,65+,187,Smear Positive
Kazakhstan,2006,sp,m,0-14,11,Smear Positive
Kazakhstan,2006,sp,m,15-24,888,Smear Positive
Kazakhstan,2006,sp,m,25-34,981,Smear Positive
Kazakhstan,2006,sp,m,35-44,848,Smear Positive
Kazakhstan,2006,sp,m,45-54,744,Smear Positive
Kazakhstan,2006,sp,m,55-64,287,Smear Positive
Kazakhstan,2006,sp,m,65+,169,Smear Positive
Kazakhstan,2006,sp,f,0-14,30,Smear Positive
Kazakhstan,2006,sp,f,15-24,741,Smear Positive
Kazakhstan,2006,sp,f,25-34,636,Smear Positive
Kazakhstan,2006,sp,f,35-44,370,Smear Positive
Kazakhstan,2006,sp,f,45-54,234,Smear Positive
Kazakhstan,2006,sp,f,55-64,116,Smear Positive
Kazakhstan,2006,sp,f,65+,150,Smear Positive
Kazakhstan,2006,sn,m,0-14,1025,Smear Negative
Kazakhstan,2006,sn,m,15-24,1717,Smear Negative
Kazakhstan,2006,sn,m,25-34,1608,Smear Negative
Kazakhstan,2006,sn,m,35-44,1250,Smear Negative
Kazakhstan,2006,sn,m,45-54,988,Smear Negative
Kazakhstan,2006,sn,m,55-64,445,Smear Negative
Kazakhstan,2006,sn,m,65+,237,Smear Negative
Kazakhstan,2006,sn,f,0-14,1080,Smear Negative
Kazakhstan,2006,sn,f,15-24,1800,Smear Negative
Kazakhstan,2006,sn,f,25-34,1644,Smear Negative
Kazakhstan,2006,sn,f,35-44,914,Smear Negative
Kazakhstan,2006,sn,f,45-54,551,Smear Negative
Kazakhstan,2006,sn,f,55-64,193,Smear Negative
Kazakhstan,2006,sn,f,65+,134,Smear Negative
Kazakhstan,2006,ep,m,0-14,1515,Extrapulmonary
Kazakhstan,2006,ep,m,15-24,638,Extrapulmonary
Kazakhstan,2006,ep,m,25-34,332,Extrapulmonary
Kazakhstan,2006,ep,m,35-44,248,Extrapulmonary
Kazakhstan,2006,ep,m,45-54,180,Extrapulmonary
Kazakhstan,2006,ep,m,55-64,89,Extrapulmonary
Kazakhstan,2006,ep,m,65+,80,Extrapulmonary
Kazakhstan,2006,ep,f,0-14,1495,Extrapulmonary
Kazakhstan,2006,ep,f,15-24,580,Extrapulmonary
Kazakhstan,2006,ep,f,25-34,396,Extrapulmonary
Kazakhstan,2006,ep,f,35-44,281,Extrapulmonary
Kazakhstan,2006,ep,f,45-54,185,Extrapulmonary
Kazakhstan,2006,ep,f,55-64,93,Extrapulmonary
Kazakhstan,2006,ep,f,65+,85,Extrapulmonary
Kazakhstan,2007,sp,m,0-14,14,Smear Positive
Kazakhstan,2007,sp,m,15-24,881,Smear Positive
Kazakhstan,2007,sp,m,25-34,976,Smear Positive
Kazakhstan,2007,sp,m,35-44,859,Smear Positive
Kazakhstan,2007,sp,m,45-54,714,Smear Positive
Kazakhstan,2007,sp,m,55-64,279,Smear Positive
Kazakhstan,2007,sp,m,65+,150,Smear Positive
Kazakhstan,2007,sp,f,0-14,38,Smear Positive
Kazakhstan,2007,sp,f,15-24,782,Smear Positive
Kazakhstan,2007,sp,f,25-34,605,Smear Positive
Kazakhstan,2007,sp,f,35-44,367,Smear Positive
Kazakhstan,2007,sp,f,45-54,249,Smear Positive
Kazakhstan,2007,sp,f,55-64,124,Smear Positive
Kazakhstan,2007,sp,f,65+,157,Smear Positive
Kazakhstan,2007,sn,m,0-14,669,Smear Negative
Kazakhstan,2007,sn,m,15-24,1690,Smear Negative
Kazakhstan,2007,sn,m,25-34,1579,Smear Negative
Kazakhstan,2007,sn,m,35-44,1096,Smear Negative
Kazakhstan,2007,sn,m,45-54,855,Smear Negative
Kazakhstan,2007,sn,m,55-64,423,Smear Negative
Kazakhstan,2007,sn,m,65+,209,Smear Negative
Kazakhstan,2007,sn,f,0-14,678,Smear Negative
Kazakhstan,2007,sn,f,15-24,1773,Smear Negative
Kazakhstan,2007,sn,f,25-34,1477,Smear Negative
Kazakhstan,2007,sn,f,35-44,816,Smear Negative
Kazakhstan,2007,sn,f,45-54,487,Smear Negative
Kazakhstan,2007,sn,f,55-64,184,Smear Negative
Kazakhstan,2007,sn,f,65+,119,Smear Negative
Kazakhstan,2007,ep,m,0-14,483,Extrapulmonary
Kazakhstan,2007,ep,m,15-24,499,Extrapulmonary
Kazakhstan,2007,ep,m,25-34,290,Extrapulmonary
Kazakhstan,2007,ep,m,35-44,187,Extrapulmonary
Kazakhstan,2007,ep,m,45-54,137,Extrapulmonary
Kazakhstan,2007,ep,m,55-64,49,Extrapulmonary
Kazakhstan,2007,ep,m,65+,51,Extrapulmonary
Kazakhstan,2007,ep,f,0-14,2,Extrapulmonary
Kazakhstan,2007,ep,f,15-24,410,Extrapulmonary
Kazakhstan,2007,ep,f,25-34,272,Extrapulmonary
Kazakhstan,2007,ep,f,35-44,207,Extrapulmonary
Kazakhstan,2007,ep,f,45-54,132,Extrapulmonary
Kazakhstan,2007,ep,f,55-64,53,Extrapulmonary
Kazakhstan,2007,ep,f,65+,51,Extrapulmonary
Kazakhstan,2008,sp,m,0-14,14,Smear Positive
Kazakhstan,2008,sp,m,15-24,897,Smear Positive
Kazakhstan,2008,sp,m,25-34,968,Smear Positive
Kazakhstan,2008,sp,m,35-44,811,Smear Positive
Kazakhstan,2008,sp,m,45-54,752,Smear Positive
Kazakhstan,2008,sp,m,55-64,306,Smear Positive
Kazakhstan,2008,sp,m,65+,160,Smear Positive
Kazakhstan,2008,sp,f,0-14,44,Smear Positive
Kazakhstan,2008,sp,f,15-24,710,Smear Positive
Kazakhstan,2008,sp,f,25-34,659,Smear Positive
Kazakhstan,2008,sp,f,35-44,320,Smear Positive
Kazakhstan,2008,sp,f,45-54,230,Smear Positive
Kazakhstan,2008,sp,f,55-64,137,Smear Positive
Kazakhstan,2008,sp,f,65+,185,Smear Positive
Kazakhstan,2008,sn,m,0-14,120,Smear Negative
Kazakhstan,2008,sn,m,15-24,1759,Smear Negative
Kazakhstan,2008,sn,m,25-34,1440,Smear Negative
Kazakhstan,2008,sn,m,35-44,1049,Smear Negative
Kazakhstan,2008,sn,m,45-54,803,Smear Negative
Kazakhstan,2008,sn,m,55-64,418,Smear Negative
Kazakhstan,2008,sn,m,65+,187,Smear Negative
Kazakhstan,2008,sn,f,0-14,203,Smear Negative
Kazakhstan,2008,sn,f,15-24,1854,Smear Negative
Kazakhstan,2008,sn,f,25-34,1360,Smear Negative
Kazakhstan,2008,sn,f,35-44,792,Smear Negative
Kazakhstan,2008,sn,f,45-54,454,Smear Negative
Kazakhstan,2008,sn,f,55-64,171,Smear Negative
Kazakhstan,2008,sn,f,65+,127,Smear Negative
Kazakhstan,2008,ep,m,0-14,329,Extrapulmonary
Kazakhstan,2008,ep,m,15-24,392,Extrapulmonary
Kazakhstan,2008,ep,m,25-34,301,Extrapulmonary
Kazakhstan,2008,ep,m,35-44,185,Extrapulmonary
Kazakhstan,2008,ep,m,45-54,130,Extrapulmonary
Kazakhstan,2008,ep,m,55-64,61,Extrapulmonary
Kazakhstan,2008,ep,m,65+,40,Extrapulmonary
Kazakhstan,2008,ep,f,0-14,271,Extrapulmonary
Kazakhstan,2008,ep,f,15-24,347,Extrapulmonary
Kazakhstan,2008,ep,f,25-34,260,Extrapulmonary
Kazakhstan,2008,ep,f,35-44,207,Extrapulmonary
Kazakhstan,2008,ep,f,45-54,112,Extrapulmonary
Kazakhstan,2008,ep,f,55-64,53,Extrapulmonary
Kazakhstan,2008,ep,f,65+,66,Extrapulmonary
Kazakhstan,2009,sp,m,0-14,6,Smear Positive
Kazakhstan,2009,sp,m,15-24,765,Smear Positive
Kazakhstan,2009,sp,m,25-34,812,Smear Positive
Kazakhstan,2009,sp,m,35-44,676,Smear Positive
Kazakhstan,2009,sp,m,45-54,573,Smear Positive
Kazakhstan,2009,sp,m,55-64,252,Smear Positive
Kazakhstan,2009,sp,m,65+,116,Smear Positive
Kazakhstan,2009,sp,f,0-14,37,Smear Positive
Kazakhstan,2009,sp,f,15-24,662,Smear Positive
Kazakhstan,2009,sp,f,25-34,519,Smear Positive
Kazakhstan,2009,sp,f,35-44,337,Smear Positive
Kazakhstan,2009,sp,f,45-54,200,Smear Positive
Kazakhstan,2009,sp,f,55-64,122,Smear Positive
Kazakhstan,2009,sp,f,65+,135,Smear Positive
Kazakhstan,2009,sn,m,0-14,133,Smear Negative
Kazakhstan,2009,sn,m,15-24,1588,Smear Negative
Kazakhstan,2009,sn,m,25-34,1249,Smear Negative
Kazakhstan,2009,sn,m,35-44,800,Smear Negative
Kazakhstan,2009,sn,m,45-54,738,Smear Negative
Kazakhstan,2009,sn,m,55-64,329,Smear Negative
Kazakhstan,2009,sn,m,65+,145,Smear Negative
Kazakhstan,2009,sn,f,0-14,171,Smear Negative
Kazakhstan,2009,sn,f,15-24,1629,Smear Negative
Kazakhstan,2009,sn,f,25-34,1251,Smear Negative
Kazakhstan,2009,sn,f,35-44,672,Smear Negative
Kazakhstan,2009,sn,f,45-54,375,Smear Negative
Kazakhstan,2009,sn,f,55-64,145,Smear Negative
Kazakhstan,2009,sn,f,65+,93,Smear Negative
Kazakhstan,2009,ep,m,0-14,261,Extrapulmonary
Kazakhstan,2009,ep,m,15-24,332,Extrapulmonary
Kazakhstan,2009,ep,m,25-34,244,Extrapulmonary
Kazakhstan,2009,ep,m,35-44,147,Extrapulmonary
Kazakhstan,2009,ep,m,45-54,117,Extrapulmonary
Kazakhstan,2009,ep,m,55-64,58,Extrapulmonary
Kazakhstan,2009,ep,m,65+,37,Extrapulmonary
Kazakhstan,2009,ep,f,0-14,210,Extrapulmonary
Kazakhstan,2009,ep,f,15-24,262,Extrapulmonary
Kazakhstan,2009,ep,f,25-34,270,Extrapulmonary
Kazakhstan,2009,ep,f,35-44,142,Extrapulmonary
Kazakhstan,2009,ep,f,45-54,97,Extrapulmonary
Kazakhstan,2009,ep,f,55-64,63,Extrapulmonary
Kazakhstan,2009,ep,f,65+,40,Extrapulmonary
Kazakhstan,2010,sp,m,0-14,15,Smear Positive
Kazakhstan,2010,sp,m,15-24,675,Smear Positive
Kazakhstan,2010,sp,m,25-34,754,Smear Positive
Kazakhstan,2010,sp,m,35-44,595,Smear Positive
Kazakhstan,2010,sp,m,45-54,511,Smear Positive
Kazakhstan,2010,sp,m,55-64,251,Smear Positive
Kazakhstan,2010,sp,m,65+,127,Smear Positive
Kazakhstan,2010,sp,f,0-14,33,Smear Positive
Kazakhstan,2010,sp,f,15-24,566,Smear Positive
Kazakhstan,2010,sp,f,25-34,520,Smear Positive
Kazakhstan,2010,sp,f,35-44,263,Smear Positive
Kazakhstan,2010,sp,f,45-54,205,Smear Positive
Kazakhstan,2010,sp,f,55-64,122,Smear Positive
Kazakhstan,2010,sp,f,65+,132,Smear Positive
Kazakhstan,2010,sn,m,0-14,93,Smear Negative
Kazakhstan,2010,sn,m,15-24,1430,Smear Negative
Kazakhstan,2010,sn,m,25-34,1122,Smear Negative
Kazakhstan,2010,sn,m,35-44,774,Smear Negative
Kazakhstan,2010,sn,m,45-54,636,Smear Negative
Kazakhstan,2010,sn,m,55-64,364,Smear Negative
Kazakhstan,2010,sn,m,65+,135,Smear Negative
Kazakhstan,2010,sn,f,0-14,162,Smear Negative
Kazakhstan,2010,sn,f,15-24,1424,Smear Negative
Kazakhstan,2010,sn,f,25-34,1235,Smear Negative
Kazakhstan,2010,sn,f,35-44,583,Smear Negative
Kazakhstan,2010,sn,f,45-54,384,Smear Negative
Kazakhstan,2010,sn,f,55-64,167,Smear Negative
Kazakhstan,2010,sn,f,65+,82,Smear Negative
Kazakhstan,2010,ep,m,0-14,236,Extrapulmonary
Kazakhstan,2010,ep,m,15-24,317,Extrapulmonary
Kazakhstan,2010,ep,m,25-34,213,Extrapulmonary
Kazakhstan,2010,ep,m,35-44,140,Extrapulmonary
Kazakhstan,2010,ep,m,45-54,97,Extrapulmonary
Kazakhstan,2010,ep,m,55-64,61,Extrapulmonary
Kazakhstan,2010,ep,m,65+,36,Extrapulmonary
Kazakhstan,2010,ep,f,0-14,194,Extrapulmonary
Kazakhstan,2010,ep,f,15-24,255,Extrapulmonary
Kazakhstan,2010,ep,f,25-34,221,Extrapulmonary
Kazakhstan,2010,ep,f,35-44,147,Extrapulmonary
Kazakhstan,2010,ep,f,45-54,111,Extrapulmonary
Kazakhstan,2010,ep,f,55-64,58,Extrapulmonary
Kazakhstan,2010,ep,f,65+,41,Extrapulmonary
Kazakhstan,2011,sp,m,0-14,6,Smear Positive
Kazakhstan,2011,sp,m,15-24,602,Smear Positive
Kazakhstan,2011,sp,m,25-34,716,Smear Positive
Kazakhstan,2011,sp,m,35-44,516,Smear Positive
Kazakhstan,2011,sp,m,45-54,515,Smear Positive
Kazakhstan,2011,sp,m,55-64,235,Smear Positive
Kazakhstan,2011,sp,m,65+,91,Smear Positive
Kazakhstan,2011,sp,f,0-14,15,Smear Positive
Kazakhstan,2011,sp,f,15-24,439,Smear Positive
Kazakhstan,2011,sp,f,25-34,495,Smear Positive
Kazakhstan,2011,sp,f,35-44,260,Smear Positive
Kazakhstan,2011,sp,f,45-54,190,Smear Positive
Kazakhstan,2011,sp,f,55-64,109,Smear Positive
Kazakhstan,2011,sp,f,65+,117,Smear Positive
Kazakhstan,2011,sn,m,0-14,95,Smear Negative
Kazakhstan,2011,sn,m,15-24,1281,Smear Negative
Kazakhstan,2011,sn,m,25-34,1126,Smear Negative
Kazakhstan,2011,sn,m,35-44,775,Smear Negative
Kazakhstan,2011,sn,m,45-54,569,Smear Negative
Kazakhstan,2011,sn,m,55-64,323,Smear Negative
Kazakhstan,2011,sn,m,65+,118,Smear Negative
Kazakhstan,2011,sn,f,0-14,139,Smear Negative
Kazakhstan,2011,sn,f,15-24,1355,Smear Negative
Kazakhstan,2011,sn,f,25-34,1143,Smear Negative
Kazakhstan,2011,sn,f,35-44,583,Smear Negative
Kazakhstan,2011,sn,f,45-54,353,Smear Negative
Kazakhstan,2011,sn,f,55-64,144,Smear Negative
Kazakhstan,2011,sn,f,65+,90,Smear Negative
Kazakhstan,2011,ep,m,0-14,191,Extrapulmonary
Kazakhstan,2011,ep,m,15-24,271,Extrapulmonary
Kazakhstan,2011,ep,m,25-34,223,Extrapulmonary
Kazakhstan,2011,ep,m,35-44,134,Extrapulmonary
Kazakhstan,2011,ep,m,45-54,113,Extrapulmonary
Kazakhstan,2011,ep,m,55-64,71,Extrapulmonary
Kazakhstan,2011,ep,m,65+,40,Extrapulmonary
Kazakhstan,2011,ep,f,0-14,176,Extrapulmonary
Kazakhstan,2011,ep,f,15-24,200,Extrapulmonary
Kazakhstan,2011,ep,f,25-34,216,Extrapulmonary
Kazakhstan,2011,ep,f,35-44,145,Extrapulmonary
Kazakhstan,2011,ep,f,45-54,89,Extrapulmonary
Kazakhstan,2011,ep,f,55-64,76,Extrapulmonary
Kazakhstan,2011,ep,f,65+,51,Extrapulmonary
Kazakhstan,2012,sp,m,0-14,9,Smear Positive
Kazakhstan,2012,sp,m,15-24,508,Smear Positive
Kazakhstan,2012,sp,m,25-34,586,Smear Positive
Kazakhstan,2012,sp,m,35-44,514,Smear Positive
Kazakhstan,2012,sp,m,45-54,479,Smear Positive
Kazakhstan,2012,sp,m,55-64,233,Smear Positive
Kazakhstan,2012,sp,m,65+,98,Smear Positive
Kazakhstan,2012,sp,f,0-14,16,Smear Positive
Kazakhstan,2012,sp,f,15-24,415,Smear Positive
Kazakhstan,2012,sp,f,25-34,411,Smear Positive
Kazakhstan,2012,sp,f,35-44,241,Smear Positive
Kazakhstan,2012,sp,f,45-54,177,Smear Positive
Kazakhstan,2012,sp,f,55-64,97,Smear Positive
Kazakhstan,2012,sp,f,65+,100,Smear Positive
Kazakhstan,2012,sn,m,0-14,92,Smear Negative
Kazakhstan,2012,sn,m,15-24,1164,Smear Negative
Kazakhstan,2012,sn,m,25-34,1009,Smear Negative
Kazakhstan,2012,sn,m,35-44,798,Smear Negative
Kazakhstan,2012,sn,m,45-54,590,Smear Negative
Kazakhstan,2012,sn,m,55-64,355,Smear Negative
Kazakhstan,2012,sn,m,65+,118,Smear Negative
Kazakhstan,2012,sn,f,0-14,151,Smear Negative
Kazakhstan,2012,sn,f,15-24,1199,Smear Negative
Kazakhstan,2012,sn,f,25-34,1109,Smear Negative
Kazakhstan,2012,sn,f,35-44,514,Smear Negative
Kazakhstan,2012,sn,f,45-54,330,Smear Negative
Kazakhstan,2012,sn,f,55-64,138,Smear Negative
Kazakhstan,2012,sn,f,65+,109,Smear Negative
Kazakhstan,2012,ep,m,0-14,158,Extrapulmonary
Kazakhstan,2012,ep,m,15-24,208,Extrapulmonary
Kazakhstan,2012,ep,m,25-34,244,Extrapulmonary
Kazakhstan,2012,ep,m,35-44,139,Extrapulmonary
Kazakhstan,2012,ep,m,45-54,114,Extrapulmonary
Kazakhstan,2012,ep,m,55-64,70,Extrapulmonary
Kazakhstan,2012,ep,m,65+,33,Extrapulmonary
Kazakhstan,2012,ep,f,0-14,150,Extrapulmonary
Kazakhstan,2012,ep,f,15-24,197,Extrapulmonary
Kazakhstan,2012,ep,f,25-34,194,Extrapulmonary
Kazakhstan,2012,ep,f,35-44,121,Extrapulmonary
Kazakhstan,2012,ep,f,45-54,91,Extrapulmonary
Kazakhstan,2012,ep,f,55-64,75,Extrapulmonary
Kazakhstan,2012,ep,f,65+,50,Extrapulmonary
Kazakhstan,2013,rel,m,0-14,235,Relapse
Kazakhstan,2013,rel,m,15-24,1991,Relapse
Kazakhstan,2013,rel,m,25-34,2957,Relapse
Kazakhstan,2013,rel,m,35-44,2604,Relapse
Kazakhstan,2013,rel,m,45-54,2104,Relapse
Kazakhstan,2013,rel,m,55-64,1337,Relapse
Kazakhstan,2013,rel,m,65+,611,Relapse
Kazakhstan,2013,rel,f,0-14,276,Relapse
Kazakhstan,2013,rel,f,15-24,1712,Relapse
Kazakhstan,2013,rel,f,25-34,2005,Relapse
Kazakhstan,2013,rel,f,35-44,1154,Relapse
Kazakhstan,2013,rel,f,45-54,798,Relapse
Kazakhstan,2013,rel,f,55-64,580,Relapse
Kazakhstan,2013,rel,f,65+,594,Relapse
Kenya,1995,sp,m,0-14,154,Smear Positive
Kenya,1995,sp,m,15-24,2072,Smear Positive
Kenya,1995,sp,m,25-34,3073,Smear Positive
Kenya,1995,sp,m,35-44,1675,Smear Positive
Kenya,1995,sp,m,45-54,920,Smear Positive
Kenya,1995,sp,m,55-64,485,Smear Positive
Kenya,1995,sp,m,65+,296,Smear Positive
Kenya,1995,sp,f,0-14,187,Smear Positive
Kenya,1995,sp,f,15-24,1802,Smear Positive
Kenya,1995,sp,f,25-34,1759,Smear Positive
Kenya,1995,sp,f,35-44,741,Smear Positive
Kenya,1995,sp,f,45-54,411,Smear Positive
Kenya,1995,sp,f,55-64,242,Smear Positive
Kenya,1995,sp,f,65+,117,Smear Positive
Kenya,1996,sp,m,0-14,151,Smear Positive
Kenya,1996,sp,m,15-24,2492,Smear Positive
Kenya,1996,sp,m,25-34,3820,Smear Positive
Kenya,1996,sp,m,35-44,2097,Smear Positive
Kenya,1996,sp,m,45-54,993,Smear Positive
Kenya,1996,sp,m,55-64,498,Smear Positive
Kenya,1996,sp,m,65+,311,Smear Positive
Kenya,1996,sp,f,0-14,252,Smear Positive
Kenya,1996,sp,f,15-24,2290,Smear Positive
Kenya,1996,sp,f,25-34,2327,Smear Positive
Kenya,1996,sp,f,35-44,926,Smear Positive
Kenya,1996,sp,f,45-54,462,Smear Positive
Kenya,1996,sp,f,55-64,245,Smear Positive
Kenya,1996,sp,f,65+,114,Smear Positive
Kenya,1997,sp,m,0-14,53,Smear Positive
Kenya,1997,sp,m,15-24,2881,Smear Positive
Kenya,1997,sp,m,25-34,4374,Smear Positive
Kenya,1997,sp,m,35-44,2333,Smear Positive
Kenya,1997,sp,m,45-54,1100,Smear Positive
Kenya,1997,sp,m,55-64,482,Smear Positive
Kenya,1997,sp,m,65+,284,Smear Positive
Kenya,1997,sp,f,0-14,242,Smear Positive
Kenya,1997,sp,f,15-24,2573,Smear Positive
Kenya,1997,sp,f,25-34,2604,Smear Positive
Kenya,1997,sp,f,35-44,1086,Smear Positive
Kenya,1997,sp,f,45-54,499,Smear Positive
Kenya,1997,sp,f,55-64,242,Smear Positive
Kenya,1997,sp,f,65+,103,Smear Positive
Kenya,1998,sp,m,0-14,210,Smear Positive
Kenya,1998,sp,m,15-24,3372,Smear Positive
Kenya,1998,sp,m,25-34,5477,Smear Positive
Kenya,1998,sp,m,35-44,2983,Smear Positive
Kenya,1998,sp,m,45-54,1378,Smear Positive
Kenya,1998,sp,m,55-64,626,Smear Positive
Kenya,1998,sp,m,65+,382,Smear Positive
Kenya,1998,sp,f,0-14,318,Smear Positive
Kenya,1998,sp,f,15-24,3315,Smear Positive
Kenya,1998,sp,f,25-34,3469,Smear Positive
Kenya,1998,sp,f,35-44,1378,Smear Positive
Kenya,1998,sp,f,45-54,656,Smear Positive
Kenya,1998,sp,f,55-64,324,Smear Positive
Kenya,1998,sp,f,65+,141,Smear Positive
Kenya,1999,sp,m,0-14,237,Smear Positive
Kenya,1999,sp,m,15-24,3835,Smear Positive
Kenya,1999,sp,m,25-34,6078,Smear Positive
Kenya,1999,sp,m,35-44,3349,Smear Positive
Kenya,1999,sp,m,45-54,1545,Smear Positive
Kenya,1999,sp,m,55-64,645,Smear Positive
Kenya,1999,sp,m,65+,405,Smear Positive
Kenya,1999,sp,f,0-14,373,Smear Positive
Kenya,1999,sp,f,15-24,3850,Smear Positive
Kenya,1999,sp,f,25-34,3997,Smear Positive
Kenya,1999,sp,f,35-44,1596,Smear Positive
Kenya,1999,sp,f,45-54,760,Smear Positive
Kenya,1999,sp,f,55-64,348,Smear Positive
Kenya,1999,sp,f,65+,179,Smear Positive
Kenya,2000,sp,m,0-14,264,Smear Positive
Kenya,2000,sp,m,15-24,3739,Smear Positive
Kenya,2000,sp,m,25-34,6653,Smear Positive
Kenya,2000,sp,m,35-44,3548,Smear Positive
Kenya,2000,sp,m,45-54,1630,Smear Positive
Kenya,2000,sp,m,55-64,630,Smear Positive
Kenya,2000,sp,m,65+,414,Smear Positive
Kenya,2000,sp,f,0-14,416,Smear Positive
Kenya,2000,sp,f,15-24,3916,Smear Positive
Kenya,2000,sp,f,25-34,4363,Smear Positive
Kenya,2000,sp,f,35-44,1874,Smear Positive
Kenya,2000,sp,f,45-54,831,Smear Positive
Kenya,2000,sp,f,55-64,347,Smear Positive
Kenya,2000,sp,f,65+,148,Smear Positive
Kenya,2001,sp,m,0-14,299,Smear Positive
Kenya,2001,sp,m,15-24,4083,Smear Positive
Kenya,2001,sp,m,25-34,7070,Smear Positive
Kenya,2001,sp,m,35-44,3903,Smear Positive
Kenya,2001,sp,m,45-54,1771,Smear Positive
Kenya,2001,sp,m,55-64,723,Smear Positive
Kenya,2001,sp,m,65+,443,Smear Positive
Kenya,2001,sp,f,0-14,464,Smear Positive
Kenya,2001,sp,f,15-24,4116,Smear Positive
Kenya,2001,sp,f,25-34,4822,Smear Positive
Kenya,2001,sp,f,35-44,2063,Smear Positive
Kenya,2001,sp,f,45-54,935,Smear Positive
Kenya,2001,sp,f,55-64,394,Smear Positive
Kenya,2001,sp,f,65+,221,Smear Positive
Kenya,2002,sp,m,0-14,299,Smear Positive
Kenya,2002,sp,m,15-24,4445,Smear Positive
Kenya,2002,sp,m,25-34,7708,Smear Positive
Kenya,2002,sp,m,35-44,4306,Smear Positive
Kenya,2002,sp,m,45-54,2023,Smear Positive
Kenya,2002,sp,m,55-64,807,Smear Positive
Kenya,2002,sp,m,65+,433,Smear Positive
Kenya,2002,sp,f,0-14,392,Smear Positive
Kenya,2002,sp,f,15-24,4542,Smear Positive
Kenya,2002,sp,f,25-34,5465,Smear Positive
Kenya,2002,sp,f,35-44,2267,Smear Positive
Kenya,2002,sp,f,45-54,996,Smear Positive
Kenya,2002,sp,f,55-64,445,Smear Positive
Kenya,2002,sp,f,65+,190,Smear Positive
Kenya,2003,sp,m,0-14,341,Smear Positive
Kenya,2003,sp,m,15-24,4918,Smear Positive
Kenya,2003,sp,m,25-34,8515,Smear Positive
Kenya,2003,sp,m,35-44,4560,Smear Positive
Kenya,2003,sp,m,45-54,2167,Smear Positive
Kenya,2003,sp,m,55-64,928,Smear Positive
Kenya,2003,sp,m,65+,567,Smear Positive
Kenya,2003,sp,f,0-14,487,Smear Positive
Kenya,2003,sp,f,15-24,5003,Smear Positive
Kenya,2003,sp,f,25-34,6023,Smear Positive
Kenya,2003,sp,f,35-44,2618,Smear Positive
Kenya,2003,sp,f,45-54,1171,Smear Positive
Kenya,2003,sp,f,55-64,551,Smear Positive
Kenya,2003,sp,f,65+,309,Smear Positive
Kenya,2004,sp,m,0-14,391,Smear Positive
Kenya,2004,sp,m,15-24,5388,Smear Positive
Kenya,2004,sp,m,25-34,9016,Smear Positive
Kenya,2004,sp,m,35-44,5142,Smear Positive
Kenya,2004,sp,m,45-54,2404,Smear Positive
Kenya,2004,sp,m,55-64,973,Smear Positive
Kenya,2004,sp,m,65+,576,Smear Positive
Kenya,2004,sp,f,0-14,519,Smear Positive
Kenya,2004,sp,f,15-24,5458,Smear Positive
Kenya,2004,sp,f,25-34,6326,Smear Positive
Kenya,2004,sp,f,35-44,2850,Smear Positive
Kenya,2004,sp,f,45-54,1236,Smear Positive
Kenya,2004,sp,f,55-64,558,Smear Positive
Kenya,2004,sp,f,65+,312,Smear Positive
Kenya,2005,sp,m,0-14,359,Smear Positive
Kenya,2005,sp,m,15-24,4790,Smear Positive
Kenya,2005,sp,m,25-34,8832,Smear Positive
Kenya,2005,sp,m,35-44,5069,Smear Positive
Kenya,2005,sp,m,45-54,2521,Smear Positive
Kenya,2005,sp,m,55-64,1031,Smear Positive
Kenya,2005,sp,m,65+,590,Smear Positive
Kenya,2005,sp,f,0-14,577,Smear Positive
Kenya,2005,sp,f,15-24,5144,Smear Positive
Kenya,2005,sp,f,25-34,6521,Smear Positive
Kenya,2005,sp,f,35-44,2781,Smear Positive
Kenya,2005,sp,f,45-54,1266,Smear Positive
Kenya,2005,sp,f,55-64,593,Smear Positive
Kenya,2005,sp,f,65+,315,Smear Positive
Kenya,2006,sp,m,0-14,387,Smear Positive
Kenya,2006,sp,m,15-24,4708,Smear Positive
Kenya,2006,sp,m,25-34,8229,Smear Positive
Kenya,2006,sp,m,35-44,4975,Smear Positive
Kenya,2006,sp,m,45-54,2467,Smear Positive
Kenya,2006,sp,m,55-64,1037,Smear Positive
Kenya,2006,sp,m,65+,645,Smear Positive
Kenya,2006,sp,f,0-14,583,Smear Positive
Kenya,2006,sp,f,15-24,4953,Smear Positive
Kenya,2006,sp,f,25-34,6052,Smear Positive
Kenya,2006,sp,f,35-44,2792,Smear Positive
Kenya,2006,sp,f,45-54,1343,Smear Positive
Kenya,2006,sp,f,55-64,604,Smear Positive
Kenya,2006,sp,f,65+,379,Smear Positive
Kenya,2007,sp,m,0-14,474,Smear Positive
Kenya,2007,sp,m,15-24,4752,Smear Positive
Kenya,2007,sp,m,25-34,8132,Smear Positive
Kenya,2007,sp,m,35-44,4959,Smear Positive
Kenya,2007,sp,m,45-54,2361,Smear Positive
Kenya,2007,sp,m,55-64,1084,Smear Positive
Kenya,2007,sp,m,65+,601,Smear Positive
Kenya,2007,sp,f,0-14,599,Smear Positive
Kenya,2007,sp,f,15-24,4594,Smear Positive
Kenya,2007,sp,f,25-34,5979,Smear Positive
Kenya,2007,sp,f,35-44,2774,Smear Positive
Kenya,2007,sp,f,45-54,1180,Smear Positive
Kenya,2007,sp,f,55-64,542,Smear Positive
Kenya,2007,sp,f,65+,329,Smear Positive
Kenya,2008,sp,m,0-14,451,Smear Positive
Kenya,2008,sp,m,15-24,4709,Smear Positive
Kenya,2008,sp,m,25-34,8128,Smear Positive
Kenya,2008,sp,m,35-44,4924,Smear Positive
Kenya,2008,sp,m,45-54,2302,Smear Positive
Kenya,2008,sp,m,55-64,1025,Smear Positive
Kenya,2008,sp,m,65+,583,Smear Positive
Kenya,2008,sp,f,0-14,586,Smear Positive
Kenya,2008,sp,f,15-24,4355,Smear Positive
Kenya,2008,sp,f,25-34,5475,Smear Positive
Kenya,2008,sp,f,35-44,2431,Smear Positive
Kenya,2008,sp,f,45-54,1065,Smear Positive
Kenya,2008,sp,f,55-64,481,Smear Positive
Kenya,2008,sp,f,65+,296,Smear Positive
Kenya,2008,sn,m,0-14,1490,Smear Negative
Kenya,2008,sn,m,15-24,2154,Smear Negative
Kenya,2008,sn,m,25-34,3927,Smear Negative
Kenya,2008,sn,m,35-44,3516,Smear Negative
Kenya,2008,sn,m,45-54,2117,Smear Negative
Kenya,2008,sn,m,55-64,1104,Smear Negative
Kenya,2008,sn,m,65+,902,Smear Negative
Kenya,2008,sn,f,0-14,1423,Smear Negative
Kenya,2008,sn,f,15-24,2406,Smear Negative
Kenya,2008,sn,f,25-34,4188,Smear Negative
Kenya,2008,sn,f,35-44,2778,Smear Negative
Kenya,2008,sn,f,45-54,1537,Smear Negative
Kenya,2008,sn,f,55-64,826,Smear Negative
Kenya,2008,sn,f,65+,647,Smear Negative
Kenya,2008,ep,m,0-14,1076,Extrapulmonary
Kenya,2008,ep,m,15-24,1040,Extrapulmonary
Kenya,2008,ep,m,25-34,1839,Extrapulmonary
Kenya,2008,ep,m,35-44,1416,Extrapulmonary
Kenya,2008,ep,m,45-54,794,Extrapulmonary
Kenya,2008,ep,m,55-64,418,Extrapulmonary
Kenya,2008,ep,m,65+,257,Extrapulmonary
Kenya,2008,ep,f,0-14,946,Extrapulmonary
Kenya,2008,ep,f,15-24,1118,Extrapulmonary
Kenya,2008,ep,f,25-34,1806,Extrapulmonary
Kenya,2008,ep,f,35-44,1090,Extrapulmonary
Kenya,2008,ep,f,45-54,567,Extrapulmonary
Kenya,2008,ep,f,55-64,301,Extrapulmonary
Kenya,2008,ep,f,65+,203,Extrapulmonary
Kenya,2009,sp,m,0-14,470,Smear Positive
Kenya,2009,sp,m,15-24,4667,Smear Positive
Kenya,2009,sp,m,25-34,8081,Smear Positive
Kenya,2009,sp,m,35-44,5067,Smear Positive
Kenya,2009,sp,m,45-54,2565,Smear Positive
Kenya,2009,sp,m,55-64,1030,Smear Positive
Kenya,2009,sp,m,65+,659,Smear Positive
Kenya,2009,sp,f,0-14,662,Smear Positive
Kenya,2009,sp,f,15-24,4306,Smear Positive
Kenya,2009,sp,f,25-34,5387,Smear Positive
Kenya,2009,sp,f,35-44,2512,Smear Positive
Kenya,2009,sp,f,45-54,1104,Smear Positive
Kenya,2009,sp,f,55-64,540,Smear Positive
Kenya,2009,sp,f,65+,352,Smear Positive
Kenya,2009,sn,m,0-14,1255,Smear Negative
Kenya,2009,sn,m,15-24,2363,Smear Negative
Kenya,2009,sn,m,25-34,4789,Smear Negative
Kenya,2009,sn,m,35-44,4109,Smear Negative
Kenya,2009,sn,m,45-54,2404,Smear Negative
Kenya,2009,sn,m,55-64,1274,Smear Negative
Kenya,2009,sn,m,65+,1130,Smear Negative
Kenya,2009,sn,f,0-14,1272,Smear Negative
Kenya,2009,sn,f,15-24,2533,Smear Negative
Kenya,2009,sn,f,25-34,4921,Smear Negative
Kenya,2009,sn,f,35-44,3303,Smear Negative
Kenya,2009,sn,f,45-54,1550,Smear Negative
Kenya,2009,sn,f,55-64,977,Smear Negative
Kenya,2009,sn,f,65+,707,Smear Negative
Kenya,2009,ep,m,0-14,1638,Extrapulmonary
Kenya,2009,ep,m,15-24,1366,Extrapulmonary
Kenya,2009,ep,m,25-34,2366,Extrapulmonary
Kenya,2009,ep,m,35-44,2006,Extrapulmonary
Kenya,2009,ep,m,45-54,1110,Extrapulmonary
Kenya,2009,ep,m,55-64,508,Extrapulmonary
Kenya,2009,ep,m,65+,407,Extrapulmonary
Kenya,2009,ep,f,0-14,1346,Extrapulmonary
Kenya,2009,ep,f,15-24,1412,Extrapulmonary
Kenya,2009,ep,f,25-34,2394,Extrapulmonary
Kenya,2009,ep,f,35-44,1491,Extrapulmonary
Kenya,2009,ep,f,45-54,730,Extrapulmonary
Kenya,2009,ep,f,55-64,361,Extrapulmonary
Kenya,2009,ep,f,65+,303,Extrapulmonary
Kenya,2010,sp,m,0-14,357,Smear Positive
Kenya,2010,sp,m,15-24,4698,Smear Positive
Kenya,2010,sp,m,25-34,7945,Smear Positive
Kenya,2010,sp,m,35-44,5077,Smear Positive
Kenya,2010,sp,m,45-54,2509,Smear Positive
Kenya,2010,sp,m,55-64,994,Smear Positive
Kenya,2010,sp,m,65+,658,Smear Positive
Kenya,2010,sp,f,0-14,549,Smear Positive
Kenya,2010,sp,f,15-24,4044,Smear Positive
Kenya,2010,sp,f,25-34,5112,Smear Positive
Kenya,2010,sp,f,35-44,2372,Smear Positive
Kenya,2010,sp,f,45-54,1056,Smear Positive
Kenya,2010,sp,f,55-64,544,Smear Positive
Kenya,2010,sp,f,65+,345,Smear Positive
Kenya,2010,sn,m,0-14,1038,Smear Negative
Kenya,2010,sn,m,15-24,2189,Smear Negative
Kenya,2010,sn,m,25-34,4427,Smear Negative
Kenya,2010,sn,m,35-44,4131,Smear Negative
Kenya,2010,sn,m,45-54,2491,Smear Negative
Kenya,2010,sn,m,55-64,1363,Smear Negative
Kenya,2010,sn,m,65+,1291,Smear Negative
Kenya,2010,sn,f,0-14,1044,Smear Negative
Kenya,2010,sn,f,15-24,2410,Smear Negative
Kenya,2010,sn,f,25-34,4640,Smear Negative
Kenya,2010,sn,f,35-44,3156,Smear Negative
Kenya,2010,sn,f,45-54,1767,Smear Negative
Kenya,2010,sn,f,55-64,1047,Smear Negative
Kenya,2010,sn,f,65+,848,Smear Negative
Kenya,2010,ep,m,0-14,1485,Extrapulmonary
Kenya,2010,ep,m,15-24,1341,Extrapulmonary
Kenya,2010,ep,m,25-34,2383,Extrapulmonary
Kenya,2010,ep,m,35-44,1975,Extrapulmonary
Kenya,2010,ep,m,45-54,1101,Extrapulmonary
Kenya,2010,ep,m,55-64,536,Extrapulmonary
Kenya,2010,ep,m,65+,511,Extrapulmonary
Kenya,2010,ep,f,0-14,1248,Extrapulmonary
Kenya,2010,ep,f,15-24,1375,Extrapulmonary
Kenya,2010,ep,f,25-34,2368,Extrapulmonary
Kenya,2010,ep,f,35-44,1567,Extrapulmonary
Kenya,2010,ep,f,45-54,743,Extrapulmonary
Kenya,2010,ep,f,55-64,396,Extrapulmonary
Kenya,2010,ep,f,65+,353,Extrapulmonary
Kenya,2011,sp,m,0-14,356,Smear Positive
Kenya,2011,sp,m,15-24,4773,Smear Positive
Kenya,2011,sp,m,25-34,8376,Smear Positive
Kenya,2011,sp,m,35-44,5201,Smear Positive
Kenya,2011,sp,m,45-54,2660,Smear Positive
Kenya,2011,sp,m,55-64,1045,Smear Positive
Kenya,2011,sp,m,65+,665,Smear Positive
Kenya,2011,sp,f,0-14,629,Smear Positive
Kenya,2011,sp,f,15-24,4183,Smear Positive
Kenya,2011,sp,f,25-34,4917,Smear Positive
Kenya,2011,sp,f,35-44,2434,Smear Positive
Kenya,2011,sp,f,45-54,1025,Smear Positive
Kenya,2011,sp,f,55-64,477,Smear Positive
Kenya,2011,sp,f,65+,344,Smear Positive
Kenya,2011,sn,m,0-14,1000,Smear Negative
Kenya,2011,sn,m,15-24,2279,Smear Negative
Kenya,2011,sn,m,25-34,4279,Smear Negative
Kenya,2011,sn,m,35-44,3957,Smear Negative
Kenya,2011,sn,m,45-54,2453,Smear Negative
Kenya,2011,sn,m,55-64,1296,Smear Negative
Kenya,2011,sn,m,65+,1220,Smear Negative
Kenya,2011,sn,f,0-14,1008,Smear Negative
Kenya,2011,sn,f,15-24,2309,Smear Negative
Kenya,2011,sn,f,25-34,4162,Smear Negative
Kenya,2011,sn,f,35-44,2979,Smear Negative
Kenya,2011,sn,f,45-54,1641,Smear Negative
Kenya,2011,sn,f,55-64,996,Smear Negative
Kenya,2011,sn,f,65+,815,Smear Negative
Kenya,2011,ep,m,0-14,1498,Extrapulmonary
Kenya,2011,ep,m,15-24,1375,Extrapulmonary
Kenya,2011,ep,m,25-34,2317,Extrapulmonary
Kenya,2011,ep,m,35-44,2007,Extrapulmonary
Kenya,2011,ep,m,45-54,1140,Extrapulmonary
Kenya,2011,ep,m,55-64,571,Extrapulmonary
Kenya,2011,ep,m,65+,471,Extrapulmonary
Kenya,2011,ep,f,0-14,1297,Extrapulmonary
Kenya,2011,ep,f,15-24,1339,Extrapulmonary
Kenya,2011,ep,f,25-34,2193,Extrapulmonary
Kenya,2011,ep,f,35-44,1450,Extrapulmonary
Kenya,2011,ep,f,45-54,689,Extrapulmonary
Kenya,2011,ep,f,55-64,387,Extrapulmonary
Kenya,2011,ep,f,65+,335,Extrapulmonary
Kenya,2012,sp,m,0-14,393,Smear Positive
Kenya,2012,sp,m,15-24,4893,Smear Positive
Kenya,2012,sp,m,25-34,8149,Smear Positive
Kenya,2012,sp,m,35-44,5302,Smear Positive
Kenya,2012,sp,m,45-54,2493,Smear Positive
Kenya,2012,sp,m,55-64,1099,Smear Positive
Kenya,2012,sp,m,65+,669,Smear Positive
Kenya,2012,sp,f,0-14,603,Smear Positive
Kenya,2012,sp,f,15-24,4097,Smear Positive
Kenya,2012,sp,f,25-34,4975,Smear Positive
Kenya,2012,sp,f,35-44,2363,Smear Positive
Kenya,2012,sp,f,45-54,993,Smear Positive
Kenya,2012,sp,f,55-64,529,Smear Positive
Kenya,2012,sp,f,65+,379,Smear Positive
Kenya,2012,sn,m,0-14,942,Smear Negative
Kenya,2012,sn,m,15-24,2079,Smear Negative
Kenya,2012,sn,m,25-34,4012,Smear Negative
Kenya,2012,sn,m,35-44,3699,Smear Negative
Kenya,2012,sn,m,45-54,2235,Smear Negative
Kenya,2012,sn,m,55-64,1317,Smear Negative
Kenya,2012,sn,m,65+,1279,Smear Negative
Kenya,2012,sn,f,0-14,965,Smear Negative
Kenya,2012,sn,f,15-24,2149,Smear Negative
Kenya,2012,sn,f,25-34,3841,Smear Negative
Kenya,2012,sn,f,35-44,2753,Smear Negative
Kenya,2012,sn,f,45-54,1584,Smear Negative
Kenya,2012,sn,f,55-64,882,Smear Negative
Kenya,2012,sn,f,65+,841,Smear Negative
Kenya,2012,ep,m,0-14,1315,Extrapulmonary
Kenya,2012,ep,m,15-24,1272,Extrapulmonary
Kenya,2012,ep,m,25-34,2159,Extrapulmonary
Kenya,2012,ep,m,35-44,1779,Extrapulmonary
Kenya,2012,ep,m,45-54,1036,Extrapulmonary
Kenya,2012,ep,m,55-64,539,Extrapulmonary
Kenya,2012,ep,m,65+,458,Extrapulmonary
Kenya,2012,ep,f,0-14,1150,Extrapulmonary
Kenya,2012,ep,f,15-24,1227,Extrapulmonary
Kenya,2012,ep,f,25-34,2091,Extrapulmonary
Kenya,2012,ep,f,35-44,1394,Extrapulmonary
Kenya,2012,ep,f,45-54,731,Extrapulmonary
Kenya,2012,ep,f,55-64,415,Extrapulmonary
Kenya,2012,ep,f,65+,368,Extrapulmonary
Kenya,2013,rel,m,0-14,2209,Relapse
Kenya,2013,rel,m,15-24,7614,Relapse
Kenya,2013,rel,m,25-34,13059,Relapse
Kenya,2013,rel,m,35-44,10306,Relapse
Kenya,2013,rel,m,45-54,5571,Relapse
Kenya,2013,rel,m,55-64,2776,Relapse
Kenya,2013,rel,m,65+,2387,Relapse
Kenya,2013,rel,f,0-14,2174,Relapse
Kenya,2013,rel,f,15-24,6425,Relapse
Kenya,2013,rel,f,25-34,9717,Relapse
Kenya,2013,rel,f,35-44,6052,Relapse
Kenya,2013,rel,f,45-54,3002,Relapse
Kenya,2013,rel,f,55-64,1641,Relapse
Kenya,2013,rel,f,65+,1402,Relapse
Kiribati,1996,sp,m,0-14,0,Smear Positive
Kiribati,1996,sp,m,15-24,4,Smear Positive
Kiribati,1996,sp,m,25-34,1,Smear Positive
Kiribati,1996,sp,m,35-44,2,Smear Positive
Kiribati,1996,sp,m,45-54,2,Smear Positive
Kiribati,1996,sp,m,55-64,2,Smear Positive
Kiribati,1996,sp,m,65+,2,Smear Positive
Kiribati,1996,sp,f,0-14,2,Smear Positive
Kiribati,1996,sp,f,15-24,3,Smear Positive
Kiribati,1996,sp,f,25-34,3,Smear Positive
Kiribati,1996,sp,f,35-44,4,Smear Positive
Kiribati,1996,sp,f,45-54,2,Smear Positive
Kiribati,1996,sp,f,55-64,1,Smear Positive
Kiribati,1996,sp,f,65+,1,Smear Positive
Kiribati,1997,sp,m,0-14,1,Smear Positive
Kiribati,1997,sp,m,15-24,2,Smear Positive
Kiribati,1997,sp,m,25-34,0,Smear Positive
Kiribati,1997,sp,m,35-44,0,Smear Positive
Kiribati,1997,sp,m,45-54,5,Smear Positive
Kiribati,1997,sp,m,55-64,1,Smear Positive
Kiribati,1997,sp,m,65+,1,Smear Positive
Kiribati,1997,sp,f,0-14,2,Smear Positive
Kiribati,1997,sp,f,15-24,0,Smear Positive
Kiribati,1997,sp,f,25-34,0,Smear Positive
Kiribati,1997,sp,f,35-44,2,Smear Positive
Kiribati,1997,sp,f,45-54,0,Smear Positive
Kiribati,1997,sp,f,55-64,2,Smear Positive
Kiribati,1997,sp,f,65+,1,Smear Positive
Kiribati,1998,sp,m,0-14,1,Smear Positive
Kiribati,1998,sp,m,15-24,6,Smear Positive
Kiribati,1998,sp,m,25-34,10,Smear Positive
Kiribati,1998,sp,m,35-44,2,Smear Positive
Kiribati,1998,sp,m,45-54,3,Smear Positive
Kiribati,1998,sp,m,55-64,2,Smear Positive
Kiribati,1998,sp,m,65+,1,Smear Positive
Kiribati,1998,sp,f,0-14,2,Smear Positive
Kiribati,1998,sp,f,15-24,7,Smear Positive
Kiribati,1998,sp,f,25-34,5,Smear Positive
Kiribati,1998,sp,f,35-44,3,Smear Positive
Kiribati,1998,sp,f,45-54,5,Smear Positive
Kiribati,1998,sp,f,55-64,1,Smear Positive
Kiribati,1998,sp,f,65+,1,Smear Positive
Kiribati,1999,sp,m,0-14,2,Smear Positive
Kiribati,1999,sp,m,15-24,6,Smear Positive
Kiribati,1999,sp,m,25-34,4,Smear Positive
Kiribati,1999,sp,m,35-44,2,Smear Positive
Kiribati,1999,sp,m,45-54,4,Smear Positive
Kiribati,1999,sp,m,55-64,4,Smear Positive
Kiribati,1999,sp,m,65+,3,Smear Positive
Kiribati,1999,sp,f,0-14,1,Smear Positive
Kiribati,1999,sp,f,15-24,9,Smear Positive
Kiribati,1999,sp,f,25-34,9,Smear Positive
Kiribati,1999,sp,f,35-44,6,Smear Positive
Kiribati,1999,sp,f,45-54,2,Smear Positive
Kiribati,1999,sp,f,55-64,3,Smear Positive
Kiribati,1999,sp,f,65+,4,Smear Positive
Kiribati,2000,sp,m,0-14,2,Smear Positive
Kiribati,2000,sp,m,15-24,9,Smear Positive
Kiribati,2000,sp,m,25-34,3,Smear Positive
Kiribati,2000,sp,m,35-44,3,Smear Positive
Kiribati,2000,sp,m,45-54,3,Smear Positive
Kiribati,2000,sp,m,55-64,8,Smear Positive
Kiribati,2000,sp,m,65+,2,Smear Positive
Kiribati,2000,sp,f,0-14,2,Smear Positive
Kiribati,2000,sp,f,15-24,5,Smear Positive
Kiribati,2000,sp,f,25-34,6,Smear Positive
Kiribati,2000,sp,f,35-44,3,Smear Positive
Kiribati,2000,sp,f,45-54,4,Smear Positive
Kiribati,2000,sp,f,55-64,1,Smear Positive
Kiribati,2000,sp,f,65+,3,Smear Positive
Kiribati,2001,sp,m,0-14,4,Smear Positive
Kiribati,2001,sp,m,15-24,10,Smear Positive
Kiribati,2001,sp,m,25-34,7,Smear Positive
Kiribati,2001,sp,m,35-44,3,Smear Positive
Kiribati,2001,sp,m,45-54,3,Smear Positive
Kiribati,2001,sp,m,55-64,5,Smear Positive
Kiribati,2001,sp,m,65+,3,Smear Positive
Kiribati,2001,sp,f,0-14,4,Smear Positive
Kiribati,2001,sp,f,15-24,7,Smear Positive
Kiribati,2001,sp,f,25-34,7,Smear Positive
Kiribati,2001,sp,f,35-44,3,Smear Positive
Kiribati,2001,sp,f,45-54,3,Smear Positive
Kiribati,2001,sp,f,55-64,4,Smear Positive
Kiribati,2001,sp,f,65+,1,Smear Positive
Kiribati,2002,sp,m,0-14,5,Smear Positive
Kiribati,2002,sp,m,15-24,11,Smear Positive
Kiribati,2002,sp,m,25-34,1,Smear Positive
Kiribati,2002,sp,m,35-44,7,Smear Positive
Kiribati,2002,sp,m,45-54,7,Smear Positive
Kiribati,2002,sp,m,55-64,7,Smear Positive
Kiribati,2002,sp,f,0-14,5,Smear Positive
Kiribati,2002,sp,f,15-24,15,Smear Positive
Kiribati,2002,sp,f,25-34,8,Smear Positive
Kiribati,2002,sp,f,35-44,8,Smear Positive
Kiribati,2002,sp,f,45-54,3,Smear Positive
Kiribati,2002,sp,f,55-64,4,Smear Positive
Kiribati,2002,sp,f,65+,1,Smear Positive
Kiribati,2003,sp,m,0-14,5,Smear Positive
Kiribati,2003,sp,m,15-24,13,Smear Positive
Kiribati,2003,sp,m,25-34,5,Smear Positive
Kiribati,2003,sp,m,35-44,9,Smear Positive
Kiribati,2003,sp,m,45-54,6,Smear Positive
Kiribati,2003,sp,m,55-64,6,Smear Positive
Kiribati,2003,sp,m,65+,0,Smear Positive
Kiribati,2003,sp,f,0-14,5,Smear Positive
Kiribati,2003,sp,f,15-24,20,Smear Positive
Kiribati,2003,sp,f,25-34,4,Smear Positive
Kiribati,2003,sp,f,35-44,12,Smear Positive
Kiribati,2003,sp,f,45-54,7,Smear Positive
Kiribati,2003,sp,f,55-64,3,Smear Positive
Kiribati,2003,sp,f,65+,4,Smear Positive
Kiribati,2004,sp,m,0-14,8,Smear Positive
Kiribati,2004,sp,m,15-24,17,Smear Positive
Kiribati,2004,sp,m,25-34,10,Smear Positive
Kiribati,2004,sp,m,35-44,12,Smear Positive
Kiribati,2004,sp,m,45-54,10,Smear Positive
Kiribati,2004,sp,m,55-64,9,Smear Positive
Kiribati,2004,sp,m,65+,3,Smear Positive
Kiribati,2004,sp,f,0-14,7,Smear Positive
Kiribati,2004,sp,f,15-24,31,Smear Positive
Kiribati,2004,sp,f,25-34,9,Smear Positive
Kiribati,2004,sp,f,35-44,12,Smear Positive
Kiribati,2004,sp,f,45-54,7,Smear Positive
Kiribati,2004,sp,f,55-64,6,Smear Positive
Kiribati,2004,sp,f,65+,1,Smear Positive
Kiribati,2005,sp,m,0-14,3,Smear Positive
Kiribati,2005,sp,m,15-24,15,Smear Positive
Kiribati,2005,sp,m,25-34,15,Smear Positive
Kiribati,2005,sp,m,35-44,12,Smear Positive
Kiribati,2005,sp,m,45-54,17,Smear Positive
Kiribati,2005,sp,m,55-64,4,Smear Positive
Kiribati,2005,sp,m,65+,1,Smear Positive
Kiribati,2005,sp,f,0-14,5,Smear Positive
Kiribati,2005,sp,f,15-24,22,Smear Positive
Kiribati,2005,sp,f,25-34,12,Smear Positive
Kiribati,2005,sp,f,35-44,7,Smear Positive
Kiribati,2005,sp,f,45-54,7,Smear Positive
Kiribati,2005,sp,f,55-64,3,Smear Positive
Kiribati,2005,sp,f,65+,1,Smear Positive
Kiribati,2006,sp,m,0-14,3,Smear Positive
Kiribati,2006,sp,m,15-24,18,Smear Positive
Kiribati,2006,sp,m,25-34,18,Smear Positive
Kiribati,2006,sp,m,35-44,16,Smear Positive
Kiribati,2006,sp,m,45-54,18,Smear Positive
Kiribati,2006,sp,m,55-64,3,Smear Positive
Kiribati,2006,sp,m,65+,7,Smear Positive
Kiribati,2006,sp,f,0-14,5,Smear Positive
Kiribati,2006,sp,f,15-24,15,Smear Positive
Kiribati,2006,sp,f,25-34,5,Smear Positive
Kiribati,2006,sp,f,35-44,5,Smear Positive
Kiribati,2006,sp,f,45-54,1,Smear Positive
Kiribati,2006,sp,f,55-64,8,Smear Positive
Kiribati,2006,sp,f,65+,3,Smear Positive
Kiribati,2006,sn,m,0-14,11,Smear Negative
Kiribati,2006,sn,m,15-24,10,Smear Negative
Kiribati,2006,sn,m,25-34,6,Smear Negative
Kiribati,2006,sn,m,35-44,9,Smear Negative
Kiribati,2006,sn,m,45-54,11,Smear Negative
Kiribati,2006,sn,m,55-64,7,Smear Negative
Kiribati,2006,sn,m,65+,9,Smear Negative
Kiribati,2006,sn,f,0-14,20,Smear Negative
Kiribati,2006,sn,f,15-24,10,Smear Negative
Kiribati,2006,sn,f,25-34,5,Smear Negative
Kiribati,2006,sn,f,35-44,2,Smear Negative
Kiribati,2006,sn,f,45-54,1,Smear Negative
Kiribati,2006,sn,f,55-64,2,Smear Negative
Kiribati,2006,sn,f,65+,1,Smear Negative
Kiribati,2006,ep,m,0-14,29,Extrapulmonary
Kiribati,2006,ep,m,15-24,17,Extrapulmonary
Kiribati,2006,ep,m,25-34,5,Extrapulmonary
Kiribati,2006,ep,m,35-44,8,Extrapulmonary
Kiribati,2006,ep,m,45-54,2,Extrapulmonary
Kiribati,2006,ep,m,55-64,4,Extrapulmonary
Kiribati,2006,ep,m,65+,2,Extrapulmonary
Kiribati,2006,ep,f,0-14,25,Extrapulmonary
Kiribati,2006,ep,f,15-24,9,Extrapulmonary
Kiribati,2006,ep,f,25-34,7,Extrapulmonary
Kiribati,2006,ep,f,35-44,6,Extrapulmonary
Kiribati,2006,ep,f,45-54,3,Extrapulmonary
Kiribati,2006,ep,f,55-64,2,Extrapulmonary
Kiribati,2006,ep,f,65+,2,Extrapulmonary
Kiribati,2007,sp,m,0-14,2,Smear Positive
Kiribati,2007,sp,m,15-24,15,Smear Positive
Kiribati,2007,sp,m,25-34,7,Smear Positive
Kiribati,2007,sp,m,35-44,10,Smear Positive
Kiribati,2007,sp,m,45-54,6,Smear Positive
Kiribati,2007,sp,m,55-64,10,Smear Positive
Kiribati,2007,sp,m,65+,3,Smear Positive
Kiribati,2007,sp,f,0-14,8,Smear Positive
Kiribati,2007,sp,f,15-24,13,Smear Positive
Kiribati,2007,sp,f,25-34,6,Smear Positive
Kiribati,2007,sp,f,35-44,8,Smear Positive
Kiribati,2007,sp,f,45-54,9,Smear Positive
Kiribati,2007,sp,f,55-64,4,Smear Positive
Kiribati,2007,sp,f,65+,2,Smear Positive
Kiribati,2007,sn,m,0-14,12,Smear Negative
Kiribati,2007,sn,m,15-24,12,Smear Negative
Kiribati,2007,sn,m,25-34,2,Smear Negative
Kiribati,2007,sn,m,35-44,8,Smear Negative
Kiribati,2007,sn,m,45-54,4,Smear Negative
Kiribati,2007,sn,m,55-64,2,Smear Negative
Kiribati,2007,sn,m,65+,4,Smear Negative
Kiribati,2007,sn,f,0-14,16,Smear Negative
Kiribati,2007,sn,f,15-24,4,Smear Negative
Kiribati,2007,sn,f,25-34,3,Smear Negative
Kiribati,2007,sn,f,35-44,5,Smear Negative
Kiribati,2007,sn,f,45-54,3,Smear Negative
Kiribati,2007,sn,f,55-64,3,Smear Negative
Kiribati,2007,sn,f,65+,0,Smear Negative
Kiribati,2007,ep,m,0-14,31,Extrapulmonary
Kiribati,2007,ep,m,15-24,24,Extrapulmonary
Kiribati,2007,ep,m,25-34,4,Extrapulmonary
Kiribati,2007,ep,m,35-44,4,Extrapulmonary
Kiribati,2007,ep,m,45-54,2,Extrapulmonary
Kiribati,2007,ep,m,55-64,6,Extrapulmonary
Kiribati,2007,ep,m,65+,2,Extrapulmonary
Kiribati,2007,ep,f,0-14,36,Extrapulmonary
Kiribati,2007,ep,f,15-24,15,Extrapulmonary
Kiribati,2007,ep,f,25-34,5,Extrapulmonary
Kiribati,2007,ep,f,35-44,11,Extrapulmonary
Kiribati,2007,ep,f,45-54,1,Extrapulmonary
Kiribati,2007,ep,f,55-64,3,Extrapulmonary
Kiribati,2007,ep,f,65+,3,Extrapulmonary
Kiribati,2008,sp,m,0-14,2,Smear Positive
Kiribati,2008,sp,m,15-24,30,Smear Positive
Kiribati,2008,sp,m,25-34,9,Smear Positive
Kiribati,2008,sp,m,35-44,15,Smear Positive
Kiribati,2008,sp,m,45-54,10,Smear Positive
Kiribati,2008,sp,m,55-64,2,Smear Positive
Kiribati,2008,sp,m,65+,5,Smear Positive
Kiribati,2008,sp,f,0-14,4,Smear Positive
Kiribati,2008,sp,f,15-24,33,Smear Positive
Kiribati,2008,sp,f,25-34,9,Smear Positive
Kiribati,2008,sp,f,35-44,12,Smear Positive
Kiribati,2008,sp,f,45-54,9,Smear Positive
Kiribati,2008,sp,f,55-64,3,Smear Positive
Kiribati,2008,sp,f,65+,4,Smear Positive
Kiribati,2008,sn,m,0-14,9,Smear Negative
Kiribati,2008,sn,m,15-24,7,Smear Negative
Kiribati,2008,sn,m,25-34,4,Smear Negative
Kiribati,2008,sn,m,35-44,6,Smear Negative
Kiribati,2008,sn,m,45-54,9,Smear Negative
Kiribati,2008,sn,m,55-64,4,Smear Negative
Kiribati,2008,sn,m,65+,2,Smear Negative
Kiribati,2008,sn,f,0-14,12,Smear Negative
Kiribati,2008,sn,f,15-24,8,Smear Negative
Kiribati,2008,sn,f,25-34,6,Smear Negative
Kiribati,2008,sn,f,35-44,1,Smear Negative
Kiribati,2008,sn,f,45-54,1,Smear Negative
Kiribati,2008,sn,f,55-64,1,Smear Negative
Kiribati,2008,sn,f,65+,1,Smear Negative
Kiribati,2008,ep,m,0-14,15,Extrapulmonary
Kiribati,2008,ep,m,15-24,14,Extrapulmonary
Kiribati,2008,ep,m,25-34,16,Extrapulmonary
Kiribati,2008,ep,m,35-44,8,Extrapulmonary
Kiribati,2008,ep,m,45-54,8,Extrapulmonary
Kiribati,2008,ep,m,55-64,2,Extrapulmonary
Kiribati,2008,ep,m,65+,2,Extrapulmonary
Kiribati,2008,ep,f,0-14,10,Extrapulmonary
Kiribati,2008,ep,f,15-24,8,Extrapulmonary
Kiribati,2008,ep,f,25-34,3,Extrapulmonary
Kiribati,2008,ep,f,35-44,6,Extrapulmonary
Kiribati,2008,ep,f,45-54,12,Extrapulmonary
Kiribati,2008,ep,f,55-64,1,Extrapulmonary
Kiribati,2008,ep,f,65+,2,Extrapulmonary
Kiribati,2009,sp,m,0-14,6,Smear Positive
Kiribati,2009,sp,m,15-24,22,Smear Positive
Kiribati,2009,sp,m,25-34,13,Smear Positive
Kiribati,2009,sp,m,35-44,12,Smear Positive
Kiribati,2009,sp,m,45-54,8,Smear Positive
Kiribati,2009,sp,m,55-64,6,Smear Positive
Kiribati,2009,sp,m,65+,6,Smear Positive
Kiribati,2009,sp,f,0-14,10,Smear Positive
Kiribati,2009,sp,f,15-24,19,Smear Positive
Kiribati,2009,sp,f,25-34,12,Smear Positive
Kiribati,2009,sp,f,35-44,9,Smear Positive
Kiribati,2009,sp,f,45-54,14,Smear Positive
Kiribati,2009,sp,f,55-64,5,Smear Positive
Kiribati,2009,sp,f,65+,3,Smear Positive
Kiribati,2009,sn,m,0-14,8,Smear Negative
Kiribati,2009,sn,m,15-24,9,Smear Negative
Kiribati,2009,sn,m,25-34,2,Smear Negative
Kiribati,2009,sn,m,35-44,5,Smear Negative
Kiribati,2009,sn,m,45-54,4,Smear Negative
Kiribati,2009,sn,m,55-64,4,Smear Negative
Kiribati,2009,sn,m,65+,1,Smear Negative
Kiribati,2009,sn,f,0-14,10,Smear Negative
Kiribati,2009,sn,f,15-24,8,Smear Negative
Kiribati,2009,sn,f,25-34,2,Smear Negative
Kiribati,2009,sn,f,35-44,6,Smear Negative
Kiribati,2009,sn,f,45-54,5,Smear Negative
Kiribati,2009,sn,f,55-64,3,Smear Negative
Kiribati,2009,sn,f,65+,3,Smear Negative
Kiribati,2009,ep,m,0-14,11,Extrapulmonary
Kiribati,2009,ep,m,15-24,6,Extrapulmonary
Kiribati,2009,ep,m,25-34,3,Extrapulmonary
Kiribati,2009,ep,m,35-44,5,Extrapulmonary
Kiribati,2009,ep,m,45-54,5,Extrapulmonary
Kiribati,2009,ep,m,55-64,1,Extrapulmonary
Kiribati,2009,ep,m,65+,2,Extrapulmonary
Kiribati,2009,ep,f,0-14,11,Extrapulmonary
Kiribati,2009,ep,f,15-24,6,Extrapulmonary
Kiribati,2009,ep,f,25-34,4,Extrapulmonary
Kiribati,2009,ep,f,35-44,1,Extrapulmonary
Kiribati,2009,ep,f,45-54,3,Extrapulmonary
Kiribati,2009,ep,f,55-64,1,Extrapulmonary
Kiribati,2009,ep,f,65+,0,Extrapulmonary
Kiribati,2010,sp,m,0-14,3,Smear Positive
Kiribati,2010,sp,m,15-24,27,Smear Positive
Kiribati,2010,sp,m,25-34,13,Smear Positive
Kiribati,2010,sp,m,35-44,10,Smear Positive
Kiribati,2010,sp,m,45-54,9,Smear Positive
Kiribati,2010,sp,m,55-64,6,Smear Positive
Kiribati,2010,sp,m,65+,2,Smear Positive
Kiribati,2010,sp,f,0-14,5,Smear Positive
Kiribati,2010,sp,f,15-24,15,Smear Positive
Kiribati,2010,sp,f,25-34,7,Smear Positive
Kiribati,2010,sp,f,35-44,4,Smear Positive
Kiribati,2010,sp,f,45-54,8,Smear Positive
Kiribati,2010,sp,f,55-64,5,Smear Positive
Kiribati,2010,sp,f,65+,4,Smear Positive
Kiribati,2010,sn,m,0-14,8,Smear Negative
Kiribati,2010,sn,m,15-24,17,Smear Negative
Kiribati,2010,sn,m,25-34,10,Smear Negative
Kiribati,2010,sn,m,35-44,7,Smear Negative
Kiribati,2010,sn,m,45-54,4,Smear Negative
Kiribati,2010,sn,m,55-64,8,Smear Negative
Kiribati,2010,sn,m,65+,0,Smear Negative
Kiribati,2010,sn,f,0-14,12,Smear Negative
Kiribati,2010,sn,f,15-24,9,Smear Negative
Kiribati,2010,sn,f,25-34,3,Smear Negative
Kiribati,2010,sn,f,35-44,3,Smear Negative
Kiribati,2010,sn,f,45-54,4,Smear Negative
Kiribati,2010,sn,f,55-64,4,Smear Negative
Kiribati,2010,sn,f,65+,2,Smear Negative
Kiribati,2010,ep,m,0-14,8,Extrapulmonary
Kiribati,2010,ep,m,15-24,10,Extrapulmonary
Kiribati,2010,ep,m,25-34,6,Extrapulmonary
Kiribati,2010,ep,m,35-44,8,Extrapulmonary
Kiribati,2010,ep,m,45-54,5,Extrapulmonary
Kiribati,2010,ep,m,55-64,1,Extrapulmonary
Kiribati,2010,ep,m,65+,1,Extrapulmonary
Kiribati,2010,ep,f,0-14,14,Extrapulmonary
Kiribati,2010,ep,f,15-24,9,Extrapulmonary
Kiribati,2010,ep,f,25-34,2,Extrapulmonary
Kiribati,2010,ep,f,35-44,3,Extrapulmonary
Kiribati,2010,ep,f,45-54,2,Extrapulmonary
Kiribati,2010,ep,f,55-64,1,Extrapulmonary
Kiribati,2010,ep,f,65+,1,Extrapulmonary
Kiribati,2011,sp,m,0-14,4,Smear Positive
Kiribati,2011,sp,m,15-24,17,Smear Positive
Kiribati,2011,sp,m,25-34,9,Smear Positive
Kiribati,2011,sp,m,35-44,3,Smear Positive
Kiribati,2011,sp,m,45-54,10,Smear Positive
Kiribati,2011,sp,m,55-64,9,Smear Positive
Kiribati,2011,sp,m,65+,3,Smear Positive
Kiribati,2011,sp,f,0-14,6,Smear Positive
Kiribati,2011,sp,f,15-24,26,Smear Positive
Kiribati,2011,sp,f,25-34,12,Smear Positive
Kiribati,2011,sp,f,35-44,9,Smear Positive
Kiribati,2011,sp,f,45-54,16,Smear Positive
Kiribati,2011,sp,f,55-64,12,Smear Positive
Kiribati,2011,sp,f,65+,4,Smear Positive
Kiribati,2011,sn,m,0-14,22,Smear Negative
Kiribati,2011,sn,m,15-24,15,Smear Negative
Kiribati,2011,sn,m,25-34,2,Smear Negative
Kiribati,2011,sn,m,35-44,7,Smear Negative
Kiribati,2011,sn,m,45-54,6,Smear Negative
Kiribati,2011,sn,m,55-64,3,Smear Negative
Kiribati,2011,sn,m,65+,3,Smear Negative
Kiribati,2011,sn,f,0-14,21,Smear Negative
Kiribati,2011,sn,f,15-24,11,Smear Negative
Kiribati,2011,sn,f,25-34,7,Smear Negative
Kiribati,2011,sn,f,35-44,4,Smear Negative
Kiribati,2011,sn,f,45-54,1,Smear Negative
Kiribati,2011,sn,f,55-64,4,Smear Negative
Kiribati,2011,sn,f,65+,3,Smear Negative
Kiribati,2011,ep,m,0-14,21,Extrapulmonary
Kiribati,2011,ep,m,15-24,6,Extrapulmonary
Kiribati,2011,ep,m,25-34,1,Extrapulmonary
Kiribati,2011,ep,m,35-44,4,Extrapulmonary
Kiribati,2011,ep,m,45-54,5,Extrapulmonary
Kiribati,2011,ep,m,55-64,2,Extrapulmonary
Kiribati,2011,ep,m,65+,3,Extrapulmonary
Kiribati,2011,ep,f,0-14,16,Extrapulmonary
Kiribati,2011,ep,f,15-24,12,Extrapulmonary
Kiribati,2011,ep,f,25-34,5,Extrapulmonary
Kiribati,2011,ep,f,35-44,7,Extrapulmonary
Kiribati,2011,ep,f,45-54,3,Extrapulmonary
Kiribati,2011,ep,f,55-64,2,Extrapulmonary
Kiribati,2011,ep,f,65+,0,Extrapulmonary
Kiribati,2012,sp,m,0-14,4,Smear Positive
Kiribati,2012,sp,m,15-24,19,Smear Positive
Kiribati,2012,sp,m,25-34,12,Smear Positive
Kiribati,2012,sp,m,35-44,16,Smear Positive
Kiribati,2012,sp,m,45-54,17,Smear Positive
Kiribati,2012,sp,m,55-64,11,Smear Positive
Kiribati,2012,sp,m,65+,5,Smear Positive
Kiribati,2012,sp,f,0-14,4,Smear Positive
Kiribati,2012,sp,f,15-24,15,Smear Positive
Kiribati,2012,sp,f,25-34,11,Smear Positive
Kiribati,2012,sp,f,35-44,10,Smear Positive
Kiribati,2012,sp,f,45-54,7,Smear Positive
Kiribati,2012,sp,f,55-64,2,Smear Positive
Kiribati,2012,sp,f,65+,1,Smear Positive
Kiribati,2012,sn,m,0-14,23,Smear Negative
Kiribati,2012,sn,m,15-24,18,Smear Negative
Kiribati,2012,sn,m,25-34,9,Smear Negative
Kiribati,2012,sn,m,35-44,8,Smear Negative
Kiribati,2012,sn,m,45-54,8,Smear Negative
Kiribati,2012,sn,m,55-64,3,Smear Negative
Kiribati,2012,sn,m,65+,2,Smear Negative
Kiribati,2012,sn,f,0-14,18,Smear Negative
Kiribati,2012,sn,f,15-24,19,Smear Negative
Kiribati,2012,sn,f,25-34,4,Smear Negative
Kiribati,2012,sn,f,35-44,4,Smear Negative
Kiribati,2012,sn,f,45-54,1,Smear Negative
Kiribati,2012,sn,f,55-64,3,Smear Negative
Kiribati,2012,sn,f,65+,2,Smear Negative
Kiribati,2012,ep,m,0-14,15,Extrapulmonary
Kiribati,2012,ep,m,15-24,5,Extrapulmonary
Kiribati,2012,ep,m,25-34,7,Extrapulmonary
Kiribati,2012,ep,m,35-44,3,Extrapulmonary
Kiribati,2012,ep,m,45-54,6,Extrapulmonary
Kiribati,2012,ep,m,55-64,5,Extrapulmonary
Kiribati,2012,ep,m,65+,2,Extrapulmonary
Kiribati,2012,ep,f,0-14,10,Extrapulmonary
Kiribati,2012,ep,f,15-24,9,Extrapulmonary
Kiribati,2012,ep,f,25-34,2,Extrapulmonary
Kiribati,2012,ep,f,35-44,3,Extrapulmonary
Kiribati,2012,ep,f,45-54,0,Extrapulmonary
Kiribati,2012,ep,f,55-64,2,Extrapulmonary
Kiribati,2012,ep,f,65+,4,Extrapulmonary
Kiribati,2013,rel,m,0-14,49,Relapse
Kiribati,2013,rel,m,15-24,41,Relapse
Kiribati,2013,rel,m,25-34,41,Relapse
Kiribati,2013,rel,m,35-44,30,Relapse
Kiribati,2013,rel,m,45-54,27,Relapse
Kiribati,2013,rel,m,55-64,17,Relapse
Kiribati,2013,rel,m,65+,14,Relapse
Kiribati,2013,rel,f,0-14,46,Relapse
Kiribati,2013,rel,f,15-24,36,Relapse
Kiribati,2013,rel,f,25-34,32,Relapse
Kiribati,2013,rel,f,35-44,35,Relapse
Kiribati,2013,rel,f,45-54,19,Relapse
Kiribati,2013,rel,f,55-64,15,Relapse
Kiribati,2013,rel,f,65+,8,Relapse
Kuwait,1995,sp,m,0-14,0,Smear Positive
Kuwait,1995,sp,m,15-24,15,Smear Positive
Kuwait,1995,sp,m,25-34,51,Smear Positive
Kuwait,1995,sp,m,35-44,32,Smear Positive
Kuwait,1995,sp,m,45-54,17,Smear Positive
Kuwait,1995,sp,m,55-64,9,Smear Positive
Kuwait,1995,sp,m,65+,0,Smear Positive
Kuwait,1995,sp,f,0-14,0,Smear Positive
Kuwait,1995,sp,f,15-24,8,Smear Positive
Kuwait,1995,sp,f,25-34,24,Smear Positive
Kuwait,1995,sp,f,35-44,9,Smear Positive
Kuwait,1995,sp,f,45-54,4,Smear Positive
Kuwait,1995,sp,f,55-64,4,Smear Positive
Kuwait,1995,sp,f,65+,2,Smear Positive
Kuwait,1996,sp,m,0-14,0,Smear Positive
Kuwait,1996,sp,m,15-24,11,Smear Positive
Kuwait,1996,sp,m,25-34,45,Smear Positive
Kuwait,1996,sp,m,35-44,16,Smear Positive
Kuwait,1996,sp,m,45-54,30,Smear Positive
Kuwait,1996,sp,m,55-64,4,Smear Positive
Kuwait,1996,sp,m,65+,1,Smear Positive
Kuwait,1996,sp,f,0-14,1,Smear Positive
Kuwait,1996,sp,f,15-24,12,Smear Positive
Kuwait,1996,sp,f,25-34,17,Smear Positive
Kuwait,1996,sp,f,35-44,8,Smear Positive
Kuwait,1996,sp,f,45-54,3,Smear Positive
Kuwait,1996,sp,f,55-64,3,Smear Positive
Kuwait,1996,sp,f,65+,2,Smear Positive
Kuwait,1997,sp,m,0-14,1,Smear Positive
Kuwait,1997,sp,m,15-24,23,Smear Positive
Kuwait,1997,sp,m,25-34,38,Smear Positive
Kuwait,1997,sp,m,35-44,37,Smear Positive
Kuwait,1997,sp,m,45-54,22,Smear Positive
Kuwait,1997,sp,m,55-64,6,Smear Positive
Kuwait,1997,sp,m,65+,7,Smear Positive
Kuwait,1997,sp,f,0-14,1,Smear Positive
Kuwait,1997,sp,f,15-24,17,Smear Positive
Kuwait,1997,sp,f,25-34,26,Smear Positive
Kuwait,1997,sp,f,35-44,11,Smear Positive
Kuwait,1997,sp,f,45-54,7,Smear Positive
Kuwait,1997,sp,f,55-64,1,Smear Positive
Kuwait,1997,sp,f,65+,4,Smear Positive
Kuwait,1998,sp,m,0-14,0,Smear Positive
Kuwait,1998,sp,m,15-24,14,Smear Positive
Kuwait,1998,sp,m,25-34,42,Smear Positive
Kuwait,1998,sp,m,35-44,42,Smear Positive
Kuwait,1998,sp,m,45-54,20,Smear Positive
Kuwait,1998,sp,m,55-64,11,Smear Positive
Kuwait,1998,sp,m,65+,5,Smear Positive
Kuwait,1998,sp,f,0-14,0,Smear Positive
Kuwait,1998,sp,f,15-24,13,Smear Positive
Kuwait,1998,sp,f,25-34,14,Smear Positive
Kuwait,1998,sp,f,35-44,9,Smear Positive
Kuwait,1998,sp,f,45-54,5,Smear Positive
Kuwait,1998,sp,f,55-64,5,Smear Positive
Kuwait,1998,sp,f,65+,5,Smear Positive
Kuwait,1999,sp,m,0-14,0,Smear Positive
Kuwait,1999,sp,m,15-24,18,Smear Positive
Kuwait,1999,sp,m,25-34,49,Smear Positive
Kuwait,1999,sp,m,35-44,26,Smear Positive
Kuwait,1999,sp,m,45-54,11,Smear Positive
Kuwait,1999,sp,m,55-64,10,Smear Positive
Kuwait,1999,sp,m,65+,4,Smear Positive
Kuwait,1999,sp,f,0-14,2,Smear Positive
Kuwait,1999,sp,f,15-24,9,Smear Positive
Kuwait,1999,sp,f,25-34,23,Smear Positive
Kuwait,1999,sp,f,35-44,5,Smear Positive
Kuwait,1999,sp,f,45-54,6,Smear Positive
Kuwait,1999,sp,f,55-64,4,Smear Positive
Kuwait,1999,sp,f,65+,2,Smear Positive
Kuwait,2000,sp,m,0-14,0,Smear Positive
Kuwait,2000,sp,m,15-24,10,Smear Positive
Kuwait,2000,sp,m,25-34,44,Smear Positive
Kuwait,2000,sp,m,35-44,32,Smear Positive
Kuwait,2000,sp,m,45-54,21,Smear Positive
Kuwait,2000,sp,m,55-64,11,Smear Positive
Kuwait,2000,sp,m,65+,5,Smear Positive
Kuwait,2000,sp,f,0-14,1,Smear Positive
Kuwait,2000,sp,f,15-24,11,Smear Positive
Kuwait,2000,sp,f,25-34,24,Smear Positive
Kuwait,2000,sp,f,35-44,12,Smear Positive
Kuwait,2000,sp,f,45-54,5,Smear Positive
Kuwait,2000,sp,f,55-64,3,Smear Positive
Kuwait,2000,sp,f,65+,1,Smear Positive
Kuwait,2001,sp,m,0-14,0,Smear Positive
Kuwait,2001,sp,m,15-24,13,Smear Positive
Kuwait,2001,sp,m,25-34,37,Smear Positive
Kuwait,2001,sp,m,35-44,29,Smear Positive
Kuwait,2001,sp,m,45-54,19,Smear Positive
Kuwait,2001,sp,m,55-64,1,Smear Positive
Kuwait,2001,sp,m,65+,6,Smear Positive
Kuwait,2001,sp,f,0-14,1,Smear Positive
Kuwait,2001,sp,f,15-24,13,Smear Positive
Kuwait,2001,sp,f,25-34,30,Smear Positive
Kuwait,2001,sp,f,35-44,14,Smear Positive
Kuwait,2001,sp,f,45-54,4,Smear Positive
Kuwait,2001,sp,f,55-64,5,Smear Positive
Kuwait,2001,sp,f,65+,2,Smear Positive
Kuwait,2002,sp,m,0-14,0,Smear Positive
Kuwait,2002,sp,m,15-24,14,Smear Positive
Kuwait,2002,sp,m,25-34,47,Smear Positive
Kuwait,2002,sp,m,35-44,32,Smear Positive
Kuwait,2002,sp,m,45-54,26,Smear Positive
Kuwait,2002,sp,m,55-64,9,Smear Positive
Kuwait,2002,sp,m,65+,3,Smear Positive
Kuwait,2002,sp,f,0-14,0,Smear Positive
Kuwait,2002,sp,f,15-24,15,Smear Positive
Kuwait,2002,sp,f,25-34,37,Smear Positive
Kuwait,2002,sp,f,35-44,11,Smear Positive
Kuwait,2002,sp,f,45-54,7,Smear Positive
Kuwait,2002,sp,f,55-64,3,Smear Positive
Kuwait,2002,sp,f,65+,2,Smear Positive
Kuwait,2003,sp,m,0-14,1,Smear Positive
Kuwait,2003,sp,m,15-24,14,Smear Positive
Kuwait,2003,sp,m,25-34,39,Smear Positive
Kuwait,2003,sp,m,35-44,33,Smear Positive
Kuwait,2003,sp,m,45-54,26,Smear Positive
Kuwait,2003,sp,m,55-64,11,Smear Positive
Kuwait,2003,sp,m,65+,5,Smear Positive
Kuwait,2003,sp,f,0-14,1,Smear Positive
Kuwait,2003,sp,f,15-24,16,Smear Positive
Kuwait,2003,sp,f,25-34,31,Smear Positive
Kuwait,2003,sp,f,35-44,18,Smear Positive
Kuwait,2003,sp,f,45-54,2,Smear Positive
Kuwait,2003,sp,f,55-64,3,Smear Positive
Kuwait,2003,sp,f,65+,1,Smear Positive
Kuwait,2004,sp,m,0-14,0,Smear Positive
Kuwait,2004,sp,m,15-24,20,Smear Positive
Kuwait,2004,sp,m,25-34,63,Smear Positive
Kuwait,2004,sp,m,35-44,38,Smear Positive
Kuwait,2004,sp,m,45-54,22,Smear Positive
Kuwait,2004,sp,m,55-64,9,Smear Positive
Kuwait,2004,sp,m,65+,7,Smear Positive
Kuwait,2004,sp,f,0-14,0,Smear Positive
Kuwait,2004,sp,f,15-24,14,Smear Positive
Kuwait,2004,sp,f,25-34,44,Smear Positive
Kuwait,2004,sp,f,35-44,12,Smear Positive
Kuwait,2004,sp,f,45-54,7,Smear Positive
Kuwait,2004,sp,f,55-64,5,Smear Positive
Kuwait,2004,sp,f,65+,7,Smear Positive
Kuwait,2005,sp,m,0-14,0,Smear Positive
Kuwait,2005,sp,m,15-24,12,Smear Positive
Kuwait,2005,sp,m,25-34,45,Smear Positive
Kuwait,2005,sp,m,35-44,29,Smear Positive
Kuwait,2005,sp,m,45-54,26,Smear Positive
Kuwait,2005,sp,m,55-64,8,Smear Positive
Kuwait,2005,sp,m,65+,3,Smear Positive
Kuwait,2005,sp,f,0-14,0,Smear Positive
Kuwait,2005,sp,f,15-24,13,Smear Positive
Kuwait,2005,sp,f,25-34,31,Smear Positive
Kuwait,2005,sp,f,35-44,11,Smear Positive
Kuwait,2005,sp,f,45-54,3,Smear Positive
Kuwait,2005,sp,f,55-64,1,Smear Positive
Kuwait,2005,sp,f,65+,5,Smear Positive
Kuwait,2006,sp,m,0-14,1,Smear Positive
Kuwait,2006,sp,m,15-24,19,Smear Positive
Kuwait,2006,sp,m,25-34,72,Smear Positive
Kuwait,2006,sp,m,35-44,40,Smear Positive
Kuwait,2006,sp,m,45-54,37,Smear Positive
Kuwait,2006,sp,m,55-64,14,Smear Positive
Kuwait,2006,sp,m,65+,3,Smear Positive
Kuwait,2006,sp,f,0-14,0,Smear Positive
Kuwait,2006,sp,f,15-24,17,Smear Positive
Kuwait,2006,sp,f,25-34,41,Smear Positive
Kuwait,2006,sp,f,35-44,23,Smear Positive
Kuwait,2006,sp,f,45-54,5,Smear Positive
Kuwait,2006,sp,f,55-64,6,Smear Positive
Kuwait,2006,sp,f,65+,6,Smear Positive
Kuwait,2006,sn,m,0-14,1,Smear Negative
Kuwait,2006,sn,m,15-24,8,Smear Negative
Kuwait,2006,sn,m,25-34,28,Smear Negative
Kuwait,2006,sn,m,35-44,6,Smear Negative
Kuwait,2006,sn,m,45-54,3,Smear Negative
Kuwait,2006,sn,m,55-64,0,Smear Negative
Kuwait,2006,sn,m,65+,7,Smear Negative
Kuwait,2006,sn,f,0-14,5,Smear Negative
Kuwait,2006,sn,f,15-24,7,Smear Negative
Kuwait,2006,sn,f,25-34,6,Smear Negative
Kuwait,2006,sn,f,35-44,4,Smear Negative
Kuwait,2006,sn,f,45-54,1,Smear Negative
Kuwait,2006,sn,f,55-64,0,Smear Negative
Kuwait,2006,sn,f,65+,0,Smear Negative
Kuwait,2006,ep,m,0-14,3,Extrapulmonary
Kuwait,2006,ep,m,15-24,22,Extrapulmonary
Kuwait,2006,ep,m,25-34,69,Extrapulmonary
Kuwait,2006,ep,m,35-44,45,Extrapulmonary
Kuwait,2006,ep,m,45-54,13,Extrapulmonary
Kuwait,2006,ep,m,55-64,5,Extrapulmonary
Kuwait,2006,ep,m,65+,2,Extrapulmonary
Kuwait,2006,ep,f,0-14,8,Extrapulmonary
Kuwait,2006,ep,f,15-24,22,Extrapulmonary
Kuwait,2006,ep,f,25-34,44,Extrapulmonary
Kuwait,2006,ep,f,35-44,28,Extrapulmonary
Kuwait,2006,ep,f,45-54,18,Extrapulmonary
Kuwait,2006,ep,f,55-64,3,Extrapulmonary
Kuwait,2006,ep,f,65+,2,Extrapulmonary
Kuwait,2007,sp,m,0-14,1,Smear Positive
Kuwait,2007,sp,m,15-24,16,Smear Positive
Kuwait,2007,sp,m,25-34,69,Smear Positive
Kuwait,2007,sp,m,35-44,25,Smear Positive
Kuwait,2007,sp,m,45-54,29,Smear Positive
Kuwait,2007,sp,m,55-64,8,Smear Positive
Kuwait,2007,sp,m,65+,5,Smear Positive
Kuwait,2007,sp,f,0-14,0,Smear Positive
Kuwait,2007,sp,f,15-24,26,Smear Positive
Kuwait,2007,sp,f,25-34,53,Smear Positive
Kuwait,2007,sp,f,35-44,18,Smear Positive
Kuwait,2007,sp,f,45-54,13,Smear Positive
Kuwait,2007,sp,f,55-64,7,Smear Positive
Kuwait,2007,sp,f,65+,4,Smear Positive
Kuwait,2007,sn,m,0-14,2,Smear Negative
Kuwait,2007,sn,m,15-24,7,Smear Negative
Kuwait,2007,sn,m,25-34,29,Smear Negative
Kuwait,2007,sn,m,35-44,17,Smear Negative
Kuwait,2007,sn,m,45-54,4,Smear Negative
Kuwait,2007,sn,m,55-64,3,Smear Negative
Kuwait,2007,sn,m,65+,1,Smear Negative
Kuwait,2007,sn,f,0-14,4,Smear Negative
Kuwait,2007,sn,f,15-24,4,Smear Negative
Kuwait,2007,sn,f,25-34,12,Smear Negative
Kuwait,2007,sn,f,35-44,8,Smear Negative
Kuwait,2007,sn,f,45-54,1,Smear Negative
Kuwait,2007,sn,f,55-64,1,Smear Negative
Kuwait,2007,sn,f,65+,1,Smear Negative
Kuwait,2007,ep,m,0-14,1,Extrapulmonary
Kuwait,2007,ep,m,15-24,24,Extrapulmonary
Kuwait,2007,ep,m,25-34,62,Extrapulmonary
Kuwait,2007,ep,m,35-44,48,Extrapulmonary
Kuwait,2007,ep,m,45-54,17,Extrapulmonary
Kuwait,2007,ep,m,55-64,6,Extrapulmonary
Kuwait,2007,ep,m,65+,2,Extrapulmonary
Kuwait,2007,ep,f,0-14,7,Extrapulmonary
Kuwait,2007,ep,f,15-24,16,Extrapulmonary
Kuwait,2007,ep,f,25-34,38,Extrapulmonary
Kuwait,2007,ep,f,35-44,39,Extrapulmonary
Kuwait,2007,ep,f,45-54,14,Extrapulmonary
Kuwait,2007,ep,f,55-64,2,Extrapulmonary
Kuwait,2007,ep,f,65+,1,Extrapulmonary
Kuwait,2008,sp,m,0-14,0,Smear Positive
Kuwait,2008,sp,m,15-24,18,Smear Positive
Kuwait,2008,sp,m,25-34,90,Smear Positive
Kuwait,2008,sp,m,35-44,56,Smear Positive
Kuwait,2008,sp,m,45-54,34,Smear Positive
Kuwait,2008,sp,m,55-64,11,Smear Positive
Kuwait,2008,sp,m,65+,9,Smear Positive
Kuwait,2008,sp,f,0-14,2,Smear Positive
Kuwait,2008,sp,f,15-24,33,Smear Positive
Kuwait,2008,sp,f,25-34,47,Smear Positive
Kuwait,2008,sp,f,35-44,27,Smear Positive
Kuwait,2008,sp,f,45-54,7,Smear Positive
Kuwait,2008,sp,f,55-64,5,Smear Positive
Kuwait,2008,sp,f,65+,6,Smear Positive
Kuwait,2008,sn,m,0-14,3,Smear Negative
Kuwait,2008,sn,m,15-24,4,Smear Negative
Kuwait,2008,sn,m,25-34,36,Smear Negative
Kuwait,2008,sn,m,35-44,31,Smear Negative
Kuwait,2008,sn,m,45-54,18,Smear Negative
Kuwait,2008,sn,m,55-64,6,Smear Negative
Kuwait,2008,sn,m,65+,3,Smear Negative
Kuwait,2008,sn,f,0-14,6,Smear Negative
Kuwait,2008,sn,f,15-24,13,Smear Negative
Kuwait,2008,sn,f,25-34,21,Smear Negative
Kuwait,2008,sn,f,35-44,9,Smear Negative
Kuwait,2008,sn,f,45-54,3,Smear Negative
Kuwait,2008,sn,f,55-64,2,Smear Negative
Kuwait,2008,sn,f,65+,3,Smear Negative
Kuwait,2008,ep,m,0-14,6,Extrapulmonary
Kuwait,2008,ep,m,15-24,24,Extrapulmonary
Kuwait,2008,ep,m,25-34,75,Extrapulmonary
Kuwait,2008,ep,m,35-44,58,Extrapulmonary
Kuwait,2008,ep,m,45-54,16,Extrapulmonary
Kuwait,2008,ep,m,55-64,9,Extrapulmonary
Kuwait,2008,ep,m,65+,3,Extrapulmonary
Kuwait,2008,ep,f,0-14,4,Extrapulmonary
Kuwait,2008,ep,f,15-24,27,Extrapulmonary
Kuwait,2008,ep,f,25-34,73,Extrapulmonary
Kuwait,2008,ep,f,35-44,44,Extrapulmonary
Kuwait,2008,ep,f,45-54,12,Extrapulmonary
Kuwait,2008,ep,f,55-64,7,Extrapulmonary
Kuwait,2008,ep,f,65+,5,Extrapulmonary
Kuwait,2009,sp,m,0-14,0,Smear Positive
Kuwait,2009,sp,m,15-24,26,Smear Positive
Kuwait,2009,sp,m,25-34,72,Smear Positive
Kuwait,2009,sp,m,35-44,67,Smear Positive
Kuwait,2009,sp,m,45-54,36,Smear Positive
Kuwait,2009,sp,m,55-64,12,Smear Positive
Kuwait,2009,sp,m,65+,8,Smear Positive
Kuwait,2009,sp,f,0-14,1,Smear Positive
Kuwait,2009,sp,f,15-24,39,Smear Positive
Kuwait,2009,sp,f,25-34,86,Smear Positive
Kuwait,2009,sp,f,35-44,18,Smear Positive
Kuwait,2009,sp,f,45-54,10,Smear Positive
Kuwait,2009,sp,f,55-64,4,Smear Positive
Kuwait,2009,sp,f,65+,7,Smear Positive
Kuwait,2009,sn,m,0-14,2,Smear Negative
Kuwait,2009,sn,m,15-24,5,Smear Negative
Kuwait,2009,sn,m,25-34,41,Smear Negative
Kuwait,2009,sn,m,35-44,17,Smear Negative
Kuwait,2009,sn,m,45-54,15,Smear Negative
Kuwait,2009,sn,m,55-64,8,Smear Negative
Kuwait,2009,sn,m,65+,3,Smear Negative
Kuwait,2009,sn,f,0-14,5,Smear Negative
Kuwait,2009,sn,f,15-24,9,Smear Negative
Kuwait,2009,sn,f,25-34,31,Smear Negative
Kuwait,2009,sn,f,35-44,10,Smear Negative
Kuwait,2009,sn,f,45-54,5,Smear Negative
Kuwait,2009,sn,f,55-64,3,Smear Negative
Kuwait,2009,sn,f,65+,1,Smear Negative
Kuwait,2009,ep,m,0-14,4,Extrapulmonary
Kuwait,2009,ep,m,15-24,18,Extrapulmonary
Kuwait,2009,ep,m,25-34,81,Extrapulmonary
Kuwait,2009,ep,m,35-44,33,Extrapulmonary
Kuwait,2009,ep,m,45-54,20,Extrapulmonary
Kuwait,2009,ep,m,55-64,8,Extrapulmonary
Kuwait,2009,ep,m,65+,3,Extrapulmonary
Kuwait,2009,ep,f,0-14,7,Extrapulmonary
Kuwait,2009,ep,f,15-24,39,Extrapulmonary
Kuwait,2009,ep,f,25-34,80,Extrapulmonary
Kuwait,2009,ep,f,35-44,55,Extrapulmonary
Kuwait,2009,ep,f,45-54,24,Extrapulmonary
Kuwait,2009,ep,f,55-64,12,Extrapulmonary
Kuwait,2009,ep,f,65+,7,Extrapulmonary
Kuwait,2010,sp,m,0-14,1,Smear Positive
Kuwait,2010,sp,m,15-24,16,Smear Positive
Kuwait,2010,sp,m,25-34,67,Smear Positive
Kuwait,2010,sp,m,35-44,50,Smear Positive
Kuwait,2010,sp,m,45-54,48,Smear Positive
Kuwait,2010,sp,m,55-64,10,Smear Positive
Kuwait,2010,sp,m,65+,11,Smear Positive
Kuwait,2010,sp,f,0-14,4,Smear Positive
Kuwait,2010,sp,f,15-24,41,Smear Positive
Kuwait,2010,sp,f,25-34,78,Smear Positive
Kuwait,2010,sp,f,35-44,30,Smear Positive
Kuwait,2010,sp,f,45-54,10,Smear Positive
Kuwait,2010,sp,f,55-64,11,Smear Positive
Kuwait,2010,sp,f,65+,8,Smear Positive
Kuwait,2010,sn,m,0-14,3,Smear Negative
Kuwait,2010,sn,m,15-24,10,Smear Negative
Kuwait,2010,sn,m,25-34,33,Smear Negative
Kuwait,2010,sn,m,35-44,26,Smear Negative
Kuwait,2010,sn,m,45-54,15,Smear Negative
Kuwait,2010,sn,m,55-64,6,Smear Negative
Kuwait,2010,sn,m,65+,5,Smear Negative
Kuwait,2010,sn,f,0-14,4,Smear Negative
Kuwait,2010,sn,f,15-24,11,Smear Negative
Kuwait,2010,sn,f,25-34,32,Smear Negative
Kuwait,2010,sn,f,35-44,11,Smear Negative
Kuwait,2010,sn,f,45-54,5,Smear Negative
Kuwait,2010,sn,f,55-64,1,Smear Negative
Kuwait,2010,sn,f,65+,1,Smear Negative
Kuwait,2010,ep,m,0-14,4,Extrapulmonary
Kuwait,2010,ep,m,15-24,25,Extrapulmonary
Kuwait,2010,ep,m,25-34,65,Extrapulmonary
Kuwait,2010,ep,m,35-44,40,Extrapulmonary
Kuwait,2010,ep,m,45-54,21,Extrapulmonary
Kuwait,2010,ep,m,55-64,9,Extrapulmonary
Kuwait,2010,ep,m,65+,8,Extrapulmonary
Kuwait,2010,ep,f,0-14,7,Extrapulmonary
Kuwait,2010,ep,f,15-24,32,Extrapulmonary
Kuwait,2010,ep,f,25-34,92,Extrapulmonary
Kuwait,2010,ep,f,35-44,64,Extrapulmonary
Kuwait,2010,ep,f,45-54,25,Extrapulmonary
Kuwait,2010,ep,f,55-64,9,Extrapulmonary
Kuwait,2010,ep,f,65+,6,Extrapulmonary
Kuwait,2011,sp,m,0-14,0,Smear Positive
Kuwait,2011,sp,m,15-24,13,Smear Positive
Kuwait,2011,sp,m,25-34,41,Smear Positive
Kuwait,2011,sp,m,35-44,36,Smear Positive
Kuwait,2011,sp,m,45-54,35,Smear Positive
Kuwait,2011,sp,m,55-64,11,Smear Positive
Kuwait,2011,sp,m,65+,5,Smear Positive
Kuwait,2011,sp,f,0-14,0,Smear Positive
Kuwait,2011,sp,f,15-24,23,Smear Positive
Kuwait,2011,sp,f,25-34,30,Smear Positive
Kuwait,2011,sp,f,35-44,15,Smear Positive
Kuwait,2011,sp,f,45-54,9,Smear Positive
Kuwait,2011,sp,f,55-64,2,Smear Positive
Kuwait,2011,sp,f,65+,2,Smear Positive
Kuwait,2012,sp,m,0-14,0,Smear Positive
Kuwait,2012,sp,m,15-24,14,Smear Positive
Kuwait,2012,sp,m,25-34,59,Smear Positive
Kuwait,2012,sp,m,35-44,49,Smear Positive
Kuwait,2012,sp,m,45-54,35,Smear Positive
Kuwait,2012,sp,m,55-64,15,Smear Positive
Kuwait,2012,sp,m,65+,3,Smear Positive
Kuwait,2012,sp,f,0-14,3,Smear Positive
Kuwait,2012,sp,f,15-24,40,Smear Positive
Kuwait,2012,sp,f,25-34,73,Smear Positive
Kuwait,2012,sp,f,35-44,15,Smear Positive
Kuwait,2012,sp,f,45-54,12,Smear Positive
Kuwait,2012,sp,f,55-64,6,Smear Positive
Kuwait,2012,sp,f,65+,4,Smear Positive
Kuwait,2012,sn,m,0-14,1,Smear Negative
Kuwait,2012,sn,m,15-24,6,Smear Negative
Kuwait,2012,sn,m,25-34,35,Smear Negative
Kuwait,2012,sn,m,35-44,18,Smear Negative
Kuwait,2012,sn,m,45-54,16,Smear Negative
Kuwait,2012,sn,m,55-64,6,Smear Negative
Kuwait,2012,sn,m,65+,4,Smear Negative
Kuwait,2012,sn,f,0-14,3,Smear Negative
Kuwait,2012,sn,f,15-24,8,Smear Negative
Kuwait,2012,sn,f,25-34,26,Smear Negative
Kuwait,2012,sn,f,35-44,11,Smear Negative
Kuwait,2012,sn,f,45-54,3,Smear Negative
Kuwait,2012,sn,f,55-64,3,Smear Negative
Kuwait,2012,sn,f,65+,0,Smear Negative
Kuwait,2012,ep,m,0-14,11,Extrapulmonary
Kuwait,2012,ep,m,15-24,20,Extrapulmonary
Kuwait,2012,ep,m,25-34,38,Extrapulmonary
Kuwait,2012,ep,m,35-44,28,Extrapulmonary
Kuwait,2012,ep,m,45-54,18,Extrapulmonary
Kuwait,2012,ep,m,55-64,8,Extrapulmonary
Kuwait,2012,ep,m,65+,1,Extrapulmonary
Kuwait,2012,ep,f,0-14,6,Extrapulmonary
Kuwait,2012,ep,f,15-24,13,Extrapulmonary
Kuwait,2012,ep,f,25-34,69,Extrapulmonary
Kuwait,2012,ep,f,35-44,31,Extrapulmonary
Kuwait,2012,ep,f,45-54,18,Extrapulmonary
Kuwait,2012,ep,f,55-64,5,Extrapulmonary
Kuwait,2012,ep,f,65+,3,Extrapulmonary
Kuwait,2013,rel,m,0-14,8,Relapse
Kuwait,2013,rel,m,15-24,32,Relapse
Kuwait,2013,rel,m,25-34,97,Relapse
Kuwait,2013,rel,m,35-44,96,Relapse
Kuwait,2013,rel,m,45-54,64,Relapse
Kuwait,2013,rel,m,55-64,30,Relapse
Kuwait,2013,rel,m,65+,18,Relapse
Kuwait,2013,rel,f,0-14,11,Relapse
Kuwait,2013,rel,f,15-24,70,Relapse
Kuwait,2013,rel,f,25-34,164,Relapse
Kuwait,2013,rel,f,35-44,65,Relapse
Kuwait,2013,rel,f,45-54,24,Relapse
Kuwait,2013,rel,f,55-64,16,Relapse
Kuwait,2013,rel,f,65+,9,Relapse
Kyrgyzstan,1995,sp,m,0-14,3,Smear Positive
Kyrgyzstan,1995,sp,m,15-24,109,Smear Positive
Kyrgyzstan,1995,sp,m,25-34,171,Smear Positive
Kyrgyzstan,1995,sp,m,35-44,165,Smear Positive
Kyrgyzstan,1995,sp,m,45-54,65,Smear Positive
Kyrgyzstan,1995,sp,m,55-64,38,Smear Positive
Kyrgyzstan,1995,sp,m,65+,30,Smear Positive
Kyrgyzstan,1995,sp,f,0-14,1,Smear Positive
Kyrgyzstan,1995,sp,f,15-24,70,Smear Positive
Kyrgyzstan,1995,sp,f,25-34,94,Smear Positive
Kyrgyzstan,1995,sp,f,35-44,34,Smear Positive
Kyrgyzstan,1995,sp,f,45-54,18,Smear Positive
Kyrgyzstan,1995,sp,f,55-64,15,Smear Positive
Kyrgyzstan,1995,sp,f,65+,19,Smear Positive
Kyrgyzstan,1996,sp,m,0-14,4,Smear Positive
Kyrgyzstan,1996,sp,m,15-24,148,Smear Positive
Kyrgyzstan,1996,sp,m,25-34,210,Smear Positive
Kyrgyzstan,1996,sp,m,35-44,156,Smear Positive
Kyrgyzstan,1996,sp,m,45-54,86,Smear Positive
Kyrgyzstan,1996,sp,m,55-64,38,Smear Positive
Kyrgyzstan,1996,sp,m,65+,40,Smear Positive
Kyrgyzstan,1996,sp,f,0-14,8,Smear Positive
Kyrgyzstan,1996,sp,f,15-24,90,Smear Positive
Kyrgyzstan,1996,sp,f,25-34,93,Smear Positive
Kyrgyzstan,1996,sp,f,35-44,55,Smear Positive
Kyrgyzstan,1996,sp,f,45-54,18,Smear Positive
Kyrgyzstan,1996,sp,f,55-64,26,Smear Positive
Kyrgyzstan,1996,sp,f,65+,31,Smear Positive
Kyrgyzstan,1997,sp,m,0-14,1,Smear Positive
Kyrgyzstan,1997,sp,m,15-24,212,Smear Positive
Kyrgyzstan,1997,sp,m,25-34,381,Smear Positive
Kyrgyzstan,1997,sp,m,35-44,349,Smear Positive
Kyrgyzstan,1997,sp,m,45-54,143,Smear Positive
Kyrgyzstan,1997,sp,m,55-64,90,Smear Positive
Kyrgyzstan,1997,sp,m,65+,38,Smear Positive
Kyrgyzstan,1997,sp,f,0-14,4,Smear Positive
Kyrgyzstan,1997,sp,f,15-24,115,Smear Positive
Kyrgyzstan,1997,sp,f,25-34,133,Smear Positive
Kyrgyzstan,1997,sp,f,35-44,64,Smear Positive
Kyrgyzstan,1997,sp,f,45-54,22,Smear Positive
Kyrgyzstan,1997,sp,f,55-64,29,Smear Positive
Kyrgyzstan,1997,sp,f,65+,37,Smear Positive
Kyrgyzstan,1998,sp,m,0-14,4,Smear Positive
Kyrgyzstan,1998,sp,m,15-24,105,Smear Positive
Kyrgyzstan,1998,sp,m,25-34,176,Smear Positive
Kyrgyzstan,1998,sp,m,35-44,141,Smear Positive
Kyrgyzstan,1998,sp,m,45-54,75,Smear Positive
Kyrgyzstan,1998,sp,m,55-64,43,Smear Positive
Kyrgyzstan,1998,sp,m,65+,21,Smear Positive
Kyrgyzstan,1998,sp,f,0-14,3,Smear Positive
Kyrgyzstan,1998,sp,f,15-24,68,Smear Positive
Kyrgyzstan,1998,sp,f,25-34,89,Smear Positive
Kyrgyzstan,1998,sp,f,35-44,54,Smear Positive
Kyrgyzstan,1998,sp,f,45-54,20,Smear Positive
Kyrgyzstan,1998,sp,f,55-64,22,Smear Positive
Kyrgyzstan,1998,sp,f,65+,9,Smear Positive
Kyrgyzstan,1999,sp,m,0-14,5,Smear Positive
Kyrgyzstan,1999,sp,m,15-24,216,Smear Positive
Kyrgyzstan,1999,sp,m,25-34,388,Smear Positive
Kyrgyzstan,1999,sp,m,35-44,244,Smear Positive
Kyrgyzstan,1999,sp,m,45-54,142,Smear Positive
Kyrgyzstan,1999,sp,m,55-64,73,Smear Positive
Kyrgyzstan,1999,sp,m,65+,49,Smear Positive
Kyrgyzstan,1999,sp,f,0-14,8,Smear Positive
Kyrgyzstan,1999,sp,f,15-24,137,Smear Positive
Kyrgyzstan,1999,sp,f,25-34,199,Smear Positive
Kyrgyzstan,1999,sp,f,35-44,75,Smear Positive
Kyrgyzstan,1999,sp,f,45-54,40,Smear Positive
Kyrgyzstan,1999,sp,f,55-64,31,Smear Positive
Kyrgyzstan,1999,sp,f,65+,35,Smear Positive
Kyrgyzstan,2000,sp,m,0-14,4,Smear Positive
Kyrgyzstan,2000,sp,m,15-24,128,Smear Positive
Kyrgyzstan,2000,sp,m,25-34,227,Smear Positive
Kyrgyzstan,2000,sp,m,35-44,205,Smear Positive
Kyrgyzstan,2000,sp,m,45-54,115,Smear Positive
Kyrgyzstan,2000,sp,m,55-64,52,Smear Positive
Kyrgyzstan,2000,sp,m,65+,46,Smear Positive
Kyrgyzstan,2000,sp,f,0-14,6,Smear Positive
Kyrgyzstan,2000,sp,f,15-24,128,Smear Positive
Kyrgyzstan,2000,sp,f,25-34,146,Smear Positive
Kyrgyzstan,2000,sp,f,35-44,100,Smear Positive
Kyrgyzstan,2000,sp,f,45-54,41,Smear Positive
Kyrgyzstan,2000,sp,f,55-64,30,Smear Positive
Kyrgyzstan,2000,sp,f,65+,29,Smear Positive
Kyrgyzstan,2001,sp,m,0-14,0,Smear Positive
Kyrgyzstan,2001,sp,m,15-24,176,Smear Positive
Kyrgyzstan,2001,sp,m,25-34,287,Smear Positive
Kyrgyzstan,2001,sp,m,35-44,217,Smear Positive
Kyrgyzstan,2001,sp,m,45-54,159,Smear Positive
Kyrgyzstan,2001,sp,m,55-64,54,Smear Positive
Kyrgyzstan,2001,sp,m,65+,44,Smear Positive
Kyrgyzstan,2001,sp,f,0-14,0,Smear Positive
Kyrgyzstan,2001,sp,f,15-24,133,Smear Positive
Kyrgyzstan,2001,sp,f,25-34,183,Smear Positive
Kyrgyzstan,2001,sp,f,35-44,105,Smear Positive
Kyrgyzstan,2001,sp,f,45-54,45,Smear Positive
Kyrgyzstan,2001,sp,f,55-64,30,Smear Positive
Kyrgyzstan,2001,sp,f,65+,48,Smear Positive
Kyrgyzstan,2002,sp,m,0-14,0,Smear Positive
Kyrgyzstan,2002,sp,m,15-24,202,Smear Positive
Kyrgyzstan,2002,sp,m,25-34,268,Smear Positive
Kyrgyzstan,2002,sp,m,35-44,233,Smear Positive
Kyrgyzstan,2002,sp,m,45-54,137,Smear Positive
Kyrgyzstan,2002,sp,m,55-64,61,Smear Positive
Kyrgyzstan,2002,sp,m,65+,45,Smear Positive
Kyrgyzstan,2002,sp,f,0-14,0,Smear Positive
Kyrgyzstan,2002,sp,f,15-24,153,Smear Positive
Kyrgyzstan,2002,sp,f,25-34,179,Smear Positive
Kyrgyzstan,2002,sp,f,35-44,116,Smear Positive
Kyrgyzstan,2002,sp,f,45-54,44,Smear Positive
Kyrgyzstan,2002,sp,f,55-64,39,Smear Positive
Kyrgyzstan,2002,sp,f,65+,67,Smear Positive
Kyrgyzstan,2003,sp,m,0-14,0,Smear Positive
Kyrgyzstan,2003,sp,m,15-24,189,Smear Positive
Kyrgyzstan,2003,sp,m,25-34,298,Smear Positive
Kyrgyzstan,2003,sp,m,35-44,241,Smear Positive
Kyrgyzstan,2003,sp,m,45-54,145,Smear Positive
Kyrgyzstan,2003,sp,m,55-64,63,Smear Positive
Kyrgyzstan,2003,sp,m,65+,70,Smear Positive
Kyrgyzstan,2003,sp,f,0-14,0,Smear Positive
Kyrgyzstan,2003,sp,f,15-24,178,Smear Positive
Kyrgyzstan,2003,sp,f,25-34,227,Smear Positive
Kyrgyzstan,2003,sp,f,35-44,109,Smear Positive
Kyrgyzstan,2003,sp,f,45-54,61,Smear Positive
Kyrgyzstan,2003,sp,f,55-64,29,Smear Positive
Kyrgyzstan,2003,sp,f,65+,42,Smear Positive
Kyrgyzstan,2004,sp,m,0-14,3,Smear Positive
Kyrgyzstan,2004,sp,m,15-24,221,Smear Positive
Kyrgyzstan,2004,sp,m,25-34,277,Smear Positive
Kyrgyzstan,2004,sp,m,35-44,265,Smear Positive
Kyrgyzstan,2004,sp,m,45-54,164,Smear Positive
Kyrgyzstan,2004,sp,m,55-64,58,Smear Positive
Kyrgyzstan,2004,sp,m,65+,69,Smear Positive
Kyrgyzstan,2004,sp,f,0-14,11,Smear Positive
Kyrgyzstan,2004,sp,f,15-24,196,Smear Positive
Kyrgyzstan,2004,sp,f,25-34,228,Smear Positive
Kyrgyzstan,2004,sp,f,35-44,104,Smear Positive
Kyrgyzstan,2004,sp,f,45-54,59,Smear Positive
Kyrgyzstan,2004,sp,f,55-64,34,Smear Positive
Kyrgyzstan,2004,sp,f,65+,72,Smear Positive
Kyrgyzstan,2005,sp,m,0-14,1,Smear Positive
Kyrgyzstan,2005,sp,m,15-24,247,Smear Positive
Kyrgyzstan,2005,sp,m,25-34,303,Smear Positive
Kyrgyzstan,2005,sp,m,35-44,269,Smear Positive
Kyrgyzstan,2005,sp,m,45-54,194,Smear Positive
Kyrgyzstan,2005,sp,m,55-64,66,Smear Positive
Kyrgyzstan,2005,sp,m,65+,84,Smear Positive
Kyrgyzstan,2005,sp,f,0-14,15,Smear Positive
Kyrgyzstan,2005,sp,f,15-24,215,Smear Positive
Kyrgyzstan,2005,sp,f,25-34,236,Smear Positive
Kyrgyzstan,2005,sp,f,35-44,141,Smear Positive
Kyrgyzstan,2005,sp,f,45-54,70,Smear Positive
Kyrgyzstan,2005,sp,f,55-64,33,Smear Positive
Kyrgyzstan,2005,sp,f,65+,98,Smear Positive
Kyrgyzstan,2006,sp,m,0-14,3,Smear Positive
Kyrgyzstan,2006,sp,m,15-24,245,Smear Positive
Kyrgyzstan,2006,sp,m,25-34,298,Smear Positive
Kyrgyzstan,2006,sp,m,35-44,245,Smear Positive
Kyrgyzstan,2006,sp,m,45-54,179,Smear Positive
Kyrgyzstan,2006,sp,m,55-64,75,Smear Positive
Kyrgyzstan,2006,sp,m,65+,75,Smear Positive
Kyrgyzstan,2006,sp,f,0-14,13,Smear Positive
Kyrgyzstan,2006,sp,f,15-24,228,Smear Positive
Kyrgyzstan,2006,sp,f,25-34,203,Smear Positive
Kyrgyzstan,2006,sp,f,35-44,107,Smear Positive
Kyrgyzstan,2006,sp,f,45-54,75,Smear Positive
Kyrgyzstan,2006,sp,f,55-64,32,Smear Positive
Kyrgyzstan,2006,sp,f,65+,65,Smear Positive
Kyrgyzstan,2007,sp,m,0-14,3,Smear Positive
Kyrgyzstan,2007,sp,m,15-24,243,Smear Positive
Kyrgyzstan,2007,sp,m,25-34,274,Smear Positive
Kyrgyzstan,2007,sp,m,35-44,186,Smear Positive
Kyrgyzstan,2007,sp,m,45-54,186,Smear Positive
Kyrgyzstan,2007,sp,m,55-64,62,Smear Positive
Kyrgyzstan,2007,sp,m,65+,63,Smear Positive
Kyrgyzstan,2007,sp,f,0-14,11,Smear Positive
Kyrgyzstan,2007,sp,f,15-24,216,Smear Positive
Kyrgyzstan,2007,sp,f,25-34,213,Smear Positive
Kyrgyzstan,2007,sp,f,35-44,114,Smear Positive
Kyrgyzstan,2007,sp,f,45-54,67,Smear Positive
Kyrgyzstan,2007,sp,f,55-64,47,Smear Positive
Kyrgyzstan,2007,sp,f,65+,61,Smear Positive
Kyrgyzstan,2008,sp,m,0-14,1,Smear Positive
Kyrgyzstan,2008,sp,m,15-24,261,Smear Positive
Kyrgyzstan,2008,sp,m,25-34,275,Smear Positive
Kyrgyzstan,2008,sp,m,35-44,190,Smear Positive
Kyrgyzstan,2008,sp,m,45-54,155,Smear Positive
Kyrgyzstan,2008,sp,m,55-64,70,Smear Positive
Kyrgyzstan,2008,sp,m,65+,53,Smear Positive
Kyrgyzstan,2008,sp,f,0-14,13,Smear Positive
Kyrgyzstan,2008,sp,f,15-24,209,Smear Positive
Kyrgyzstan,2008,sp,f,25-34,217,Smear Positive
Kyrgyzstan,2008,sp,f,35-44,104,Smear Positive
Kyrgyzstan,2008,sp,f,45-54,61,Smear Positive
Kyrgyzstan,2008,sp,f,55-64,41,Smear Positive
Kyrgyzstan,2008,sp,f,65+,62,Smear Positive
Kyrgyzstan,2008,sn,m,0-14,54,Smear Negative
Kyrgyzstan,2008,sn,m,15-24,298,Smear Negative
Kyrgyzstan,2008,sn,m,25-34,239,Smear Negative
Kyrgyzstan,2008,sn,m,35-44,193,Smear Negative
Kyrgyzstan,2008,sn,m,45-54,186,Smear Negative
Kyrgyzstan,2008,sn,m,55-64,99,Smear Negative
Kyrgyzstan,2008,sn,m,65+,101,Smear Negative
Kyrgyzstan,2008,sn,f,0-14,78,Smear Negative
Kyrgyzstan,2008,sn,f,15-24,242,Smear Negative
Kyrgyzstan,2008,sn,f,25-34,226,Smear Negative
Kyrgyzstan,2008,sn,f,35-44,118,Smear Negative
Kyrgyzstan,2008,sn,f,45-54,98,Smear Negative
Kyrgyzstan,2008,sn,f,55-64,49,Smear Negative
Kyrgyzstan,2008,sn,f,65+,55,Smear Negative
Kyrgyzstan,2008,ep,m,0-14,251,Extrapulmonary
Kyrgyzstan,2008,ep,m,15-24,296,Extrapulmonary
Kyrgyzstan,2008,ep,m,25-34,144,Extrapulmonary
Kyrgyzstan,2008,ep,m,35-44,76,Extrapulmonary
Kyrgyzstan,2008,ep,m,45-54,73,Extrapulmonary
Kyrgyzstan,2008,ep,m,55-64,32,Extrapulmonary
Kyrgyzstan,2008,ep,m,65+,12,Extrapulmonary
Kyrgyzstan,2008,ep,f,0-14,233,Extrapulmonary
Kyrgyzstan,2008,ep,f,15-24,177,Extrapulmonary
Kyrgyzstan,2008,ep,f,25-34,118,Extrapulmonary
Kyrgyzstan,2008,ep,f,35-44,67,Extrapulmonary
Kyrgyzstan,2008,ep,f,45-54,46,Extrapulmonary
Kyrgyzstan,2008,ep,f,55-64,22,Extrapulmonary
Kyrgyzstan,2008,ep,f,65+,38,Extrapulmonary
Kyrgyzstan,2009,sp,m,0-14,7,Smear Positive
Kyrgyzstan,2009,sp,m,15-24,251,Smear Positive
Kyrgyzstan,2009,sp,m,25-34,252,Smear Positive
Kyrgyzstan,2009,sp,m,35-44,185,Smear Positive
Kyrgyzstan,2009,sp,m,45-54,168,Smear Positive
Kyrgyzstan,2009,sp,m,55-64,54,Smear Positive
Kyrgyzstan,2009,sp,m,65+,41,Smear Positive
Kyrgyzstan,2009,sp,f,0-14,14,Smear Positive
Kyrgyzstan,2009,sp,f,15-24,214,Smear Positive
Kyrgyzstan,2009,sp,f,25-34,186,Smear Positive
Kyrgyzstan,2009,sp,f,35-44,97,Smear Positive
Kyrgyzstan,2009,sp,f,45-54,60,Smear Positive
Kyrgyzstan,2009,sp,f,55-64,29,Smear Positive
Kyrgyzstan,2009,sp,f,65+,51,Smear Positive
Kyrgyzstan,2009,sn,m,0-14,51,Smear Negative
Kyrgyzstan,2009,sn,m,15-24,339,Smear Negative
Kyrgyzstan,2009,sn,m,25-34,255,Smear Negative
Kyrgyzstan,2009,sn,m,35-44,210,Smear Negative
Kyrgyzstan,2009,sn,m,45-54,204,Smear Negative
Kyrgyzstan,2009,sn,m,55-64,120,Smear Negative
Kyrgyzstan,2009,sn,m,65+,99,Smear Negative
Kyrgyzstan,2009,sn,f,0-14,72,Smear Negative
Kyrgyzstan,2009,sn,f,15-24,319,Smear Negative
Kyrgyzstan,2009,sn,f,25-34,258,Smear Negative
Kyrgyzstan,2009,sn,f,35-44,127,Smear Negative
Kyrgyzstan,2009,sn,f,45-54,101,Smear Negative
Kyrgyzstan,2009,sn,f,55-64,56,Smear Negative
Kyrgyzstan,2009,sn,f,65+,56,Smear Negative
Kyrgyzstan,2009,ep,m,0-14,222,Extrapulmonary
Kyrgyzstan,2009,ep,m,15-24,294,Extrapulmonary
Kyrgyzstan,2009,ep,m,25-34,142,Extrapulmonary
Kyrgyzstan,2009,ep,m,35-44,97,Extrapulmonary
Kyrgyzstan,2009,ep,m,45-54,64,Extrapulmonary
Kyrgyzstan,2009,ep,m,55-64,25,Extrapulmonary
Kyrgyzstan,2009,ep,m,65+,30,Extrapulmonary
Kyrgyzstan,2009,ep,f,0-14,175,Extrapulmonary
Kyrgyzstan,2009,ep,f,15-24,202,Extrapulmonary
Kyrgyzstan,2009,ep,f,25-34,117,Extrapulmonary
Kyrgyzstan,2009,ep,f,35-44,67,Extrapulmonary
Kyrgyzstan,2009,ep,f,45-54,60,Extrapulmonary
Kyrgyzstan,2009,ep,f,55-64,33,Extrapulmonary
Kyrgyzstan,2009,ep,f,65+,30,Extrapulmonary
Kyrgyzstan,2010,sp,m,0-14,5,Smear Positive
Kyrgyzstan,2010,sp,m,15-24,261,Smear Positive
Kyrgyzstan,2010,sp,m,25-34,260,Smear Positive
Kyrgyzstan,2010,sp,m,35-44,188,Smear Positive
Kyrgyzstan,2010,sp,m,45-54,141,Smear Positive
Kyrgyzstan,2010,sp,m,55-64,64,Smear Positive
Kyrgyzstan,2010,sp,m,65+,48,Smear Positive
Kyrgyzstan,2010,sp,f,0-14,5,Smear Positive
Kyrgyzstan,2010,sp,f,15-24,223,Smear Positive
Kyrgyzstan,2010,sp,f,25-34,199,Smear Positive
Kyrgyzstan,2010,sp,f,35-44,98,Smear Positive
Kyrgyzstan,2010,sp,f,45-54,71,Smear Positive
Kyrgyzstan,2010,sp,f,55-64,40,Smear Positive
Kyrgyzstan,2010,sp,f,65+,42,Smear Positive
Kyrgyzstan,2010,sn,m,0-14,39,Smear Negative
Kyrgyzstan,2010,sn,m,15-24,283,Smear Negative
Kyrgyzstan,2010,sn,m,25-34,249,Smear Negative
Kyrgyzstan,2010,sn,m,35-44,189,Smear Negative
Kyrgyzstan,2010,sn,m,45-54,199,Smear Negative
Kyrgyzstan,2010,sn,m,55-64,120,Smear Negative
Kyrgyzstan,2010,sn,m,65+,92,Smear Negative
Kyrgyzstan,2010,sn,f,0-14,57,Smear Negative
Kyrgyzstan,2010,sn,f,15-24,264,Smear Negative
Kyrgyzstan,2010,sn,f,25-34,232,Smear Negative
Kyrgyzstan,2010,sn,f,35-44,107,Smear Negative
Kyrgyzstan,2010,sn,f,45-54,86,Smear Negative
Kyrgyzstan,2010,sn,f,55-64,59,Smear Negative
Kyrgyzstan,2010,sn,f,65+,52,Smear Negative
Kyrgyzstan,2010,ep,m,0-14,239,Extrapulmonary
Kyrgyzstan,2010,ep,m,15-24,261,Extrapulmonary
Kyrgyzstan,2010,ep,m,25-34,146,Extrapulmonary
Kyrgyzstan,2010,ep,m,35-44,68,Extrapulmonary
Kyrgyzstan,2010,ep,m,45-54,61,Extrapulmonary
Kyrgyzstan,2010,ep,m,55-64,31,Extrapulmonary
Kyrgyzstan,2010,ep,m,65+,26,Extrapulmonary
Kyrgyzstan,2010,ep,f,0-14,186,Extrapulmonary
Kyrgyzstan,2010,ep,f,15-24,217,Extrapulmonary
Kyrgyzstan,2010,ep,f,25-34,153,Extrapulmonary
Kyrgyzstan,2010,ep,f,35-44,107,Extrapulmonary
Kyrgyzstan,2010,ep,f,45-54,69,Extrapulmonary
Kyrgyzstan,2010,ep,f,55-64,40,Extrapulmonary
Kyrgyzstan,2010,ep,f,65+,31,Extrapulmonary
Kyrgyzstan,2011,sp,m,0-14,6,Smear Positive
Kyrgyzstan,2011,sp,m,15-24,225,Smear Positive
Kyrgyzstan,2011,sp,m,25-34,204,Smear Positive
Kyrgyzstan,2011,sp,m,35-44,179,Smear Positive
Kyrgyzstan,2011,sp,m,45-54,168,Smear Positive
Kyrgyzstan,2011,sp,m,55-64,77,Smear Positive
Kyrgyzstan,2011,sp,m,65+,41,Smear Positive
Kyrgyzstan,2011,sp,f,0-14,13,Smear Positive
Kyrgyzstan,2011,sp,f,15-24,200,Smear Positive
Kyrgyzstan,2011,sp,f,25-34,191,Smear Positive
Kyrgyzstan,2011,sp,f,35-44,84,Smear Positive
Kyrgyzstan,2011,sp,f,45-54,60,Smear Positive
Kyrgyzstan,2011,sp,f,55-64,50,Smear Positive
Kyrgyzstan,2011,sp,f,65+,39,Smear Positive
Kyrgyzstan,2012,sp,m,0-14,4,Smear Positive
Kyrgyzstan,2012,sp,m,15-24,210,Smear Positive
Kyrgyzstan,2012,sp,m,25-34,255,Smear Positive
Kyrgyzstan,2012,sp,m,35-44,207,Smear Positive
Kyrgyzstan,2012,sp,m,45-54,184,Smear Positive
Kyrgyzstan,2012,sp,m,55-64,86,Smear Positive
Kyrgyzstan,2012,sp,m,65+,30,Smear Positive
Kyrgyzstan,2012,sp,f,0-14,8,Smear Positive
Kyrgyzstan,2012,sp,f,15-24,195,Smear Positive
Kyrgyzstan,2012,sp,f,25-34,173,Smear Positive
Kyrgyzstan,2012,sp,f,35-44,108,Smear Positive
Kyrgyzstan,2012,sp,f,45-54,55,Smear Positive
Kyrgyzstan,2012,sp,f,55-64,42,Smear Positive
Kyrgyzstan,2012,sp,f,65+,37,Smear Positive
Kyrgyzstan,2012,sn,m,0-14,56,Smear Negative
Kyrgyzstan,2012,sn,m,15-24,364,Smear Negative
Kyrgyzstan,2012,sn,m,25-34,311,Smear Negative
Kyrgyzstan,2012,sn,m,35-44,267,Smear Negative
Kyrgyzstan,2012,sn,m,45-54,220,Smear Negative
Kyrgyzstan,2012,sn,m,55-64,166,Smear Negative
Kyrgyzstan,2012,sn,m,65+,85,Smear Negative
Kyrgyzstan,2012,sn,f,0-14,55,Smear Negative
Kyrgyzstan,2012,sn,f,15-24,280,Smear Negative
Kyrgyzstan,2012,sn,f,25-34,259,Smear Negative
Kyrgyzstan,2012,sn,f,35-44,109,Smear Negative
Kyrgyzstan,2012,sn,f,45-54,118,Smear Negative
Kyrgyzstan,2012,sn,f,55-64,94,Smear Negative
Kyrgyzstan,2012,sn,f,65+,64,Smear Negative
Kyrgyzstan,2012,ep,m,0-14,285,Extrapulmonary
Kyrgyzstan,2012,ep,m,15-24,321,Extrapulmonary
Kyrgyzstan,2012,ep,m,25-34,163,Extrapulmonary
Kyrgyzstan,2012,ep,m,35-44,91,Extrapulmonary
Kyrgyzstan,2012,ep,m,45-54,62,Extrapulmonary
Kyrgyzstan,2012,ep,m,55-64,42,Extrapulmonary
Kyrgyzstan,2012,ep,m,65+,23,Extrapulmonary
Kyrgyzstan,2012,ep,f,0-14,232,Extrapulmonary
Kyrgyzstan,2012,ep,f,15-24,197,Extrapulmonary
Kyrgyzstan,2012,ep,f,25-34,141,Extrapulmonary
Kyrgyzstan,2012,ep,f,35-44,94,Extrapulmonary
Kyrgyzstan,2012,ep,f,45-54,79,Extrapulmonary
Kyrgyzstan,2012,ep,f,55-64,39,Extrapulmonary
Kyrgyzstan,2012,ep,f,65+,40,Extrapulmonary
Kyrgyzstan,2013,rel,m,0-14,301,Relapse
Kyrgyzstan,2013,rel,m,15-24,836,Relapse
Kyrgyzstan,2013,rel,m,25-34,737,Relapse
Kyrgyzstan,2013,rel,m,35-44,488,Relapse
Kyrgyzstan,2013,rel,m,45-54,470,Relapse
Kyrgyzstan,2013,rel,m,55-64,317,Relapse
Kyrgyzstan,2013,rel,m,65+,170,Relapse
Kyrgyzstan,2013,rel,f,0-14,293,Relapse
Kyrgyzstan,2013,rel,f,15-24,705,Relapse
Kyrgyzstan,2013,rel,f,25-34,604,Relapse
Kyrgyzstan,2013,rel,f,35-44,332,Relapse
Kyrgyzstan,2013,rel,f,45-54,232,Relapse
Kyrgyzstan,2013,rel,f,55-64,199,Relapse
Kyrgyzstan,2013,rel,f,65+,175,Relapse
Lao People's Democratic Republic,1995,sp,m,0-14,6,Smear Positive
Lao People's Democratic Republic,1995,sp,m,15-24,56,Smear Positive
Lao People's Democratic Republic,1995,sp,m,25-34,71,Smear Positive
Lao People's Democratic Republic,1995,sp,m,35-44,68,Smear Positive
Lao People's Democratic Republic,1995,sp,m,45-54,78,Smear Positive
Lao People's Democratic Republic,1995,sp,m,55-64,90,Smear Positive
Lao People's Democratic Republic,1995,sp,m,65+,55,Smear Positive
Lao People's Democratic Republic,1995,sp,f,0-14,3,Smear Positive
Lao People's Democratic Republic,1995,sp,f,15-24,49,Smear Positive
Lao People's Democratic Republic,1995,sp,f,25-34,49,Smear Positive
Lao People's Democratic Republic,1995,sp,f,35-44,69,Smear Positive
Lao People's Democratic Republic,1995,sp,f,45-54,54,Smear Positive
Lao People's Democratic Republic,1995,sp,f,55-64,52,Smear Positive
Lao People's Democratic Republic,1995,sp,f,65+,26,Smear Positive
Lao People's Democratic Republic,1996,sp,m,0-14,1,Smear Positive
Lao People's Democratic Republic,1996,sp,m,15-24,42,Smear Positive
Lao People's Democratic Republic,1996,sp,m,25-34,80,Smear Positive
Lao People's Democratic Republic,1996,sp,m,35-44,97,Smear Positive
Lao People's Democratic Republic,1996,sp,m,45-54,131,Smear Positive
Lao People's Democratic Republic,1996,sp,m,55-64,127,Smear Positive
Lao People's Democratic Republic,1996,sp,m,65+,84,Smear Positive
Lao People's Democratic Republic,1996,sp,f,0-14,4,Smear Positive
Lao People's Democratic Republic,1996,sp,f,15-24,31,Smear Positive
Lao People's Democratic Republic,1996,sp,f,25-34,62,Smear Positive
Lao People's Democratic Republic,1996,sp,f,35-44,80,Smear Positive
Lao People's Democratic Republic,1996,sp,f,45-54,64,Smear Positive
Lao People's Democratic Republic,1996,sp,f,55-64,59,Smear Positive
Lao People's Democratic Republic,1996,sp,f,65+,24,Smear Positive
Lao People's Democratic Republic,1997,sp,m,0-14,2,Smear Positive
Lao People's Democratic Republic,1997,sp,m,15-24,61,Smear Positive
Lao People's Democratic Republic,1997,sp,m,25-34,91,Smear Positive
Lao People's Democratic Republic,1997,sp,m,35-44,151,Smear Positive
Lao People's Democratic Republic,1997,sp,m,45-54,158,Smear Positive
Lao People's Democratic Republic,1997,sp,m,55-64,156,Smear Positive
Lao People's Democratic Republic,1997,sp,m,65+,124,Smear Positive
Lao People's Democratic Republic,1997,sp,f,0-14,2,Smear Positive
Lao People's Democratic Republic,1997,sp,f,15-24,60,Smear Positive
Lao People's Democratic Republic,1997,sp,f,25-34,83,Smear Positive
Lao People's Democratic Republic,1997,sp,f,35-44,102,Smear Positive
Lao People's Democratic Republic,1997,sp,f,45-54,102,Smear Positive
Lao People's Democratic Republic,1997,sp,f,55-64,88,Smear Positive
Lao People's Democratic Republic,1997,sp,f,65+,54,Smear Positive
Lao People's Democratic Republic,1998,sp,m,0-14,4,Smear Positive
Lao People's Democratic Republic,1998,sp,m,15-24,77,Smear Positive
Lao People's Democratic Republic,1998,sp,m,25-34,152,Smear Positive
Lao People's Democratic Republic,1998,sp,m,35-44,150,Smear Positive
Lao People's Democratic Republic,1998,sp,m,45-54,177,Smear Positive
Lao People's Democratic Republic,1998,sp,m,55-64,211,Smear Positive
Lao People's Democratic Republic,1998,sp,m,65+,152,Smear Positive
Lao People's Democratic Republic,1998,sp,f,0-14,6,Smear Positive
Lao People's Democratic Republic,1998,sp,f,15-24,59,Smear Positive
Lao People's Democratic Republic,1998,sp,f,25-34,121,Smear Positive
Lao People's Democratic Republic,1998,sp,f,35-44,122,Smear Positive
Lao People's Democratic Republic,1998,sp,f,45-54,108,Smear Positive
Lao People's Democratic Republic,1998,sp,f,55-64,90,Smear Positive
Lao People's Democratic Republic,1998,sp,f,65+,65,Smear Positive
Lao People's Democratic Republic,1999,sp,m,0-14,5,Smear Positive
Lao People's Democratic Republic,1999,sp,m,15-24,91,Smear Positive
Lao People's Democratic Republic,1999,sp,m,25-34,175,Smear Positive
Lao People's Democratic Republic,1999,sp,m,35-44,183,Smear Positive
Lao People's Democratic Republic,1999,sp,m,45-54,213,Smear Positive
Lao People's Democratic Republic,1999,sp,m,55-64,193,Smear Positive
Lao People's Democratic Republic,1999,sp,m,65+,191,Smear Positive
Lao People's Democratic Republic,1999,sp,f,0-14,9,Smear Positive
Lao People's Democratic Republic,1999,sp,f,15-24,60,Smear Positive
Lao People's Democratic Republic,1999,sp,f,25-34,115,Smear Positive
Lao People's Democratic Republic,1999,sp,f,35-44,142,Smear Positive
Lao People's Democratic Republic,1999,sp,f,45-54,141,Smear Positive
Lao People's Democratic Republic,1999,sp,f,55-64,98,Smear Positive
Lao People's Democratic Republic,1999,sp,f,65+,90,Smear Positive
Lao People's Democratic Republic,2000,sp,m,0-14,7,Smear Positive
Lao People's Democratic Republic,2000,sp,m,15-24,92,Smear Positive
Lao People's Democratic Republic,2000,sp,m,25-34,128,Smear Positive
Lao People's Democratic Republic,2000,sp,m,35-44,166,Smear Positive
Lao People's Democratic Republic,2000,sp,m,45-54,201,Smear Positive
Lao People's Democratic Republic,2000,sp,m,55-64,177,Smear Positive
Lao People's Democratic Republic,2000,sp,m,65+,176,Smear Positive
Lao People's Democratic Republic,2000,sp,f,0-14,10,Smear Positive
Lao People's Democratic Republic,2000,sp,f,15-24,59,Smear Positive
Lao People's Democratic Republic,2000,sp,f,25-34,95,Smear Positive
Lao People's Democratic Republic,2000,sp,f,35-44,131,Smear Positive
Lao People's Democratic Republic,2000,sp,f,45-54,122,Smear Positive
Lao People's Democratic Republic,2000,sp,f,55-64,91,Smear Positive
Lao People's Democratic Republic,2000,sp,f,65+,71,Smear Positive
Lao People's Democratic Republic,2001,sp,m,0-14,10,Smear Positive
Lao People's Democratic Republic,2001,sp,m,15-24,81,Smear Positive
Lao People's Democratic Republic,2001,sp,m,25-34,137,Smear Positive
Lao People's Democratic Republic,2001,sp,m,35-44,176,Smear Positive
Lao People's Democratic Republic,2001,sp,m,45-54,219,Smear Positive
Lao People's Democratic Republic,2001,sp,m,55-64,186,Smear Positive
Lao People's Democratic Republic,2001,sp,m,65+,164,Smear Positive
Lao People's Democratic Republic,2001,sp,f,0-14,6,Smear Positive
Lao People's Democratic Republic,2001,sp,f,15-24,51,Smear Positive
Lao People's Democratic Republic,2001,sp,f,25-34,99,Smear Positive
Lao People's Democratic Republic,2001,sp,f,35-44,121,Smear Positive
Lao People's Democratic Republic,2001,sp,f,45-54,138,Smear Positive
Lao People's Democratic Republic,2001,sp,f,55-64,104,Smear Positive
Lao People's Democratic Republic,2001,sp,f,65+,71,Smear Positive
Lao People's Democratic Republic,2002,sp,m,0-14,4,Smear Positive
Lao People's Democratic Republic,2002,sp,m,15-24,86,Smear Positive
Lao People's Democratic Republic,2002,sp,m,25-34,159,Smear Positive
Lao People's Democratic Republic,2002,sp,m,35-44,220,Smear Positive
Lao People's Democratic Republic,2002,sp,m,45-54,223,Smear Positive
Lao People's Democratic Republic,2002,sp,m,55-64,227,Smear Positive
Lao People's Democratic Republic,2002,sp,m,65+,185,Smear Positive
Lao People's Democratic Republic,2002,sp,f,0-14,2,Smear Positive
Lao People's Democratic Republic,2002,sp,f,15-24,72,Smear Positive
Lao People's Democratic Republic,2002,sp,f,25-34,141,Smear Positive
Lao People's Democratic Republic,2002,sp,f,35-44,151,Smear Positive
Lao People's Democratic Republic,2002,sp,f,45-54,152,Smear Positive
Lao People's Democratic Republic,2002,sp,f,55-64,117,Smear Positive
Lao People's Democratic Republic,2002,sp,f,65+,90,Smear Positive
Lao People's Democratic Republic,2003,sp,m,0-14,6,Smear Positive
Lao People's Democratic Republic,2003,sp,m,15-24,91,Smear Positive
Lao People's Democratic Republic,2003,sp,m,25-34,180,Smear Positive
Lao People's Democratic Republic,2003,sp,m,35-44,239,Smear Positive
Lao People's Democratic Republic,2003,sp,m,45-54,226,Smear Positive
Lao People's Democratic Republic,2003,sp,m,55-64,207,Smear Positive
Lao People's Democratic Republic,2003,sp,m,65+,196,Smear Positive
Lao People's Democratic Republic,2003,sp,f,0-14,7,Smear Positive
Lao People's Democratic Republic,2003,sp,f,15-24,77,Smear Positive
Lao People's Democratic Republic,2003,sp,f,25-34,107,Smear Positive
Lao People's Democratic Republic,2003,sp,f,35-44,162,Smear Positive
Lao People's Democratic Republic,2003,sp,f,45-54,156,Smear Positive
Lao People's Democratic Republic,2003,sp,f,55-64,114,Smear Positive
Lao People's Democratic Republic,2003,sp,f,65+,98,Smear Positive
Lao People's Democratic Republic,2004,sp,m,0-14,14,Smear Positive
Lao People's Democratic Republic,2004,sp,m,15-24,120,Smear Positive
Lao People's Democratic Republic,2004,sp,m,25-34,181,Smear Positive
Lao People's Democratic Republic,2004,sp,m,35-44,231,Smear Positive
Lao People's Democratic Republic,2004,sp,m,45-54,318,Smear Positive
Lao People's Democratic Republic,2004,sp,m,55-64,259,Smear Positive
Lao People's Democratic Republic,2004,sp,m,65+,268,Smear Positive
Lao People's Democratic Republic,2004,sp,f,0-14,12,Smear Positive
Lao People's Democratic Republic,2004,sp,f,15-24,72,Smear Positive
Lao People's Democratic Republic,2004,sp,f,25-34,137,Smear Positive
Lao People's Democratic Republic,2004,sp,f,35-44,157,Smear Positive
Lao People's Democratic Republic,2004,sp,f,45-54,172,Smear Positive
Lao People's Democratic Republic,2004,sp,f,55-64,164,Smear Positive
Lao People's Democratic Republic,2004,sp,f,65+,121,Smear Positive
Lao People's Democratic Republic,2005,sp,m,0-14,13,Smear Positive
Lao People's Democratic Republic,2005,sp,m,15-24,136,Smear Positive
Lao People's Democratic Republic,2005,sp,m,25-34,223,Smear Positive
Lao People's Democratic Republic,2005,sp,m,35-44,296,Smear Positive
Lao People's Democratic Republic,2005,sp,m,45-54,373,Smear Positive
Lao People's Democratic Republic,2005,sp,m,55-64,300,Smear Positive
Lao People's Democratic Republic,2005,sp,m,65+,352,Smear Positive
Lao People's Democratic Republic,2005,sp,f,0-14,7,Smear Positive
Lao People's Democratic Republic,2005,sp,f,15-24,101,Smear Positive
Lao People's Democratic Republic,2005,sp,f,25-34,186,Smear Positive
Lao People's Democratic Republic,2005,sp,f,35-44,205,Smear Positive
Lao People's Democratic Republic,2005,sp,f,45-54,244,Smear Positive
Lao People's Democratic Republic,2005,sp,f,55-64,192,Smear Positive
Lao People's Democratic Republic,2005,sp,f,65+,178,Smear Positive
Lao People's Democratic Republic,2006,sp,m,0-14,12,Smear Positive
Lao People's Democratic Republic,2006,sp,m,15-24,145,Smear Positive
Lao People's Democratic Republic,2006,sp,m,25-34,245,Smear Positive
Lao People's Democratic Republic,2006,sp,m,35-44,340,Smear Positive
Lao People's Democratic Republic,2006,sp,m,45-54,406,Smear Positive
Lao People's Democratic Republic,2006,sp,m,55-64,345,Smear Positive
Lao People's Democratic Republic,2006,sp,m,65+,354,Smear Positive
Lao People's Democratic Republic,2006,sp,f,0-14,13,Smear Positive
Lao People's Democratic Republic,2006,sp,f,15-24,109,Smear Positive
Lao People's Democratic Republic,2006,sp,f,25-34,196,Smear Positive
Lao People's Democratic Republic,2006,sp,f,35-44,221,Smear Positive
Lao People's Democratic Republic,2006,sp,f,45-54,228,Smear Positive
Lao People's Democratic Republic,2006,sp,f,55-64,222,Smear Positive
Lao People's Democratic Republic,2006,sp,f,65+,205,Smear Positive
Lao People's Democratic Republic,2007,sp,m,0-14,11,Smear Positive
Lao People's Democratic Republic,2007,sp,m,15-24,150,Smear Positive
Lao People's Democratic Republic,2007,sp,m,25-34,258,Smear Positive
Lao People's Democratic Republic,2007,sp,m,35-44,307,Smear Positive
Lao People's Democratic Republic,2007,sp,m,45-54,418,Smear Positive
Lao People's Democratic Republic,2007,sp,m,55-64,361,Smear Positive
Lao People's Democratic Republic,2007,sp,m,65+,350,Smear Positive
Lao People's Democratic Republic,2007,sp,f,0-14,7,Smear Positive
Lao People's Democratic Republic,2007,sp,f,15-24,126,Smear Positive
Lao People's Democratic Republic,2007,sp,f,25-34,175,Smear Positive
Lao People's Democratic Republic,2007,sp,f,35-44,215,Smear Positive
Lao People's Democratic Republic,2007,sp,f,45-54,293,Smear Positive
Lao People's Democratic Republic,2007,sp,f,55-64,206,Smear Positive
Lao People's Democratic Republic,2007,sp,f,65+,207,Smear Positive
Lao People's Democratic Republic,2008,sp,m,0-14,6,Smear Positive
Lao People's Democratic Republic,2008,sp,m,15-24,159,Smear Positive
Lao People's Democratic Republic,2008,sp,m,25-34,262,Smear Positive
Lao People's Democratic Republic,2008,sp,m,35-44,329,Smear Positive
Lao People's Democratic Republic,2008,sp,m,45-54,380,Smear Positive
Lao People's Democratic Republic,2008,sp,m,55-64,409,Smear Positive
Lao People's Democratic Republic,2008,sp,m,65+,373,Smear Positive
Lao People's Democratic Republic,2008,sp,f,0-14,10,Smear Positive
Lao People's Democratic Republic,2008,sp,f,15-24,101,Smear Positive
Lao People's Democratic Republic,2008,sp,f,25-34,165,Smear Positive
Lao People's Democratic Republic,2008,sp,f,35-44,209,Smear Positive
Lao People's Democratic Republic,2008,sp,f,45-54,264,Smear Positive
Lao People's Democratic Republic,2008,sp,f,55-64,220,Smear Positive
Lao People's Democratic Republic,2008,sp,f,65+,192,Smear Positive
Lao People's Democratic Republic,2009,sp,m,0-14,11,Smear Positive
Lao People's Democratic Republic,2009,sp,m,15-24,159,Smear Positive
Lao People's Democratic Republic,2009,sp,m,25-34,235,Smear Positive
Lao People's Democratic Republic,2009,sp,m,35-44,325,Smear Positive
Lao People's Democratic Republic,2009,sp,m,45-54,382,Smear Positive
Lao People's Democratic Republic,2009,sp,m,55-64,366,Smear Positive
Lao People's Democratic Republic,2009,sp,m,65+,351,Smear Positive
Lao People's Democratic Republic,2009,sp,f,0-14,6,Smear Positive
Lao People's Democratic Republic,2009,sp,f,15-24,119,Smear Positive
Lao People's Democratic Republic,2009,sp,f,25-34,186,Smear Positive
Lao People's Democratic Republic,2009,sp,f,35-44,205,Smear Positive
Lao People's Democratic Republic,2009,sp,f,45-54,265,Smear Positive
Lao People's Democratic Republic,2009,sp,f,55-64,217,Smear Positive
Lao People's Democratic Republic,2009,sp,f,65+,207,Smear Positive
Lao People's Democratic Republic,2010,sp,m,0-14,8,Smear Positive
Lao People's Democratic Republic,2010,sp,m,15-24,157,Smear Positive
Lao People's Democratic Republic,2010,sp,m,25-34,254,Smear Positive
Lao People's Democratic Republic,2010,sp,m,35-44,287,Smear Positive
Lao People's Democratic Republic,2010,sp,m,45-54,416,Smear Positive
Lao People's Democratic Republic,2010,sp,m,55-64,385,Smear Positive
Lao People's Democratic Republic,2010,sp,m,65+,380,Smear Positive
Lao People's Democratic Republic,2010,sp,f,0-14,13,Smear Positive
Lao People's Democratic Republic,2010,sp,f,15-24,133,Smear Positive
Lao People's Democratic Republic,2010,sp,f,25-34,152,Smear Positive
Lao People's Democratic Republic,2010,sp,f,35-44,215,Smear Positive
Lao People's Democratic Republic,2010,sp,f,45-54,269,Smear Positive
Lao People's Democratic Republic,2010,sp,f,55-64,225,Smear Positive
Lao People's Democratic Republic,2010,sp,f,65+,225,Smear Positive
Lao People's Democratic Republic,2010,sn,m,0-14,9,Smear Negative
Lao People's Democratic Republic,2010,sn,m,15-24,20,Smear Negative
Lao People's Democratic Republic,2010,sn,m,25-34,34,Smear Negative
Lao People's Democratic Republic,2010,sn,m,35-44,43,Smear Negative
Lao People's Democratic Republic,2010,sn,m,45-54,34,Smear Negative
Lao People's Democratic Republic,2010,sn,m,55-64,49,Smear Negative
Lao People's Democratic Republic,2010,sn,m,65+,41,Smear Negative
Lao People's Democratic Republic,2010,sn,f,0-14,7,Smear Negative
Lao People's Democratic Republic,2010,sn,f,15-24,18,Smear Negative
Lao People's Democratic Republic,2010,sn,f,25-34,39,Smear Negative
Lao People's Democratic Republic,2010,sn,f,35-44,25,Smear Negative
Lao People's Democratic Republic,2010,sn,f,45-54,19,Smear Negative
Lao People's Democratic Republic,2010,sn,f,55-64,18,Smear Negative
Lao People's Democratic Republic,2010,sn,f,65+,31,Smear Negative
Lao People's Democratic Republic,2010,ep,m,0-14,16,Extrapulmonary
Lao People's Democratic Republic,2010,ep,m,15-24,24,Extrapulmonary
Lao People's Democratic Republic,2010,ep,m,25-34,46,Extrapulmonary
Lao People's Democratic Republic,2010,ep,m,35-44,29,Extrapulmonary
Lao People's Democratic Republic,2010,ep,m,45-54,30,Extrapulmonary
Lao People's Democratic Republic,2010,ep,m,55-64,23,Extrapulmonary
Lao People's Democratic Republic,2010,ep,m,65+,22,Extrapulmonary
Lao People's Democratic Republic,2010,ep,f,0-14,7,Extrapulmonary
Lao People's Democratic Republic,2010,ep,f,15-24,13,Extrapulmonary
Lao People's Democratic Republic,2010,ep,f,25-34,19,Extrapulmonary
Lao People's Democratic Republic,2010,ep,f,35-44,30,Extrapulmonary
Lao People's Democratic Republic,2010,ep,f,45-54,20,Extrapulmonary
Lao People's Democratic Republic,2010,ep,f,55-64,12,Extrapulmonary
Lao People's Democratic Republic,2010,ep,f,65+,22,Extrapulmonary
Lao People's Democratic Republic,2011,sp,m,0-14,8,Smear Positive
Lao People's Democratic Republic,2011,sp,m,15-24,145,Smear Positive
Lao People's Democratic Republic,2011,sp,m,25-34,275,Smear Positive
Lao People's Democratic Republic,2011,sp,m,35-44,323,Smear Positive
Lao People's Democratic Republic,2011,sp,m,45-54,474,Smear Positive
Lao People's Democratic Republic,2011,sp,m,55-64,416,Smear Positive
Lao People's Democratic Republic,2011,sp,m,65+,375,Smear Positive
Lao People's Democratic Republic,2011,sp,f,0-14,14,Smear Positive
Lao People's Democratic Republic,2011,sp,f,15-24,141,Smear Positive
Lao People's Democratic Republic,2011,sp,f,25-34,204,Smear Positive
Lao People's Democratic Republic,2011,sp,f,35-44,208,Smear Positive
Lao People's Democratic Republic,2011,sp,f,45-54,267,Smear Positive
Lao People's Democratic Republic,2011,sp,f,55-64,215,Smear Positive
Lao People's Democratic Republic,2011,sp,f,65+,206,Smear Positive
Lao People's Democratic Republic,2011,sn,m,0-14,5,Smear Negative
Lao People's Democratic Republic,2011,sn,m,15-24,20,Smear Negative
Lao People's Democratic Republic,2011,sn,m,25-34,47,Smear Negative
Lao People's Democratic Republic,2011,sn,m,35-44,46,Smear Negative
Lao People's Democratic Republic,2011,sn,m,45-54,59,Smear Negative
Lao People's Democratic Republic,2011,sn,m,55-64,61,Smear Negative
Lao People's Democratic Republic,2011,sn,m,65+,68,Smear Negative
Lao People's Democratic Republic,2011,sn,f,0-14,4,Smear Negative
Lao People's Democratic Republic,2011,sn,f,15-24,23,Smear Negative
Lao People's Democratic Republic,2011,sn,f,25-34,45,Smear Negative
Lao People's Democratic Republic,2011,sn,f,35-44,33,Smear Negative
Lao People's Democratic Republic,2011,sn,f,45-54,33,Smear Negative
Lao People's Democratic Republic,2011,sn,f,55-64,27,Smear Negative
Lao People's Democratic Republic,2011,sn,f,65+,45,Smear Negative
Lao People's Democratic Republic,2011,ep,m,0-14,14,Extrapulmonary
Lao People's Democratic Republic,2011,ep,m,15-24,28,Extrapulmonary
Lao People's Democratic Republic,2011,ep,m,25-34,42,Extrapulmonary
Lao People's Democratic Republic,2011,ep,m,35-44,32,Extrapulmonary
Lao People's Democratic Republic,2011,ep,m,45-54,34,Extrapulmonary
Lao People's Democratic Republic,2011,ep,m,55-64,32,Extrapulmonary
Lao People's Democratic Republic,2011,ep,m,65+,24,Extrapulmonary
Lao People's Democratic Republic,2011,ep,f,0-14,7,Extrapulmonary
Lao People's Democratic Republic,2011,ep,f,15-24,19,Extrapulmonary
Lao People's Democratic Republic,2011,ep,f,25-34,39,Extrapulmonary
Lao People's Democratic Republic,2011,ep,f,35-44,24,Extrapulmonary
Lao People's Democratic Republic,2011,ep,f,45-54,25,Extrapulmonary
Lao People's Democratic Republic,2011,ep,f,55-64,10,Extrapulmonary
Lao People's Democratic Republic,2011,ep,f,65+,19,Extrapulmonary
Lao People's Democratic Republic,2012,sp,m,0-14,10,Smear Positive
Lao People's Democratic Republic,2012,sp,m,15-24,144,Smear Positive
Lao People's Democratic Republic,2012,sp,m,25-34,236,Smear Positive
Lao People's Democratic Republic,2012,sp,m,35-44,326,Smear Positive
Lao People's Democratic Republic,2012,sp,m,45-54,424,Smear Positive
Lao People's Democratic Republic,2012,sp,m,55-64,381,Smear Positive
Lao People's Democratic Republic,2012,sp,m,65+,365,Smear Positive
Lao People's Democratic Republic,2012,sp,f,0-14,11,Smear Positive
Lao People's Democratic Republic,2012,sp,f,15-24,119,Smear Positive
Lao People's Democratic Republic,2012,sp,f,25-34,197,Smear Positive
Lao People's Democratic Republic,2012,sp,f,35-44,192,Smear Positive
Lao People's Democratic Republic,2012,sp,f,45-54,246,Smear Positive
Lao People's Democratic Republic,2012,sp,f,55-64,210,Smear Positive
Lao People's Democratic Republic,2012,sp,f,65+,201,Smear Positive
Lao People's Democratic Republic,2012,sn,m,0-14,7,Smear Negative
Lao People's Democratic Republic,2012,sn,m,15-24,14,Smear Negative
Lao People's Democratic Republic,2012,sn,m,25-34,59,Smear Negative
Lao People's Democratic Republic,2012,sn,m,35-44,49,Smear Negative
Lao People's Democratic Republic,2012,sn,m,45-54,43,Smear Negative
Lao People's Democratic Republic,2012,sn,m,55-64,48,Smear Negative
Lao People's Democratic Republic,2012,sn,m,65+,70,Smear Negative
Lao People's Democratic Republic,2012,sn,f,0-14,14,Smear Negative
Lao People's Democratic Republic,2012,sn,f,15-24,14,Smear Negative
Lao People's Democratic Republic,2012,sn,f,25-34,47,Smear Negative
Lao People's Democratic Republic,2012,sn,f,35-44,24,Smear Negative
Lao People's Democratic Republic,2012,sn,f,45-54,27,Smear Negative
Lao People's Democratic Republic,2012,sn,f,55-64,29,Smear Negative
Lao People's Democratic Republic,2012,sn,f,65+,27,Smear Negative
Lao People's Democratic Republic,2012,ep,m,0-14,13,Extrapulmonary
Lao People's Democratic Republic,2012,ep,m,15-24,26,Extrapulmonary
Lao People's Democratic Republic,2012,ep,m,25-34,45,Extrapulmonary
Lao People's Democratic Republic,2012,ep,m,35-44,32,Extrapulmonary
Lao People's Democratic Republic,2012,ep,m,45-54,27,Extrapulmonary
Lao People's Democratic Republic,2012,ep,m,55-64,23,Extrapulmonary
Lao People's Democratic Republic,2012,ep,m,65+,26,Extrapulmonary
Lao People's Democratic Republic,2012,ep,f,0-14,12,Extrapulmonary
Lao People's Democratic Republic,2012,ep,f,15-24,25,Extrapulmonary
Lao People's Democratic Republic,2012,ep,f,25-34,39,Extrapulmonary
Lao People's Democratic Republic,2012,ep,f,35-44,30,Extrapulmonary
Lao People's Democratic Republic,2012,ep,f,45-54,19,Extrapulmonary
Lao People's Democratic Republic,2012,ep,f,55-64,15,Extrapulmonary
Lao People's Democratic Republic,2012,ep,f,65+,19,Extrapulmonary
Lao People's Democratic Republic,2013,rel,m,0-14,35,Relapse
Lao People's Democratic Republic,2013,rel,m,15-24,189,Relapse
Lao People's Democratic Republic,2013,rel,m,25-34,358,Relapse
Lao People's Democratic Republic,2013,rel,m,35-44,360,Relapse
Lao People's Democratic Republic,2013,rel,m,45-54,534,Relapse
Lao People's Democratic Republic,2013,rel,m,55-64,523,Relapse
Lao People's Democratic Republic,2013,rel,m,65+,456,Relapse
Lao People's Democratic Republic,2013,rel,f,0-14,37,Relapse
Lao People's Democratic Republic,2013,rel,f,15-24,152,Relapse
Lao People's Democratic Republic,2013,rel,f,25-34,243,Relapse
Lao People's Democratic Republic,2013,rel,f,35-44,246,Relapse
Lao People's Democratic Republic,2013,rel,f,45-54,307,Relapse
Lao People's Democratic Republic,2013,rel,f,55-64,258,Relapse
Lao People's Democratic Republic,2013,rel,f,65+,239,Relapse
Latvia,1995,sp,m,0-14,0,Smear Positive
Latvia,1995,sp,m,15-24,20,Smear Positive
Latvia,1995,sp,m,25-34,44,Smear Positive
Latvia,1995,sp,m,35-44,71,Smear Positive
Latvia,1995,sp,m,45-54,70,Smear Positive
Latvia,1995,sp,m,55-64,40,Smear Positive
Latvia,1995,sp,m,65+,30,Smear Positive
Latvia,1995,sp,f,0-14,0,Smear Positive
Latvia,1995,sp,f,15-24,22,Smear Positive
Latvia,1995,sp,f,25-34,49,Smear Positive
Latvia,1995,sp,f,35-44,55,Smear Positive
Latvia,1995,sp,f,45-54,47,Smear Positive
Latvia,1995,sp,f,55-64,27,Smear Positive
Latvia,1995,sp,f,65+,29,Smear Positive
Latvia,1996,sp,m,0-14,0,Smear Positive
Latvia,1996,sp,m,15-24,28,Smear Positive
Latvia,1996,sp,m,25-34,69,Smear Positive
Latvia,1996,sp,m,35-44,130,Smear Positive
Latvia,1996,sp,m,45-54,89,Smear Positive
Latvia,1996,sp,m,55-64,67,Smear Positive
Latvia,1996,sp,m,65+,42,Smear Positive
Latvia,1996,sp,f,0-14,0,Smear Positive
Latvia,1996,sp,f,15-24,32,Smear Positive
Latvia,1996,sp,f,25-34,39,Smear Positive
Latvia,1996,sp,f,35-44,31,Smear Positive
Latvia,1996,sp,f,45-54,22,Smear Positive
Latvia,1996,sp,f,55-64,10,Smear Positive
Latvia,1996,sp,f,65+,16,Smear Positive
Latvia,1997,sp,m,0-14,0,Smear Positive
Latvia,1997,sp,m,15-24,47,Smear Positive
Latvia,1997,sp,m,25-34,109,Smear Positive
Latvia,1997,sp,m,35-44,145,Smear Positive
Latvia,1997,sp,m,45-54,106,Smear Positive
Latvia,1997,sp,m,55-64,61,Smear Positive
Latvia,1997,sp,m,65+,29,Smear Positive
Latvia,1997,sp,f,0-14,1,Smear Positive
Latvia,1997,sp,f,15-24,27,Smear Positive
Latvia,1997,sp,f,25-34,22,Smear Positive
Latvia,1997,sp,f,35-44,37,Smear Positive
Latvia,1997,sp,f,45-54,20,Smear Positive
Latvia,1997,sp,f,55-64,16,Smear Positive
Latvia,1997,sp,f,65+,14,Smear Positive
Latvia,1998,sp,m,0-14,0,Smear Positive
Latvia,1998,sp,m,15-24,58,Smear Positive
Latvia,1998,sp,m,25-34,105,Smear Positive
Latvia,1998,sp,m,35-44,129,Smear Positive
Latvia,1998,sp,m,45-54,121,Smear Positive
Latvia,1998,sp,m,55-64,68,Smear Positive
Latvia,1998,sp,m,65+,35,Smear Positive
Latvia,1998,sp,f,0-14,1,Smear Positive
Latvia,1998,sp,f,15-24,24,Smear Positive
Latvia,1998,sp,f,25-34,45,Smear Positive
Latvia,1998,sp,f,35-44,26,Smear Positive
Latvia,1998,sp,f,45-54,23,Smear Positive
Latvia,1998,sp,f,55-64,15,Smear Positive
Latvia,1998,sp,f,65+,18,Smear Positive
Latvia,1999,sp,m,0-14,1,Smear Positive
Latvia,1999,sp,m,15-24,48,Smear Positive
Latvia,1999,sp,m,25-34,87,Smear Positive
Latvia,1999,sp,m,35-44,110,Smear Positive
Latvia,1999,sp,m,45-54,103,Smear Positive
Latvia,1999,sp,m,55-64,57,Smear Positive
Latvia,1999,sp,m,65+,30,Smear Positive
Latvia,1999,sp,f,0-14,2,Smear Positive
Latvia,1999,sp,f,15-24,28,Smear Positive
Latvia,1999,sp,f,25-34,24,Smear Positive
Latvia,1999,sp,f,35-44,40,Smear Positive
Latvia,1999,sp,f,45-54,29,Smear Positive
Latvia,1999,sp,f,55-64,11,Smear Positive
Latvia,1999,sp,f,65+,18,Smear Positive
Latvia,2000,sp,m,0-14,0,Smear Positive
Latvia,2000,sp,m,15-24,53,Smear Positive
Latvia,2000,sp,m,25-34,106,Smear Positive
Latvia,2000,sp,m,35-44,124,Smear Positive
Latvia,2000,sp,m,45-54,111,Smear Positive
Latvia,2000,sp,m,55-64,64,Smear Positive
Latvia,2000,sp,m,65+,34,Smear Positive
Latvia,2000,sp,f,0-14,2,Smear Positive
Latvia,2000,sp,f,15-24,25,Smear Positive
Latvia,2000,sp,f,25-34,41,Smear Positive
Latvia,2000,sp,f,35-44,27,Smear Positive
Latvia,2000,sp,f,45-54,28,Smear Positive
Latvia,2000,sp,f,55-64,7,Smear Positive
Latvia,2000,sp,f,65+,15,Smear Positive
Latvia,2001,sp,m,0-14,0,Smear Positive
Latvia,2001,sp,m,15-24,48,Smear Positive
Latvia,2001,sp,m,25-34,109,Smear Positive
Latvia,2001,sp,m,35-44,138,Smear Positive
Latvia,2001,sp,m,45-54,101,Smear Positive
Latvia,2001,sp,m,55-64,64,Smear Positive
Latvia,2001,sp,m,65+,32,Smear Positive
Latvia,2001,sp,f,0-14,2,Smear Positive
Latvia,2001,sp,f,15-24,24,Smear Positive
Latvia,2001,sp,f,25-34,33,Smear Positive
Latvia,2001,sp,f,35-44,41,Smear Positive
Latvia,2001,sp,f,45-54,31,Smear Positive
Latvia,2001,sp,f,55-64,18,Smear Positive
Latvia,2001,sp,f,65+,20,Smear Positive
Latvia,2002,sp,m,0-14,0,Smear Positive
Latvia,2002,sp,m,15-24,32,Smear Positive
Latvia,2002,sp,m,25-34,98,Smear Positive
Latvia,2002,sp,m,35-44,123,Smear Positive
Latvia,2002,sp,m,45-54,121,Smear Positive
Latvia,2002,sp,m,55-64,64,Smear Positive
Latvia,2002,sp,m,65+,26,Smear Positive
Latvia,2002,sp,f,0-14,0,Smear Positive
Latvia,2002,sp,f,15-24,37,Smear Positive
Latvia,2002,sp,f,25-34,42,Smear Positive
Latvia,2002,sp,f,35-44,37,Smear Positive
Latvia,2002,sp,f,45-54,23,Smear Positive
Latvia,2002,sp,f,55-64,11,Smear Positive
Latvia,2002,sp,f,65+,22,Smear Positive
Latvia,2003,sp,m,0-14,0,Smear Positive
Latvia,2003,sp,m,15-24,36,Smear Positive
Latvia,2003,sp,m,25-34,74,Smear Positive
Latvia,2003,sp,m,35-44,141,Smear Positive
Latvia,2003,sp,m,45-54,106,Smear Positive
Latvia,2003,sp,m,55-64,59,Smear Positive
Latvia,2003,sp,m,65+,32,Smear Positive
Latvia,2003,sp,f,0-14,0,Smear Positive
Latvia,2003,sp,f,15-24,31,Smear Positive
Latvia,2003,sp,f,25-34,42,Smear Positive
Latvia,2003,sp,f,35-44,42,Smear Positive
Latvia,2003,sp,f,45-54,35,Smear Positive
Latvia,2003,sp,f,55-64,17,Smear Positive
Latvia,2003,sp,f,65+,26,Smear Positive
Latvia,2004,sp,m,0-14,0,Smear Positive
Latvia,2004,sp,m,15-24,30,Smear Positive
Latvia,2004,sp,m,25-34,74,Smear Positive
Latvia,2004,sp,m,35-44,119,Smear Positive
Latvia,2004,sp,m,45-54,109,Smear Positive
Latvia,2004,sp,m,55-64,53,Smear Positive
Latvia,2004,sp,m,65+,38,Smear Positive
Latvia,2004,sp,f,0-14,2,Smear Positive
Latvia,2004,sp,f,15-24,29,Smear Positive
Latvia,2004,sp,f,25-34,32,Smear Positive
Latvia,2004,sp,f,35-44,36,Smear Positive
Latvia,2004,sp,f,45-54,29,Smear Positive
Latvia,2004,sp,f,55-64,12,Smear Positive
Latvia,2004,sp,f,65+,19,Smear Positive
Latvia,2005,sp,m,0-14,1,Smear Positive
Latvia,2005,sp,m,15-24,22,Smear Positive
Latvia,2005,sp,m,25-34,71,Smear Positive
Latvia,2005,sp,m,35-44,104,Smear Positive
Latvia,2005,sp,m,45-54,117,Smear Positive
Latvia,2005,sp,m,55-64,55,Smear Positive
Latvia,2005,sp,m,65+,34,Smear Positive
Latvia,2005,sp,f,0-14,0,Smear Positive
Latvia,2005,sp,f,15-24,17,Smear Positive
Latvia,2005,sp,f,25-34,31,Smear Positive
Latvia,2005,sp,f,35-44,31,Smear Positive
Latvia,2005,sp,f,45-54,23,Smear Positive
Latvia,2005,sp,f,55-64,18,Smear Positive
Latvia,2005,sp,f,65+,12,Smear Positive
Latvia,2006,sp,m,0-14,2,Smear Positive
Latvia,2006,sp,m,15-24,27,Smear Positive
Latvia,2006,sp,m,25-34,78,Smear Positive
Latvia,2006,sp,m,35-44,82,Smear Positive
Latvia,2006,sp,m,45-54,105,Smear Positive
Latvia,2006,sp,m,55-64,51,Smear Positive
Latvia,2006,sp,m,65+,26,Smear Positive
Latvia,2006,sp,f,0-14,0,Smear Positive
Latvia,2006,sp,f,15-24,17,Smear Positive
Latvia,2006,sp,f,25-34,27,Smear Positive
Latvia,2006,sp,f,35-44,33,Smear Positive
Latvia,2006,sp,f,45-54,28,Smear Positive
Latvia,2006,sp,f,55-64,9,Smear Positive
Latvia,2006,sp,f,65+,13,Smear Positive
Latvia,2006,sn,m,0-14,9,Smear Negative
Latvia,2006,sn,m,15-24,23,Smear Negative
Latvia,2006,sn,m,25-34,72,Smear Negative
Latvia,2006,sn,m,35-44,81,Smear Negative
Latvia,2006,sn,m,45-54,74,Smear Negative
Latvia,2006,sn,m,55-64,52,Smear Negative
Latvia,2006,sn,m,65+,31,Smear Negative
Latvia,2006,sn,f,0-14,7,Smear Negative
Latvia,2006,sn,f,15-24,17,Smear Negative
Latvia,2006,sn,f,25-34,42,Smear Negative
Latvia,2006,sn,f,35-44,49,Smear Negative
Latvia,2006,sn,f,45-54,33,Smear Negative
Latvia,2006,sn,f,55-64,8,Smear Negative
Latvia,2006,sn,f,65+,24,Smear Negative
Latvia,2006,ep,m,0-14,26,Extrapulmonary
Latvia,2006,ep,m,15-24,6,Extrapulmonary
Latvia,2006,ep,m,25-34,7,Extrapulmonary
Latvia,2006,ep,m,35-44,7,Extrapulmonary
Latvia,2006,ep,m,45-54,4,Extrapulmonary
Latvia,2006,ep,m,55-64,5,Extrapulmonary
Latvia,2006,ep,m,65+,4,Extrapulmonary
Latvia,2006,ep,f,0-14,40,Extrapulmonary
Latvia,2006,ep,f,15-24,7,Extrapulmonary
Latvia,2006,ep,f,25-34,5,Extrapulmonary
Latvia,2006,ep,f,35-44,2,Extrapulmonary
Latvia,2006,ep,f,45-54,3,Extrapulmonary
Latvia,2006,ep,f,55-64,2,Extrapulmonary
Latvia,2006,ep,f,65+,6,Extrapulmonary
Latvia,2007,sp,m,15-24,33,Smear Positive
Latvia,2007,sp,m,25-34,65,Smear Positive
Latvia,2007,sp,m,35-44,93,Smear Positive
Latvia,2007,sp,m,45-54,102,Smear Positive
Latvia,2007,sp,m,55-64,49,Smear Positive
Latvia,2007,sp,m,65+,19,Smear Positive
Latvia,2007,sp,f,0-14,1,Smear Positive
Latvia,2007,sp,f,15-24,18,Smear Positive
Latvia,2007,sp,f,25-34,27,Smear Positive
Latvia,2007,sp,f,35-44,32,Smear Positive
Latvia,2007,sp,f,45-54,18,Smear Positive
Latvia,2007,sp,f,55-64,12,Smear Positive
Latvia,2007,sp,f,65+,9,Smear Positive
Latvia,2007,sn,m,0-14,0,Smear Negative
Latvia,2007,sn,m,15-24,29,Smear Negative
Latvia,2007,sn,m,25-34,70,Smear Negative
Latvia,2007,sn,m,35-44,62,Smear Negative
Latvia,2007,sn,m,45-54,67,Smear Negative
Latvia,2007,sn,m,55-64,38,Smear Negative
Latvia,2007,sn,m,65+,30,Smear Negative
Latvia,2007,sn,f,0-14,4,Smear Negative
Latvia,2007,sn,f,15-24,25,Smear Negative
Latvia,2007,sn,f,25-34,38,Smear Negative
Latvia,2007,sn,f,35-44,35,Smear Negative
Latvia,2007,sn,f,45-54,29,Smear Negative
Latvia,2007,sn,f,55-64,16,Smear Negative
Latvia,2007,sn,f,65+,21,Smear Negative
Latvia,2007,ep,m,0-14,50,Extrapulmonary
Latvia,2007,ep,m,15-24,14,Extrapulmonary
Latvia,2007,ep,m,25-34,24,Extrapulmonary
Latvia,2007,ep,m,35-44,12,Extrapulmonary
Latvia,2007,ep,m,45-54,18,Extrapulmonary
Latvia,2007,ep,m,55-64,12,Extrapulmonary
Latvia,2007,ep,m,65+,14,Extrapulmonary
Latvia,2007,ep,f,0-14,54,Extrapulmonary
Latvia,2007,ep,f,15-24,10,Extrapulmonary
Latvia,2007,ep,f,25-34,12,Extrapulmonary
Latvia,2007,ep,f,35-44,10,Extrapulmonary
Latvia,2007,ep,f,45-54,16,Extrapulmonary
Latvia,2007,ep,f,55-64,10,Extrapulmonary
Latvia,2007,ep,f,65+,18,Extrapulmonary
Latvia,2008,sp,m,0-14,0,Smear Positive
Latvia,2008,sp,m,15-24,28,Smear Positive
Latvia,2008,sp,m,25-34,54,Smear Positive
Latvia,2008,sp,m,35-44,71,Smear Positive
Latvia,2008,sp,m,45-54,71,Smear Positive
Latvia,2008,sp,m,55-64,47,Smear Positive
Latvia,2008,sp,m,65+,27,Smear Positive
Latvia,2008,sp,f,0-14,0,Smear Positive
Latvia,2008,sp,f,15-24,11,Smear Positive
Latvia,2008,sp,f,25-34,23,Smear Positive
Latvia,2008,sp,f,35-44,26,Smear Positive
Latvia,2008,sp,f,45-54,21,Smear Positive
Latvia,2008,sp,f,55-64,9,Smear Positive
Latvia,2008,sp,f,65+,12,Smear Positive
Latvia,2008,sn,m,0-14,7,Smear Negative
Latvia,2008,sn,m,15-24,30,Smear Negative
Latvia,2008,sn,m,25-34,49,Smear Negative
Latvia,2008,sn,m,35-44,67,Smear Negative
Latvia,2008,sn,m,45-54,64,Smear Negative
Latvia,2008,sn,m,55-64,35,Smear Negative
Latvia,2008,sn,m,65+,34,Smear Negative
Latvia,2008,sn,f,0-14,6,Smear Negative
Latvia,2008,sn,f,15-24,15,Smear Negative
Latvia,2008,sn,f,25-34,30,Smear Negative
Latvia,2008,sn,f,35-44,29,Smear Negative
Latvia,2008,sn,f,45-54,15,Smear Negative
Latvia,2008,sn,f,55-64,10,Smear Negative
Latvia,2008,sn,f,65+,9,Smear Negative
Latvia,2008,ep,m,0-14,22,Extrapulmonary
Latvia,2008,ep,m,15-24,7,Extrapulmonary
Latvia,2008,ep,m,25-34,12,Extrapulmonary
Latvia,2008,ep,m,35-44,8,Extrapulmonary
Latvia,2008,ep,m,45-54,2,Extrapulmonary
Latvia,2008,ep,m,55-64,3,Extrapulmonary
Latvia,2008,ep,m,65+,6,Extrapulmonary
Latvia,2008,ep,f,0-14,13,Extrapulmonary
Latvia,2008,ep,f,15-24,3,Extrapulmonary
Latvia,2008,ep,f,25-34,9,Extrapulmonary
Latvia,2008,ep,f,35-44,6,Extrapulmonary
Latvia,2008,ep,f,45-54,5,Extrapulmonary
Latvia,2008,ep,f,55-64,6,Extrapulmonary
Latvia,2008,ep,f,65+,16,Extrapulmonary
Latvia,2009,sp,m,0-14,0,Smear Positive
Latvia,2009,sp,m,15-24,21,Smear Positive
Latvia,2009,sp,m,25-34,41,Smear Positive
Latvia,2009,sp,m,35-44,67,Smear Positive
Latvia,2009,sp,m,45-54,78,Smear Positive
Latvia,2009,sp,m,55-64,48,Smear Positive
Latvia,2009,sp,m,65+,20,Smear Positive
Latvia,2009,sp,f,0-14,0,Smear Positive
Latvia,2009,sp,f,15-24,12,Smear Positive
Latvia,2009,sp,f,25-34,17,Smear Positive
Latvia,2009,sp,f,35-44,20,Smear Positive
Latvia,2009,sp,f,45-54,20,Smear Positive
Latvia,2009,sp,f,55-64,9,Smear Positive
Latvia,2009,sp,f,65+,14,Smear Positive
Latvia,2009,sn,m,0-14,3,Smear Negative
Latvia,2009,sn,m,15-24,23,Smear Negative
Latvia,2009,sn,m,25-34,47,Smear Negative
Latvia,2009,sn,m,35-44,48,Smear Negative
Latvia,2009,sn,m,45-54,53,Smear Negative
Latvia,2009,sn,m,55-64,36,Smear Negative
Latvia,2009,sn,m,65+,29,Smear Negative
Latvia,2009,sn,f,0-14,11,Smear Negative
Latvia,2009,sn,f,15-24,27,Smear Negative
Latvia,2009,sn,f,25-34,36,Smear Negative
Latvia,2009,sn,f,35-44,24,Smear Negative
Latvia,2009,sn,f,45-54,15,Smear Negative
Latvia,2009,sn,f,55-64,14,Smear Negative
Latvia,2009,sn,f,65+,11,Smear Negative
Latvia,2009,ep,m,0-14,13,Extrapulmonary
Latvia,2009,ep,m,15-24,10,Extrapulmonary
Latvia,2009,ep,m,25-34,2,Extrapulmonary
Latvia,2009,ep,m,35-44,6,Extrapulmonary
Latvia,2009,ep,m,45-54,6,Extrapulmonary
Latvia,2009,ep,m,55-64,4,Extrapulmonary
Latvia,2009,ep,m,65+,4,Extrapulmonary
Latvia,2009,ep,f,0-14,13,Extrapulmonary
Latvia,2009,ep,f,15-24,6,Extrapulmonary
Latvia,2009,ep,f,25-34,4,Extrapulmonary
Latvia,2009,ep,f,35-44,1,Extrapulmonary
Latvia,2009,ep,f,45-54,3,Extrapulmonary
Latvia,2009,ep,f,55-64,2,Extrapulmonary
Latvia,2009,ep,f,65+,12,Extrapulmonary
Latvia,2010,sp,m,0-14,0,Smear Positive
Latvia,2010,sp,m,15-24,20,Smear Positive
Latvia,2010,sp,m,25-34,44,Smear Positive
Latvia,2010,sp,m,35-44,65,Smear Positive
Latvia,2010,sp,m,45-54,71,Smear Positive
Latvia,2010,sp,m,55-64,39,Smear Positive
Latvia,2010,sp,m,65+,15,Smear Positive
Latvia,2010,sp,f,0-14,0,Smear Positive
Latvia,2010,sp,f,15-24,6,Smear Positive
Latvia,2010,sp,f,25-34,19,Smear Positive
Latvia,2010,sp,f,35-44,25,Smear Positive
Latvia,2010,sp,f,45-54,12,Smear Positive
Latvia,2010,sp,f,55-64,10,Smear Positive
Latvia,2010,sp,f,65+,13,Smear Positive
Latvia,2010,sn,m,0-14,3,Smear Negative
Latvia,2010,sn,m,15-24,29,Smear Negative
Latvia,2010,sn,m,25-34,52,Smear Negative
Latvia,2010,sn,m,35-44,62,Smear Negative
Latvia,2010,sn,m,45-54,56,Smear Negative
Latvia,2010,sn,m,55-64,30,Smear Negative
Latvia,2010,sn,m,65+,15,Smear Negative
Latvia,2010,sn,f,0-14,8,Smear Negative
Latvia,2010,sn,f,15-24,29,Smear Negative
Latvia,2010,sn,f,25-34,36,Smear Negative
Latvia,2010,sn,f,35-44,35,Smear Negative
Latvia,2010,sn,f,45-54,14,Smear Negative
Latvia,2010,sn,f,55-64,18,Smear Negative
Latvia,2010,sn,f,65+,13,Smear Negative
Latvia,2010,ep,m,0-14,16,Extrapulmonary
Latvia,2010,ep,m,15-24,4,Extrapulmonary
Latvia,2010,ep,m,25-34,8,Extrapulmonary
Latvia,2010,ep,m,35-44,4,Extrapulmonary
Latvia,2010,ep,m,45-54,5,Extrapulmonary
Latvia,2010,ep,m,55-64,1,Extrapulmonary
Latvia,2010,ep,m,65+,4,Extrapulmonary
Latvia,2010,ep,f,0-14,18,Extrapulmonary
Latvia,2010,ep,f,15-24,2,Extrapulmonary
Latvia,2010,ep,f,25-34,6,Extrapulmonary
Latvia,2010,ep,f,35-44,5,Extrapulmonary
Latvia,2010,ep,f,45-54,1,Extrapulmonary
Latvia,2010,ep,f,55-64,3,Extrapulmonary
Latvia,2010,ep,f,65+,9,Extrapulmonary
Latvia,2011,sp,m,0-14,0,Smear Positive
Latvia,2011,sp,m,15-24,11,Smear Positive
Latvia,2011,sp,m,25-34,42,Smear Positive
Latvia,2011,sp,m,35-44,58,Smear Positive
Latvia,2011,sp,m,45-54,50,Smear Positive
Latvia,2011,sp,m,55-64,33,Smear Positive
Latvia,2011,sp,m,65+,18,Smear Positive
Latvia,2011,sp,f,0-14,0,Smear Positive
Latvia,2011,sp,f,15-24,7,Smear Positive
Latvia,2011,sp,f,25-34,16,Smear Positive
Latvia,2011,sp,f,35-44,19,Smear Positive
Latvia,2011,sp,f,45-54,14,Smear Positive
Latvia,2011,sp,f,55-64,12,Smear Positive
Latvia,2011,sp,f,65+,13,Smear Positive
Latvia,2011,sn,m,0-14,15,Smear Negative
Latvia,2011,sn,m,15-24,20,Smear Negative
Latvia,2011,sn,m,25-34,56,Smear Negative
Latvia,2011,sn,m,35-44,62,Smear Negative
Latvia,2011,sn,m,45-54,56,Smear Negative
Latvia,2011,sn,m,55-64,34,Smear Negative
Latvia,2011,sn,m,65+,14,Smear Negative
Latvia,2011,sn,f,0-14,10,Smear Negative
Latvia,2011,sn,f,15-24,31,Smear Negative
Latvia,2011,sn,f,25-34,32,Smear Negative
Latvia,2011,sn,f,35-44,30,Smear Negative
Latvia,2011,sn,f,45-54,20,Smear Negative
Latvia,2011,sn,f,55-64,16,Smear Negative
Latvia,2011,sn,f,65+,14,Smear Negative
Latvia,2011,ep,m,0-14,22,Extrapulmonary
Latvia,2011,ep,m,15-24,7,Extrapulmonary
Latvia,2011,ep,m,25-34,4,Extrapulmonary
Latvia,2011,ep,m,35-44,5,Extrapulmonary
Latvia,2011,ep,m,45-54,6,Extrapulmonary
Latvia,2011,ep,m,55-64,3,Extrapulmonary
Latvia,2011,ep,m,65+,3,Extrapulmonary
Latvia,2011,ep,f,0-14,14,Extrapulmonary
Latvia,2011,ep,f,15-24,2,Extrapulmonary
Latvia,2011,ep,f,25-34,4,Extrapulmonary
Latvia,2011,ep,f,35-44,3,Extrapulmonary
Latvia,2011,ep,f,45-54,2,Extrapulmonary
Latvia,2011,ep,f,55-64,6,Extrapulmonary
Latvia,2011,ep,f,65+,4,Extrapulmonary
Latvia,2012,sp,m,0-14,0,Smear Positive
Latvia,2012,sp,m,15-24,19,Smear Positive
Latvia,2012,sp,m,25-34,62,Smear Positive
Latvia,2012,sp,m,35-44,67,Smear Positive
Latvia,2012,sp,m,45-54,59,Smear Positive
Latvia,2012,sp,m,55-64,36,Smear Positive
Latvia,2012,sp,m,65+,15,Smear Positive
Latvia,2012,sp,f,0-14,1,Smear Positive
Latvia,2012,sp,f,15-24,14,Smear Positive
Latvia,2012,sp,f,25-34,15,Smear Positive
Latvia,2012,sp,f,35-44,14,Smear Positive
Latvia,2012,sp,f,45-54,16,Smear Positive
Latvia,2012,sp,f,55-64,15,Smear Positive
Latvia,2012,sp,f,65+,9,Smear Positive
Latvia,2012,sn,m,0-14,11,Smear Negative
Latvia,2012,sn,m,15-24,35,Smear Negative
Latvia,2012,sn,m,25-34,54,Smear Negative
Latvia,2012,sn,m,35-44,68,Smear Negative
Latvia,2012,sn,m,45-54,60,Smear Negative
Latvia,2012,sn,m,55-64,34,Smear Negative
Latvia,2012,sn,m,65+,19,Smear Negative
Latvia,2012,sn,f,0-14,14,Smear Negative
Latvia,2012,sn,f,15-24,25,Smear Negative
Latvia,2012,sn,f,25-34,35,Smear Negative
Latvia,2012,sn,f,35-44,26,Smear Negative
Latvia,2012,sn,f,45-54,28,Smear Negative
Latvia,2012,sn,f,55-64,14,Smear Negative
Latvia,2012,sn,f,65+,15,Smear Negative
Latvia,2012,ep,m,0-14,15,Extrapulmonary
Latvia,2012,ep,m,15-24,11,Extrapulmonary
Latvia,2012,ep,m,25-34,8,Extrapulmonary
Latvia,2012,ep,m,35-44,8,Extrapulmonary
Latvia,2012,ep,m,45-54,5,Extrapulmonary
Latvia,2012,ep,m,55-64,1,Extrapulmonary
Latvia,2012,ep,m,65+,9,Extrapulmonary
Latvia,2012,ep,f,0-14,15,Extrapulmonary
Latvia,2012,ep,f,15-24,5,Extrapulmonary
Latvia,2012,ep,f,25-34,3,Extrapulmonary
Latvia,2012,ep,f,35-44,2,Extrapulmonary
Latvia,2012,ep,f,45-54,9,Extrapulmonary
Latvia,2012,ep,f,55-64,1,Extrapulmonary
Latvia,2012,ep,f,65+,8,Extrapulmonary
Latvia,2013,rel,m,0-14,16,Relapse
Latvia,2013,rel,m,15-24,38,Relapse
Latvia,2013,rel,m,25-34,94,Relapse
Latvia,2013,rel,m,35-44,143,Relapse
Latvia,2013,rel,m,45-54,134,Relapse
Latvia,2013,rel,m,55-64,99,Relapse
Latvia,2013,rel,m,65+,54,Relapse
Latvia,2013,rel,f,0-14,29,Relapse
Latvia,2013,rel,f,15-24,34,Relapse
Latvia,2013,rel,f,25-34,58,Relapse
Latvia,2013,rel,f,35-44,53,Relapse
Latvia,2013,rel,f,45-54,43,Relapse
Latvia,2013,rel,f,55-64,40,Relapse
Latvia,2013,rel,f,65+,37,Relapse
Lebanon,1995,sp,m,0-14,3,Smear Positive
Lebanon,1995,sp,m,15-24,26,Smear Positive
Lebanon,1995,sp,m,25-34,32,Smear Positive
Lebanon,1995,sp,m,35-44,30,Smear Positive
Lebanon,1995,sp,m,45-54,16,Smear Positive
Lebanon,1995,sp,m,55-64,16,Smear Positive
Lebanon,1995,sp,m,65+,10,Smear Positive
Lebanon,1995,sp,f,0-14,1,Smear Positive
Lebanon,1995,sp,f,15-24,16,Smear Positive
Lebanon,1995,sp,f,25-34,18,Smear Positive
Lebanon,1995,sp,f,35-44,13,Smear Positive
Lebanon,1995,sp,f,45-54,8,Smear Positive
Lebanon,1995,sp,f,55-64,5,Smear Positive
Lebanon,1995,sp,f,65+,3,Smear Positive
Lebanon,1996,sp,m,0-14,4,Smear Positive
Lebanon,1996,sp,m,15-24,28,Smear Positive
Lebanon,1996,sp,m,25-34,41,Smear Positive
Lebanon,1996,sp,m,35-44,18,Smear Positive
Lebanon,1996,sp,m,45-54,12,Smear Positive
Lebanon,1996,sp,m,55-64,9,Smear Positive
Lebanon,1996,sp,m,65+,19,Smear Positive
Lebanon,1996,sp,f,0-14,4,Smear Positive
Lebanon,1996,sp,f,15-24,24,Smear Positive
Lebanon,1996,sp,f,25-34,13,Smear Positive
Lebanon,1996,sp,f,35-44,11,Smear Positive
Lebanon,1996,sp,f,45-54,5,Smear Positive
Lebanon,1996,sp,f,55-64,6,Smear Positive
Lebanon,1996,sp,f,65+,4,Smear Positive
Lebanon,1997,sp,m,0-14,1,Smear Positive
Lebanon,1997,sp,m,15-24,18,Smear Positive
Lebanon,1997,sp,m,25-34,33,Smear Positive
Lebanon,1997,sp,m,35-44,22,Smear Positive
Lebanon,1997,sp,m,45-54,19,Smear Positive
Lebanon,1997,sp,m,55-64,17,Smear Positive
Lebanon,1997,sp,m,65+,17,Smear Positive
Lebanon,1997,sp,f,0-14,3,Smear Positive
Lebanon,1997,sp,f,15-24,30,Smear Positive
Lebanon,1997,sp,f,25-34,20,Smear Positive
Lebanon,1997,sp,f,35-44,6,Smear Positive
Lebanon,1997,sp,f,45-54,7,Smear Positive
Lebanon,1997,sp,f,55-64,8,Smear Positive
Lebanon,1997,sp,f,65+,3,Smear Positive
Lebanon,1998,sp,m,0-14,1,Smear Positive
Lebanon,1998,sp,m,15-24,27,Smear Positive
Lebanon,1998,sp,m,25-34,33,Smear Positive
Lebanon,1998,sp,m,35-44,22,Smear Positive
Lebanon,1998,sp,m,45-54,19,Smear Positive
Lebanon,1998,sp,m,55-64,17,Smear Positive
Lebanon,1998,sp,m,65+,17,Smear Positive
Lebanon,1998,sp,f,0-14,3,Smear Positive
Lebanon,1998,sp,f,15-24,23,Smear Positive
Lebanon,1998,sp,f,25-34,20,Smear Positive
Lebanon,1998,sp,f,35-44,6,Smear Positive
Lebanon,1998,sp,f,45-54,7,Smear Positive
Lebanon,1998,sp,f,55-64,8,Smear Positive
Lebanon,1998,sp,f,65+,3,Smear Positive
Lebanon,1999,sp,m,0-14,3,Smear Positive
Lebanon,1999,sp,m,15-24,27,Smear Positive
Lebanon,1999,sp,m,25-34,44,Smear Positive
Lebanon,1999,sp,m,35-44,35,Smear Positive
Lebanon,1999,sp,m,45-54,17,Smear Positive
Lebanon,1999,sp,m,55-64,17,Smear Positive
Lebanon,1999,sp,m,65+,11,Smear Positive
Lebanon,1999,sp,f,0-14,1,Smear Positive
Lebanon,1999,sp,f,15-24,33,Smear Positive
Lebanon,1999,sp,f,25-34,26,Smear Positive
Lebanon,1999,sp,f,35-44,17,Smear Positive
Lebanon,1999,sp,f,45-54,6,Smear Positive
Lebanon,1999,sp,f,55-64,9,Smear Positive
Lebanon,1999,sp,f,65+,3,Smear Positive
Lebanon,2000,sp,m,0-14,5,Smear Positive
Lebanon,2000,sp,m,15-24,16,Smear Positive
Lebanon,2000,sp,m,25-34,28,Smear Positive
Lebanon,2000,sp,m,35-44,20,Smear Positive
Lebanon,2000,sp,m,45-54,15,Smear Positive
Lebanon,2000,sp,m,55-64,17,Smear Positive
Lebanon,2000,sp,m,65+,14,Smear Positive
Lebanon,2000,sp,f,0-14,4,Smear Positive
Lebanon,2000,sp,f,15-24,31,Smear Positive
Lebanon,2000,sp,f,25-34,26,Smear Positive
Lebanon,2000,sp,f,35-44,9,Smear Positive
Lebanon,2000,sp,f,45-54,7,Smear Positive
Lebanon,2000,sp,f,55-64,4,Smear Positive
Lebanon,2000,sp,f,65+,6,Smear Positive
Lebanon,2001,sp,m,0-14,0,Smear Positive
Lebanon,2001,sp,m,15-24,22,Smear Positive
Lebanon,2001,sp,m,25-34,20,Smear Positive
Lebanon,2001,sp,m,35-44,18,Smear Positive
Lebanon,2001,sp,m,45-54,16,Smear Positive
Lebanon,2001,sp,m,55-64,8,Smear Positive
Lebanon,2001,sp,m,65+,8,Smear Positive
Lebanon,2001,sp,f,0-14,3,Smear Positive
Lebanon,2001,sp,f,15-24,25,Smear Positive
Lebanon,2001,sp,f,25-34,28,Smear Positive
Lebanon,2001,sp,f,35-44,7,Smear Positive
Lebanon,2001,sp,f,45-54,6,Smear Positive
Lebanon,2001,sp,f,55-64,4,Smear Positive
Lebanon,2001,sp,f,65+,5,Smear Positive
Lebanon,2002,sp,m,0-14,1,Smear Positive
Lebanon,2002,sp,m,15-24,19,Smear Positive
Lebanon,2002,sp,m,25-34,25,Smear Positive
Lebanon,2002,sp,m,35-44,14,Smear Positive
Lebanon,2002,sp,m,45-54,10,Smear Positive
Lebanon,2002,sp,m,55-64,7,Smear Positive
Lebanon,2002,sp,m,65+,9,Smear Positive
Lebanon,2002,sp,f,0-14,2,Smear Positive
Lebanon,2002,sp,f,15-24,17,Smear Positive
Lebanon,2002,sp,f,25-34,21,Smear Positive
Lebanon,2002,sp,f,35-44,8,Smear Positive
Lebanon,2002,sp,f,45-54,9,Smear Positive
Lebanon,2002,sp,f,55-64,3,Smear Positive
Lebanon,2002,sp,f,65+,3,Smear Positive
Lebanon,2003,sp,m,0-14,0,Smear Positive
Lebanon,2003,sp,m,15-24,19,Smear Positive
Lebanon,2003,sp,m,25-34,26,Smear Positive
Lebanon,2003,sp,m,35-44,22,Smear Positive
Lebanon,2003,sp,m,45-54,6,Smear Positive
Lebanon,2003,sp,m,55-64,5,Smear Positive
Lebanon,2003,sp,m,65+,7,Smear Positive
Lebanon,2003,sp,f,0-14,3,Smear Positive
Lebanon,2003,sp,f,15-24,14,Smear Positive
Lebanon,2003,sp,f,25-34,12,Smear Positive
Lebanon,2003,sp,f,35-44,9,Smear Positive
Lebanon,2003,sp,f,45-54,5,Smear Positive
Lebanon,2003,sp,f,55-64,2,Smear Positive
Lebanon,2003,sp,f,65+,4,Smear Positive
Lebanon,2004,sp,m,0-14,1,Smear Positive
Lebanon,2004,sp,m,15-24,11,Smear Positive
Lebanon,2004,sp,m,25-34,25,Smear Positive
Lebanon,2004,sp,m,35-44,18,Smear Positive
Lebanon,2004,sp,m,45-54,18,Smear Positive
Lebanon,2004,sp,m,55-64,8,Smear Positive
Lebanon,2004,sp,m,65+,6,Smear Positive
Lebanon,2004,sp,f,0-14,0,Smear Positive
Lebanon,2004,sp,f,15-24,18,Smear Positive
Lebanon,2004,sp,f,25-34,21,Smear Positive
Lebanon,2004,sp,f,35-44,10,Smear Positive
Lebanon,2004,sp,f,45-54,5,Smear Positive
Lebanon,2004,sp,f,55-64,1,Smear Positive
Lebanon,2004,sp,f,65+,4,Smear Positive
Lebanon,2005,sp,m,0-14,0,Smear Positive
Lebanon,2005,sp,m,15-24,12,Smear Positive
Lebanon,2005,sp,m,25-34,19,Smear Positive
Lebanon,2005,sp,m,35-44,15,Smear Positive
Lebanon,2005,sp,m,45-54,10,Smear Positive
Lebanon,2005,sp,m,55-64,12,Smear Positive
Lebanon,2005,sp,m,65+,8,Smear Positive
Lebanon,2005,sp,f,0-14,1,Smear Positive
Lebanon,2005,sp,f,15-24,25,Smear Positive
Lebanon,2005,sp,f,25-34,14,Smear Positive
Lebanon,2005,sp,f,35-44,8,Smear Positive
Lebanon,2005,sp,f,45-54,3,Smear Positive
Lebanon,2005,sp,f,55-64,3,Smear Positive
Lebanon,2005,sp,f,65+,1,Smear Positive
Lebanon,2006,sp,m,0-14,0,Smear Positive
Lebanon,2006,sp,m,15-24,11,Smear Positive
Lebanon,2006,sp,m,25-34,12,Smear Positive
Lebanon,2006,sp,m,35-44,18,Smear Positive
Lebanon,2006,sp,m,45-54,14,Smear Positive
Lebanon,2006,sp,m,55-64,10,Smear Positive
Lebanon,2006,sp,m,65+,8,Smear Positive
Lebanon,2006,sp,f,0-14,1,Smear Positive
Lebanon,2006,sp,f,15-24,16,Smear Positive
Lebanon,2006,sp,f,25-34,12,Smear Positive
Lebanon,2006,sp,f,35-44,5,Smear Positive
Lebanon,2006,sp,f,45-54,2,Smear Positive
Lebanon,2006,sp,f,55-64,2,Smear Positive
Lebanon,2006,sp,f,65+,1,Smear Positive
Lebanon,2006,sn,m,0-14,5,Smear Negative
Lebanon,2006,sn,m,15-24,10,Smear Negative
Lebanon,2006,sn,m,25-34,4,Smear Negative
Lebanon,2006,sn,m,35-44,8,Smear Negative
Lebanon,2006,sn,m,45-54,6,Smear Negative
Lebanon,2006,sn,m,55-64,4,Smear Negative
Lebanon,2006,sn,m,65+,8,Smear Negative
Lebanon,2006,sn,f,0-14,11,Smear Negative
Lebanon,2006,sn,f,15-24,11,Smear Negative
Lebanon,2006,sn,f,25-34,6,Smear Negative
Lebanon,2006,sn,f,35-44,7,Smear Negative
Lebanon,2006,sn,f,45-54,4,Smear Negative
Lebanon,2006,sn,f,55-64,3,Smear Negative
Lebanon,2006,sn,f,65+,3,Smear Negative
Lebanon,2006,ep,m,0-14,14,Extrapulmonary
Lebanon,2006,ep,m,15-24,11,Extrapulmonary
Lebanon,2006,ep,m,25-34,13,Extrapulmonary
Lebanon,2006,ep,m,35-44,14,Extrapulmonary
Lebanon,2006,ep,m,45-54,3,Extrapulmonary
Lebanon,2006,ep,m,55-64,9,Extrapulmonary
Lebanon,2006,ep,m,65+,5,Extrapulmonary
Lebanon,2006,ep,f,0-14,7,Extrapulmonary
Lebanon,2006,ep,f,15-24,19,Extrapulmonary
Lebanon,2006,ep,f,25-34,32,Extrapulmonary
Lebanon,2006,ep,f,35-44,15,Extrapulmonary
Lebanon,2006,ep,f,45-54,6,Extrapulmonary
Lebanon,2006,ep,f,55-64,8,Extrapulmonary
Lebanon,2006,ep,f,65+,26,Extrapulmonary
Lebanon,2007,sp,m,0-14,0,Smear Positive
Lebanon,2007,sp,m,15-24,12,Smear Positive
Lebanon,2007,sp,m,25-34,19,Smear Positive
Lebanon,2007,sp,m,35-44,13,Smear Positive
Lebanon,2007,sp,m,45-54,12,Smear Positive
Lebanon,2007,sp,m,55-64,11,Smear Positive
Lebanon,2007,sp,m,65+,5,Smear Positive
Lebanon,2007,sp,f,0-14,1,Smear Positive
Lebanon,2007,sp,f,15-24,17,Smear Positive
Lebanon,2007,sp,f,25-34,30,Smear Positive
Lebanon,2007,sp,f,35-44,13,Smear Positive
Lebanon,2007,sp,f,45-54,5,Smear Positive
Lebanon,2007,sp,f,55-64,3,Smear Positive
Lebanon,2007,sp,f,65+,2,Smear Positive
Lebanon,2007,sn,m,0-14,4,Smear Negative
Lebanon,2007,sn,m,15-24,12,Smear Negative
Lebanon,2007,sn,m,25-34,17,Smear Negative
Lebanon,2007,sn,m,35-44,10,Smear Negative
Lebanon,2007,sn,m,45-54,3,Smear Negative
Lebanon,2007,sn,m,55-64,3,Smear Negative
Lebanon,2007,sn,m,65+,6,Smear Negative
Lebanon,2007,sn,f,0-14,13,Smear Negative
Lebanon,2007,sn,f,15-24,17,Smear Negative
Lebanon,2007,sn,f,25-34,15,Smear Negative
Lebanon,2007,sn,f,35-44,8,Smear Negative
Lebanon,2007,sn,f,45-54,5,Smear Negative
Lebanon,2007,sn,f,55-64,4,Smear Negative
Lebanon,2007,sn,f,65+,1,Smear Negative
Lebanon,2007,ep,m,0-14,17,Extrapulmonary
Lebanon,2007,ep,m,15-24,25,Extrapulmonary
Lebanon,2007,ep,m,25-34,18,Extrapulmonary
Lebanon,2007,ep,m,35-44,8,Extrapulmonary
Lebanon,2007,ep,m,45-54,11,Extrapulmonary
Lebanon,2007,ep,m,55-64,5,Extrapulmonary
Lebanon,2007,ep,m,65+,7,Extrapulmonary
Lebanon,2007,ep,f,0-14,5,Extrapulmonary
Lebanon,2007,ep,f,15-24,34,Extrapulmonary
Lebanon,2007,ep,f,25-34,43,Extrapulmonary
Lebanon,2007,ep,f,35-44,14,Extrapulmonary
Lebanon,2007,ep,f,45-54,9,Extrapulmonary
Lebanon,2007,ep,f,55-64,10,Extrapulmonary
Lebanon,2007,ep,f,65+,6,Extrapulmonary
Lebanon,2008,sp,m,0-14,1,Smear Positive
Lebanon,2008,sp,m,15-24,9,Smear Positive
Lebanon,2008,sp,m,25-34,14,Smear Positive
Lebanon,2008,sp,m,35-44,12,Smear Positive
Lebanon,2008,sp,m,45-54,17,Smear Positive
Lebanon,2008,sp,m,55-64,14,Smear Positive
Lebanon,2008,sp,m,65+,6,Smear Positive
Lebanon,2008,sp,f,0-14,2,Smear Positive
Lebanon,2008,sp,f,15-24,24,Smear Positive
Lebanon,2008,sp,f,25-34,32,Smear Positive
Lebanon,2008,sp,f,35-44,15,Smear Positive
Lebanon,2008,sp,f,45-54,7,Smear Positive
Lebanon,2008,sp,f,55-64,3,Smear Positive
Lebanon,2008,sp,f,65+,2,Smear Positive
Lebanon,2008,sn,m,0-14,8,Smear Negative
Lebanon,2008,sn,m,15-24,4,Smear Negative
Lebanon,2008,sn,m,25-34,14,Smear Negative
Lebanon,2008,sn,m,35-44,7,Smear Negative
Lebanon,2008,sn,m,45-54,10,Smear Negative
Lebanon,2008,sn,m,55-64,14,Smear Negative
Lebanon,2008,sn,m,65+,3,Smear Negative
Lebanon,2008,sn,f,0-14,8,Smear Negative
Lebanon,2008,sn,f,15-24,25,Smear Negative
Lebanon,2008,sn,f,25-34,17,Smear Negative
Lebanon,2008,sn,f,35-44,6,Smear Negative
Lebanon,2008,sn,f,45-54,3,Smear Negative
Lebanon,2008,sn,f,55-64,0,Smear Negative
Lebanon,2008,sn,f,65+,4,Smear Negative
Lebanon,2008,ep,m,0-14,11,Extrapulmonary
Lebanon,2008,ep,m,15-24,21,Extrapulmonary
Lebanon,2008,ep,m,25-34,19,Extrapulmonary
Lebanon,2008,ep,m,35-44,15,Extrapulmonary
Lebanon,2008,ep,m,45-54,4,Extrapulmonary
Lebanon,2008,ep,m,55-64,5,Extrapulmonary
Lebanon,2008,ep,m,65+,18,Extrapulmonary
Lebanon,2008,ep,f,0-14,20,Extrapulmonary
Lebanon,2008,ep,f,15-24,38,Extrapulmonary
Lebanon,2008,ep,f,25-34,39,Extrapulmonary
Lebanon,2008,ep,f,35-44,24,Extrapulmonary
Lebanon,2008,ep,f,45-54,5,Extrapulmonary
Lebanon,2008,ep,f,55-64,2,Extrapulmonary
Lebanon,2008,ep,f,65+,10,Extrapulmonary
Lebanon,2009,sp,m,0-14,1,Smear Positive
Lebanon,2009,sp,m,15-24,12,Smear Positive
Lebanon,2009,sp,m,25-34,22,Smear Positive
Lebanon,2009,sp,m,35-44,13,Smear Positive
Lebanon,2009,sp,m,45-54,9,Smear Positive
Lebanon,2009,sp,m,55-64,12,Smear Positive
Lebanon,2009,sp,m,65+,7,Smear Positive
Lebanon,2009,sp,f,0-14,2,Smear Positive
Lebanon,2009,sp,f,15-24,28,Smear Positive
Lebanon,2009,sp,f,25-34,40,Smear Positive
Lebanon,2009,sp,f,35-44,14,Smear Positive
Lebanon,2009,sp,f,45-54,2,Smear Positive
Lebanon,2009,sp,f,55-64,8,Smear Positive
Lebanon,2009,sp,f,65+,9,Smear Positive
Lebanon,2009,sn,m,0-14,6,Smear Negative
Lebanon,2009,sn,m,15-24,4,Smear Negative
Lebanon,2009,sn,m,25-34,6,Smear Negative
Lebanon,2009,sn,m,35-44,8,Smear Negative
Lebanon,2009,sn,m,45-54,7,Smear Negative
Lebanon,2009,sn,m,55-64,6,Smear Negative
Lebanon,2009,sn,m,65+,4,Smear Negative
Lebanon,2009,sn,f,0-14,2,Smear Negative
Lebanon,2009,sn,f,15-24,13,Smear Negative
Lebanon,2009,sn,f,25-34,21,Smear Negative
Lebanon,2009,sn,f,35-44,10,Smear Negative
Lebanon,2009,sn,f,45-54,5,Smear Negative
Lebanon,2009,sn,f,55-64,2,Smear Negative
Lebanon,2009,sn,f,65+,0,Smear Negative
Lebanon,2009,ep,m,0-14,4,Extrapulmonary
Lebanon,2009,ep,m,15-24,17,Extrapulmonary
Lebanon,2009,ep,m,25-34,14,Extrapulmonary
Lebanon,2009,ep,m,35-44,13,Extrapulmonary
Lebanon,2009,ep,m,45-54,10,Extrapulmonary
Lebanon,2009,ep,m,55-64,9,Extrapulmonary
Lebanon,2009,ep,m,65+,15,Extrapulmonary
Lebanon,2009,ep,f,0-14,23,Extrapulmonary
Lebanon,2009,ep,f,15-24,36,Extrapulmonary
Lebanon,2009,ep,f,25-34,33,Extrapulmonary
Lebanon,2009,ep,f,35-44,17,Extrapulmonary
Lebanon,2009,ep,f,45-54,9,Extrapulmonary
Lebanon,2009,ep,f,55-64,6,Extrapulmonary
Lebanon,2009,ep,f,65+,12,Extrapulmonary
Lebanon,2010,sp,m,0-14,1,Smear Positive
Lebanon,2010,sp,m,15-24,8,Smear Positive
Lebanon,2010,sp,m,25-34,21,Smear Positive
Lebanon,2010,sp,m,35-44,15,Smear Positive
Lebanon,2010,sp,m,45-54,12,Smear Positive
Lebanon,2010,sp,m,55-64,12,Smear Positive
Lebanon,2010,sp,m,65+,10,Smear Positive
Lebanon,2010,sp,f,0-14,0,Smear Positive
Lebanon,2010,sp,f,15-24,36,Smear Positive
Lebanon,2010,sp,f,25-34,48,Smear Positive
Lebanon,2010,sp,f,35-44,17,Smear Positive
Lebanon,2010,sp,f,45-54,7,Smear Positive
Lebanon,2010,sp,f,55-64,4,Smear Positive
Lebanon,2010,sp,f,65+,3,Smear Positive
Lebanon,2010,sn,m,0-14,9,Smear Negative
Lebanon,2010,sn,m,15-24,5,Smear Negative
Lebanon,2010,sn,m,25-34,9,Smear Negative
Lebanon,2010,sn,m,35-44,7,Smear Negative
Lebanon,2010,sn,m,45-54,7,Smear Negative
Lebanon,2010,sn,m,55-64,4,Smear Negative
Lebanon,2010,sn,m,65+,3,Smear Negative
Lebanon,2010,sn,f,0-14,5,Smear Negative
Lebanon,2010,sn,f,15-24,14,Smear Negative
Lebanon,2010,sn,f,25-34,18,Smear Negative
Lebanon,2010,sn,f,35-44,7,Smear Negative
Lebanon,2010,sn,f,45-54,5,Smear Negative
Lebanon,2010,sn,f,55-64,4,Smear Negative
Lebanon,2010,sn,f,65+,2,Smear Negative
Lebanon,2010,ep,m,0-14,14,Extrapulmonary
Lebanon,2010,ep,m,15-24,14,Extrapulmonary
Lebanon,2010,ep,m,25-34,18,Extrapulmonary
Lebanon,2010,ep,m,35-44,6,Extrapulmonary
Lebanon,2010,ep,m,45-54,8,Extrapulmonary
Lebanon,2010,ep,m,55-64,6,Extrapulmonary
Lebanon,2010,ep,m,65+,12,Extrapulmonary
Lebanon,2010,ep,f,0-14,14,Extrapulmonary
Lebanon,2010,ep,f,15-24,29,Extrapulmonary
Lebanon,2010,ep,f,25-34,32,Extrapulmonary
Lebanon,2010,ep,f,35-44,18,Extrapulmonary
Lebanon,2010,ep,f,45-54,12,Extrapulmonary
Lebanon,2010,ep,f,55-64,11,Extrapulmonary
Lebanon,2010,ep,f,65+,16,Extrapulmonary
Lebanon,2011,sp,m,0-14,1,Smear Positive
Lebanon,2011,sp,m,15-24,14,Smear Positive
Lebanon,2011,sp,m,25-34,18,Smear Positive
Lebanon,2011,sp,m,35-44,13,Smear Positive
Lebanon,2011,sp,m,45-54,15,Smear Positive
Lebanon,2011,sp,m,55-64,6,Smear Positive
Lebanon,2011,sp,m,65+,8,Smear Positive
Lebanon,2011,sp,f,0-14,0,Smear Positive
Lebanon,2011,sp,f,15-24,37,Smear Positive
Lebanon,2011,sp,f,25-34,51,Smear Positive
Lebanon,2011,sp,f,35-44,12,Smear Positive
Lebanon,2011,sp,f,45-54,9,Smear Positive
Lebanon,2011,sp,f,55-64,1,Smear Positive
Lebanon,2011,sp,f,65+,3,Smear Positive
Lebanon,2011,sn,m,0-14,3,Smear Negative
Lebanon,2011,sn,m,15-24,7,Smear Negative
Lebanon,2011,sn,m,25-34,11,Smear Negative
Lebanon,2011,sn,m,35-44,10,Smear Negative
Lebanon,2011,sn,m,45-54,10,Smear Negative
Lebanon,2011,sn,m,55-64,2,Smear Negative
Lebanon,2011,sn,m,65+,3,Smear Negative
Lebanon,2011,sn,f,0-14,2,Smear Negative
Lebanon,2011,sn,f,15-24,13,Smear Negative
Lebanon,2011,sn,f,25-34,27,Smear Negative
Lebanon,2011,sn,f,35-44,4,Smear Negative
Lebanon,2011,sn,f,45-54,5,Smear Negative
Lebanon,2011,sn,f,55-64,3,Smear Negative
Lebanon,2011,sn,f,65+,1,Smear Negative
Lebanon,2011,ep,m,0-14,9,Extrapulmonary
Lebanon,2011,ep,m,15-24,11,Extrapulmonary
Lebanon,2011,ep,m,25-34,15,Extrapulmonary
Lebanon,2011,ep,m,35-44,7,Extrapulmonary
Lebanon,2011,ep,m,45-54,9,Extrapulmonary
Lebanon,2011,ep,m,55-64,9,Extrapulmonary
Lebanon,2011,ep,m,65+,5,Extrapulmonary
Lebanon,2011,ep,f,0-14,11,Extrapulmonary
Lebanon,2011,ep,f,15-24,44,Extrapulmonary
Lebanon,2011,ep,f,25-34,50,Extrapulmonary
Lebanon,2011,ep,f,35-44,15,Extrapulmonary
Lebanon,2011,ep,f,45-54,12,Extrapulmonary
Lebanon,2011,ep,f,55-64,6,Extrapulmonary
Lebanon,2011,ep,f,65+,6,Extrapulmonary
Lebanon,2012,sp,m,0-14,2,Smear Positive
Lebanon,2012,sp,m,15-24,18,Smear Positive
Lebanon,2012,sp,m,25-34,21,Smear Positive
Lebanon,2012,sp,m,35-44,13,Smear Positive
Lebanon,2012,sp,m,45-54,14,Smear Positive
Lebanon,2012,sp,m,55-64,12,Smear Positive
Lebanon,2012,sp,m,65+,6,Smear Positive
Lebanon,2012,sp,f,0-14,2,Smear Positive
Lebanon,2012,sp,f,15-24,48,Smear Positive
Lebanon,2012,sp,f,25-34,72,Smear Positive
Lebanon,2012,sp,f,35-44,16,Smear Positive
Lebanon,2012,sp,f,45-54,9,Smear Positive
Lebanon,2012,sp,f,55-64,4,Smear Positive
Lebanon,2012,sp,f,65+,3,Smear Positive
Lebanon,2012,sn,m,0-14,8,Smear Negative
Lebanon,2012,sn,m,15-24,7,Smear Negative
Lebanon,2012,sn,m,25-34,8,Smear Negative
Lebanon,2012,sn,m,35-44,8,Smear Negative
Lebanon,2012,sn,m,45-54,6,Smear Negative
Lebanon,2012,sn,m,55-64,3,Smear Negative
Lebanon,2012,sn,m,65+,5,Smear Negative
Lebanon,2012,sn,f,0-14,6,Smear Negative
Lebanon,2012,sn,f,15-24,22,Smear Negative
Lebanon,2012,sn,f,25-34,33,Smear Negative
Lebanon,2012,sn,f,35-44,8,Smear Negative
Lebanon,2012,sn,f,45-54,8,Smear Negative
Lebanon,2012,sn,f,55-64,4,Smear Negative
Lebanon,2012,sn,f,65+,5,Smear Negative
Lebanon,2012,ep,m,0-14,9,Extrapulmonary
Lebanon,2012,ep,m,15-24,16,Extrapulmonary
Lebanon,2012,ep,m,25-34,21,Extrapulmonary
Lebanon,2012,ep,m,35-44,6,Extrapulmonary
Lebanon,2012,ep,m,45-54,12,Extrapulmonary
Lebanon,2012,ep,m,55-64,7,Extrapulmonary
Lebanon,2012,ep,m,65+,8,Extrapulmonary
Lebanon,2012,ep,f,0-14,18,Extrapulmonary
Lebanon,2012,ep,f,15-24,41,Extrapulmonary
Lebanon,2012,ep,f,25-34,61,Extrapulmonary
Lebanon,2012,ep,f,35-44,19,Extrapulmonary
Lebanon,2012,ep,f,45-54,18,Extrapulmonary
Lebanon,2012,ep,f,55-64,7,Extrapulmonary
Lebanon,2012,ep,f,65+,7,Extrapulmonary
Lebanon,2013,rel,m,0-14,31,Relapse
Lebanon,2013,rel,m,15-24,46,Relapse
Lebanon,2013,rel,m,25-34,71,Relapse
Lebanon,2013,rel,m,35-44,50,Relapse
Lebanon,2013,rel,m,45-54,32,Relapse
Lebanon,2013,rel,m,55-64,27,Relapse
Lebanon,2013,rel,m,65+,25,Relapse
Lebanon,2013,rel,f,0-14,21,Relapse
Lebanon,2013,rel,f,15-24,108,Relapse
Lebanon,2013,rel,f,25-34,158,Relapse
Lebanon,2013,rel,f,35-44,44,Relapse
Lebanon,2013,rel,f,45-54,39,Relapse
Lebanon,2013,rel,f,55-64,13,Relapse
Lebanon,2013,rel,f,65+,16,Relapse
Lesotho,1995,sp,m,0-14,9,Smear Positive
Lesotho,1995,sp,m,15-24,108,Smear Positive
Lesotho,1995,sp,m,25-34,214,Smear Positive
Lesotho,1995,sp,m,35-44,256,Smear Positive
Lesotho,1995,sp,m,45-54,189,Smear Positive
Lesotho,1995,sp,m,55-64,96,Smear Positive
Lesotho,1995,sp,m,65+,88,Smear Positive
Lesotho,1995,sp,f,0-14,14,Smear Positive
Lesotho,1995,sp,f,15-24,106,Smear Positive
Lesotho,1995,sp,f,25-34,125,Smear Positive
Lesotho,1995,sp,f,35-44,71,Smear Positive
Lesotho,1995,sp,f,45-54,49,Smear Positive
Lesotho,1995,sp,f,55-64,17,Smear Positive
Lesotho,1995,sp,f,65+,19,Smear Positive
Lesotho,1996,sp,m,0-14,12,Smear Positive
Lesotho,1996,sp,m,15-24,123,Smear Positive
Lesotho,1996,sp,m,25-34,272,Smear Positive
Lesotho,1996,sp,m,35-44,367,Smear Positive
Lesotho,1996,sp,m,45-54,223,Smear Positive
Lesotho,1996,sp,m,55-64,149,Smear Positive
Lesotho,1996,sp,m,65+,87,Smear Positive
Lesotho,1996,sp,f,0-14,7,Smear Positive
Lesotho,1996,sp,f,15-24,164,Smear Positive
Lesotho,1996,sp,f,25-34,189,Smear Positive
Lesotho,1996,sp,f,35-44,94,Smear Positive
Lesotho,1996,sp,f,45-54,44,Smear Positive
Lesotho,1996,sp,f,55-64,29,Smear Positive
Lesotho,1996,sp,f,65+,28,Smear Positive
Lesotho,1997,sp,m,0-14,11,Smear Positive
Lesotho,1997,sp,m,15-24,180,Smear Positive
Lesotho,1997,sp,m,25-34,392,Smear Positive
Lesotho,1997,sp,m,35-44,463,Smear Positive
Lesotho,1997,sp,m,45-54,307,Smear Positive
Lesotho,1997,sp,m,55-64,173,Smear Positive
Lesotho,1997,sp,m,65+,69,Smear Positive
Lesotho,1997,sp,f,0-14,29,Smear Positive
Lesotho,1997,sp,f,15-24,216,Smear Positive
Lesotho,1997,sp,f,25-34,272,Smear Positive
Lesotho,1997,sp,f,35-44,152,Smear Positive
Lesotho,1997,sp,f,45-54,71,Smear Positive
Lesotho,1997,sp,f,55-64,40,Smear Positive
Lesotho,1997,sp,f,65+,23,Smear Positive
Lesotho,1998,sp,m,0-14,6,Smear Positive
Lesotho,1998,sp,m,15-24,190,Smear Positive
Lesotho,1998,sp,m,25-34,407,Smear Positive
Lesotho,1998,sp,m,35-44,488,Smear Positive
Lesotho,1998,sp,m,45-54,372,Smear Positive
Lesotho,1998,sp,m,55-64,190,Smear Positive
Lesotho,1998,sp,m,65+,87,Smear Positive
Lesotho,1998,sp,f,0-14,10,Smear Positive
Lesotho,1998,sp,f,15-24,200,Smear Positive
Lesotho,1998,sp,f,25-34,283,Smear Positive
Lesotho,1998,sp,f,35-44,125,Smear Positive
Lesotho,1998,sp,f,45-54,65,Smear Positive
Lesotho,1998,sp,f,55-64,30,Smear Positive
Lesotho,1998,sp,f,65+,23,Smear Positive
Lesotho,2000,sp,m,0-14,8,Smear Positive
Lesotho,2000,sp,m,15-24,165,Smear Positive
Lesotho,2000,sp,m,25-34,458,Smear Positive
Lesotho,2000,sp,m,35-44,517,Smear Positive
Lesotho,2000,sp,m,45-54,395,Smear Positive
Lesotho,2000,sp,m,55-64,198,Smear Positive
Lesotho,2000,sp,m,65+,76,Smear Positive
Lesotho,2000,sp,f,0-14,11,Smear Positive
Lesotho,2000,sp,f,15-24,222,Smear Positive
Lesotho,2000,sp,f,25-34,336,Smear Positive
Lesotho,2000,sp,f,35-44,195,Smear Positive
Lesotho,2000,sp,f,45-54,83,Smear Positive
Lesotho,2000,sp,f,55-64,36,Smear Positive
Lesotho,2000,sp,f,65+,29,Smear Positive
Lesotho,2002,sp,m,0-14,10,Smear Positive
Lesotho,2002,sp,m,15-24,218,Smear Positive
Lesotho,2002,sp,m,25-34,547,Smear Positive
Lesotho,2002,sp,m,35-44,535,Smear Positive
Lesotho,2002,sp,m,45-54,347,Smear Positive
Lesotho,2002,sp,m,55-64,211,Smear Positive
Lesotho,2002,sp,m,65+,80,Smear Positive
Lesotho,2002,sp,f,0-14,14,Smear Positive
Lesotho,2002,sp,f,15-24,304,Smear Positive
Lesotho,2002,sp,f,25-34,447,Smear Positive
Lesotho,2002,sp,f,35-44,207,Smear Positive
Lesotho,2002,sp,f,45-54,125,Smear Positive
Lesotho,2002,sp,f,55-64,41,Smear Positive
Lesotho,2002,sp,f,65+,17,Smear Positive
Lesotho,2003,sp,m,0-14,10,Smear Positive
Lesotho,2003,sp,m,15-24,219,Smear Positive
Lesotho,2003,sp,m,25-34,614,Smear Positive
Lesotho,2003,sp,m,35-44,592,Smear Positive
Lesotho,2003,sp,m,45-54,466,Smear Positive
Lesotho,2003,sp,m,55-64,219,Smear Positive
Lesotho,2003,sp,m,65+,83,Smear Positive
Lesotho,2003,sp,f,0-14,32,Smear Positive
Lesotho,2003,sp,f,15-24,328,Smear Positive
Lesotho,2003,sp,f,25-34,567,Smear Positive
Lesotho,2003,sp,f,35-44,313,Smear Positive
Lesotho,2003,sp,f,45-54,219,Smear Positive
Lesotho,2003,sp,f,55-64,59,Smear Positive
Lesotho,2003,sp,f,65+,33,Smear Positive
Lesotho,2004,sp,m,0-14,29,Smear Positive
Lesotho,2004,sp,m,15-24,286,Smear Positive
Lesotho,2004,sp,m,25-34,728,Smear Positive
Lesotho,2004,sp,m,35-44,696,Smear Positive
Lesotho,2004,sp,m,45-54,448,Smear Positive
Lesotho,2004,sp,m,55-64,206,Smear Positive
Lesotho,2004,sp,m,65+,78,Smear Positive
Lesotho,2004,sp,f,0-14,22,Smear Positive
Lesotho,2004,sp,f,15-24,459,Smear Positive
Lesotho,2004,sp,f,25-34,691,Smear Positive
Lesotho,2004,sp,f,35-44,364,Smear Positive
Lesotho,2004,sp,f,45-54,161,Smear Positive
Lesotho,2004,sp,f,55-64,68,Smear Positive
Lesotho,2004,sp,f,65+,36,Smear Positive
Lesotho,2005,sp,m,0-14,32,Smear Positive
Lesotho,2005,sp,m,15-24,395,Smear Positive
Lesotho,2005,sp,m,25-34,695,Smear Positive
Lesotho,2005,sp,m,35-44,397,Smear Positive
Lesotho,2005,sp,m,45-54,148,Smear Positive
Lesotho,2005,sp,m,55-64,82,Smear Positive
Lesotho,2005,sp,m,65+,37,Smear Positive
Lesotho,2005,sp,f,0-14,19,Smear Positive
Lesotho,2005,sp,f,15-24,226,Smear Positive
Lesotho,2005,sp,f,25-34,721,Smear Positive
Lesotho,2005,sp,f,35-44,616,Smear Positive
Lesotho,2005,sp,f,45-54,494,Smear Positive
Lesotho,2005,sp,f,55-64,297,Smear Positive
Lesotho,2005,sp,f,65+,121,Smear Positive
Lesotho,2006,sp,m,0-14,33,Smear Positive
Lesotho,2006,sp,m,15-24,228,Smear Positive
Lesotho,2006,sp,m,25-34,628,Smear Positive
Lesotho,2006,sp,m,35-44,550,Smear Positive
Lesotho,2006,sp,m,45-54,440,Smear Positive
Lesotho,2006,sp,m,55-64,218,Smear Positive
Lesotho,2006,sp,m,65+,49,Smear Positive
Lesotho,2006,sp,f,0-14,50,Smear Positive
Lesotho,2006,sp,f,15-24,370,Smear Positive
Lesotho,2006,sp,f,25-34,642,Smear Positive
Lesotho,2006,sp,f,35-44,430,Smear Positive
Lesotho,2006,sp,f,45-54,171,Smear Positive
Lesotho,2006,sp,f,55-64,90,Smear Positive
Lesotho,2006,sp,f,65+,125,Smear Positive
Lesotho,2007,sp,m,0-14,6,Smear Positive
Lesotho,2007,sp,m,15-24,32,Smear Positive
Lesotho,2007,sp,m,25-34,135,Smear Positive
Lesotho,2007,sp,m,35-44,73,Smear Positive
Lesotho,2007,sp,m,45-54,87,Smear Positive
Lesotho,2007,sp,m,55-64,52,Smear Positive
Lesotho,2007,sp,m,65+,28,Smear Positive
Lesotho,2007,sp,f,0-14,4,Smear Positive
Lesotho,2007,sp,f,15-24,78,Smear Positive
Lesotho,2007,sp,f,25-34,121,Smear Positive
Lesotho,2007,sp,f,35-44,106,Smear Positive
Lesotho,2007,sp,f,45-54,40,Smear Positive
Lesotho,2007,sp,f,55-64,13,Smear Positive
Lesotho,2007,sp,f,65+,13,Smear Positive
Lesotho,2008,sp,m,0-14,21,Smear Positive
Lesotho,2008,sp,m,15-24,223,Smear Positive
Lesotho,2008,sp,m,25-34,615,Smear Positive
Lesotho,2008,sp,m,35-44,542,Smear Positive
Lesotho,2008,sp,m,45-54,380,Smear Positive
Lesotho,2008,sp,m,55-64,242,Smear Positive
Lesotho,2008,sp,m,65+,138,Smear Positive
Lesotho,2008,sp,f,0-14,24,Smear Positive
Lesotho,2008,sp,f,15-24,343,Smear Positive
Lesotho,2008,sp,f,25-34,700,Smear Positive
Lesotho,2008,sp,f,35-44,358,Smear Positive
Lesotho,2008,sp,f,45-54,146,Smear Positive
Lesotho,2008,sp,f,55-64,76,Smear Positive
Lesotho,2008,sp,f,65+,54,Smear Positive
Lesotho,2009,sp,m,0-14,26,Smear Positive
Lesotho,2009,sp,m,15-24,217,Smear Positive
Lesotho,2009,sp,m,25-34,685,Smear Positive
Lesotho,2009,sp,m,35-44,549,Smear Positive
Lesotho,2009,sp,m,45-54,411,Smear Positive
Lesotho,2009,sp,m,55-64,257,Smear Positive
Lesotho,2009,sp,m,65+,118,Smear Positive
Lesotho,2009,sp,f,0-14,30,Smear Positive
Lesotho,2009,sp,f,15-24,326,Smear Positive
Lesotho,2009,sp,f,25-34,659,Smear Positive
Lesotho,2009,sp,f,35-44,409,Smear Positive
Lesotho,2009,sp,f,45-54,167,Smear Positive
Lesotho,2009,sp,f,55-64,79,Smear Positive
Lesotho,2009,sp,f,65+,43,Smear Positive
Lesotho,2009,sn,m,0-14,264,Smear Negative
Lesotho,2009,sn,m,15-24,245,Smear Negative
Lesotho,2009,sn,m,25-34,674,Smear Negative
Lesotho,2009,sn,m,35-44,634,Smear Negative
Lesotho,2009,sn,m,45-54,421,Smear Negative
Lesotho,2009,sn,m,55-64,348,Smear Negative
Lesotho,2009,sn,m,65+,213,Smear Negative
Lesotho,2009,sn,f,0-14,226,Smear Negative
Lesotho,2009,sn,f,15-24,293,Smear Negative
Lesotho,2009,sn,f,25-34,668,Smear Negative
Lesotho,2009,sn,f,35-44,494,Smear Negative
Lesotho,2009,sn,f,45-54,294,Smear Negative
Lesotho,2009,sn,f,55-64,183,Smear Negative
Lesotho,2009,sn,f,65+,126,Smear Negative
Lesotho,2009,ep,m,0-14,65,Extrapulmonary
Lesotho,2009,ep,m,15-24,116,Extrapulmonary
Lesotho,2009,ep,m,25-34,349,Extrapulmonary
Lesotho,2009,ep,m,35-44,298,Extrapulmonary
Lesotho,2009,ep,m,45-54,223,Extrapulmonary
Lesotho,2009,ep,m,55-64,150,Extrapulmonary
Lesotho,2009,ep,m,65+,102,Extrapulmonary
Lesotho,2009,ep,f,0-14,50,Extrapulmonary
Lesotho,2009,ep,f,15-24,169,Extrapulmonary
Lesotho,2009,ep,f,25-34,370,Extrapulmonary
Lesotho,2009,ep,f,35-44,287,Extrapulmonary
Lesotho,2009,ep,f,45-54,164,Extrapulmonary
Lesotho,2009,ep,f,55-64,92,Extrapulmonary
Lesotho,2009,ep,f,65+,51,Extrapulmonary
Lesotho,2010,sp,m,0-14,16,Smear Positive
Lesotho,2010,sp,m,15-24,222,Smear Positive
Lesotho,2010,sp,m,25-34,607,Smear Positive
Lesotho,2010,sp,m,35-44,497,Smear Positive
Lesotho,2010,sp,m,45-54,364,Smear Positive
Lesotho,2010,sp,m,55-64,244,Smear Positive
Lesotho,2010,sp,m,65+,133,Smear Positive
Lesotho,2010,sp,f,0-14,27,Smear Positive
Lesotho,2010,sp,f,15-24,283,Smear Positive
Lesotho,2010,sp,f,25-34,597,Smear Positive
Lesotho,2010,sp,f,35-44,329,Smear Positive
Lesotho,2010,sp,f,45-54,169,Smear Positive
Lesotho,2010,sp,f,55-64,64,Smear Positive
Lesotho,2010,sp,f,65+,48,Smear Positive
Lesotho,2010,sn,m,0-14,305,Smear Negative
Lesotho,2010,sn,m,15-24,217,Smear Negative
Lesotho,2010,sn,m,25-34,699,Smear Negative
Lesotho,2010,sn,m,35-44,670,Smear Negative
Lesotho,2010,sn,m,45-54,467,Smear Negative
Lesotho,2010,sn,m,55-64,340,Smear Negative
Lesotho,2010,sn,m,65+,279,Smear Negative
Lesotho,2010,sn,f,0-14,264,Smear Negative
Lesotho,2010,sn,f,15-24,289,Smear Negative
Lesotho,2010,sn,f,25-34,703,Smear Negative
Lesotho,2010,sn,f,35-44,495,Smear Negative
Lesotho,2010,sn,f,45-54,313,Smear Negative
Lesotho,2010,sn,f,55-64,163,Smear Negative
Lesotho,2010,sn,f,65+,127,Smear Negative
Lesotho,2010,ep,m,0-14,52,Extrapulmonary
Lesotho,2010,ep,m,15-24,106,Extrapulmonary
Lesotho,2010,ep,m,25-34,337,Extrapulmonary
Lesotho,2010,ep,m,35-44,255,Extrapulmonary
Lesotho,2010,ep,m,45-54,206,Extrapulmonary
Lesotho,2010,ep,m,55-64,154,Extrapulmonary
Lesotho,2010,ep,m,65+,114,Extrapulmonary
Lesotho,2010,ep,f,0-14,43,Extrapulmonary
Lesotho,2010,ep,f,15-24,148,Extrapulmonary
Lesotho,2010,ep,f,25-34,344,Extrapulmonary
Lesotho,2010,ep,f,35-44,213,Extrapulmonary
Lesotho,2010,ep,f,45-54,152,Extrapulmonary
Lesotho,2010,ep,f,55-64,50,Extrapulmonary
Lesotho,2010,ep,f,65+,48,Extrapulmonary
Lesotho,2011,sp,m,0-14,19,Smear Positive
Lesotho,2011,sp,m,15-24,179,Smear Positive
Lesotho,2011,sp,m,25-34,584,Smear Positive
Lesotho,2011,sp,m,35-44,493,Smear Positive
Lesotho,2011,sp,m,45-54,329,Smear Positive
Lesotho,2011,sp,m,55-64,245,Smear Positive
Lesotho,2011,sp,m,65+,121,Smear Positive
Lesotho,2011,sp,f,0-14,23,Smear Positive
Lesotho,2011,sp,f,15-24,311,Smear Positive
Lesotho,2011,sp,f,25-34,572,Smear Positive
Lesotho,2011,sp,f,35-44,307,Smear Positive
Lesotho,2011,sp,f,45-54,185,Smear Positive
Lesotho,2011,sp,f,55-64,84,Smear Positive
Lesotho,2011,sp,f,65+,58,Smear Positive
Lesotho,2011,sn,m,0-14,271,Smear Negative
Lesotho,2011,sn,m,15-24,195,Smear Negative
Lesotho,2011,sn,m,25-34,685,Smear Negative
Lesotho,2011,sn,m,35-44,691,Smear Negative
Lesotho,2011,sn,m,45-54,508,Smear Negative
Lesotho,2011,sn,m,55-64,357,Smear Negative
Lesotho,2011,sn,m,65+,233,Smear Negative
Lesotho,2011,sn,f,0-14,226,Smear Negative
Lesotho,2011,sn,f,15-24,292,Smear Negative
Lesotho,2011,sn,f,25-34,709,Smear Negative
Lesotho,2011,sn,f,35-44,500,Smear Negative
Lesotho,2011,sn,f,45-54,357,Smear Negative
Lesotho,2011,sn,f,55-64,205,Smear Negative
Lesotho,2011,sn,f,65+,117,Smear Negative
Lesotho,2011,ep,m,0-14,50,Extrapulmonary
Lesotho,2011,ep,m,15-24,90,Extrapulmonary
Lesotho,2011,ep,m,25-34,257,Extrapulmonary
Lesotho,2011,ep,m,35-44,262,Extrapulmonary
Lesotho,2011,ep,m,45-54,186,Extrapulmonary
Lesotho,2011,ep,m,55-64,132,Extrapulmonary
Lesotho,2011,ep,m,65+,97,Extrapulmonary
Lesotho,2011,ep,f,0-14,51,Extrapulmonary
Lesotho,2011,ep,f,15-24,138,Extrapulmonary
Lesotho,2011,ep,f,25-34,310,Extrapulmonary
Lesotho,2011,ep,f,35-44,253,Extrapulmonary
Lesotho,2011,ep,f,45-54,143,Extrapulmonary
Lesotho,2011,ep,f,55-64,82,Extrapulmonary
Lesotho,2011,ep,f,65+,38,Extrapulmonary
Lesotho,2012,sp,m,0-14,15,Smear Positive
Lesotho,2012,sp,m,15-24,204,Smear Positive
Lesotho,2012,sp,m,25-34,580,Smear Positive
Lesotho,2012,sp,m,35-44,427,Smear Positive
Lesotho,2012,sp,m,45-54,295,Smear Positive
Lesotho,2012,sp,m,55-64,196,Smear Positive
Lesotho,2012,sp,m,65+,114,Smear Positive
Lesotho,2012,sp,f,0-14,30,Smear Positive
Lesotho,2012,sp,f,15-24,309,Smear Positive
Lesotho,2012,sp,f,25-34,571,Smear Positive
Lesotho,2012,sp,f,35-44,296,Smear Positive
Lesotho,2012,sp,f,45-54,143,Smear Positive
Lesotho,2012,sp,f,55-64,71,Smear Positive
Lesotho,2012,sp,f,65+,47,Smear Positive
Lesotho,2012,sn,m,0-14,220,Smear Negative
Lesotho,2012,sn,m,15-24,229,Smear Negative
Lesotho,2012,sn,m,25-34,810,Smear Negative
Lesotho,2012,sn,m,35-44,672,Smear Negative
Lesotho,2012,sn,m,45-54,340,Smear Negative
Lesotho,2012,sn,m,55-64,249,Smear Negative
Lesotho,2012,sn,m,65+,190,Smear Negative
Lesotho,2012,sn,f,0-14,246,Smear Negative
Lesotho,2012,sn,f,15-24,333,Smear Negative
Lesotho,2012,sn,f,25-34,787,Smear Negative
Lesotho,2012,sn,f,35-44,510,Smear Negative
Lesotho,2012,sn,f,45-54,304,Smear Negative
Lesotho,2012,sn,f,55-64,147,Smear Negative
Lesotho,2012,sn,f,65+,105,Smear Negative
Lesotho,2012,ep,m,0-14,41,Extrapulmonary
Lesotho,2012,ep,m,15-24,95,Extrapulmonary
Lesotho,2012,ep,m,25-34,272,Extrapulmonary
Lesotho,2012,ep,m,35-44,236,Extrapulmonary
Lesotho,2012,ep,m,45-54,129,Extrapulmonary
Lesotho,2012,ep,m,55-64,110,Extrapulmonary
Lesotho,2012,ep,m,65+,84,Extrapulmonary
Lesotho,2012,ep,f,0-14,31,Extrapulmonary
Lesotho,2012,ep,f,15-24,155,Extrapulmonary
Lesotho,2012,ep,f,25-34,300,Extrapulmonary
Lesotho,2012,ep,f,35-44,210,Extrapulmonary
Lesotho,2012,ep,f,45-54,106,Extrapulmonary
Lesotho,2012,ep,f,55-64,65,Extrapulmonary
Lesotho,2012,ep,f,65+,43,Extrapulmonary
Lesotho,2013,rel,m,0-14,244,Relapse
Lesotho,2013,rel,m,15-24,452,Relapse
Lesotho,2013,rel,m,25-34,1322,Relapse
Lesotho,2013,rel,m,35-44,1172,Relapse
Lesotho,2013,rel,m,45-54,780,Relapse
Lesotho,2013,rel,m,55-64,593,Relapse
Lesotho,2013,rel,m,65+,436,Relapse
Lesotho,2013,rel,f,0-14,229,Relapse
Lesotho,2013,rel,f,15-24,614,Relapse
Lesotho,2013,rel,f,25-34,1293,Relapse
Lesotho,2013,rel,f,35-44,821,Relapse
Lesotho,2013,rel,f,45-54,486,Relapse
Lesotho,2013,rel,f,55-64,249,Relapse
Lesotho,2013,rel,f,65+,225,Relapse
Liberia,1996,sp,m,0-14,38,Smear Positive
Liberia,1996,sp,m,15-24,69,Smear Positive
Liberia,1996,sp,m,25-34,105,Smear Positive
Liberia,1996,sp,m,35-44,84,Smear Positive
Liberia,1996,sp,m,45-54,42,Smear Positive
Liberia,1996,sp,m,55-64,33,Smear Positive
Liberia,1996,sp,m,65+,9,Smear Positive
Liberia,1996,sp,f,0-14,44,Smear Positive
Liberia,1996,sp,f,15-24,72,Smear Positive
Liberia,1996,sp,f,25-34,78,Smear Positive
Liberia,1996,sp,f,35-44,51,Smear Positive
Liberia,1996,sp,f,45-54,24,Smear Positive
Liberia,1996,sp,f,55-64,12,Smear Positive
Liberia,1996,sp,f,65+,7,Smear Positive
Liberia,1998,sp,m,0-14,18,Smear Positive
Liberia,1998,sp,m,15-24,150,Smear Positive
Liberia,1998,sp,m,25-34,229,Smear Positive
Liberia,1998,sp,m,35-44,158,Smear Positive
Liberia,1998,sp,m,45-54,72,Smear Positive
Liberia,1998,sp,m,55-64,34,Smear Positive
Liberia,1998,sp,m,65+,11,Smear Positive
Liberia,1998,sp,f,0-14,18,Smear Positive
Liberia,1998,sp,f,15-24,164,Smear Positive
Liberia,1998,sp,f,25-34,160,Smear Positive
Liberia,1998,sp,f,35-44,98,Smear Positive
Liberia,1998,sp,f,45-54,45,Smear Positive
Liberia,1998,sp,f,55-64,17,Smear Positive
Liberia,1998,sp,f,65+,16,Smear Positive
Liberia,2000,sp,m,0-14,12,Smear Positive
Liberia,2000,sp,m,15-24,133,Smear Positive
Liberia,2000,sp,m,25-34,196,Smear Positive
Liberia,2000,sp,m,35-44,127,Smear Positive
Liberia,2000,sp,m,45-54,52,Smear Positive
Liberia,2000,sp,m,55-64,17,Smear Positive
Liberia,2000,sp,m,65+,26,Smear Positive
Liberia,2000,sp,f,0-14,21,Smear Positive
Liberia,2000,sp,f,15-24,140,Smear Positive
Liberia,2000,sp,f,25-34,149,Smear Positive
Liberia,2000,sp,f,35-44,88,Smear Positive
Liberia,2000,sp,f,45-54,28,Smear Positive
Liberia,2000,sp,f,55-64,16,Smear Positive
Liberia,2000,sp,f,65+,16,Smear Positive
Liberia,2001,sp,m,0-14,16,Smear Positive
Liberia,2001,sp,m,15-24,111,Smear Positive
Liberia,2001,sp,m,25-34,174,Smear Positive
Liberia,2001,sp,m,35-44,132,Smear Positive
Liberia,2001,sp,m,45-54,63,Smear Positive
Liberia,2001,sp,m,55-64,17,Smear Positive
Liberia,2001,sp,m,65+,11,Smear Positive
Liberia,2001,sp,f,0-14,18,Smear Positive
Liberia,2001,sp,f,15-24,108,Smear Positive
Liberia,2001,sp,f,25-34,143,Smear Positive
Liberia,2001,sp,f,35-44,77,Smear Positive
Liberia,2001,sp,f,45-54,35,Smear Positive
Liberia,2001,sp,f,55-64,17,Smear Positive
Liberia,2001,sp,f,65+,12,Smear Positive
Liberia,2002,sp,m,0-14,20,Smear Positive
Liberia,2002,sp,m,15-24,252,Smear Positive
Liberia,2002,sp,m,25-34,315,Smear Positive
Liberia,2002,sp,m,35-44,295,Smear Positive
Liberia,2002,sp,m,45-54,143,Smear Positive
Liberia,2002,sp,m,55-64,60,Smear Positive
Liberia,2002,sp,m,65+,44,Smear Positive
Liberia,2002,sp,f,0-14,26,Smear Positive
Liberia,2002,sp,f,15-24,256,Smear Positive
Liberia,2002,sp,f,25-34,250,Smear Positive
Liberia,2002,sp,f,35-44,150,Smear Positive
Liberia,2002,sp,f,45-54,86,Smear Positive
Liberia,2002,sp,f,55-64,41,Smear Positive
Liberia,2002,sp,f,65+,26,Smear Positive
Liberia,2003,sp,m,0-14,5,Smear Positive
Liberia,2003,sp,m,15-24,180,Smear Positive
Liberia,2003,sp,m,25-34,215,Smear Positive
Liberia,2003,sp,m,35-44,204,Smear Positive
Liberia,2003,sp,m,45-54,99,Smear Positive
Liberia,2003,sp,m,55-64,49,Smear Positive
Liberia,2003,sp,m,65+,23,Smear Positive
Liberia,2003,sp,f,0-14,12,Smear Positive
Liberia,2003,sp,f,15-24,148,Smear Positive
Liberia,2003,sp,f,25-34,180,Smear Positive
Liberia,2003,sp,f,35-44,109,Smear Positive
Liberia,2003,sp,f,45-54,43,Smear Positive
Liberia,2003,sp,f,55-64,30,Smear Positive
Liberia,2003,sp,f,65+,22,Smear Positive
Liberia,2004,sp,m,0-14,32,Smear Positive
Liberia,2004,sp,m,15-24,333,Smear Positive
Liberia,2004,sp,m,25-34,427,Smear Positive
Liberia,2004,sp,m,35-44,285,Smear Positive
Liberia,2004,sp,m,45-54,198,Smear Positive
Liberia,2004,sp,m,55-64,71,Smear Positive
Liberia,2004,sp,m,65+,51,Smear Positive
Liberia,2004,sp,f,0-14,39,Smear Positive
Liberia,2004,sp,f,15-24,268,Smear Positive
Liberia,2004,sp,f,25-34,397,Smear Positive
Liberia,2004,sp,f,35-44,183,Smear Positive
Liberia,2004,sp,f,45-54,123,Smear Positive
Liberia,2004,sp,f,55-64,41,Smear Positive
Liberia,2004,sp,f,65+,42,Smear Positive
Liberia,2005,sp,m,0-14,26,Smear Positive
Liberia,2005,sp,m,15-24,240,Smear Positive
Liberia,2005,sp,m,25-34,352,Smear Positive
Liberia,2005,sp,m,35-44,333,Smear Positive
Liberia,2005,sp,m,45-54,155,Smear Positive
Liberia,2005,sp,m,55-64,74,Smear Positive
Liberia,2005,sp,m,65+,65,Smear Positive
Liberia,2005,sp,f,0-14,37,Smear Positive
Liberia,2005,sp,f,15-24,232,Smear Positive
Liberia,2005,sp,f,25-34,297,Smear Positive
Liberia,2005,sp,f,35-44,171,Smear Positive
Liberia,2005,sp,f,45-54,108,Smear Positive
Liberia,2005,sp,f,55-64,52,Smear Positive
Liberia,2005,sp,f,65+,25,Smear Positive
Liberia,2006,sp,m,0-14,59,Smear Positive
Liberia,2006,sp,m,15-24,324,Smear Positive
Liberia,2006,sp,m,25-34,442,Smear Positive
Liberia,2006,sp,m,35-44,371,Smear Positive
Liberia,2006,sp,m,45-54,250,Smear Positive
Liberia,2006,sp,m,55-64,125,Smear Positive
Liberia,2006,sp,m,65+,97,Smear Positive
Liberia,2006,sp,f,0-14,55,Smear Positive
Liberia,2006,sp,f,15-24,292,Smear Positive
Liberia,2006,sp,f,25-34,371,Smear Positive
Liberia,2006,sp,f,35-44,242,Smear Positive
Liberia,2006,sp,f,45-54,125,Smear Positive
Liberia,2006,sp,f,55-64,85,Smear Positive
Liberia,2006,sp,f,65+,68,Smear Positive
Liberia,2006,sn,m,0-14,70,Smear Negative
Liberia,2006,sn,m,15-24,39,Smear Negative
Liberia,2006,sn,m,25-34,19,Smear Negative
Liberia,2006,sn,m,35-44,99,Smear Negative
Liberia,2006,sn,m,45-54,58,Smear Negative
Liberia,2006,sn,m,55-64,29,Smear Negative
Liberia,2006,sn,m,65+,14,Smear Negative
Liberia,2006,sn,f,0-14,63,Smear Negative
Liberia,2006,sn,f,15-24,33,Smear Negative
Liberia,2006,sn,f,25-34,24,Smear Negative
Liberia,2006,sn,f,35-44,80,Smear Negative
Liberia,2006,sn,f,45-54,75,Smear Negative
Liberia,2006,sn,f,55-64,31,Smear Negative
Liberia,2006,sn,f,65+,12,Smear Negative
Liberia,2006,ep,m,0-14,51,Extrapulmonary
Liberia,2006,ep,m,15-24,77,Extrapulmonary
Liberia,2006,ep,m,25-34,72,Extrapulmonary
Liberia,2006,ep,m,35-44,106,Extrapulmonary
Liberia,2006,ep,m,45-54,84,Extrapulmonary
Liberia,2006,ep,m,55-64,7,Extrapulmonary
Liberia,2006,ep,m,65+,6,Extrapulmonary
Liberia,2006,ep,f,0-14,32,Extrapulmonary
Liberia,2006,ep,f,15-24,72,Extrapulmonary
Liberia,2006,ep,f,25-34,50,Extrapulmonary
Liberia,2006,ep,f,35-44,118,Extrapulmonary
Liberia,2006,ep,f,45-54,65,Extrapulmonary
Liberia,2006,ep,f,55-64,4,Extrapulmonary
Liberia,2006,ep,f,65+,2,Extrapulmonary
Liberia,2008,sp,m,0-14,107,Smear Positive
Liberia,2008,sp,m,15-24,129,Smear Positive
Liberia,2008,sp,m,25-34,412,Smear Positive
Liberia,2008,sp,m,35-44,532,Smear Positive
Liberia,2008,sp,m,45-54,308,Smear Positive
Liberia,2008,sp,m,55-64,169,Smear Positive
Liberia,2008,sp,m,65+,98,Smear Positive
Liberia,2008,sp,f,0-14,56,Smear Positive
Liberia,2008,sp,f,15-24,115,Smear Positive
Liberia,2008,sp,f,25-34,237,Smear Positive
Liberia,2008,sp,f,35-44,367,Smear Positive
Liberia,2008,sp,f,45-54,298,Smear Positive
Liberia,2008,sp,f,55-64,170,Smear Positive
Liberia,2008,sp,f,65+,44,Smear Positive
Liberia,2009,sp,m,0-14,95,Smear Positive
Liberia,2009,sp,m,15-24,360,Smear Positive
Liberia,2009,sp,m,25-34,591,Smear Positive
Liberia,2009,sp,m,35-44,592,Smear Positive
Liberia,2009,sp,m,45-54,346,Smear Positive
Liberia,2009,sp,m,55-64,135,Smear Positive
Liberia,2009,sp,m,65+,0,Smear Positive
Liberia,2009,sp,f,0-14,105,Smear Positive
Liberia,2009,sp,f,15-24,354,Smear Positive
Liberia,2009,sp,f,25-34,541,Smear Positive
Liberia,2009,sp,f,35-44,399,Smear Positive
Liberia,2009,sp,f,45-54,222,Smear Positive
Liberia,2009,sp,f,55-64,0,Smear Positive
Liberia,2009,sp,f,65+,96,Smear Positive
Liberia,2009,sn,m,0-14,24,Smear Negative
Liberia,2009,sn,m,15-24,8,Smear Negative
Liberia,2009,sn,m,25-34,17,Smear Negative
Liberia,2009,sn,m,35-44,20,Smear Negative
Liberia,2009,sn,m,45-54,12,Smear Negative
Liberia,2009,sn,m,55-64,8,Smear Negative
Liberia,2009,sn,m,65+,0,Smear Negative
Liberia,2009,sn,f,0-14,14,Smear Negative
Liberia,2009,sn,f,15-24,11,Smear Negative
Liberia,2009,sn,f,25-34,37,Smear Negative
Liberia,2009,sn,f,35-44,8,Smear Negative
Liberia,2009,sn,f,45-54,15,Smear Negative
Liberia,2009,sn,f,55-64,0,Smear Negative
Liberia,2009,sn,f,65+,0,Smear Negative
Liberia,2009,ep,m,0-14,25,Extrapulmonary
Liberia,2009,ep,m,15-24,13,Extrapulmonary
Liberia,2009,ep,m,25-34,46,Extrapulmonary
Liberia,2009,ep,m,35-44,26,Extrapulmonary
Liberia,2009,ep,m,45-54,55,Extrapulmonary
Liberia,2009,ep,m,55-64,33,Extrapulmonary
Liberia,2009,ep,m,65+,0,Extrapulmonary
Liberia,2009,ep,f,0-14,27,Extrapulmonary
Liberia,2009,ep,f,15-24,11,Extrapulmonary
Liberia,2009,ep,f,25-34,19,Extrapulmonary
Liberia,2009,ep,f,35-44,17,Extrapulmonary
Liberia,2009,ep,f,45-54,28,Extrapulmonary
Liberia,2009,ep,f,55-64,2,Extrapulmonary
Liberia,2009,ep,f,65+,0,Extrapulmonary
Liberia,2010,sp,m,0-14,90,Smear Positive
Liberia,2010,sp,m,15-24,338,Smear Positive
Liberia,2010,sp,m,25-34,621,Smear Positive
Liberia,2010,sp,m,35-44,510,Smear Positive
Liberia,2010,sp,m,45-54,295,Smear Positive
Liberia,2010,sp,m,55-64,114,Smear Positive
Liberia,2010,sp,m,65+,21,Smear Positive
Liberia,2010,sp,f,0-14,254,Smear Positive
Liberia,2010,sp,f,15-24,339,Smear Positive
Liberia,2010,sp,f,25-34,488,Smear Positive
Liberia,2010,sp,f,35-44,259,Smear Positive
Liberia,2010,sp,f,45-54,171,Smear Positive
Liberia,2010,sp,f,55-64,151,Smear Positive
Liberia,2010,sp,f,65+,99,Smear Positive
Liberia,2010,sn,m,0-14,121,Smear Negative
Liberia,2010,sn,m,15-24,132,Smear Negative
Liberia,2010,sn,m,25-34,193,Smear Negative
Liberia,2010,sn,m,35-44,48,Smear Negative
Liberia,2010,sn,m,45-54,69,Smear Negative
Liberia,2010,sn,m,55-64,19,Smear Negative
Liberia,2010,sn,m,65+,2,Smear Negative
Liberia,2010,sn,f,0-14,145,Smear Negative
Liberia,2010,sn,f,15-24,40,Smear Negative
Liberia,2010,sn,f,25-34,18,Smear Negative
Liberia,2010,sn,f,35-44,351,Smear Negative
Liberia,2010,sn,f,45-54,123,Smear Negative
Liberia,2010,sn,f,55-64,46,Smear Negative
Liberia,2010,sn,f,65+,78,Smear Negative
Liberia,2010,ep,m,0-14,353,Extrapulmonary
Liberia,2010,ep,m,15-24,56,Extrapulmonary
Liberia,2010,ep,m,25-34,38,Extrapulmonary
Liberia,2010,ep,m,35-44,65,Extrapulmonary
Liberia,2010,ep,m,45-54,4,Extrapulmonary
Liberia,2010,ep,m,55-64,12,Extrapulmonary
Liberia,2010,ep,m,65+,10,Extrapulmonary
Liberia,2010,ep,f,0-14,202,Extrapulmonary
Liberia,2010,ep,f,15-24,45,Extrapulmonary
Liberia,2010,ep,f,25-34,19,Extrapulmonary
Liberia,2010,ep,f,35-44,452,Extrapulmonary
Liberia,2010,ep,f,45-54,23,Extrapulmonary
Liberia,2010,ep,f,55-64,6,Extrapulmonary
Liberia,2010,ep,f,65+,78,Extrapulmonary
Liberia,2011,sp,m,0-14,67,Smear Positive
Liberia,2011,sp,m,15-24,382,Smear Positive
Liberia,2011,sp,m,25-34,595,Smear Positive
Liberia,2011,sp,m,35-44,727,Smear Positive
Liberia,2011,sp,m,45-54,440,Smear Positive
Liberia,2011,sp,m,55-64,194,Smear Positive
Liberia,2011,sp,m,65+,87,Smear Positive
Liberia,2011,sp,f,0-14,67,Smear Positive
Liberia,2011,sp,f,15-24,329,Smear Positive
Liberia,2011,sp,f,25-34,433,Smear Positive
Liberia,2011,sp,f,35-44,517,Smear Positive
Liberia,2011,sp,f,45-54,285,Smear Positive
Liberia,2011,sp,f,55-64,88,Smear Positive
Liberia,2011,sp,f,65+,50,Smear Positive
Liberia,2011,sn,m,0-14,77,Smear Negative
Liberia,2011,sn,m,15-24,111,Smear Negative
Liberia,2011,sn,m,25-34,190,Smear Negative
Liberia,2011,sn,m,35-44,194,Smear Negative
Liberia,2011,sn,m,45-54,270,Smear Negative
Liberia,2011,sn,m,55-64,104,Smear Negative
Liberia,2011,sn,m,65+,84,Smear Negative
Liberia,2011,sn,f,0-14,58,Smear Negative
Liberia,2011,sn,f,15-24,199,Smear Negative
Liberia,2011,sn,f,25-34,115,Smear Negative
Liberia,2011,sn,f,35-44,179,Smear Negative
Liberia,2011,sn,f,45-54,129,Smear Negative
Liberia,2011,sn,f,55-64,78,Smear Negative
Liberia,2011,sn,f,65+,44,Smear Negative
Liberia,2011,ep,m,0-14,162,Extrapulmonary
Liberia,2011,ep,m,15-24,19,Extrapulmonary
Liberia,2011,ep,m,25-34,114,Extrapulmonary
Liberia,2011,ep,m,35-44,85,Extrapulmonary
Liberia,2011,ep,m,45-54,219,Extrapulmonary
Liberia,2011,ep,m,55-64,113,Extrapulmonary
Liberia,2011,ep,m,65+,168,Extrapulmonary
Liberia,2011,ep,f,0-14,65,Extrapulmonary
Liberia,2011,ep,f,15-24,70,Extrapulmonary
Liberia,2011,ep,f,25-34,145,Extrapulmonary
Liberia,2011,ep,f,35-44,125,Extrapulmonary
Liberia,2011,ep,f,45-54,136,Extrapulmonary
Liberia,2011,ep,f,55-64,110,Extrapulmonary
Liberia,2011,ep,f,65+,81,Extrapulmonary
Liberia,2012,sp,m,0-14,65,Smear Positive
Liberia,2012,sp,m,15-24,382,Smear Positive
Liberia,2012,sp,m,25-34,627,Smear Positive
Liberia,2012,sp,m,35-44,667,Smear Positive
Liberia,2012,sp,m,45-54,406,Smear Positive
Liberia,2012,sp,m,55-64,129,Smear Positive
Liberia,2012,sp,m,65+,83,Smear Positive
Liberia,2012,sp,f,0-14,61,Smear Positive
Liberia,2012,sp,f,15-24,354,Smear Positive
Liberia,2012,sp,f,25-34,535,Smear Positive
Liberia,2012,sp,f,35-44,605,Smear Positive
Liberia,2012,sp,f,45-54,292,Smear Positive
Liberia,2012,sp,f,55-64,79,Smear Positive
Liberia,2012,sp,f,65+,57,Smear Positive
Liberia,2012,sn,m,0-14,172,Smear Negative
Liberia,2012,sn,m,15-24,118,Smear Negative
Liberia,2012,sn,m,25-34,305,Smear Negative
Liberia,2012,sn,m,35-44,139,Smear Negative
Liberia,2012,sn,m,45-54,233,Smear Negative
Liberia,2012,sn,m,55-64,111,Smear Negative
Liberia,2012,sn,m,65+,89,Smear Negative
Liberia,2012,sn,f,0-14,171,Smear Negative
Liberia,2012,sn,f,15-24,99,Smear Negative
Liberia,2012,sn,f,25-34,96,Smear Negative
Liberia,2012,sn,f,35-44,165,Smear Negative
Liberia,2012,sn,f,45-54,122,Smear Negative
Liberia,2012,sn,f,55-64,76,Smear Negative
Liberia,2012,sn,f,65+,50,Smear Negative
Liberia,2012,ep,m,0-14,149,Extrapulmonary
Liberia,2012,ep,m,15-24,50,Extrapulmonary
Liberia,2012,ep,m,25-34,164,Extrapulmonary
Liberia,2012,ep,m,35-44,128,Extrapulmonary
Liberia,2012,ep,m,45-54,212,Extrapulmonary
Liberia,2012,ep,m,55-64,133,Extrapulmonary
Liberia,2012,ep,m,65+,133,Extrapulmonary
Liberia,2012,ep,f,0-14,64,Extrapulmonary
Liberia,2012,ep,f,15-24,152,Extrapulmonary
Liberia,2012,ep,f,25-34,152,Extrapulmonary
Liberia,2012,ep,f,35-44,135,Extrapulmonary
Liberia,2012,ep,f,45-54,110,Extrapulmonary
Liberia,2012,ep,f,55-64,92,Extrapulmonary
Liberia,2012,ep,f,65+,75,Extrapulmonary
Liberia,2013,rel,m,0-14,57,Relapse
Liberia,2013,rel,m,15-24,366,Relapse
Liberia,2013,rel,m,25-34,660,Relapse
Liberia,2013,rel,m,35-44,635,Relapse
Liberia,2013,rel,m,45-54,320,Relapse
Liberia,2013,rel,m,55-64,198,Relapse
Liberia,2013,rel,m,65+,98,Relapse
Liberia,2013,rel,f,0-14,64,Relapse
Liberia,2013,rel,f,15-24,316,Relapse
Liberia,2013,rel,f,25-34,512,Relapse
Liberia,2013,rel,f,35-44,217,Relapse
Liberia,2013,rel,f,45-54,242,Relapse
Liberia,2013,rel,f,55-64,86,Relapse
Liberia,2013,rel,f,65+,64,Relapse
Libya,1995,sp,m,0-14,2,Smear Positive
Libya,1995,sp,m,15-24,112,Smear Positive
Libya,1995,sp,m,25-34,212,Smear Positive
Libya,1995,sp,m,35-44,78,Smear Positive
Libya,1995,sp,m,45-54,46,Smear Positive
Libya,1995,sp,m,55-64,22,Smear Positive
Libya,1995,sp,m,65+,21,Smear Positive
Libya,1995,sp,f,0-14,5,Smear Positive
Libya,1995,sp,f,15-24,34,Smear Positive
Libya,1995,sp,f,25-34,31,Smear Positive
Libya,1995,sp,f,35-44,19,Smear Positive
Libya,1995,sp,f,45-54,20,Smear Positive
Libya,1995,sp,f,55-64,13,Smear Positive
Libya,1995,sp,f,65+,11,Smear Positive
Libya,1996,sp,m,0-14,4,Smear Positive
Libya,1996,sp,m,15-24,93,Smear Positive
Libya,1996,sp,m,25-34,142,Smear Positive
Libya,1996,sp,m,35-44,82,Smear Positive
Libya,1996,sp,m,45-54,31,Smear Positive
Libya,1996,sp,m,55-64,28,Smear Positive
Libya,1996,sp,m,65+,19,Smear Positive
Libya,1996,sp,f,0-14,4,Smear Positive
Libya,1996,sp,f,15-24,30,Smear Positive
Libya,1996,sp,f,25-34,35,Smear Positive
Libya,1996,sp,f,35-44,17,Smear Positive
Libya,1996,sp,f,45-54,10,Smear Positive
Libya,1996,sp,f,55-64,9,Smear Positive
Libya,1996,sp,f,65+,11,Smear Positive
Libya,1999,sp,m,0-14,2,Smear Positive
Libya,1999,sp,m,15-24,110,Smear Positive
Libya,1999,sp,m,25-34,257,Smear Positive
Libya,1999,sp,m,35-44,115,Smear Positive
Libya,1999,sp,m,45-54,53,Smear Positive
Libya,1999,sp,m,55-64,36,Smear Positive
Libya,1999,sp,m,65+,33,Smear Positive
Libya,1999,sp,f,0-14,6,Smear Positive
Libya,1999,sp,f,15-24,43,Smear Positive
Libya,1999,sp,f,25-34,59,Smear Positive
Libya,1999,sp,f,35-44,25,Smear Positive
Libya,1999,sp,f,45-54,15,Smear Positive
Libya,1999,sp,f,55-64,14,Smear Positive
Libya,1999,sp,f,65+,27,Smear Positive
Libya,2000,sp,m,0-14,5,Smear Positive
Libya,2000,sp,m,15-24,101,Smear Positive
Libya,2000,sp,m,25-34,239,Smear Positive
Libya,2000,sp,m,35-44,86,Smear Positive
Libya,2000,sp,m,45-54,36,Smear Positive
Libya,2000,sp,m,55-64,29,Smear Positive
Libya,2000,sp,m,65+,32,Smear Positive
Libya,2000,sp,f,0-14,6,Smear Positive
Libya,2000,sp,f,15-24,43,Smear Positive
Libya,2000,sp,f,25-34,35,Smear Positive
Libya,2000,sp,f,35-44,24,Smear Positive
Libya,2000,sp,f,45-54,24,Smear Positive
Libya,2000,sp,f,55-64,16,Smear Positive
Libya,2000,sp,f,65+,22,Smear Positive
Libya,2003,sp,m,0-14,0,Smear Positive
Libya,2003,sp,m,15-24,108,Smear Positive
Libya,2003,sp,m,25-34,266,Smear Positive
Libya,2003,sp,m,35-44,142,Smear Positive
Libya,2003,sp,m,45-54,32,Smear Positive
Libya,2003,sp,m,55-64,25,Smear Positive
Libya,2003,sp,m,65+,19,Smear Positive
Libya,2003,sp,f,0-14,4,Smear Positive
Libya,2003,sp,f,15-24,43,Smear Positive
Libya,2003,sp,f,25-34,28,Smear Positive
Libya,2003,sp,f,35-44,30,Smear Positive
Libya,2003,sp,f,45-54,25,Smear Positive
Libya,2003,sp,f,55-64,21,Smear Positive
Libya,2003,sp,f,65+,21,Smear Positive
Libya,2004,sp,m,0-14,5,Smear Positive
Libya,2004,sp,m,15-24,113,Smear Positive
Libya,2004,sp,m,25-34,310,Smear Positive
Libya,2004,sp,m,35-44,173,Smear Positive
Libya,2004,sp,m,45-54,53,Smear Positive
Libya,2004,sp,m,55-64,24,Smear Positive
Libya,2004,sp,m,65+,20,Smear Positive
Libya,2004,sp,f,0-14,1,Smear Positive
Libya,2004,sp,f,15-24,44,Smear Positive
Libya,2004,sp,f,25-34,50,Smear Positive
Libya,2004,sp,f,35-44,20,Smear Positive
Libya,2004,sp,f,45-54,23,Smear Positive
Libya,2004,sp,f,55-64,13,Smear Positive
Libya,2004,sp,f,65+,23,Smear Positive
Libya,2005,sp,m,0-14,2,Smear Positive
Libya,2005,sp,m,15-24,114,Smear Positive
Libya,2005,sp,m,25-34,293,Smear Positive
Libya,2005,sp,m,35-44,168,Smear Positive
Libya,2005,sp,m,45-54,52,Smear Positive
Libya,2005,sp,m,55-64,19,Smear Positive
Libya,2005,sp,m,65+,35,Smear Positive
Libya,2005,sp,f,0-14,8,Smear Positive
Libya,2005,sp,f,15-24,36,Smear Positive
Libya,2005,sp,f,25-34,36,Smear Positive
Libya,2005,sp,f,35-44,35,Smear Positive
Libya,2005,sp,f,45-54,21,Smear Positive
Libya,2005,sp,f,55-64,21,Smear Positive
Libya,2005,sp,f,65+,20,Smear Positive
Libya,2006,sp,m,0-14,1,Smear Positive
Libya,2006,sp,m,15-24,98,Smear Positive
Libya,2006,sp,m,25-34,247,Smear Positive
Libya,2006,sp,m,35-44,150,Smear Positive
Libya,2006,sp,m,45-54,49,Smear Positive
Libya,2006,sp,m,55-64,23,Smear Positive
Libya,2006,sp,m,65+,23,Smear Positive
Libya,2006,sp,f,0-14,8,Smear Positive
Libya,2006,sp,f,15-24,55,Smear Positive
Libya,2006,sp,f,25-34,34,Smear Positive
Libya,2006,sp,f,35-44,24,Smear Positive
Libya,2006,sp,f,45-54,10,Smear Positive
Libya,2006,sp,f,55-64,12,Smear Positive
Libya,2006,sp,f,65+,11,Smear Positive
Libya,2006,ep,m,0-14,49,Extrapulmonary
Libya,2006,ep,m,15-24,52,Extrapulmonary
Libya,2006,ep,m,25-34,116,Extrapulmonary
Libya,2006,ep,m,35-44,51,Extrapulmonary
Libya,2006,ep,m,45-54,29,Extrapulmonary
Libya,2006,ep,m,55-64,24,Extrapulmonary
Libya,2006,ep,m,65+,36,Extrapulmonary
Libya,2006,ep,f,0-14,46,Extrapulmonary
Libya,2006,ep,f,15-24,87,Extrapulmonary
Libya,2006,ep,f,25-34,94,Extrapulmonary
Libya,2006,ep,f,35-44,67,Extrapulmonary
Libya,2006,ep,f,45-54,58,Extrapulmonary
Libya,2006,ep,f,55-64,50,Extrapulmonary
Libya,2006,ep,f,65+,45,Extrapulmonary
Libya,2007,sp,m,0-14,2,Smear Positive
Libya,2007,sp,m,15-24,61,Smear Positive
Libya,2007,sp,m,25-34,143,Smear Positive
Libya,2007,sp,m,35-44,78,Smear Positive
Libya,2007,sp,m,45-54,26,Smear Positive
Libya,2007,sp,m,55-64,12,Smear Positive
Libya,2007,sp,m,65+,10,Smear Positive
Libya,2007,sp,f,0-14,4,Smear Positive
Libya,2007,sp,f,15-24,23,Smear Positive
Libya,2007,sp,f,25-34,17,Smear Positive
Libya,2007,sp,f,35-44,12,Smear Positive
Libya,2007,sp,f,45-54,8,Smear Positive
Libya,2007,sp,f,55-64,7,Smear Positive
Libya,2007,sp,f,65+,11,Smear Positive
Libya,2007,sn,m,0-14,14,Smear Negative
Libya,2007,sn,m,15-24,33,Smear Negative
Libya,2007,sn,m,25-34,58,Smear Negative
Libya,2007,sn,m,35-44,54,Smear Negative
Libya,2007,sn,m,45-54,25,Smear Negative
Libya,2007,sn,m,55-64,17,Smear Negative
Libya,2007,sn,m,65+,23,Smear Negative
Libya,2007,sn,f,0-14,14,Smear Negative
Libya,2007,sn,f,15-24,16,Smear Negative
Libya,2007,sn,f,25-34,14,Smear Negative
Libya,2007,sn,f,35-44,13,Smear Negative
Libya,2007,sn,f,45-54,11,Smear Negative
Libya,2007,sn,f,55-64,14,Smear Negative
Libya,2007,sn,f,65+,16,Smear Negative
Libya,2007,ep,m,0-14,45,Extrapulmonary
Libya,2007,ep,m,15-24,65,Extrapulmonary
Libya,2007,ep,m,25-34,122,Extrapulmonary
Libya,2007,ep,m,35-44,73,Extrapulmonary
Libya,2007,ep,m,45-54,44,Extrapulmonary
Libya,2007,ep,m,55-64,45,Extrapulmonary
Libya,2007,ep,m,65+,32,Extrapulmonary
Libya,2007,ep,f,0-14,45,Extrapulmonary
Libya,2007,ep,f,15-24,78,Extrapulmonary
Libya,2007,ep,f,25-34,79,Extrapulmonary
Libya,2007,ep,f,35-44,40,Extrapulmonary
Libya,2007,ep,f,45-54,18,Extrapulmonary
Libya,2007,ep,f,55-64,35,Extrapulmonary
Libya,2007,ep,f,65+,391,Extrapulmonary
Libya,2008,sp,m,0-14,2,Smear Positive
Libya,2008,sp,m,15-24,116,Smear Positive
Libya,2008,sp,m,25-34,298,Smear Positive
Libya,2008,sp,m,35-44,162,Smear Positive
Libya,2008,sp,m,45-54,85,Smear Positive
Libya,2008,sp,m,55-64,24,Smear Positive
Libya,2008,sp,m,65+,19,Smear Positive
Libya,2008,sp,f,0-14,6,Smear Positive
Libya,2008,sp,f,15-24,56,Smear Positive
Libya,2008,sp,f,25-34,35,Smear Positive
Libya,2008,sp,f,35-44,22,Smear Positive
Libya,2008,sp,f,45-54,20,Smear Positive
Libya,2008,sp,f,55-64,9,Smear Positive
Libya,2008,sp,f,65+,17,Smear Positive
Libya,2008,sn,m,0-14,10,Smear Negative
Libya,2008,sn,m,15-24,26,Smear Negative
Libya,2008,sn,m,25-34,64,Smear Negative
Libya,2008,sn,m,35-44,75,Smear Negative
Libya,2008,sn,m,45-54,18,Smear Negative
Libya,2008,sn,m,55-64,20,Smear Negative
Libya,2008,sn,m,65+,23,Smear Negative
Libya,2008,sn,f,0-14,13,Smear Negative
Libya,2008,sn,f,15-24,21,Smear Negative
Libya,2008,sn,f,25-34,29,Smear Negative
Libya,2008,sn,f,35-44,29,Smear Negative
Libya,2008,sn,f,45-54,15,Smear Negative
Libya,2008,sn,f,55-64,22,Smear Negative
Libya,2008,sn,f,65+,25,Smear Negative
Libya,2008,ep,m,0-14,33,Extrapulmonary
Libya,2008,ep,m,15-24,71,Extrapulmonary
Libya,2008,ep,m,25-34,112,Extrapulmonary
Libya,2008,ep,m,35-44,67,Extrapulmonary
Libya,2008,ep,m,45-54,21,Extrapulmonary
Libya,2008,ep,m,55-64,12,Extrapulmonary
Libya,2008,ep,m,65+,24,Extrapulmonary
Libya,2008,ep,f,0-14,39,Extrapulmonary
Libya,2008,ep,f,15-24,80,Extrapulmonary
Libya,2008,ep,f,25-34,89,Extrapulmonary
Libya,2008,ep,f,35-44,67,Extrapulmonary
Libya,2008,ep,f,45-54,54,Extrapulmonary
Libya,2008,ep,f,55-64,36,Extrapulmonary
Libya,2008,ep,f,65+,44,Extrapulmonary
Libya,2009,sp,m,0-14,4,Smear Positive
Libya,2009,sp,m,15-24,131,Smear Positive
Libya,2009,sp,m,25-34,295,Smear Positive
Libya,2009,sp,m,35-44,180,Smear Positive
Libya,2009,sp,m,45-54,73,Smear Positive
Libya,2009,sp,m,55-64,30,Smear Positive
Libya,2009,sp,m,65+,23,Smear Positive
Libya,2009,sp,f,0-14,11,Smear Positive
Libya,2009,sp,f,15-24,54,Smear Positive
Libya,2009,sp,f,25-34,63,Smear Positive
Libya,2009,sp,f,35-44,26,Smear Positive
Libya,2009,sp,f,45-54,10,Smear Positive
Libya,2009,sp,f,55-64,14,Smear Positive
Libya,2009,sp,f,65+,22,Smear Positive
Libya,2009,sn,m,0-14,18,Smear Negative
Libya,2009,sn,m,15-24,34,Smear Negative
Libya,2009,sn,m,25-34,78,Smear Negative
Libya,2009,sn,m,35-44,105,Smear Negative
Libya,2009,sn,m,45-54,33,Smear Negative
Libya,2009,sn,m,55-64,11,Smear Negative
Libya,2009,sn,m,65+,30,Smear Negative
Libya,2009,sn,f,0-14,11,Smear Negative
Libya,2009,sn,f,15-24,27,Smear Negative
Libya,2009,sn,f,25-34,28,Smear Negative
Libya,2009,sn,f,35-44,22,Smear Negative
Libya,2009,sn,f,45-54,22,Smear Negative
Libya,2009,sn,f,55-64,19,Smear Negative
Libya,2009,sn,f,65+,17,Smear Negative
Libya,2009,ep,m,0-14,27,Extrapulmonary
Libya,2009,ep,m,15-24,69,Extrapulmonary
Libya,2009,ep,m,25-34,111,Extrapulmonary
Libya,2009,ep,m,35-44,68,Extrapulmonary
Libya,2009,ep,m,45-54,29,Extrapulmonary
Libya,2009,ep,m,55-64,15,Extrapulmonary
Libya,2009,ep,m,65+,21,Extrapulmonary
Libya,2009,ep,f,0-14,25,Extrapulmonary
Libya,2009,ep,f,15-24,64,Extrapulmonary
Libya,2009,ep,f,25-34,83,Extrapulmonary
Libya,2009,ep,f,35-44,57,Extrapulmonary
Libya,2009,ep,f,45-54,43,Extrapulmonary
Libya,2009,ep,f,55-64,40,Extrapulmonary
Libya,2009,ep,f,65+,44,Extrapulmonary
Libya,2011,sp,m,0-14,5,Smear Positive
Libya,2011,sp,m,15-24,85,Smear Positive
Libya,2011,sp,m,25-34,173,Smear Positive
Libya,2011,sp,m,35-44,148,Smear Positive
Libya,2011,sp,m,45-54,54,Smear Positive
Libya,2011,sp,m,55-64,18,Smear Positive
Libya,2011,sp,m,65+,21,Smear Positive
Libya,2011,sp,f,0-14,8,Smear Positive
Libya,2011,sp,f,15-24,59,Smear Positive
Libya,2011,sp,f,25-34,47,Smear Positive
Libya,2011,sp,f,35-44,37,Smear Positive
Libya,2011,sp,f,45-54,22,Smear Positive
Libya,2011,sp,f,55-64,25,Smear Positive
Libya,2011,sp,f,65+,29,Smear Positive
Libya,2011,sn,m,0-14,17,Smear Negative
Libya,2011,sn,m,15-24,16,Smear Negative
Libya,2011,sn,m,25-34,51,Smear Negative
Libya,2011,sn,m,35-44,79,Smear Negative
Libya,2011,sn,m,45-54,32,Smear Negative
Libya,2011,sn,m,55-64,13,Smear Negative
Libya,2011,sn,m,65+,11,Smear Negative
Libya,2011,sn,f,0-14,7,Smear Negative
Libya,2011,sn,f,15-24,26,Smear Negative
Libya,2011,sn,f,25-34,19,Smear Negative
Libya,2011,sn,f,35-44,16,Smear Negative
Libya,2011,sn,f,45-54,2,Smear Negative
Libya,2011,sn,f,55-64,9,Smear Negative
Libya,2011,sn,f,65+,7,Smear Negative
Libya,2011,ep,m,0-14,11,Extrapulmonary
Libya,2011,ep,m,15-24,27,Extrapulmonary
Libya,2011,ep,m,25-34,52,Extrapulmonary
Libya,2011,ep,m,35-44,47,Extrapulmonary
Libya,2011,ep,m,45-54,27,Extrapulmonary
Libya,2011,ep,m,55-64,13,Extrapulmonary
Libya,2011,ep,m,65+,26,Extrapulmonary
Libya,2011,ep,f,0-14,16,Extrapulmonary
Libya,2011,ep,f,15-24,46,Extrapulmonary
Libya,2011,ep,f,25-34,58,Extrapulmonary
Libya,2011,ep,f,35-44,59,Extrapulmonary
Libya,2011,ep,f,45-54,29,Extrapulmonary
Libya,2011,ep,f,55-64,25,Extrapulmonary
Libya,2011,ep,f,65+,26,Extrapulmonary
Libya,2012,sp,m,0-14,2,Smear Positive
Libya,2012,sp,m,15-24,86,Smear Positive
Libya,2012,sp,m,25-34,136,Smear Positive
Libya,2012,sp,m,35-44,136,Smear Positive
Libya,2012,sp,m,45-54,63,Smear Positive
Libya,2012,sp,m,55-64,31,Smear Positive
Libya,2012,sp,m,65+,22,Smear Positive
Libya,2012,sp,f,0-14,10,Smear Positive
Libya,2012,sp,f,15-24,47,Smear Positive
Libya,2012,sp,f,25-34,37,Smear Positive
Libya,2012,sp,f,35-44,19,Smear Positive
Libya,2012,sp,f,45-54,24,Smear Positive
Libya,2012,sp,f,55-64,18,Smear Positive
Libya,2012,sp,f,65+,13,Smear Positive
Libya,2012,sn,m,0-14,25,Smear Negative
Libya,2012,sn,m,15-24,27,Smear Negative
Libya,2012,sn,m,25-34,58,Smear Negative
Libya,2012,sn,m,35-44,60,Smear Negative
Libya,2012,sn,m,45-54,40,Smear Negative
Libya,2012,sn,m,55-64,24,Smear Negative
Libya,2012,sn,m,65+,14,Smear Negative
Libya,2012,sn,f,0-14,24,Smear Negative
Libya,2012,sn,f,15-24,17,Smear Negative
Libya,2012,sn,f,25-34,20,Smear Negative
Libya,2012,sn,f,35-44,17,Smear Negative
Libya,2012,sn,f,45-54,18,Smear Negative
Libya,2012,sn,f,55-64,14,Smear Negative
Libya,2012,sn,f,65+,14,Smear Negative
Libya,2012,ep,m,0-14,22,Extrapulmonary
Libya,2012,ep,m,15-24,34,Extrapulmonary
Libya,2012,ep,m,25-34,65,Extrapulmonary
Libya,2012,ep,m,35-44,45,Extrapulmonary
Libya,2012,ep,m,45-54,20,Extrapulmonary
Libya,2012,ep,m,55-64,19,Extrapulmonary
Libya,2012,ep,m,65+,30,Extrapulmonary
Libya,2012,ep,f,0-14,19,Extrapulmonary
Libya,2012,ep,f,15-24,51,Extrapulmonary
Libya,2012,ep,f,25-34,55,Extrapulmonary
Libya,2012,ep,f,35-44,53,Extrapulmonary
Libya,2012,ep,f,45-54,43,Extrapulmonary
Libya,2012,ep,f,55-64,30,Extrapulmonary
Libya,2012,ep,f,65+,47,Extrapulmonary
Libya,2013,rel,m,0-14,42,Relapse
Libya,2013,rel,m,15-24,135,Relapse
Libya,2013,rel,m,25-34,233,Relapse
Libya,2013,rel,m,35-44,204,Relapse
Libya,2013,rel,m,45-54,93,Relapse
Libya,2013,rel,m,55-64,69,Relapse
Libya,2013,rel,m,65+,66,Relapse
Libya,2013,rel,f,0-14,30,Relapse
Libya,2013,rel,f,15-24,110,Relapse
Libya,2013,rel,f,25-34,124,Relapse
Libya,2013,rel,f,35-44,80,Relapse
Libya,2013,rel,f,45-54,60,Relapse
Libya,2013,rel,f,55-64,56,Relapse
Libya,2013,rel,f,65+,42,Relapse
Lithuania,1995,sp,m,0-14,4,Smear Positive
Lithuania,1995,sp,m,15-24,46,Smear Positive
Lithuania,1995,sp,m,25-34,132,Smear Positive
Lithuania,1995,sp,m,35-44,225,Smear Positive
Lithuania,1995,sp,m,45-54,176,Smear Positive
Lithuania,1995,sp,m,55-64,90,Smear Positive
Lithuania,1995,sp,m,65+,77,Smear Positive
Lithuania,1995,sp,f,0-14,5,Smear Positive
Lithuania,1995,sp,f,15-24,6,Smear Positive
Lithuania,1995,sp,f,25-34,53,Smear Positive
Lithuania,1995,sp,f,35-44,45,Smear Positive
Lithuania,1995,sp,f,45-54,32,Smear Positive
Lithuania,1995,sp,f,55-64,16,Smear Positive
Lithuania,1995,sp,f,65+,42,Smear Positive
Lithuania,1996,sp,m,0-14,2,Smear Positive
Lithuania,1996,sp,m,15-24,60,Smear Positive
Lithuania,1996,sp,m,25-34,133,Smear Positive
Lithuania,1996,sp,m,35-44,224,Smear Positive
Lithuania,1996,sp,m,45-54,206,Smear Positive
Lithuania,1996,sp,m,55-64,133,Smear Positive
Lithuania,1996,sp,m,65+,82,Smear Positive
Lithuania,1996,sp,f,0-14,6,Smear Positive
Lithuania,1996,sp,f,15-24,37,Smear Positive
Lithuania,1996,sp,f,25-34,62,Smear Positive
Lithuania,1996,sp,f,35-44,73,Smear Positive
Lithuania,1996,sp,f,45-54,40,Smear Positive
Lithuania,1996,sp,f,55-64,29,Smear Positive
Lithuania,1996,sp,f,65+,44,Smear Positive
Lithuania,1997,sp,m,0-14,2,Smear Positive
Lithuania,1997,sp,m,15-24,53,Smear Positive
Lithuania,1997,sp,m,25-34,136,Smear Positive
Lithuania,1997,sp,m,35-44,227,Smear Positive
Lithuania,1997,sp,m,45-54,213,Smear Positive
Lithuania,1997,sp,m,55-64,146,Smear Positive
Lithuania,1997,sp,m,65+,98,Smear Positive
Lithuania,1997,sp,f,0-14,5,Smear Positive
Lithuania,1997,sp,f,15-24,40,Smear Positive
Lithuania,1997,sp,f,25-34,77,Smear Positive
Lithuania,1997,sp,f,35-44,73,Smear Positive
Lithuania,1997,sp,f,45-54,38,Smear Positive
Lithuania,1997,sp,f,55-64,25,Smear Positive
Lithuania,1997,sp,f,65+,67,Smear Positive
Lithuania,1998,sp,m,0-14,0,Smear Positive
Lithuania,1998,sp,m,15-24,38,Smear Positive
Lithuania,1998,sp,m,25-34,77,Smear Positive
Lithuania,1998,sp,m,35-44,165,Smear Positive
Lithuania,1998,sp,m,45-54,163,Smear Positive
Lithuania,1998,sp,m,55-64,81,Smear Positive
Lithuania,1998,sp,m,65+,57,Smear Positive
Lithuania,1998,sp,f,0-14,0,Smear Positive
Lithuania,1998,sp,f,15-24,27,Smear Positive
Lithuania,1998,sp,f,25-34,25,Smear Positive
Lithuania,1998,sp,f,35-44,65,Smear Positive
Lithuania,1998,sp,f,45-54,22,Smear Positive
Lithuania,1998,sp,f,55-64,21,Smear Positive
Lithuania,1998,sp,f,65+,46,Smear Positive
Lithuania,1999,sp,m,0-14,0,Smear Positive
Lithuania,1999,sp,m,15-24,42,Smear Positive
Lithuania,1999,sp,m,25-34,90,Smear Positive
Lithuania,1999,sp,m,35-44,153,Smear Positive
Lithuania,1999,sp,m,45-54,22,Smear Positive
Lithuania,1999,sp,m,55-64,91,Smear Positive
Lithuania,1999,sp,m,65+,67,Smear Positive
Lithuania,1999,sp,f,0-14,0,Smear Positive
Lithuania,1999,sp,f,15-24,32,Smear Positive
Lithuania,1999,sp,f,25-34,48,Smear Positive
Lithuania,1999,sp,f,35-44,55,Smear Positive
Lithuania,1999,sp,f,45-54,25,Smear Positive
Lithuania,1999,sp,f,55-64,20,Smear Positive
Lithuania,1999,sp,f,65+,40,Smear Positive
Lithuania,2000,sp,m,0-14,1,Smear Positive
Lithuania,2000,sp,m,15-24,38,Smear Positive
Lithuania,2000,sp,m,25-34,97,Smear Positive
Lithuania,2000,sp,m,35-44,145,Smear Positive
Lithuania,2000,sp,m,45-54,155,Smear Positive
Lithuania,2000,sp,m,55-64,74,Smear Positive
Lithuania,2000,sp,m,65+,68,Smear Positive
Lithuania,2000,sp,f,0-14,0,Smear Positive
Lithuania,2000,sp,f,15-24,20,Smear Positive
Lithuania,2000,sp,f,25-34,37,Smear Positive
Lithuania,2000,sp,f,35-44,39,Smear Positive
Lithuania,2000,sp,f,45-54,32,Smear Positive
Lithuania,2000,sp,f,55-64,22,Smear Positive
Lithuania,2000,sp,f,65+,48,Smear Positive
Lithuania,2001,sp,m,0-14,0,Smear Positive
Lithuania,2001,sp,m,15-24,35,Smear Positive
Lithuania,2001,sp,m,25-34,112,Smear Positive
Lithuania,2001,sp,m,35-44,197,Smear Positive
Lithuania,2001,sp,m,45-54,155,Smear Positive
Lithuania,2001,sp,m,55-64,88,Smear Positive
Lithuania,2001,sp,m,65+,76,Smear Positive
Lithuania,2001,sp,f,0-14,1,Smear Positive
Lithuania,2001,sp,f,15-24,33,Smear Positive
Lithuania,2001,sp,f,25-34,59,Smear Positive
Lithuania,2001,sp,f,35-44,57,Smear Positive
Lithuania,2001,sp,f,45-54,35,Smear Positive
Lithuania,2001,sp,f,55-64,28,Smear Positive
Lithuania,2001,sp,f,65+,59,Smear Positive
Lithuania,2002,sp,m,0-14,1,Smear Positive
Lithuania,2002,sp,m,15-24,24,Smear Positive
Lithuania,2002,sp,m,25-34,95,Smear Positive
Lithuania,2002,sp,m,35-44,176,Smear Positive
Lithuania,2002,sp,m,45-54,142,Smear Positive
Lithuania,2002,sp,m,55-64,88,Smear Positive
Lithuania,2002,sp,m,65+,59,Smear Positive
Lithuania,2002,sp,f,0-14,0,Smear Positive
Lithuania,2002,sp,f,15-24,30,Smear Positive
Lithuania,2002,sp,f,25-34,59,Smear Positive
Lithuania,2002,sp,f,35-44,45,Smear Positive
Lithuania,2002,sp,f,45-54,32,Smear Positive
Lithuania,2002,sp,f,55-64,18,Smear Positive
Lithuania,2002,sp,f,65+,52,Smear Positive
Lithuania,2003,sp,m,0-14,1,Smear Positive
Lithuania,2003,sp,m,15-24,35,Smear Positive
Lithuania,2003,sp,m,25-34,116,Smear Positive
Lithuania,2003,sp,m,35-44,175,Smear Positive
Lithuania,2003,sp,m,45-54,174,Smear Positive
Lithuania,2003,sp,m,55-64,107,Smear Positive
Lithuania,2003,sp,m,65+,60,Smear Positive
Lithuania,2003,sp,f,0-14,0,Smear Positive
Lithuania,2003,sp,f,15-24,35,Smear Positive
Lithuania,2003,sp,f,25-34,49,Smear Positive
Lithuania,2003,sp,f,35-44,37,Smear Positive
Lithuania,2003,sp,f,45-54,38,Smear Positive
Lithuania,2003,sp,f,55-64,20,Smear Positive
Lithuania,2003,sp,f,65+,50,Smear Positive
Lithuania,2004,sp,m,0-14,0,Smear Positive
Lithuania,2004,sp,m,15-24,39,Smear Positive
Lithuania,2004,sp,m,25-34,100,Smear Positive
Lithuania,2004,sp,m,35-44,161,Smear Positive
Lithuania,2004,sp,m,45-54,173,Smear Positive
Lithuania,2004,sp,m,55-64,92,Smear Positive
Lithuania,2004,sp,m,65+,71,Smear Positive
Lithuania,2004,sp,f,0-14,1,Smear Positive
Lithuania,2004,sp,f,15-24,21,Smear Positive
Lithuania,2004,sp,f,25-34,48,Smear Positive
Lithuania,2004,sp,f,35-44,47,Smear Positive
Lithuania,2004,sp,f,45-54,47,Smear Positive
Lithuania,2004,sp,f,55-64,24,Smear Positive
Lithuania,2004,sp,f,65+,32,Smear Positive
Lithuania,2005,sp,m,0-14,0,Smear Positive
Lithuania,2005,sp,m,15-24,42,Smear Positive
Lithuania,2005,sp,m,25-34,118,Smear Positive
Lithuania,2005,sp,m,35-44,186,Smear Positive
Lithuania,2005,sp,m,45-54,187,Smear Positive
Lithuania,2005,sp,m,55-64,108,Smear Positive
Lithuania,2005,sp,m,65+,67,Smear Positive
Lithuania,2005,sp,f,0-14,1,Smear Positive
Lithuania,2005,sp,f,15-24,25,Smear Positive
Lithuania,2005,sp,f,25-34,41,Smear Positive
Lithuania,2005,sp,f,35-44,57,Smear Positive
Lithuania,2005,sp,f,45-54,49,Smear Positive
Lithuania,2005,sp,f,55-64,23,Smear Positive
Lithuania,2005,sp,f,65+,54,Smear Positive
Lithuania,2006,sp,m,0-14,0,Smear Positive
Lithuania,2006,sp,m,15-24,38,Smear Positive
Lithuania,2006,sp,m,25-34,120,Smear Positive
Lithuania,2006,sp,m,35-44,207,Smear Positive
Lithuania,2006,sp,m,45-54,211,Smear Positive
Lithuania,2006,sp,m,55-64,107,Smear Positive
Lithuania,2006,sp,m,65+,74,Smear Positive
Lithuania,2006,sp,f,0-14,0,Smear Positive
Lithuania,2006,sp,f,15-24,25,Smear Positive
Lithuania,2006,sp,f,25-34,48,Smear Positive
Lithuania,2006,sp,f,35-44,56,Smear Positive
Lithuania,2006,sp,f,45-54,52,Smear Positive
Lithuania,2006,sp,f,55-64,38,Smear Positive
Lithuania,2006,sp,f,65+,53,Smear Positive
Lithuania,2006,sn,m,0-14,5,Smear Negative
Lithuania,2006,sn,m,15-24,34,Smear Negative
Lithuania,2006,sn,m,25-34,79,Smear Negative
Lithuania,2006,sn,m,35-44,109,Smear Negative
Lithuania,2006,sn,m,45-54,132,Smear Negative
Lithuania,2006,sn,m,55-64,101,Smear Negative
Lithuania,2006,sn,m,65+,66,Smear Negative
Lithuania,2006,sn,f,0-14,2,Smear Negative
Lithuania,2006,sn,f,15-24,29,Smear Negative
Lithuania,2006,sn,f,25-34,33,Smear Negative
Lithuania,2006,sn,f,35-44,46,Smear Negative
Lithuania,2006,sn,f,45-54,42,Smear Negative
Lithuania,2006,sn,f,55-64,23,Smear Negative
Lithuania,2006,sn,f,65+,53,Smear Negative
Lithuania,2006,ep,m,0-14,51,Extrapulmonary
Lithuania,2006,ep,m,15-24,18,Extrapulmonary
Lithuania,2006,ep,m,25-34,18,Extrapulmonary
Lithuania,2006,ep,m,35-44,19,Extrapulmonary
Lithuania,2006,ep,m,45-54,26,Extrapulmonary
Lithuania,2006,ep,m,55-64,19,Extrapulmonary
Lithuania,2006,ep,m,65+,15,Extrapulmonary
Lithuania,2006,ep,f,0-14,46,Extrapulmonary
Lithuania,2006,ep,f,15-24,13,Extrapulmonary
Lithuania,2006,ep,f,25-34,10,Extrapulmonary
Lithuania,2006,ep,f,35-44,16,Extrapulmonary
Lithuania,2006,ep,f,45-54,21,Extrapulmonary
Lithuania,2006,ep,f,55-64,12,Extrapulmonary
Lithuania,2006,ep,f,65+,32,Extrapulmonary
Lithuania,2007,sp,m,0-14,0,Smear Positive
Lithuania,2007,sp,m,15-24,31,Smear Positive
Lithuania,2007,sp,m,25-34,77,Smear Positive
Lithuania,2007,sp,m,35-44,165,Smear Positive
Lithuania,2007,sp,m,45-54,235,Smear Positive
Lithuania,2007,sp,m,55-64,109,Smear Positive
Lithuania,2007,sp,m,65+,76,Smear Positive
Lithuania,2007,sp,f,0-14,0,Smear Positive
Lithuania,2007,sp,f,15-24,34,Smear Positive
Lithuania,2007,sp,f,25-34,41,Smear Positive
Lithuania,2007,sp,f,35-44,48,Smear Positive
Lithuania,2007,sp,f,45-54,50,Smear Positive
Lithuania,2007,sp,f,55-64,22,Smear Positive
Lithuania,2007,sp,f,65+,37,Smear Positive
Lithuania,2007,sn,m,0-14,3,Smear Negative
Lithuania,2007,sn,m,15-24,30,Smear Negative
Lithuania,2007,sn,m,25-34,85,Smear Negative
Lithuania,2007,sn,m,35-44,112,Smear Negative
Lithuania,2007,sn,m,45-54,145,Smear Negative
Lithuania,2007,sn,m,55-64,90,Smear Negative
Lithuania,2007,sn,m,65+,82,Smear Negative
Lithuania,2007,sn,f,0-14,4,Smear Negative
Lithuania,2007,sn,f,15-24,23,Smear Negative
Lithuania,2007,sn,f,25-34,45,Smear Negative
Lithuania,2007,sn,f,35-44,42,Smear Negative
Lithuania,2007,sn,f,45-54,49,Smear Negative
Lithuania,2007,sn,f,55-64,23,Smear Negative
Lithuania,2007,sn,f,65+,46,Smear Negative
Lithuania,2007,ep,m,0-14,35,Extrapulmonary
Lithuania,2007,ep,m,15-24,10,Extrapulmonary
Lithuania,2007,ep,m,25-34,15,Extrapulmonary
Lithuania,2007,ep,m,35-44,18,Extrapulmonary
Lithuania,2007,ep,m,45-54,27,Extrapulmonary
Lithuania,2007,ep,m,55-64,14,Extrapulmonary
Lithuania,2007,ep,m,65+,16,Extrapulmonary
Lithuania,2007,ep,f,0-14,43,Extrapulmonary
Lithuania,2007,ep,f,15-24,15,Extrapulmonary
Lithuania,2007,ep,f,25-34,9,Extrapulmonary
Lithuania,2007,ep,f,35-44,23,Extrapulmonary
Lithuania,2007,ep,f,45-54,11,Extrapulmonary
Lithuania,2007,ep,f,55-64,13,Extrapulmonary
Lithuania,2007,ep,f,65+,29,Extrapulmonary
Lithuania,2008,sp,m,0-14,0,Smear Positive
Lithuania,2008,sp,m,15-24,39,Smear Positive
Lithuania,2008,sp,m,25-34,110,Smear Positive
Lithuania,2008,sp,m,35-44,162,Smear Positive
Lithuania,2008,sp,m,45-54,182,Smear Positive
Lithuania,2008,sp,m,55-64,104,Smear Positive
Lithuania,2008,sp,m,65+,71,Smear Positive
Lithuania,2008,sp,f,0-14,1,Smear Positive
Lithuania,2008,sp,f,15-24,20,Smear Positive
Lithuania,2008,sp,f,25-34,51,Smear Positive
Lithuania,2008,sp,f,35-44,46,Smear Positive
Lithuania,2008,sp,f,45-54,36,Smear Positive
Lithuania,2008,sp,f,55-64,18,Smear Positive
Lithuania,2008,sp,f,65+,44,Smear Positive
Lithuania,2008,sn,m,0-14,1,Smear Negative
Lithuania,2008,sn,m,15-24,25,Smear Negative
Lithuania,2008,sn,m,25-34,69,Smear Negative
Lithuania,2008,sn,m,35-44,108,Smear Negative
Lithuania,2008,sn,m,45-54,140,Smear Negative
Lithuania,2008,sn,m,55-64,88,Smear Negative
Lithuania,2008,sn,m,65+,85,Smear Negative
Lithuania,2008,sn,f,0-14,1,Smear Negative
Lithuania,2008,sn,f,15-24,27,Smear Negative
Lithuania,2008,sn,f,25-34,46,Smear Negative
Lithuania,2008,sn,f,35-44,37,Smear Negative
Lithuania,2008,sn,f,45-54,44,Smear Negative
Lithuania,2008,sn,f,55-64,21,Smear Negative
Lithuania,2008,sn,f,65+,52,Smear Negative
Lithuania,2008,ep,m,0-14,46,Extrapulmonary
Lithuania,2008,ep,m,15-24,13,Extrapulmonary
Lithuania,2008,ep,m,25-34,14,Extrapulmonary
Lithuania,2008,ep,m,35-44,16,Extrapulmonary
Lithuania,2008,ep,m,45-54,25,Extrapulmonary
Lithuania,2008,ep,m,55-64,11,Extrapulmonary
Lithuania,2008,ep,m,65+,11,Extrapulmonary
Lithuania,2008,ep,f,0-14,51,Extrapulmonary
Lithuania,2008,ep,f,15-24,8,Extrapulmonary
Lithuania,2008,ep,f,25-34,11,Extrapulmonary
Lithuania,2008,ep,f,35-44,18,Extrapulmonary
Lithuania,2008,ep,f,45-54,9,Extrapulmonary
Lithuania,2008,ep,f,55-64,11,Extrapulmonary
Lithuania,2008,ep,f,65+,20,Extrapulmonary
Lithuania,2009,sp,m,0-14,0,Smear Positive
Lithuania,2009,sp,m,15-24,22,Smear Positive
Lithuania,2009,sp,m,25-34,91,Smear Positive
Lithuania,2009,sp,m,35-44,130,Smear Positive
Lithuania,2009,sp,m,45-54,163,Smear Positive
Lithuania,2009,sp,m,55-64,100,Smear Positive
Lithuania,2009,sp,m,65+,48,Smear Positive
Lithuania,2009,sp,f,0-14,4,Smear Positive
Lithuania,2009,sp,f,15-24,25,Smear Positive
Lithuania,2009,sp,f,25-34,36,Smear Positive
Lithuania,2009,sp,f,35-44,31,Smear Positive
Lithuania,2009,sp,f,45-54,33,Smear Positive
Lithuania,2009,sp,f,55-64,21,Smear Positive
Lithuania,2009,sp,f,65+,39,Smear Positive
Lithuania,2009,sn,m,0-14,2,Smear Negative
Lithuania,2009,sn,m,15-24,29,Smear Negative
Lithuania,2009,sn,m,25-34,53,Smear Negative
Lithuania,2009,sn,m,35-44,102,Smear Negative
Lithuania,2009,sn,m,45-54,120,Smear Negative
Lithuania,2009,sn,m,55-64,74,Smear Negative
Lithuania,2009,sn,m,65+,77,Smear Negative
Lithuania,2009,sn,f,0-14,2,Smear Negative
Lithuania,2009,sn,f,15-24,38,Smear Negative
Lithuania,2009,sn,f,25-34,38,Smear Negative
Lithuania,2009,sn,f,35-44,51,Smear Negative
Lithuania,2009,sn,f,45-54,35,Smear Negative
Lithuania,2009,sn,f,55-64,29,Smear Negative
Lithuania,2009,sn,f,65+,51,Smear Negative
Lithuania,2009,ep,m,0-14,41,Extrapulmonary
Lithuania,2009,ep,m,15-24,10,Extrapulmonary
Lithuania,2009,ep,m,25-34,19,Extrapulmonary
Lithuania,2009,ep,m,35-44,9,Extrapulmonary
Lithuania,2009,ep,m,45-54,19,Extrapulmonary
Lithuania,2009,ep,m,55-64,9,Extrapulmonary
Lithuania,2009,ep,m,65+,12,Extrapulmonary
Lithuania,2009,ep,f,0-14,25,Extrapulmonary
Lithuania,2009,ep,f,15-24,17,Extrapulmonary
Lithuania,2009,ep,f,25-34,12,Extrapulmonary
Lithuania,2009,ep,f,35-44,16,Extrapulmonary
Lithuania,2009,ep,f,45-54,14,Extrapulmonary
Lithuania,2009,ep,f,55-64,11,Extrapulmonary
Lithuania,2009,ep,f,65+,19,Extrapulmonary
Lithuania,2010,sp,m,0-14,1,Smear Positive
Lithuania,2010,sp,m,15-24,34,Smear Positive
Lithuania,2010,sp,m,25-34,75,Smear Positive
Lithuania,2010,sp,m,35-44,128,Smear Positive
Lithuania,2010,sp,m,45-54,157,Smear Positive
Lithuania,2010,sp,m,55-64,89,Smear Positive
Lithuania,2010,sp,m,65+,54,Smear Positive
Lithuania,2010,sp,f,0-14,1,Smear Positive
Lithuania,2010,sp,f,15-24,20,Smear Positive
Lithuania,2010,sp,f,25-34,36,Smear Positive
Lithuania,2010,sp,f,35-44,31,Smear Positive
Lithuania,2010,sp,f,45-54,43,Smear Positive
Lithuania,2010,sp,f,55-64,18,Smear Positive
Lithuania,2010,sp,f,65+,32,Smear Positive
Lithuania,2010,sn,m,0-14,0,Smear Negative
Lithuania,2010,sn,m,15-24,29,Smear Negative
Lithuania,2010,sn,m,25-34,64,Smear Negative
Lithuania,2010,sn,m,35-44,105,Smear Negative
Lithuania,2010,sn,m,45-54,87,Smear Negative
Lithuania,2010,sn,m,55-64,82,Smear Negative
Lithuania,2010,sn,m,65+,65,Smear Negative
Lithuania,2010,sn,f,0-14,4,Smear Negative
Lithuania,2010,sn,f,15-24,32,Smear Negative
Lithuania,2010,sn,f,25-34,33,Smear Negative
Lithuania,2010,sn,f,35-44,36,Smear Negative
Lithuania,2010,sn,f,45-54,44,Smear Negative
Lithuania,2010,sn,f,55-64,14,Smear Negative
Lithuania,2010,sn,f,65+,38,Smear Negative
Lithuania,2010,ep,m,0-14,54,Extrapulmonary
Lithuania,2010,ep,m,15-24,14,Extrapulmonary
Lithuania,2010,ep,m,25-34,9,Extrapulmonary
Lithuania,2010,ep,m,35-44,14,Extrapulmonary
Lithuania,2010,ep,m,45-54,17,Extrapulmonary
Lithuania,2010,ep,m,55-64,17,Extrapulmonary
Lithuania,2010,ep,m,65+,10,Extrapulmonary
Lithuania,2010,ep,f,0-14,32,Extrapulmonary
Lithuania,2010,ep,f,15-24,13,Extrapulmonary
Lithuania,2010,ep,f,25-34,7,Extrapulmonary
Lithuania,2010,ep,f,35-44,4,Extrapulmonary
Lithuania,2010,ep,f,45-54,7,Extrapulmonary
Lithuania,2010,ep,f,55-64,5,Extrapulmonary
Lithuania,2010,ep,f,65+,18,Extrapulmonary
Lithuania,2011,sp,m,0-14,1,Smear Positive
Lithuania,2011,sp,m,15-24,25,Smear Positive
Lithuania,2011,sp,m,25-34,52,Smear Positive
Lithuania,2011,sp,m,35-44,126,Smear Positive
Lithuania,2011,sp,m,45-54,158,Smear Positive
Lithuania,2011,sp,m,55-64,77,Smear Positive
Lithuania,2011,sp,m,65+,55,Smear Positive
Lithuania,2011,sp,f,0-14,0,Smear Positive
Lithuania,2011,sp,f,15-24,20,Smear Positive
Lithuania,2011,sp,f,25-34,31,Smear Positive
Lithuania,2011,sp,f,35-44,37,Smear Positive
Lithuania,2011,sp,f,45-54,38,Smear Positive
Lithuania,2011,sp,f,55-64,16,Smear Positive
Lithuania,2011,sp,f,65+,45,Smear Positive
Lithuania,2011,sn,m,0-14,2,Smear Negative
Lithuania,2011,sn,m,15-24,28,Smear Negative
Lithuania,2011,sn,m,25-34,67,Smear Negative
Lithuania,2011,sn,m,35-44,97,Smear Negative
Lithuania,2011,sn,m,45-54,96,Smear Negative
Lithuania,2011,sn,m,55-64,75,Smear Negative
Lithuania,2011,sn,m,65+,55,Smear Negative
Lithuania,2011,sn,f,0-14,4,Smear Negative
Lithuania,2011,sn,f,15-24,31,Smear Negative
Lithuania,2011,sn,f,25-34,45,Smear Negative
Lithuania,2011,sn,f,35-44,43,Smear Negative
Lithuania,2011,sn,f,45-54,40,Smear Negative
Lithuania,2011,sn,f,55-64,25,Smear Negative
Lithuania,2011,sn,f,65+,56,Smear Negative
Lithuania,2011,ep,m,0-14,52,Extrapulmonary
Lithuania,2011,ep,m,15-24,2,Extrapulmonary
Lithuania,2011,ep,m,25-34,10,Extrapulmonary
Lithuania,2011,ep,m,35-44,13,Extrapulmonary
Lithuania,2011,ep,m,45-54,11,Extrapulmonary
Lithuania,2011,ep,m,55-64,7,Extrapulmonary
Lithuania,2011,ep,m,65+,8,Extrapulmonary
Lithuania,2011,ep,f,0-14,29,Extrapulmonary
Lithuania,2011,ep,f,15-24,10,Extrapulmonary
Lithuania,2011,ep,f,25-34,2,Extrapulmonary
Lithuania,2011,ep,f,35-44,10,Extrapulmonary
Lithuania,2011,ep,f,45-54,9,Extrapulmonary
Lithuania,2011,ep,f,55-64,5,Extrapulmonary
Lithuania,2011,ep,f,65+,19,Extrapulmonary
Lithuania,2012,sp,m,0-14,0,Smear Positive
Lithuania,2012,sp,m,15-24,35,Smear Positive
Lithuania,2012,sp,m,25-34,73,Smear Positive
Lithuania,2012,sp,m,35-44,143,Smear Positive
Lithuania,2012,sp,m,45-54,148,Smear Positive
Lithuania,2012,sp,m,55-64,91,Smear Positive
Lithuania,2012,sp,m,65+,60,Smear Positive
Lithuania,2012,sp,f,0-14,1,Smear Positive
Lithuania,2012,sp,f,15-24,8,Smear Positive
Lithuania,2012,sp,f,25-34,28,Smear Positive
Lithuania,2012,sp,f,35-44,55,Smear Positive
Lithuania,2012,sp,f,45-54,36,Smear Positive
Lithuania,2012,sp,f,55-64,20,Smear Positive
Lithuania,2012,sp,f,65+,28,Smear Positive
Lithuania,2012,sn,m,0-14,2,Smear Negative
Lithuania,2012,sn,m,15-24,15,Smear Negative
Lithuania,2012,sn,m,25-34,51,Smear Negative
Lithuania,2012,sn,m,35-44,73,Smear Negative
Lithuania,2012,sn,m,45-54,87,Smear Negative
Lithuania,2012,sn,m,55-64,70,Smear Negative
Lithuania,2012,sn,m,65+,57,Smear Negative
Lithuania,2012,sn,f,0-14,5,Smear Negative
Lithuania,2012,sn,f,15-24,25,Smear Negative
Lithuania,2012,sn,f,25-34,34,Smear Negative
Lithuania,2012,sn,f,35-44,43,Smear Negative
Lithuania,2012,sn,f,45-54,35,Smear Negative
Lithuania,2012,sn,f,55-64,21,Smear Negative
Lithuania,2012,sn,f,65+,30,Smear Negative
Lithuania,2012,ep,m,0-14,23,Extrapulmonary
Lithuania,2012,ep,m,15-24,14,Extrapulmonary
Lithuania,2012,ep,m,25-34,7,Extrapulmonary
Lithuania,2012,ep,m,35-44,6,Extrapulmonary
Lithuania,2012,ep,m,45-54,11,Extrapulmonary
Lithuania,2012,ep,m,55-64,9,Extrapulmonary
Lithuania,2012,ep,m,65+,5,Extrapulmonary
Lithuania,2012,ep,f,0-14,25,Extrapulmonary
Lithuania,2012,ep,f,15-24,13,Extrapulmonary
Lithuania,2012,ep,f,25-34,5,Extrapulmonary
Lithuania,2012,ep,f,35-44,7,Extrapulmonary
Lithuania,2012,ep,f,45-54,10,Extrapulmonary
Lithuania,2012,ep,f,55-64,7,Extrapulmonary
Lithuania,2012,ep,f,65+,14,Extrapulmonary
Lithuania,2013,rel,m,0-14,19,Relapse
Lithuania,2013,rel,m,15-24,49,Relapse
Lithuania,2013,rel,m,25-34,150,Relapse
Lithuania,2013,rel,m,35-44,254,Relapse
Lithuania,2013,rel,m,45-54,299,Relapse
Lithuania,2013,rel,m,55-64,209,Relapse
Lithuania,2013,rel,m,65+,160,Relapse
Lithuania,2013,rel,f,0-14,18,Relapse
Lithuania,2013,rel,f,15-24,42,Relapse
Lithuania,2013,rel,f,25-34,76,Relapse
Lithuania,2013,rel,f,35-44,84,Relapse
Lithuania,2013,rel,f,45-54,82,Relapse
Lithuania,2013,rel,f,55-64,57,Relapse
Lithuania,2013,rel,f,65+,74,Relapse
Luxembourg,1996,sp,m,0-14,0,Smear Positive
Luxembourg,1996,sp,m,15-24,5,Smear Positive
Luxembourg,1996,sp,m,25-34,3,Smear Positive
Luxembourg,1996,sp,m,35-44,4,Smear Positive
Luxembourg,1996,sp,m,45-54,2,Smear Positive
Luxembourg,1996,sp,m,55-64,3,Smear Positive
Luxembourg,1996,sp,m,65+,2,Smear Positive
Luxembourg,1996,sp,f,0-14,1,Smear Positive
Luxembourg,1996,sp,f,15-24,3,Smear Positive
Luxembourg,1996,sp,f,25-34,2,Smear Positive
Luxembourg,1996,sp,f,35-44,0,Smear Positive
Luxembourg,1996,sp,f,45-54,1,Smear Positive
Luxembourg,1996,sp,f,55-64,0,Smear Positive
Luxembourg,1996,sp,f,65+,3,Smear Positive
Luxembourg,1997,sp,m,0-14,1,Smear Positive
Luxembourg,1997,sp,m,15-24,2,Smear Positive
Luxembourg,1997,sp,m,25-34,2,Smear Positive
Luxembourg,1997,sp,m,35-44,7,Smear Positive
Luxembourg,1997,sp,m,45-54,3,Smear Positive
Luxembourg,1997,sp,m,55-64,2,Smear Positive
Luxembourg,1997,sp,m,65+,3,Smear Positive
Luxembourg,1997,sp,f,0-14,1,Smear Positive
Luxembourg,1997,sp,f,15-24,3,Smear Positive
Luxembourg,1997,sp,f,25-34,0,Smear Positive
Luxembourg,1997,sp,f,35-44,1,Smear Positive
Luxembourg,1997,sp,f,45-54,0,Smear Positive
Luxembourg,1997,sp,f,55-64,1,Smear Positive
Luxembourg,1997,sp,f,65+,5,Smear Positive
Luxembourg,1998,sp,m,0-14,0,Smear Positive
Luxembourg,1998,sp,m,15-24,3,Smear Positive
Luxembourg,1998,sp,m,25-34,6,Smear Positive
Luxembourg,1998,sp,m,35-44,7,Smear Positive
Luxembourg,1998,sp,m,45-54,4,Smear Positive
Luxembourg,1998,sp,m,55-64,2,Smear Positive
Luxembourg,1998,sp,m,65+,0,Smear Positive
Luxembourg,1998,sp,f,0-14,1,Smear Positive
Luxembourg,1998,sp,f,15-24,0,Smear Positive
Luxembourg,1998,sp,f,25-34,1,Smear Positive
Luxembourg,1998,sp,f,35-44,2,Smear Positive
Luxembourg,1998,sp,f,45-54,2,Smear Positive
Luxembourg,1998,sp,f,55-64,0,Smear Positive
Luxembourg,1998,sp,f,65+,2,Smear Positive
Luxembourg,2001,sp,m,0-14,0,Smear Positive
Luxembourg,2001,sp,m,15-24,0,Smear Positive
Luxembourg,2001,sp,m,25-34,1,Smear Positive
Luxembourg,2001,sp,m,35-44,0,Smear Positive
Luxembourg,2001,sp,m,45-54,0,Smear Positive
Luxembourg,2001,sp,m,55-64,0,Smear Positive
Luxembourg,2001,sp,m,65+,2,Smear Positive
Luxembourg,2001,sp,f,0-14,0,Smear Positive
Luxembourg,2001,sp,f,15-24,2,Smear Positive
Luxembourg,2001,sp,f,25-34,2,Smear Positive
Luxembourg,2001,sp,f,35-44,1,Smear Positive
Luxembourg,2001,sp,f,45-54,1,Smear Positive
Luxembourg,2001,sp,f,55-64,1,Smear Positive
Luxembourg,2001,sp,f,65+,2,Smear Positive
Luxembourg,2002,sp,m,0-14,0,Smear Positive
Luxembourg,2002,sp,m,15-24,0,Smear Positive
Luxembourg,2002,sp,m,25-34,1,Smear Positive
Luxembourg,2002,sp,m,35-44,3,Smear Positive
Luxembourg,2002,sp,m,45-54,3,Smear Positive
Luxembourg,2002,sp,m,55-64,2,Smear Positive
Luxembourg,2002,sp,m,65+,1,Smear Positive
Luxembourg,2002,sp,f,0-14,0,Smear Positive
Luxembourg,2002,sp,f,15-24,0,Smear Positive
Luxembourg,2002,sp,f,25-34,2,Smear Positive
Luxembourg,2002,sp,f,35-44,1,Smear Positive
Luxembourg,2002,sp,f,45-54,1,Smear Positive
Luxembourg,2002,sp,f,55-64,1,Smear Positive
Luxembourg,2002,sp,f,65+,2,Smear Positive
Luxembourg,2003,sp,m,0-14,0,Smear Positive
Luxembourg,2003,sp,m,15-24,2,Smear Positive
Luxembourg,2003,sp,m,25-34,10,Smear Positive
Luxembourg,2003,sp,m,35-44,7,Smear Positive
Luxembourg,2003,sp,m,45-54,1,Smear Positive
Luxembourg,2003,sp,m,55-64,2,Smear Positive
Luxembourg,2003,sp,m,65+,2,Smear Positive
Luxembourg,2003,sp,f,0-14,0,Smear Positive
Luxembourg,2003,sp,f,15-24,2,Smear Positive
Luxembourg,2003,sp,f,25-34,1,Smear Positive
Luxembourg,2003,sp,f,35-44,1,Smear Positive
Luxembourg,2003,sp,f,45-54,0,Smear Positive
Luxembourg,2003,sp,f,55-64,0,Smear Positive
Luxembourg,2003,sp,f,65+,0,Smear Positive
Luxembourg,2004,sp,m,0-14,0,Smear Positive
Luxembourg,2004,sp,m,15-24,1,Smear Positive
Luxembourg,2004,sp,m,25-34,0,Smear Positive
Luxembourg,2004,sp,m,35-44,4,Smear Positive
Luxembourg,2004,sp,m,45-54,3,Smear Positive
Luxembourg,2004,sp,m,55-64,1,Smear Positive
Luxembourg,2004,sp,m,65+,1,Smear Positive
Luxembourg,2004,sp,f,0-14,0,Smear Positive
Luxembourg,2004,sp,f,15-24,0,Smear Positive
Luxembourg,2004,sp,f,25-34,5,Smear Positive
Luxembourg,2004,sp,f,35-44,5,Smear Positive
Luxembourg,2004,sp,f,45-54,0,Smear Positive
Luxembourg,2004,sp,f,55-64,0,Smear Positive
Luxembourg,2004,sp,f,65+,0,Smear Positive
Luxembourg,2005,sp,m,0-14,0,Smear Positive
Luxembourg,2005,sp,m,15-24,0,Smear Positive
Luxembourg,2005,sp,m,25-34,2,Smear Positive
Luxembourg,2005,sp,m,35-44,2,Smear Positive
Luxembourg,2005,sp,m,45-54,1,Smear Positive
Luxembourg,2005,sp,m,55-64,1,Smear Positive
Luxembourg,2005,sp,m,65+,2,Smear Positive
Luxembourg,2005,sp,f,0-14,0,Smear Positive
Luxembourg,2005,sp,f,15-24,0,Smear Positive
Luxembourg,2005,sp,f,25-34,2,Smear Positive
Luxembourg,2005,sp,f,35-44,1,Smear Positive
Luxembourg,2005,sp,f,45-54,1,Smear Positive
Luxembourg,2005,sp,f,55-64,1,Smear Positive
Luxembourg,2005,sp,f,65+,0,Smear Positive
Luxembourg,2006,sp,m,0-14,0,Smear Positive
Luxembourg,2006,sp,m,15-24,0,Smear Positive
Luxembourg,2006,sp,m,25-34,3,Smear Positive
Luxembourg,2006,sp,m,35-44,2,Smear Positive
Luxembourg,2006,sp,m,45-54,3,Smear Positive
Luxembourg,2006,sp,m,55-64,2,Smear Positive
Luxembourg,2006,sp,m,65+,3,Smear Positive
Luxembourg,2006,sp,f,0-14,0,Smear Positive
Luxembourg,2006,sp,f,15-24,2,Smear Positive
Luxembourg,2006,sp,f,25-34,3,Smear Positive
Luxembourg,2006,sp,f,35-44,2,Smear Positive
Luxembourg,2006,sp,f,45-54,0,Smear Positive
Luxembourg,2006,sp,f,55-64,1,Smear Positive
Luxembourg,2006,sp,f,65+,1,Smear Positive
Luxembourg,2006,sn,m,0-14,0,Smear Negative
Luxembourg,2006,sn,m,15-24,0,Smear Negative
Luxembourg,2006,sn,m,25-34,1,Smear Negative
Luxembourg,2006,sn,m,35-44,1,Smear Negative
Luxembourg,2006,sn,m,45-54,0,Smear Negative
Luxembourg,2006,sn,m,55-64,1,Smear Negative
Luxembourg,2006,sn,m,65+,1,Smear Negative
Luxembourg,2006,sn,f,0-14,0,Smear Negative
Luxembourg,2006,sn,f,15-24,1,Smear Negative
Luxembourg,2006,sn,f,25-34,1,Smear Negative
Luxembourg,2006,sn,f,35-44,1,Smear Negative
Luxembourg,2006,sn,f,45-54,1,Smear Negative
Luxembourg,2006,sn,f,55-64,0,Smear Negative
Luxembourg,2006,sn,f,65+,2,Smear Negative
Luxembourg,2006,ep,m,0-14,0,Extrapulmonary
Luxembourg,2006,ep,m,15-24,0,Extrapulmonary
Luxembourg,2006,ep,m,25-34,0,Extrapulmonary
Luxembourg,2006,ep,m,35-44,0,Extrapulmonary
Luxembourg,2006,ep,m,45-54,0,Extrapulmonary
Luxembourg,2006,ep,m,55-64,0,Extrapulmonary
Luxembourg,2006,ep,m,65+,1,Extrapulmonary
Luxembourg,2006,ep,f,0-14,0,Extrapulmonary
Luxembourg,2006,ep,f,15-24,0,Extrapulmonary
Luxembourg,2006,ep,f,25-34,0,Extrapulmonary
Luxembourg,2006,ep,f,35-44,0,Extrapulmonary
Luxembourg,2006,ep,f,45-54,0,Extrapulmonary
Luxembourg,2006,ep,f,55-64,0,Extrapulmonary
Luxembourg,2006,ep,f,65+,0,Extrapulmonary
Luxembourg,2007,sp,m,0-14,0,Smear Positive
Luxembourg,2007,sp,m,15-24,0,Smear Positive
Luxembourg,2007,sp,m,25-34,0,Smear Positive
Luxembourg,2007,sp,m,35-44,1,Smear Positive
Luxembourg,2007,sp,m,45-54,0,Smear Positive
Luxembourg,2007,sp,m,55-64,0,Smear Positive
Luxembourg,2007,sp,m,65+,0,Smear Positive
Luxembourg,2007,sp,f,0-14,0,Smear Positive
Luxembourg,2007,sp,f,15-24,0,Smear Positive
Luxembourg,2007,sp,f,25-34,0,Smear Positive
Luxembourg,2007,sp,f,35-44,0,Smear Positive
Luxembourg,2007,sp,f,45-54,0,Smear Positive
Luxembourg,2007,sp,f,55-64,0,Smear Positive
Luxembourg,2007,sp,f,65+,0,Smear Positive
Luxembourg,2007,sn,m,0-14,1,Smear Negative
Luxembourg,2007,sn,m,15-24,1,Smear Negative
Luxembourg,2007,sn,m,25-34,5,Smear Negative
Luxembourg,2007,sn,m,35-44,6,Smear Negative
Luxembourg,2007,sn,m,45-54,4,Smear Negative
Luxembourg,2007,sn,m,55-64,1,Smear Negative
Luxembourg,2007,sn,m,65+,6,Smear Negative
Luxembourg,2007,sn,f,0-14,0,Smear Negative
Luxembourg,2007,sn,f,15-24,1,Smear Negative
Luxembourg,2007,sn,f,25-34,4,Smear Negative
Luxembourg,2007,sn,f,35-44,1,Smear Negative
Luxembourg,2007,sn,f,45-54,1,Smear Negative
Luxembourg,2007,sn,f,55-64,1,Smear Negative
Luxembourg,2007,sn,f,65+,2,Smear Negative
Luxembourg,2007,ep,m,0-14,0,Extrapulmonary
Luxembourg,2007,ep,m,15-24,0,Extrapulmonary
Luxembourg,2007,ep,m,25-34,0,Extrapulmonary
Luxembourg,2007,ep,m,35-44,2,Extrapulmonary
Luxembourg,2007,ep,m,45-54,0,Extrapulmonary
Luxembourg,2007,ep,m,55-64,0,Extrapulmonary
Luxembourg,2007,ep,m,65+,2,Extrapulmonary
Luxembourg,2007,ep,f,0-14,2,Extrapulmonary
Luxembourg,2007,ep,f,15-24,0,Extrapulmonary
Luxembourg,2007,ep,f,25-34,0,Extrapulmonary
Luxembourg,2007,ep,f,35-44,0,Extrapulmonary
Luxembourg,2007,ep,f,45-54,0,Extrapulmonary
Luxembourg,2007,ep,f,55-64,2,Extrapulmonary
Luxembourg,2007,ep,f,65+,0,Extrapulmonary
Luxembourg,2008,sp,m,0-14,0,Smear Positive
Luxembourg,2008,sp,m,15-24,0,Smear Positive
Luxembourg,2008,sp,m,25-34,0,Smear Positive
Luxembourg,2008,sp,m,35-44,0,Smear Positive
Luxembourg,2008,sp,m,45-54,0,Smear Positive
Luxembourg,2008,sp,m,55-64,0,Smear Positive
Luxembourg,2008,sp,m,65+,0,Smear Positive
Luxembourg,2008,sp,f,0-14,0,Smear Positive
Luxembourg,2008,sp,f,15-24,0,Smear Positive
Luxembourg,2008,sp,f,25-34,0,Smear Positive
Luxembourg,2008,sp,f,35-44,0,Smear Positive
Luxembourg,2008,sp,f,45-54,0,Smear Positive
Luxembourg,2008,sp,f,55-64,0,Smear Positive
Luxembourg,2008,sp,f,65+,0,Smear Positive
Luxembourg,2008,sn,m,0-14,0,Smear Negative
Luxembourg,2008,sn,m,15-24,0,Smear Negative
Luxembourg,2008,sn,m,25-34,0,Smear Negative
Luxembourg,2008,sn,m,35-44,0,Smear Negative
Luxembourg,2008,sn,m,45-54,0,Smear Negative
Luxembourg,2008,sn,m,55-64,0,Smear Negative
Luxembourg,2008,sn,m,65+,0,Smear Negative
Luxembourg,2008,sn,f,0-14,0,Smear Negative
Luxembourg,2008,sn,f,15-24,0,Smear Negative
Luxembourg,2008,sn,f,25-34,0,Smear Negative
Luxembourg,2008,sn,f,35-44,0,Smear Negative
Luxembourg,2008,sn,f,45-54,0,Smear Negative
Luxembourg,2008,sn,f,55-64,0,Smear Negative
Luxembourg,2008,sn,f,65+,0,Smear Negative
Luxembourg,2008,ep,m,0-14,0,Extrapulmonary
Luxembourg,2008,ep,m,15-24,0,Extrapulmonary
Luxembourg,2008,ep,m,25-34,0,Extrapulmonary
Luxembourg,2008,ep,m,35-44,0,Extrapulmonary
Luxembourg,2008,ep,m,45-54,0,Extrapulmonary
Luxembourg,2008,ep,m,55-64,0,Extrapulmonary
Luxembourg,2008,ep,m,65+,0,Extrapulmonary
Luxembourg,2008,ep,f,0-14,0,Extrapulmonary
Luxembourg,2008,ep,f,15-24,0,Extrapulmonary
Luxembourg,2008,ep,f,25-34,0,Extrapulmonary
Luxembourg,2008,ep,f,35-44,0,Extrapulmonary
Luxembourg,2008,ep,f,45-54,0,Extrapulmonary
Luxembourg,2008,ep,f,55-64,0,Extrapulmonary
Luxembourg,2008,ep,f,65+,0,Extrapulmonary
Luxembourg,2009,sp,m,0-14,0,Smear Positive
Luxembourg,2009,sp,m,15-24,0,Smear Positive
Luxembourg,2009,sp,m,25-34,0,Smear Positive
Luxembourg,2009,sp,m,35-44,0,Smear Positive
Luxembourg,2009,sp,m,45-54,0,Smear Positive
Luxembourg,2009,sp,m,55-64,0,Smear Positive
Luxembourg,2009,sp,m,65+,0,Smear Positive
Luxembourg,2009,sp,f,0-14,0,Smear Positive
Luxembourg,2009,sp,f,15-24,0,Smear Positive
Luxembourg,2009,sp,f,25-34,0,Smear Positive
Luxembourg,2009,sp,f,35-44,0,Smear Positive
Luxembourg,2009,sp,f,45-54,0,Smear Positive
Luxembourg,2009,sp,f,55-64,0,Smear Positive
Luxembourg,2009,sp,f,65+,0,Smear Positive
Luxembourg,2009,sn,m,0-14,0,Smear Negative
Luxembourg,2009,sn,m,15-24,0,Smear Negative
Luxembourg,2009,sn,m,25-34,0,Smear Negative
Luxembourg,2009,sn,m,35-44,0,Smear Negative
Luxembourg,2009,sn,m,45-54,0,Smear Negative
Luxembourg,2009,sn,m,55-64,0,Smear Negative
Luxembourg,2009,sn,m,65+,0,Smear Negative
Luxembourg,2009,sn,f,0-14,0,Smear Negative
Luxembourg,2009,sn,f,15-24,0,Smear Negative
Luxembourg,2009,sn,f,25-34,0,Smear Negative
Luxembourg,2009,sn,f,35-44,0,Smear Negative
Luxembourg,2009,sn,f,45-54,0,Smear Negative
Luxembourg,2009,sn,f,55-64,0,Smear Negative
Luxembourg,2009,sn,f,65+,0,Smear Negative
Luxembourg,2009,ep,m,0-14,0,Extrapulmonary
Luxembourg,2009,ep,m,15-24,0,Extrapulmonary
Luxembourg,2009,ep,m,25-34,0,Extrapulmonary
Luxembourg,2009,ep,m,35-44,0,Extrapulmonary
Luxembourg,2009,ep,m,45-54,0,Extrapulmonary
Luxembourg,2009,ep,m,55-64,0,Extrapulmonary
Luxembourg,2009,ep,m,65+,0,Extrapulmonary
Luxembourg,2009,ep,f,0-14,0,Extrapulmonary
Luxembourg,2009,ep,f,15-24,0,Extrapulmonary
Luxembourg,2009,ep,f,25-34,0,Extrapulmonary
Luxembourg,2009,ep,f,35-44,0,Extrapulmonary
Luxembourg,2009,ep,f,45-54,0,Extrapulmonary
Luxembourg,2009,ep,f,55-64,0,Extrapulmonary
Luxembourg,2009,ep,f,65+,0,Extrapulmonary
Luxembourg,2010,sp,m,0-14,0,Smear Positive
Luxembourg,2010,sp,m,15-24,0,Smear Positive
Luxembourg,2010,sp,m,25-34,0,Smear Positive
Luxembourg,2010,sp,m,35-44,0,Smear Positive
Luxembourg,2010,sp,m,45-54,0,Smear Positive
Luxembourg,2010,sp,m,55-64,0,Smear Positive
Luxembourg,2010,sp,m,65+,0,Smear Positive
Luxembourg,2010,sp,f,0-14,0,Smear Positive
Luxembourg,2010,sp,f,15-24,0,Smear Positive
Luxembourg,2010,sp,f,25-34,0,Smear Positive
Luxembourg,2010,sp,f,35-44,0,Smear Positive
Luxembourg,2010,sp,f,45-54,0,Smear Positive
Luxembourg,2010,sp,f,55-64,0,Smear Positive
Luxembourg,2010,sp,f,65+,0,Smear Positive
Luxembourg,2010,sn,m,0-14,0,Smear Negative
Luxembourg,2010,sn,m,15-24,1,Smear Negative
Luxembourg,2010,sn,m,25-34,3,Smear Negative
Luxembourg,2010,sn,m,35-44,2,Smear Negative
Luxembourg,2010,sn,m,45-54,4,Smear Negative
Luxembourg,2010,sn,m,55-64,1,Smear Negative
Luxembourg,2010,sn,m,65+,0,Smear Negative
Luxembourg,2010,sn,f,0-14,1,Smear Negative
Luxembourg,2010,sn,f,15-24,1,Smear Negative
Luxembourg,2010,sn,f,25-34,1,Smear Negative
Luxembourg,2010,sn,f,35-44,1,Smear Negative
Luxembourg,2010,sn,f,45-54,3,Smear Negative
Luxembourg,2010,sn,f,55-64,0,Smear Negative
Luxembourg,2010,sn,f,65+,0,Smear Negative
Luxembourg,2010,ep,m,0-14,0,Extrapulmonary
Luxembourg,2010,ep,m,15-24,1,Extrapulmonary
Luxembourg,2010,ep,m,25-34,0,Extrapulmonary
Luxembourg,2010,ep,m,35-44,1,Extrapulmonary
Luxembourg,2010,ep,m,45-54,0,Extrapulmonary
Luxembourg,2010,ep,m,55-64,0,Extrapulmonary
Luxembourg,2010,ep,m,65+,2,Extrapulmonary
Luxembourg,2010,ep,f,0-14,0,Extrapulmonary
Luxembourg,2010,ep,f,15-24,0,Extrapulmonary
Luxembourg,2010,ep,f,25-34,1,Extrapulmonary
Luxembourg,2010,ep,f,35-44,1,Extrapulmonary
Luxembourg,2010,ep,f,45-54,0,Extrapulmonary
Luxembourg,2010,ep,f,55-64,0,Extrapulmonary
Luxembourg,2010,ep,f,65+,0,Extrapulmonary
Luxembourg,2011,sp,m,0-14,0,Smear Positive
Luxembourg,2011,sp,m,15-24,0,Smear Positive
Luxembourg,2011,sp,m,25-34,0,Smear Positive
Luxembourg,2011,sp,m,35-44,0,Smear Positive
Luxembourg,2011,sp,m,45-54,0,Smear Positive
Luxembourg,2011,sp,m,55-64,0,Smear Positive
Luxembourg,2011,sp,m,65+,0,Smear Positive
Luxembourg,2011,sp,f,0-14,0,Smear Positive
Luxembourg,2011,sp,f,15-24,0,Smear Positive
Luxembourg,2011,sp,f,25-34,0,Smear Positive
Luxembourg,2011,sp,f,35-44,0,Smear Positive
Luxembourg,2011,sp,f,45-54,0,Smear Positive
Luxembourg,2011,sp,f,55-64,0,Smear Positive
Luxembourg,2011,sp,f,65+,0,Smear Positive
Luxembourg,2011,sn,m,0-14,0,Smear Negative
Luxembourg,2011,sn,m,15-24,0,Smear Negative
Luxembourg,2011,sn,m,25-34,0,Smear Negative
Luxembourg,2011,sn,m,35-44,0,Smear Negative
Luxembourg,2011,sn,m,45-54,0,Smear Negative
Luxembourg,2011,sn,m,55-64,0,Smear Negative
Luxembourg,2011,sn,m,65+,0,Smear Negative
Luxembourg,2011,sn,f,0-14,0,Smear Negative
Luxembourg,2011,sn,f,15-24,0,Smear Negative
Luxembourg,2011,sn,f,25-34,0,Smear Negative
Luxembourg,2011,sn,f,35-44,0,Smear Negative
Luxembourg,2011,sn,f,45-54,0,Smear Negative
Luxembourg,2011,sn,f,55-64,0,Smear Negative
Luxembourg,2011,sn,f,65+,0,Smear Negative
Luxembourg,2011,ep,m,0-14,0,Extrapulmonary
Luxembourg,2011,ep,m,15-24,0,Extrapulmonary
Luxembourg,2011,ep,m,25-34,0,Extrapulmonary
Luxembourg,2011,ep,m,35-44,0,Extrapulmonary
Luxembourg,2011,ep,m,45-54,0,Extrapulmonary
Luxembourg,2011,ep,m,55-64,0,Extrapulmonary
Luxembourg,2011,ep,m,65+,0,Extrapulmonary
Luxembourg,2011,ep,f,0-14,0,Extrapulmonary
Luxembourg,2011,ep,f,15-24,0,Extrapulmonary
Luxembourg,2011,ep,f,25-34,0,Extrapulmonary
Luxembourg,2011,ep,f,35-44,0,Extrapulmonary
Luxembourg,2011,ep,f,45-54,0,Extrapulmonary
Luxembourg,2011,ep,f,55-64,0,Extrapulmonary
Luxembourg,2011,ep,f,65+,0,Extrapulmonary
Luxembourg,2012,sp,m,0-14,0,Smear Positive
Luxembourg,2012,sp,m,15-24,0,Smear Positive
Luxembourg,2012,sp,m,25-34,0,Smear Positive
Luxembourg,2012,sp,m,35-44,0,Smear Positive
Luxembourg,2012,sp,m,45-54,0,Smear Positive
Luxembourg,2012,sp,m,55-64,0,Smear Positive
Luxembourg,2012,sp,m,65+,0,Smear Positive
Luxembourg,2012,sp,f,0-14,0,Smear Positive
Luxembourg,2012,sp,f,15-24,0,Smear Positive
Luxembourg,2012,sp,f,25-34,0,Smear Positive
Luxembourg,2012,sp,f,35-44,0,Smear Positive
Luxembourg,2012,sp,f,45-54,0,Smear Positive
Luxembourg,2012,sp,f,55-64,0,Smear Positive
Luxembourg,2012,sp,f,65+,0,Smear Positive
Luxembourg,2012,sn,m,0-14,0,Smear Negative
Luxembourg,2012,sn,m,15-24,0,Smear Negative
Luxembourg,2012,sn,m,25-34,0,Smear Negative
Luxembourg,2012,sn,m,35-44,0,Smear Negative
Luxembourg,2012,sn,m,45-54,0,Smear Negative
Luxembourg,2012,sn,m,55-64,0,Smear Negative
Luxembourg,2012,sn,m,65+,0,Smear Negative
Luxembourg,2012,sn,f,0-14,0,Smear Negative
Luxembourg,2012,sn,f,15-24,0,Smear Negative
Luxembourg,2012,sn,f,25-34,0,Smear Negative
Luxembourg,2012,sn,f,35-44,0,Smear Negative
Luxembourg,2012,sn,f,45-54,0,Smear Negative
Luxembourg,2012,sn,f,55-64,0,Smear Negative
Luxembourg,2012,sn,f,65+,0,Smear Negative
Luxembourg,2012,ep,m,0-14,0,Extrapulmonary
Luxembourg,2012,ep,m,15-24,0,Extrapulmonary
Luxembourg,2012,ep,m,25-34,0,Extrapulmonary
Luxembourg,2012,ep,m,35-44,0,Extrapulmonary
Luxembourg,2012,ep,m,45-54,0,Extrapulmonary
Luxembourg,2012,ep,m,55-64,0,Extrapulmonary
Luxembourg,2012,ep,m,65+,0,Extrapulmonary
Luxembourg,2012,ep,f,0-14,0,Extrapulmonary
Luxembourg,2012,ep,f,15-24,0,Extrapulmonary
Luxembourg,2012,ep,f,25-34,0,Extrapulmonary
Luxembourg,2012,ep,f,35-44,0,Extrapulmonary
Luxembourg,2012,ep,f,45-54,0,Extrapulmonary
Luxembourg,2012,ep,f,55-64,0,Extrapulmonary
Luxembourg,2012,ep,f,65+,0,Extrapulmonary
Luxembourg,2013,rel,m,0-14,1,Relapse
Luxembourg,2013,rel,m,15-24,3,Relapse
Luxembourg,2013,rel,m,25-34,8,Relapse
Luxembourg,2013,rel,m,35-44,6,Relapse
Luxembourg,2013,rel,m,45-54,5,Relapse
Luxembourg,2013,rel,m,55-64,2,Relapse
Luxembourg,2013,rel,m,65+,0,Relapse
Luxembourg,2013,rel,f,0-14,0,Relapse
Luxembourg,2013,rel,f,15-24,2,Relapse
Luxembourg,2013,rel,f,25-34,4,Relapse
Luxembourg,2013,rel,f,35-44,3,Relapse
Luxembourg,2013,rel,f,45-54,1,Relapse
Luxembourg,2013,rel,f,55-64,1,Relapse
Luxembourg,2013,rel,f,65+,2,Relapse
Madagascar,1995,sp,m,0-14,79,Smear Positive
Madagascar,1995,sp,m,15-24,791,Smear Positive
Madagascar,1995,sp,m,25-34,1289,Smear Positive
Madagascar,1995,sp,m,35-44,1173,Smear Positive
Madagascar,1995,sp,m,45-54,630,Smear Positive
Madagascar,1995,sp,m,55-64,423,Smear Positive
Madagascar,1995,sp,m,65+,242,Smear Positive
Madagascar,1995,sp,f,0-14,100,Smear Positive
Madagascar,1995,sp,f,15-24,799,Smear Positive
Madagascar,1995,sp,f,25-34,1108,Smear Positive
Madagascar,1995,sp,f,35-44,744,Smear Positive
Madagascar,1995,sp,f,45-54,340,Smear Positive
Madagascar,1995,sp,f,55-64,230,Smear Positive
Madagascar,1995,sp,f,65+,78,Smear Positive
Madagascar,1996,sp,m,0-14,68,Smear Positive
Madagascar,1996,sp,m,15-24,888,Smear Positive
Madagascar,1996,sp,m,25-34,1325,Smear Positive
Madagascar,1996,sp,m,35-44,1271,Smear Positive
Madagascar,1996,sp,m,45-54,673,Smear Positive
Madagascar,1996,sp,m,55-64,484,Smear Positive
Madagascar,1996,sp,m,65+,285,Smear Positive
Madagascar,1996,sp,f,0-14,106,Smear Positive
Madagascar,1996,sp,f,15-24,808,Smear Positive
Madagascar,1996,sp,f,25-34,1031,Smear Positive
Madagascar,1996,sp,f,35-44,744,Smear Positive
Madagascar,1996,sp,f,45-54,393,Smear Positive
Madagascar,1996,sp,f,55-64,197,Smear Positive
Madagascar,1996,sp,f,65+,79,Smear Positive
Madagascar,1998,sp,m,0-14,70,Smear Positive
Madagascar,1998,sp,m,15-24,827,Smear Positive
Madagascar,1998,sp,m,25-34,1545,Smear Positive
Madagascar,1998,sp,m,35-44,1420,Smear Positive
Madagascar,1998,sp,m,45-54,829,Smear Positive
Madagascar,1998,sp,m,55-64,485,Smear Positive
Madagascar,1998,sp,m,65+,282,Smear Positive
Madagascar,1998,sp,f,0-14,108,Smear Positive
Madagascar,1998,sp,f,15-24,852,Smear Positive
Madagascar,1998,sp,f,25-34,1193,Smear Positive
Madagascar,1998,sp,f,35-44,824,Smear Positive
Madagascar,1998,sp,f,45-54,430,Smear Positive
Madagascar,1998,sp,f,55-64,253,Smear Positive
Madagascar,1998,sp,f,65+,117,Smear Positive
Madagascar,2001,sp,m,0-14,103,Smear Positive
Madagascar,2001,sp,m,15-24,1033,Smear Positive
Madagascar,2001,sp,m,25-34,1588,Smear Positive
Madagascar,2001,sp,m,35-44,1625,Smear Positive
Madagascar,2001,sp,m,45-54,1094,Smear Positive
Madagascar,2001,sp,m,55-64,613,Smear Positive
Madagascar,2001,sp,m,65+,404,Smear Positive
Madagascar,2001,sp,f,0-14,190,Smear Positive
Madagascar,2001,sp,f,15-24,1010,Smear Positive
Madagascar,2001,sp,f,25-34,1349,Smear Positive
Madagascar,2001,sp,f,35-44,1094,Smear Positive
Madagascar,2001,sp,f,45-54,546,Smear Positive
Madagascar,2001,sp,f,55-64,289,Smear Positive
Madagascar,2001,sp,f,65+,154,Smear Positive
Madagascar,2002,sp,m,0-14,94,Smear Positive
Madagascar,2002,sp,m,15-24,1023,Smear Positive
Madagascar,2002,sp,m,25-34,1594,Smear Positive
Madagascar,2002,sp,m,35-44,1563,Smear Positive
Madagascar,2002,sp,m,45-54,1174,Smear Positive
Madagascar,2002,sp,m,55-64,609,Smear Positive
Madagascar,2002,sp,m,65+,398,Smear Positive
Madagascar,2002,sp,f,0-14,163,Smear Positive
Madagascar,2002,sp,f,15-24,983,Smear Positive
Madagascar,2002,sp,f,25-34,1372,Smear Positive
Madagascar,2002,sp,f,35-44,1000,Smear Positive
Madagascar,2002,sp,f,45-54,598,Smear Positive
Madagascar,2002,sp,f,55-64,234,Smear Positive
Madagascar,2002,sp,f,65+,135,Smear Positive
Madagascar,2003,sp,m,0-14,123,Smear Positive
Madagascar,2003,sp,m,15-24,1249,Smear Positive
Madagascar,2003,sp,m,25-34,1830,Smear Positive
Madagascar,2003,sp,m,35-44,1839,Smear Positive
Madagascar,2003,sp,m,45-54,1413,Smear Positive
Madagascar,2003,sp,m,55-64,723,Smear Positive
Madagascar,2003,sp,m,65+,438,Smear Positive
Madagascar,2003,sp,f,0-14,216,Smear Positive
Madagascar,2003,sp,f,15-24,1164,Smear Positive
Madagascar,2003,sp,f,25-34,1578,Smear Positive
Madagascar,2003,sp,f,35-44,1240,Smear Positive
Madagascar,2003,sp,f,45-54,743,Smear Positive
Madagascar,2003,sp,f,55-64,326,Smear Positive
Madagascar,2003,sp,f,65+,191,Smear Positive
Madagascar,2004,sp,m,0-14,118,Smear Positive
Madagascar,2004,sp,m,15-24,1025,Smear Positive
Madagascar,2004,sp,m,25-34,1593,Smear Positive
Madagascar,2004,sp,m,35-44,1482,Smear Positive
Madagascar,2004,sp,m,45-54,1026,Smear Positive
Madagascar,2004,sp,m,55-64,495,Smear Positive
Madagascar,2004,sp,m,65+,300,Smear Positive
Madagascar,2004,sp,f,0-14,130,Smear Positive
Madagascar,2004,sp,f,15-24,950,Smear Positive
Madagascar,2004,sp,f,25-34,1130,Smear Positive
Madagascar,2004,sp,f,35-44,841,Smear Positive
Madagascar,2004,sp,f,45-54,513,Smear Positive
Madagascar,2004,sp,f,55-64,220,Smear Positive
Madagascar,2004,sp,f,65+,95,Smear Positive
Madagascar,2005,sp,m,0-14,98,Smear Positive
Madagascar,2005,sp,m,15-24,1159,Smear Positive
Madagascar,2005,sp,m,25-34,1867,Smear Positive
Madagascar,2005,sp,m,35-44,1732,Smear Positive
Madagascar,2005,sp,m,45-54,1349,Smear Positive
Madagascar,2005,sp,m,55-64,582,Smear Positive
Madagascar,2005,sp,m,65+,333,Smear Positive
Madagascar,2005,sp,f,0-14,150,Smear Positive
Madagascar,2005,sp,f,15-24,1012,Smear Positive
Madagascar,2005,sp,f,25-34,1451,Smear Positive
Madagascar,2005,sp,f,35-44,1047,Smear Positive
Madagascar,2005,sp,f,45-54,614,Smear Positive
Madagascar,2005,sp,f,55-64,248,Smear Positive
Madagascar,2005,sp,f,65+,129,Smear Positive
Madagascar,2006,sp,m,0-14,117,Smear Positive
Madagascar,2006,sp,m,15-24,1500,Smear Positive
Madagascar,2006,sp,m,25-34,2391,Smear Positive
Madagascar,2006,sp,m,35-44,2220,Smear Positive
Madagascar,2006,sp,m,45-54,1714,Smear Positive
Madagascar,2006,sp,m,55-64,766,Smear Positive
Madagascar,2006,sp,m,65+,458,Smear Positive
Madagascar,2006,sp,f,0-14,208,Smear Positive
Madagascar,2006,sp,f,15-24,1458,Smear Positive
Madagascar,2006,sp,f,25-34,1944,Smear Positive
Madagascar,2006,sp,f,35-44,1444,Smear Positive
Madagascar,2006,sp,f,45-54,874,Smear Positive
Madagascar,2006,sp,f,55-64,353,Smear Positive
Madagascar,2006,sp,f,65+,166,Smear Positive
Madagascar,2007,sp,m,0-14,196,Smear Positive
Madagascar,2007,sp,m,15-24,1473,Smear Positive
Madagascar,2007,sp,m,25-34,2353,Smear Positive
Madagascar,2007,sp,m,35-44,2097,Smear Positive
Madagascar,2007,sp,m,45-54,1671,Smear Positive
Madagascar,2007,sp,m,55-64,823,Smear Positive
Madagascar,2007,sp,m,65+,438,Smear Positive
Madagascar,2007,sp,f,0-14,223,Smear Positive
Madagascar,2007,sp,f,15-24,1456,Smear Positive
Madagascar,2007,sp,f,25-34,1810,Smear Positive
Madagascar,2007,sp,f,35-44,1354,Smear Positive
Madagascar,2007,sp,f,45-54,880,Smear Positive
Madagascar,2007,sp,f,55-64,378,Smear Positive
Madagascar,2007,sp,f,65+,192,Smear Positive
Madagascar,2007,sn,m,0-14,155,Smear Negative
Madagascar,2007,sn,m,15-24,58,Smear Negative
Madagascar,2007,sn,m,25-34,106,Smear Negative
Madagascar,2007,sn,m,35-44,178,Smear Negative
Madagascar,2007,sn,m,45-54,39,Smear Negative
Madagascar,2007,sn,m,55-64,38,Smear Negative
Madagascar,2007,sn,m,65+,25,Smear Negative
Madagascar,2007,sn,f,0-14,128,Smear Negative
Madagascar,2007,sn,f,15-24,86,Smear Negative
Madagascar,2007,sn,f,25-34,133,Smear Negative
Madagascar,2007,sn,f,35-44,220,Smear Negative
Madagascar,2007,sn,f,45-54,62,Smear Negative
Madagascar,2007,sn,f,55-64,56,Smear Negative
Madagascar,2007,sn,f,65+,37,Smear Negative
Madagascar,2007,ep,m,0-14,512,Extrapulmonary
Madagascar,2007,ep,m,15-24,224,Extrapulmonary
Madagascar,2007,ep,m,25-34,242,Extrapulmonary
Madagascar,2007,ep,m,35-44,687,Extrapulmonary
Madagascar,2007,ep,m,45-54,221,Extrapulmonary
Madagascar,2007,ep,m,55-64,147,Extrapulmonary
Madagascar,2007,ep,m,65+,96,Extrapulmonary
Madagascar,2007,ep,f,0-14,421,Extrapulmonary
Madagascar,2007,ep,f,15-24,197,Extrapulmonary
Madagascar,2007,ep,f,25-34,213,Extrapulmonary
Madagascar,2007,ep,f,35-44,605,Extrapulmonary
Madagascar,2007,ep,f,45-54,195,Extrapulmonary
Madagascar,2007,ep,f,55-64,128,Extrapulmonary
Madagascar,2007,ep,f,65+,85,Extrapulmonary
Madagascar,2008,sp,m,0-14,142,Smear Positive
Madagascar,2008,sp,m,15-24,1499,Smear Positive
Madagascar,2008,sp,m,25-34,2294,Smear Positive
Madagascar,2008,sp,m,35-44,2113,Smear Positive
Madagascar,2008,sp,m,45-54,1669,Smear Positive
Madagascar,2008,sp,m,55-64,836,Smear Positive
Madagascar,2008,sp,m,65+,465,Smear Positive
Madagascar,2008,sp,f,0-14,251,Smear Positive
Madagascar,2008,sp,f,15-24,1433,Smear Positive
Madagascar,2008,sp,f,25-34,1846,Smear Positive
Madagascar,2008,sp,f,35-44,1352,Smear Positive
Madagascar,2008,sp,f,45-54,911,Smear Positive
Madagascar,2008,sp,f,55-64,383,Smear Positive
Madagascar,2008,sp,f,65+,171,Smear Positive
Madagascar,2008,sn,m,0-14,215,Smear Negative
Madagascar,2008,ep,m,0-14,1215,Extrapulmonary
Madagascar,2009,sp,m,0-14,150,Smear Positive
Madagascar,2009,sp,m,15-24,1463,Smear Positive
Madagascar,2009,sp,m,25-34,2377,Smear Positive
Madagascar,2009,sp,m,35-44,2132,Smear Positive
Madagascar,2009,sp,m,45-54,1662,Smear Positive
Madagascar,2009,sp,m,55-64,942,Smear Positive
Madagascar,2009,sp,m,65+,433,Smear Positive
Madagascar,2009,sp,f,0-14,230,Smear Positive
Madagascar,2009,sp,f,15-24,1527,Smear Positive
Madagascar,2009,sp,f,25-34,1886,Smear Positive
Madagascar,2009,sp,f,35-44,1428,Smear Positive
Madagascar,2009,sp,f,45-54,906,Smear Positive
Madagascar,2009,sp,f,55-64,390,Smear Positive
Madagascar,2009,sp,f,65+,187,Smear Positive
Madagascar,2009,sn,m,0-14,303,Smear Negative
Madagascar,2009,sn,m,15-24,1332,Smear Negative
Madagascar,2009,ep,m,0-14,1225,Extrapulmonary
Madagascar,2009,ep,m,15-24,2762,Extrapulmonary
Madagascar,2010,sp,m,0-14,204,Smear Positive
Madagascar,2010,sp,m,15-24,1721,Smear Positive
Madagascar,2010,sp,m,25-34,1621,Smear Positive
Madagascar,2010,sp,m,35-44,2525,Smear Positive
Madagascar,2010,sp,m,45-54,1782,Smear Positive
Madagascar,2010,sp,m,55-64,960,Smear Positive
Madagascar,2010,sp,m,65+,485,Smear Positive
Madagascar,2010,sp,f,0-14,323,Smear Positive
Madagascar,2010,sp,f,15-24,1621,Smear Positive
Madagascar,2010,sp,f,25-34,1943,Smear Positive
Madagascar,2010,sp,f,35-44,1376,Smear Positive
Madagascar,2010,sp,f,45-54,946,Smear Positive
Madagascar,2010,sp,f,55-64,397,Smear Positive
Madagascar,2010,sp,f,65+,192,Smear Positive
Madagascar,2010,sn,m,0-14,285,Smear Negative
Madagascar,2010,sn,m,15-24,1372,Smear Negative
Madagascar,2010,ep,m,0-14,1314,Extrapulmonary
Madagascar,2010,ep,m,15-24,3237,Extrapulmonary
Madagascar,2011,sp,m,0-14,146,Smear Positive
Madagascar,2011,sp,m,15-24,1807,Smear Positive
Madagascar,2011,sp,m,25-34,2764,Smear Positive
Madagascar,2011,sp,m,35-44,2495,Smear Positive
Madagascar,2011,sp,m,45-54,1938,Smear Positive
Madagascar,2011,sp,m,55-64,1044,Smear Positive
Madagascar,2011,sp,m,65+,522,Smear Positive
Madagascar,2011,sp,f,0-14,252,Smear Positive
Madagascar,2011,sp,f,15-24,1726,Smear Positive
Madagascar,2011,sp,f,25-34,2031,Smear Positive
Madagascar,2011,sp,f,35-44,1503,Smear Positive
Madagascar,2011,sp,f,45-54,978,Smear Positive
Madagascar,2011,sp,f,55-64,462,Smear Positive
Madagascar,2011,sp,f,65+,188,Smear Positive
Madagascar,2012,sp,m,0-14,177,Smear Positive
Madagascar,2012,sp,m,15-24,1725,Smear Positive
Madagascar,2012,sp,m,25-34,2474,Smear Positive
Madagascar,2012,sp,m,35-44,2460,Smear Positive
Madagascar,2012,sp,m,45-54,1927,Smear Positive
Madagascar,2012,sp,m,55-64,1059,Smear Positive
Madagascar,2012,sp,m,65+,490,Smear Positive
Madagascar,2012,sp,f,0-14,242,Smear Positive
Madagascar,2012,sp,f,15-24,1720,Smear Positive
Madagascar,2012,sp,f,25-34,1848,Smear Positive
Madagascar,2012,sp,f,35-44,1420,Smear Positive
Madagascar,2012,sp,f,45-54,914,Smear Positive
Madagascar,2012,sp,f,55-64,474,Smear Positive
Madagascar,2012,sp,f,65+,199,Smear Positive
Malawi,1995,sp,m,0-14,25,Smear Positive
Malawi,1995,sp,m,15-24,493,Smear Positive
Malawi,1995,sp,m,25-34,1195,Smear Positive
Malawi,1995,sp,m,35-44,833,Smear Positive
Malawi,1995,sp,m,45-54,519,Smear Positive
Malawi,1995,sp,m,55-64,215,Smear Positive
Malawi,1995,sp,m,65+,89,Smear Positive
Malawi,1995,sp,f,0-14,65,Smear Positive
Malawi,1995,sp,f,15-24,802,Smear Positive
Malawi,1995,sp,f,25-34,1028,Smear Positive
Malawi,1995,sp,f,35-44,573,Smear Positive
Malawi,1995,sp,f,45-54,294,Smear Positive
Malawi,1995,sp,f,55-64,108,Smear Positive
Malawi,1995,sp,f,65+,45,Smear Positive
Malawi,1996,sp,m,0-14,27,Smear Positive
Malawi,1996,sp,m,15-24,562,Smear Positive
Malawi,1996,sp,m,25-34,1388,Smear Positive
Malawi,1996,sp,m,35-44,937,Smear Positive
Malawi,1996,sp,m,45-54,529,Smear Positive
Malawi,1996,sp,m,55-64,224,Smear Positive
Malawi,1996,sp,m,65+,110,Smear Positive
Malawi,1996,sp,f,0-14,92,Smear Positive
Malawi,1996,sp,f,15-24,887,Smear Positive
Malawi,1996,sp,f,25-34,1187,Smear Positive
Malawi,1996,sp,f,35-44,715,Smear Positive
Malawi,1996,sp,f,45-54,347,Smear Positive
Malawi,1996,sp,f,55-64,133,Smear Positive
Malawi,1996,sp,f,65+,37,Smear Positive
Malawi,1997,sp,m,0-14,47,Smear Positive
Malawi,1997,sp,m,15-24,578,Smear Positive
Malawi,1997,sp,m,25-34,1418,Smear Positive
Malawi,1997,sp,m,35-44,995,Smear Positive
Malawi,1997,sp,m,45-54,521,Smear Positive
Malawi,1997,sp,m,55-64,254,Smear Positive
Malawi,1997,sp,m,65+,101,Smear Positive
Malawi,1997,sp,f,0-14,84,Smear Positive
Malawi,1997,sp,f,15-24,1009,Smear Positive
Malawi,1997,sp,f,25-34,1307,Smear Positive
Malawi,1997,sp,f,35-44,767,Smear Positive
Malawi,1997,sp,f,45-54,347,Smear Positive
Malawi,1997,sp,f,55-64,123,Smear Positive
Malawi,1997,sp,f,65+,36,Smear Positive
Malawi,1998,sp,m,0-14,46,Smear Positive
Malawi,1998,sp,m,15-24,677,Smear Positive
Malawi,1998,sp,m,25-34,1581,Smear Positive
Malawi,1998,sp,m,35-44,1158,Smear Positive
Malawi,1998,sp,m,45-54,643,Smear Positive
Malawi,1998,sp,m,55-64,281,Smear Positive
Malawi,1998,sp,m,65+,151,Smear Positive
Malawi,1998,sp,f,0-14,85,Smear Positive
Malawi,1998,sp,f,15-24,1131,Smear Positive
Malawi,1998,sp,f,25-34,1585,Smear Positive
Malawi,1998,sp,f,35-44,867,Smear Positive
Malawi,1998,sp,f,45-54,437,Smear Positive
Malawi,1998,sp,f,55-64,148,Smear Positive
Malawi,1998,sp,f,65+,63,Smear Positive
Malawi,1999,sp,m,0-14,43,Smear Positive
Malawi,1999,sp,m,15-24,588,Smear Positive
Malawi,1999,sp,m,25-34,1475,Smear Positive
Malawi,1999,sp,m,35-44,1083,Smear Positive
Malawi,1999,sp,m,45-54,588,Smear Positive
Malawi,1999,sp,m,55-64,239,Smear Positive
Malawi,1999,sp,m,65+,126,Smear Positive
Malawi,1999,sp,f,0-14,80,Smear Positive
Malawi,1999,sp,f,15-24,1052,Smear Positive
Malawi,1999,sp,f,25-34,1487,Smear Positive
Malawi,1999,sp,f,35-44,777,Smear Positive
Malawi,1999,sp,f,45-54,376,Smear Positive
Malawi,1999,sp,f,55-64,154,Smear Positive
Malawi,1999,sp,f,65+,62,Smear Positive
Malawi,2000,sp,m,0-14,50,Smear Positive
Malawi,2000,sp,m,15-24,653,Smear Positive
Malawi,2000,sp,m,25-34,1476,Smear Positive
Malawi,2000,sp,m,35-44,1113,Smear Positive
Malawi,2000,sp,m,45-54,585,Smear Positive
Malawi,2000,sp,m,55-64,245,Smear Positive
Malawi,2000,sp,m,65+,114,Smear Positive
Malawi,2000,sp,f,0-14,66,Smear Positive
Malawi,2000,sp,f,15-24,1038,Smear Positive
Malawi,2000,sp,f,25-34,1481,Smear Positive
Malawi,2000,sp,f,35-44,831,Smear Positive
Malawi,2000,sp,f,45-54,401,Smear Positive
Malawi,2000,sp,f,55-64,148,Smear Positive
Malawi,2000,sp,f,65+,64,Smear Positive
Malawi,2001,sp,m,0-14,37,Smear Positive
Malawi,2001,sp,m,15-24,704,Smear Positive
Malawi,2001,sp,m,25-34,1486,Smear Positive
Malawi,2001,sp,m,35-44,1025,Smear Positive
Malawi,2001,sp,m,45-54,591,Smear Positive
Malawi,2001,sp,m,55-64,230,Smear Positive
Malawi,2001,sp,m,65+,129,Smear Positive
Malawi,2001,sp,f,0-14,74,Smear Positive
Malawi,2001,sp,f,15-24,1070,Smear Positive
Malawi,2001,sp,f,25-34,1520,Smear Positive
Malawi,2001,sp,f,35-44,862,Smear Positive
Malawi,2001,sp,f,45-54,384,Smear Positive
Malawi,2001,sp,f,55-64,139,Smear Positive
Malawi,2001,sp,f,65+,58,Smear Positive
Malawi,2003,sp,m,0-14,43,Smear Positive
Malawi,2003,sp,m,15-24,596,Smear Positive
Malawi,2003,sp,m,25-34,1374,Smear Positive
Malawi,2003,sp,m,35-44,936,Smear Positive
Malawi,2003,sp,m,45-54,489,Smear Positive
Malawi,2003,sp,m,55-64,209,Smear Positive
Malawi,2003,sp,m,65+,128,Smear Positive
Malawi,2003,sp,f,0-14,76,Smear Positive
Malawi,2003,sp,f,15-24,963,Smear Positive
Malawi,2003,sp,f,25-34,1531,Smear Positive
Malawi,2003,sp,f,35-44,790,Smear Positive
Malawi,2003,sp,f,45-54,374,Smear Positive
Malawi,2003,sp,f,55-64,155,Smear Positive
Malawi,2003,sp,f,65+,52,Smear Positive
Malawi,2004,sp,m,0-14,47,Smear Positive
Malawi,2004,sp,m,15-24,647,Smear Positive
Malawi,2004,sp,m,25-34,1505,Smear Positive
Malawi,2004,sp,m,35-44,1081,Smear Positive
Malawi,2004,sp,m,45-54,508,Smear Positive
Malawi,2004,sp,m,55-64,264,Smear Positive
Malawi,2004,sp,m,65+,124,Smear Positive
Malawi,2004,sp,f,0-14,78,Smear Positive
Malawi,2004,sp,f,15-24,1009,Smear Positive
Malawi,2004,sp,f,25-34,1694,Smear Positive
Malawi,2004,sp,f,35-44,910,Smear Positive
Malawi,2004,sp,f,45-54,412,Smear Positive
Malawi,2004,sp,f,55-64,191,Smear Positive
Malawi,2004,sp,f,65+,96,Smear Positive
Malawi,2005,sp,m,0-14,58,Smear Positive
Malawi,2005,sp,m,15-24,622,Smear Positive
Malawi,2005,sp,m,25-34,1653,Smear Positive
Malawi,2005,sp,m,35-44,1031,Smear Positive
Malawi,2005,sp,m,45-54,549,Smear Positive
Malawi,2005,sp,m,55-64,279,Smear Positive
Malawi,2005,sp,m,65+,157,Smear Positive
Malawi,2005,sp,f,0-14,84,Smear Positive
Malawi,2005,sp,f,15-24,913,Smear Positive
Malawi,2005,sp,f,25-34,1598,Smear Positive
Malawi,2005,sp,f,35-44,859,Smear Positive
Malawi,2005,sp,f,45-54,386,Smear Positive
Malawi,2005,sp,f,55-64,180,Smear Positive
Malawi,2005,sp,f,65+,74,Smear Positive
Malawi,2006,sp,m,0-14,42,Smear Positive
Malawi,2006,sp,m,15-24,584,Smear Positive
Malawi,2006,sp,m,25-34,1647,Smear Positive
Malawi,2006,sp,m,35-44,1054,Smear Positive
Malawi,2006,sp,m,45-54,491,Smear Positive
Malawi,2006,sp,m,55-64,256,Smear Positive
Malawi,2006,sp,m,65+,182,Smear Positive
Malawi,2006,sp,f,0-14,80,Smear Positive
Malawi,2006,sp,f,15-24,848,Smear Positive
Malawi,2006,sp,f,25-34,1545,Smear Positive
Malawi,2006,sp,f,35-44,813,Smear Positive
Malawi,2006,sp,f,45-54,348,Smear Positive
Malawi,2006,sp,f,55-64,183,Smear Positive
Malawi,2006,sp,f,65+,93,Smear Positive
Malawi,2007,sp,m,0-14,61,Smear Positive
Malawi,2007,sp,m,15-24,614,Smear Positive
Malawi,2007,sp,m,25-34,1454,Smear Positive
Malawi,2007,sp,m,35-44,954,Smear Positive
Malawi,2007,sp,m,45-54,473,Smear Positive
Malawi,2007,sp,m,55-64,233,Smear Positive
Malawi,2007,sp,m,65+,158,Smear Positive
Malawi,2007,sp,f,0-14,109,Smear Positive
Malawi,2007,sp,f,15-24,768,Smear Positive
Malawi,2007,sp,f,25-34,1497,Smear Positive
Malawi,2007,sp,f,35-44,715,Smear Positive
Malawi,2007,sp,f,45-54,342,Smear Positive
Malawi,2007,sp,f,55-64,146,Smear Positive
Malawi,2007,sp,f,65+,84,Smear Positive
Malawi,2007,sn,m,0-14,0,Smear Negative
Malawi,2007,sn,m,15-24,0,Smear Negative
Malawi,2007,sn,m,25-34,0,Smear Negative
Malawi,2007,sn,m,35-44,0,Smear Negative
Malawi,2007,sn,m,45-54,0,Smear Negative
Malawi,2007,sn,m,55-64,0,Smear Negative
Malawi,2007,sn,m,65+,0,Smear Negative
Malawi,2007,sn,f,0-14,0,Smear Negative
Malawi,2007,sn,f,15-24,0,Smear Negative
Malawi,2007,sn,f,25-34,0,Smear Negative
Malawi,2007,sn,f,35-44,0,Smear Negative
Malawi,2007,sn,f,45-54,0,Smear Negative
Malawi,2007,sn,f,55-64,0,Smear Negative
Malawi,2007,sn,f,65+,0,Smear Negative
Malawi,2007,ep,m,0-14,0,Extrapulmonary
Malawi,2007,ep,m,15-24,0,Extrapulmonary
Malawi,2007,ep,m,25-34,0,Extrapulmonary
Malawi,2007,ep,m,35-44,0,Extrapulmonary
Malawi,2007,ep,m,45-54,0,Extrapulmonary
Malawi,2007,ep,m,55-64,0,Extrapulmonary
Malawi,2007,ep,m,65+,0,Extrapulmonary
Malawi,2007,ep,f,0-14,0,Extrapulmonary
Malawi,2007,ep,f,15-24,0,Extrapulmonary
Malawi,2007,ep,f,25-34,0,Extrapulmonary
Malawi,2007,ep,f,35-44,0,Extrapulmonary
Malawi,2007,ep,f,45-54,0,Extrapulmonary
Malawi,2007,ep,f,55-64,0,Extrapulmonary
Malawi,2007,ep,f,65+,0,Extrapulmonary
Malawi,2008,sp,m,0-14,56,Smear Positive
Malawi,2008,sp,m,15-24,570,Smear Positive
Malawi,2008,sp,m,25-34,1562,Smear Positive
Malawi,2008,sp,m,35-44,982,Smear Positive
Malawi,2008,sp,m,45-54,502,Smear Positive
Malawi,2008,sp,m,55-64,280,Smear Positive
Malawi,2008,sp,m,65+,176,Smear Positive
Malawi,2008,sp,f,0-14,166,Smear Positive
Malawi,2008,sp,f,15-24,707,Smear Positive
Malawi,2008,sp,f,25-34,1327,Smear Positive
Malawi,2008,sp,f,35-44,727,Smear Positive
Malawi,2008,sp,f,45-54,365,Smear Positive
Malawi,2008,sp,f,55-64,172,Smear Positive
Malawi,2008,sp,f,65+,89,Smear Positive
Malawi,2009,sp,m,0-14,53,Smear Positive
Malawi,2009,sp,m,15-24,565,Smear Positive
Malawi,2009,sp,m,25-34,1645,Smear Positive
Malawi,2009,sp,m,35-44,1066,Smear Positive
Malawi,2009,sp,m,45-54,503,Smear Positive
Malawi,2009,sp,m,55-64,278,Smear Positive
Malawi,2009,sp,m,65+,199,Smear Positive
Malawi,2009,sp,f,0-14,75,Smear Positive
Malawi,2009,sp,f,15-24,691,Smear Positive
Malawi,2009,sp,f,25-34,1246,Smear Positive
Malawi,2009,sp,f,35-44,706,Smear Positive
Malawi,2009,sp,f,45-54,318,Smear Positive
Malawi,2009,sp,f,55-64,174,Smear Positive
Malawi,2009,sp,f,65+,104,Smear Positive
Malawi,2009,sn,m,0-14,0,Smear Negative
Malawi,2009,sn,m,15-24,0,Smear Negative
Malawi,2009,sn,m,25-34,0,Smear Negative
Malawi,2009,sn,m,35-44,0,Smear Negative
Malawi,2009,sn,m,45-54,0,Smear Negative
Malawi,2009,sn,m,55-64,0,Smear Negative
Malawi,2009,sn,m,65+,0,Smear Negative
Malawi,2009,sn,f,0-14,0,Smear Negative
Malawi,2009,sn,f,15-24,0,Smear Negative
Malawi,2009,sn,f,25-34,0,Smear Negative
Malawi,2009,sn,f,35-44,0,Smear Negative
Malawi,2009,sn,f,45-54,0,Smear Negative
Malawi,2009,sn,f,55-64,0,Smear Negative
Malawi,2009,sn,f,65+,0,Smear Negative
Malawi,2009,ep,m,0-14,0,Extrapulmonary
Malawi,2009,ep,m,15-24,0,Extrapulmonary
Malawi,2009,ep,m,25-34,0,Extrapulmonary
Malawi,2009,ep,m,35-44,0,Extrapulmonary
Malawi,2009,ep,m,45-54,0,Extrapulmonary
Malawi,2009,ep,m,55-64,0,Extrapulmonary
Malawi,2009,ep,m,65+,0,Extrapulmonary
Malawi,2009,ep,f,0-14,0,Extrapulmonary
Malawi,2009,ep,f,15-24,0,Extrapulmonary
Malawi,2009,ep,f,25-34,0,Extrapulmonary
Malawi,2009,ep,f,35-44,0,Extrapulmonary
Malawi,2009,ep,f,45-54,0,Extrapulmonary
Malawi,2009,ep,f,55-64,0,Extrapulmonary
Malawi,2009,ep,f,65+,0,Extrapulmonary
Malawi,2010,sp,m,0-14,50,Smear Positive
Malawi,2010,sp,m,15-24,565,Smear Positive
Malawi,2010,sp,m,25-34,1509,Smear Positive
Malawi,2010,sp,m,35-44,985,Smear Positive
Malawi,2010,sp,m,45-54,485,Smear Positive
Malawi,2010,sp,m,55-64,275,Smear Positive
Malawi,2010,sp,m,65+,187,Smear Positive
Malawi,2010,sp,f,0-14,103,Smear Positive
Malawi,2010,sp,f,15-24,610,Smear Positive
Malawi,2010,sp,f,25-34,1196,Smear Positive
Malawi,2010,sp,f,35-44,661,Smear Positive
Malawi,2010,sp,f,45-54,314,Smear Positive
Malawi,2010,sp,f,55-64,198,Smear Positive
Malawi,2010,sp,f,65+,102,Smear Positive
Malawi,2011,sp,m,0-14,70,Smear Positive
Malawi,2011,sp,m,15-24,519,Smear Positive
Malawi,2011,sp,m,25-34,1486,Smear Positive
Malawi,2011,sp,m,35-44,1050,Smear Positive
Malawi,2011,sp,m,45-54,440,Smear Positive
Malawi,2011,sp,m,55-64,238,Smear Positive
Malawi,2011,sp,m,65+,201,Smear Positive
Malawi,2011,sp,f,0-14,79,Smear Positive
Malawi,2011,sp,f,15-24,601,Smear Positive
Malawi,2011,sp,f,25-34,1119,Smear Positive
Malawi,2011,sp,f,35-44,660,Smear Positive
Malawi,2011,sp,f,45-54,283,Smear Positive
Malawi,2011,sp,f,55-64,161,Smear Positive
Malawi,2011,sp,f,65+,96,Smear Positive
Malawi,2012,sp,m,0-14,52,Smear Positive
Malawi,2012,sp,m,15-24,495,Smear Positive
Malawi,2012,sp,m,25-34,1537,Smear Positive
Malawi,2012,sp,m,35-44,1051,Smear Positive
Malawi,2012,sp,m,45-54,471,Smear Positive
Malawi,2012,sp,m,55-64,292,Smear Positive
Malawi,2012,sp,m,65+,204,Smear Positive
Malawi,2012,sp,f,0-14,71,Smear Positive
Malawi,2012,sp,f,15-24,538,Smear Positive
Malawi,2012,sp,f,25-34,1057,Smear Positive
Malawi,2012,sp,f,35-44,609,Smear Positive
Malawi,2012,sp,f,45-54,298,Smear Positive
Malawi,2012,sp,f,55-64,156,Smear Positive
Malawi,2012,sp,f,65+,120,Smear Positive
Malawi,2013,rel,m,0-14,977,Relapse
Malawi,2013,rel,m,15-24,1047,Relapse
Malawi,2013,rel,m,25-34,2950,Relapse
Malawi,2013,rel,m,35-44,1601,Relapse
Malawi,2013,rel,m,45-54,1348,Relapse
Malawi,2013,rel,m,55-64,752,Relapse
Malawi,2013,rel,m,65+,685,Relapse
Malawi,2013,rel,f,0-14,850,Relapse
Malawi,2013,rel,f,15-24,1053,Relapse
Malawi,2013,rel,f,25-34,2219,Relapse
Malawi,2013,rel,f,35-44,1556,Relapse
Malawi,2013,rel,f,45-54,833,Relapse
Malawi,2013,rel,f,55-64,529,Relapse
Malawi,2013,rel,f,65+,395,Relapse
Malaysia,1995,sp,m,0-14,59,Smear Positive
Malaysia,1995,sp,m,15-24,640,Smear Positive
Malaysia,1995,sp,m,25-34,879,Smear Positive
Malaysia,1995,sp,m,35-44,775,Smear Positive
Malaysia,1995,sp,m,45-54,788,Smear Positive
Malaysia,1995,sp,m,55-64,374,Smear Positive
Malaysia,1995,sp,m,65+,1072,Smear Positive
Malaysia,1995,sp,f,0-14,58,Smear Positive
Malaysia,1995,sp,f,15-24,446,Smear Positive
Malaysia,1995,sp,f,25-34,448,Smear Positive
Malaysia,1995,sp,f,35-44,345,Smear Positive
Malaysia,1995,sp,f,45-54,316,Smear Positive
Malaysia,1995,sp,f,55-64,149,Smear Positive
Malaysia,1995,sp,f,65+,339,Smear Positive
Malaysia,1996,sp,m,0-14,45,Smear Positive
Malaysia,1996,sp,m,15-24,720,Smear Positive
Malaysia,1996,sp,m,25-34,1026,Smear Positive
Malaysia,1996,sp,m,35-44,894,Smear Positive
Malaysia,1996,sp,m,45-54,838,Smear Positive
Malaysia,1996,sp,m,55-64,671,Smear Positive
Malaysia,1996,sp,m,65+,868,Smear Positive
Malaysia,1996,sp,f,0-14,77,Smear Positive
Malaysia,1996,sp,f,15-24,457,Smear Positive
Malaysia,1996,sp,f,25-34,463,Smear Positive
Malaysia,1996,sp,f,35-44,371,Smear Positive
Malaysia,1996,sp,f,45-54,327,Smear Positive
Malaysia,1996,sp,f,55-64,242,Smear Positive
Malaysia,1996,sp,f,65+,270,Smear Positive
Malaysia,1997,sp,m,0-14,44,Smear Positive
Malaysia,1997,sp,m,15-24,701,Smear Positive
Malaysia,1997,sp,m,25-34,1036,Smear Positive
Malaysia,1997,sp,m,35-44,961,Smear Positive
Malaysia,1997,sp,m,45-54,816,Smear Positive
Malaysia,1997,sp,m,55-64,380,Smear Positive
Malaysia,1997,sp,m,65+,1123,Smear Positive
Malaysia,1997,sp,f,0-14,51,Smear Positive
Malaysia,1997,sp,f,15-24,535,Smear Positive
Malaysia,1997,sp,f,25-34,485,Smear Positive
Malaysia,1997,sp,f,35-44,383,Smear Positive
Malaysia,1997,sp,f,45-54,338,Smear Positive
Malaysia,1997,sp,f,55-64,141,Smear Positive
Malaysia,1997,sp,f,65+,343,Smear Positive
Malaysia,1998,sp,m,0-14,31,Smear Positive
Malaysia,1998,sp,m,15-24,670,Smear Positive
Malaysia,1998,sp,m,25-34,1090,Smear Positive
Malaysia,1998,sp,m,35-44,1050,Smear Positive
Malaysia,1998,sp,m,45-54,872,Smear Positive
Malaysia,1998,sp,m,55-64,426,Smear Positive
Malaysia,1998,sp,m,65+,1282,Smear Positive
Malaysia,1998,sp,f,0-14,45,Smear Positive
Malaysia,1998,sp,f,15-24,519,Smear Positive
Malaysia,1998,sp,f,25-34,526,Smear Positive
Malaysia,1998,sp,f,35-44,398,Smear Positive
Malaysia,1998,sp,f,45-54,330,Smear Positive
Malaysia,1998,sp,f,55-64,157,Smear Positive
Malaysia,1998,sp,f,65+,406,Smear Positive
Malaysia,1999,sp,m,0-14,27,Smear Positive
Malaysia,1999,sp,m,15-24,692,Smear Positive
Malaysia,1999,sp,m,25-34,1147,Smear Positive
Malaysia,1999,sp,m,35-44,1152,Smear Positive
Malaysia,1999,sp,m,45-54,977,Smear Positive
Malaysia,1999,sp,m,55-64,902,Smear Positive
Malaysia,1999,sp,m,65+,880,Smear Positive
Malaysia,1999,sp,f,0-14,32,Smear Positive
Malaysia,1999,sp,f,15-24,513,Smear Positive
Malaysia,1999,sp,f,25-34,558,Smear Positive
Malaysia,1999,sp,f,35-44,422,Smear Positive
Malaysia,1999,sp,f,45-54,351,Smear Positive
Malaysia,1999,sp,f,55-64,286,Smear Positive
Malaysia,1999,sp,f,65+,268,Smear Positive
Malaysia,2000,sp,m,0-14,32,Smear Positive
Malaysia,2000,sp,m,15-24,694,Smear Positive
Malaysia,2000,sp,m,25-34,1138,Smear Positive
Malaysia,2000,sp,m,35-44,1177,Smear Positive
Malaysia,2000,sp,m,45-54,908,Smear Positive
Malaysia,2000,sp,m,55-64,814,Smear Positive
Malaysia,2000,sp,m,65+,891,Smear Positive
Malaysia,2000,sp,f,0-14,41,Smear Positive
Malaysia,2000,sp,f,15-24,464,Smear Positive
Malaysia,2000,sp,f,25-34,564,Smear Positive
Malaysia,2000,sp,f,35-44,424,Smear Positive
Malaysia,2000,sp,f,45-54,367,Smear Positive
Malaysia,2000,sp,f,55-64,356,Smear Positive
Malaysia,2000,sp,f,65+,286,Smear Positive
Malaysia,2001,sp,m,0-14,48,Smear Positive
Malaysia,2001,sp,m,15-24,713,Smear Positive
Malaysia,2001,sp,m,25-34,1198,Smear Positive
Malaysia,2001,sp,m,35-44,1221,Smear Positive
Malaysia,2001,sp,m,45-54,1011,Smear Positive
Malaysia,2001,sp,m,55-64,934,Smear Positive
Malaysia,2001,sp,m,65+,738,Smear Positive
Malaysia,2001,sp,f,0-14,36,Smear Positive
Malaysia,2001,sp,f,15-24,510,Smear Positive
Malaysia,2001,sp,f,25-34,506,Smear Positive
Malaysia,2001,sp,f,35-44,445,Smear Positive
Malaysia,2001,sp,f,45-54,374,Smear Positive
Malaysia,2001,sp,f,55-64,353,Smear Positive
Malaysia,2001,sp,f,65+,222,Smear Positive
Malaysia,2002,sp,m,0-14,22,Smear Positive
Malaysia,2002,sp,m,15-24,562,Smear Positive
Malaysia,2002,sp,m,25-34,1106,Smear Positive
Malaysia,2002,sp,m,35-44,1182,Smear Positive
Malaysia,2002,sp,m,45-54,997,Smear Positive
Malaysia,2002,sp,m,55-64,758,Smear Positive
Malaysia,2002,sp,m,65+,844,Smear Positive
Malaysia,2002,sp,f,0-14,30,Smear Positive
Malaysia,2002,sp,f,15-24,421,Smear Positive
Malaysia,2002,sp,f,25-34,524,Smear Positive
Malaysia,2002,sp,f,35-44,415,Smear Positive
Malaysia,2002,sp,f,45-54,485,Smear Positive
Malaysia,2002,sp,f,55-64,319,Smear Positive
Malaysia,2002,sp,f,65+,293,Smear Positive
Malaysia,2003,sp,m,0-14,216,Smear Positive
Malaysia,2003,sp,m,15-24,1211,Smear Positive
Malaysia,2003,sp,m,25-34,2010,Smear Positive
Malaysia,2003,sp,m,35-44,2073,Smear Positive
Malaysia,2003,sp,m,45-54,1798,Smear Positive
Malaysia,2003,sp,m,55-64,1438,Smear Positive
Malaysia,2003,sp,m,65+,1601,Smear Positive
Malaysia,2003,sp,f,0-14,196,Smear Positive
Malaysia,2003,sp,f,15-24,969,Smear Positive
Malaysia,2003,sp,f,25-34,1044,Smear Positive
Malaysia,2003,sp,f,35-44,857,Smear Positive
Malaysia,2003,sp,f,45-54,669,Smear Positive
Malaysia,2003,sp,f,55-64,584,Smear Positive
Malaysia,2003,sp,f,65+,626,Smear Positive
Malaysia,2004,sp,m,0-14,191,Smear Positive
Malaysia,2004,sp,m,15-24,1195,Smear Positive
Malaysia,2004,sp,m,25-34,2105,Smear Positive
Malaysia,2004,sp,m,35-44,2189,Smear Positive
Malaysia,2004,sp,m,45-54,1890,Smear Positive
Malaysia,2004,sp,m,55-64,1440,Smear Positive
Malaysia,2004,sp,m,65+,1535,Smear Positive
Malaysia,2004,sp,f,0-14,227,Smear Positive
Malaysia,2004,sp,f,15-24,925,Smear Positive
Malaysia,2004,sp,f,25-34,1014,Smear Positive
Malaysia,2004,sp,f,35-44,852,Smear Positive
Malaysia,2004,sp,f,45-54,694,Smear Positive
Malaysia,2004,sp,f,55-64,605,Smear Positive
Malaysia,2004,sp,f,65+,532,Smear Positive
Malaysia,2005,sp,m,0-14,244,Smear Positive
Malaysia,2005,sp,m,15-24,1179,Smear Positive
Malaysia,2005,sp,m,25-34,2218,Smear Positive
Malaysia,2005,sp,m,35-44,2277,Smear Positive
Malaysia,2005,sp,m,45-54,1980,Smear Positive
Malaysia,2005,sp,m,55-64,1427,Smear Positive
Malaysia,2005,sp,m,65+,1507,Smear Positive
Malaysia,2005,sp,f,0-14,208,Smear Positive
Malaysia,2005,sp,f,15-24,1044,Smear Positive
Malaysia,2005,sp,f,25-34,1061,Smear Positive
Malaysia,2005,sp,f,35-44,947,Smear Positive
Malaysia,2005,sp,f,45-54,816,Smear Positive
Malaysia,2005,sp,f,55-64,586,Smear Positive
Malaysia,2005,sp,f,65+,572,Smear Positive
Malaysia,2006,sp,m,0-14,15,Smear Positive
Malaysia,2006,sp,m,15-24,507,Smear Positive
Malaysia,2006,sp,m,25-34,855,Smear Positive
Malaysia,2006,sp,m,35-44,734,Smear Positive
Malaysia,2006,sp,m,45-54,678,Smear Positive
Malaysia,2006,sp,m,55-64,443,Smear Positive
Malaysia,2006,sp,m,65+,496,Smear Positive
Malaysia,2006,sp,f,0-14,3,Smear Positive
Malaysia,2006,sp,f,15-24,30,Smear Positive
Malaysia,2006,sp,f,25-34,300,Smear Positive
Malaysia,2006,sp,f,35-44,403,Smear Positive
Malaysia,2006,sp,f,45-54,321,Smear Positive
Malaysia,2006,sp,f,55-64,257,Smear Positive
Malaysia,2006,sp,f,65+,161,Smear Positive
Malaysia,2006,sn,m,0-14,63,Smear Negative
Malaysia,2006,sn,m,15-24,122,Smear Negative
Malaysia,2006,sn,m,25-34,130,Smear Negative
Malaysia,2006,sn,m,35-44,181,Smear Negative
Malaysia,2006,sn,m,45-54,175,Smear Negative
Malaysia,2006,sn,m,55-64,132,Smear Negative
Malaysia,2006,sn,m,65+,108,Smear Negative
Malaysia,2006,sn,f,0-14,30,Smear Negative
Malaysia,2006,sn,f,15-24,72,Smear Negative
Malaysia,2006,sn,f,25-34,80,Smear Negative
Malaysia,2006,sn,f,35-44,118,Smear Negative
Malaysia,2006,sn,f,45-54,102,Smear Negative
Malaysia,2006,sn,f,55-64,67,Smear Negative
Malaysia,2006,sn,f,65+,52,Smear Negative
Malaysia,2006,ep,m,0-14,42,Extrapulmonary
Malaysia,2006,ep,m,15-24,104,Extrapulmonary
Malaysia,2006,ep,m,25-34,100,Extrapulmonary
Malaysia,2006,ep,m,35-44,78,Extrapulmonary
Malaysia,2006,ep,m,45-54,85,Extrapulmonary
Malaysia,2006,ep,m,55-64,57,Extrapulmonary
Malaysia,2006,ep,m,65+,65,Extrapulmonary
Malaysia,2006,ep,f,0-14,18,Extrapulmonary
Malaysia,2006,ep,f,15-24,78,Extrapulmonary
Malaysia,2006,ep,f,25-34,79,Extrapulmonary
Malaysia,2006,ep,f,35-44,49,Extrapulmonary
Malaysia,2006,ep,f,45-54,40,Extrapulmonary
Malaysia,2006,ep,f,55-64,46,Extrapulmonary
Malaysia,2006,ep,f,65+,48,Extrapulmonary
Malaysia,2007,sp,m,0-14,216,Smear Positive
Malaysia,2007,sp,m,15-24,1291,Smear Positive
Malaysia,2007,sp,m,25-34,2224,Smear Positive
Malaysia,2007,sp,m,35-44,2082,Smear Positive
Malaysia,2007,sp,m,45-54,1839,Smear Positive
Malaysia,2007,sp,m,55-64,1394,Smear Positive
Malaysia,2007,sp,m,65+,1395,Smear Positive
Malaysia,2007,sp,f,0-14,226,Smear Positive
Malaysia,2007,sp,f,15-24,1098,Smear Positive
Malaysia,2007,sp,f,25-34,1101,Smear Positive
Malaysia,2007,sp,f,35-44,849,Smear Positive
Malaysia,2007,sp,f,45-54,782,Smear Positive
Malaysia,2007,sp,f,55-64,585,Smear Positive
Malaysia,2007,sp,f,65+,514,Smear Positive
Malaysia,2008,sp,m,0-14,221,Smear Positive
Malaysia,2008,sp,m,15-24,1436,Smear Positive
Malaysia,2008,sp,m,25-34,2445,Smear Positive
Malaysia,2008,sp,m,35-44,2318,Smear Positive
Malaysia,2008,sp,m,45-54,2169,Smear Positive
Malaysia,2008,sp,m,55-64,1599,Smear Positive
Malaysia,2008,sp,m,65+,1543,Smear Positive
Malaysia,2008,sp,f,0-14,240,Smear Positive
Malaysia,2008,sp,f,15-24,1161,Smear Positive
Malaysia,2008,sp,f,25-34,1283,Smear Positive
Malaysia,2008,sp,f,35-44,906,Smear Positive
Malaysia,2008,sp,f,45-54,878,Smear Positive
Malaysia,2008,sp,f,55-64,648,Smear Positive
Malaysia,2008,sp,f,65+,657,Smear Positive
Malaysia,2010,sp,m,0-14,129,Smear Positive
Malaysia,2010,sp,m,15-24,884,Smear Positive
Malaysia,2010,sp,m,25-34,1438,Smear Positive
Malaysia,2010,sp,m,35-44,1599,Smear Positive
Malaysia,2010,sp,m,45-54,1453,Smear Positive
Malaysia,2010,sp,m,55-64,967,Smear Positive
Malaysia,2010,sp,m,65+,981,Smear Positive
Malaysia,2010,sp,f,0-14,152,Smear Positive
Malaysia,2010,sp,f,15-24,704,Smear Positive
Malaysia,2010,sp,f,25-34,881,Smear Positive
Malaysia,2010,sp,f,35-44,592,Smear Positive
Malaysia,2010,sp,f,45-54,542,Smear Positive
Malaysia,2010,sp,f,55-64,425,Smear Positive
Malaysia,2010,sp,f,65+,388,Smear Positive
Malaysia,2010,sn,m,0-14,35,Smear Negative
Malaysia,2010,sn,m,15-24,282,Smear Negative
Malaysia,2010,sn,m,25-34,653,Smear Negative
Malaysia,2010,sn,m,35-44,708,Smear Negative
Malaysia,2010,sn,m,45-54,440,Smear Negative
Malaysia,2010,sn,m,55-64,370,Smear Negative
Malaysia,2010,sn,m,65+,367,Smear Negative
Malaysia,2010,sn,f,0-14,52,Smear Negative
Malaysia,2010,sn,f,15-24,245,Smear Negative
Malaysia,2010,sn,f,25-34,389,Smear Negative
Malaysia,2010,sn,f,35-44,295,Smear Negative
Malaysia,2010,sn,f,45-54,181,Smear Negative
Malaysia,2010,sn,f,55-64,172,Smear Negative
Malaysia,2010,sn,f,65+,149,Smear Negative
Malaysia,2010,ep,m,0-14,44,Extrapulmonary
Malaysia,2010,ep,m,15-24,212,Extrapulmonary
Malaysia,2010,ep,m,25-34,294,Extrapulmonary
Malaysia,2010,ep,m,35-44,323,Extrapulmonary
Malaysia,2010,ep,m,45-54,358,Extrapulmonary
Malaysia,2010,ep,m,55-64,255,Extrapulmonary
Malaysia,2010,ep,m,65+,245,Extrapulmonary
Malaysia,2010,ep,f,0-14,31,Extrapulmonary
Malaysia,2010,ep,f,15-24,205,Extrapulmonary
Malaysia,2010,ep,f,25-34,147,Extrapulmonary
Malaysia,2010,ep,f,35-44,96,Extrapulmonary
Malaysia,2010,ep,f,45-54,128,Extrapulmonary
Malaysia,2010,ep,f,55-64,108,Extrapulmonary
Malaysia,2010,ep,f,65+,99,Extrapulmonary
Malaysia,2011,sp,m,0-14,63,Smear Positive
Malaysia,2011,sp,m,15-24,948,Smear Positive
Malaysia,2011,sp,m,25-34,1564,Smear Positive
Malaysia,2011,sp,m,35-44,1559,Smear Positive
Malaysia,2011,sp,m,45-54,1594,Smear Positive
Malaysia,2011,sp,m,55-64,1245,Smear Positive
Malaysia,2011,sp,m,65+,1054,Smear Positive
Malaysia,2011,sp,f,0-14,77,Smear Positive
Malaysia,2011,sp,f,15-24,837,Smear Positive
Malaysia,2011,sp,f,25-34,876,Smear Positive
Malaysia,2011,sp,f,35-44,584,Smear Positive
Malaysia,2011,sp,f,45-54,599,Smear Positive
Malaysia,2011,sp,f,55-64,459,Smear Positive
Malaysia,2011,sp,f,65+,403,Smear Positive
Malaysia,2011,sn,m,0-14,110,Smear Negative
Malaysia,2011,sn,m,15-24,338,Smear Negative
Malaysia,2011,sn,m,25-34,553,Smear Negative
Malaysia,2011,sn,m,35-44,541,Smear Negative
Malaysia,2011,sn,m,45-54,519,Smear Negative
Malaysia,2011,sn,m,55-64,448,Smear Negative
Malaysia,2011,sn,m,65+,471,Smear Negative
Malaysia,2011,sn,f,0-14,103,Smear Negative
Malaysia,2011,sn,f,15-24,299,Smear Negative
Malaysia,2011,sn,f,25-34,317,Smear Negative
Malaysia,2011,sn,f,35-44,200,Smear Negative
Malaysia,2011,sn,f,45-54,221,Smear Negative
Malaysia,2011,sn,f,55-64,188,Smear Negative
Malaysia,2011,sn,f,65+,193,Smear Negative
Malaysia,2011,ep,m,0-14,97,Extrapulmonary
Malaysia,2011,ep,m,15-24,205,Extrapulmonary
Malaysia,2011,ep,m,25-34,393,Extrapulmonary
Malaysia,2011,ep,m,35-44,354,Extrapulmonary
Malaysia,2011,ep,m,45-54,267,Extrapulmonary
Malaysia,2011,ep,m,55-64,222,Extrapulmonary
Malaysia,2011,ep,m,65+,147,Extrapulmonary
Malaysia,2011,ep,f,0-14,90,Extrapulmonary
Malaysia,2011,ep,f,15-24,246,Extrapulmonary
Malaysia,2011,ep,f,25-34,299,Extrapulmonary
Malaysia,2011,ep,f,35-44,195,Extrapulmonary
Malaysia,2011,ep,f,45-54,148,Extrapulmonary
Malaysia,2011,ep,f,55-64,132,Extrapulmonary
Malaysia,2011,ep,f,65+,93,Extrapulmonary
Malaysia,2012,sp,m,0-14,74,Smear Positive
Malaysia,2012,sp,m,15-24,1060,Smear Positive
Malaysia,2012,sp,m,25-34,1575,Smear Positive
Malaysia,2012,sp,m,35-44,1677,Smear Positive
Malaysia,2012,sp,m,45-54,1762,Smear Positive
Malaysia,2012,sp,m,55-64,1409,Smear Positive
Malaysia,2012,sp,m,65+,1260,Smear Positive
Malaysia,2012,sp,f,0-14,105,Smear Positive
Malaysia,2012,sp,f,15-24,903,Smear Positive
Malaysia,2012,sp,f,25-34,1010,Smear Positive
Malaysia,2012,sp,f,35-44,710,Smear Positive
Malaysia,2012,sp,f,45-54,693,Smear Positive
Malaysia,2012,sp,f,55-64,590,Smear Positive
Malaysia,2012,sp,f,65+,483,Smear Positive
Malaysia,2012,sn,m,0-14,174,Smear Negative
Malaysia,2012,sn,m,15-24,371,Smear Negative
Malaysia,2012,sn,m,25-34,644,Smear Negative
Malaysia,2012,sn,m,35-44,520,Smear Negative
Malaysia,2012,sn,m,45-54,504,Smear Negative
Malaysia,2012,sn,m,55-64,506,Smear Negative
Malaysia,2012,sn,m,65+,570,Smear Negative
Malaysia,2012,sn,f,0-14,142,Smear Negative
Malaysia,2012,sn,f,15-24,318,Smear Negative
Malaysia,2012,sn,f,25-34,362,Smear Negative
Malaysia,2012,sn,f,35-44,241,Smear Negative
Malaysia,2012,sn,f,45-54,220,Smear Negative
Malaysia,2012,sn,f,55-64,217,Smear Negative
Malaysia,2012,sn,f,65+,204,Smear Negative
Malaysia,2012,ep,m,0-14,96,Extrapulmonary
Malaysia,2012,ep,m,15-24,243,Extrapulmonary
Malaysia,2012,ep,m,25-34,376,Extrapulmonary
Malaysia,2012,ep,m,35-44,369,Extrapulmonary
Malaysia,2012,ep,m,45-54,270,Extrapulmonary
Malaysia,2012,ep,m,55-64,207,Extrapulmonary
Malaysia,2012,ep,m,65+,164,Extrapulmonary
Malaysia,2012,ep,f,0-14,96,Extrapulmonary
Malaysia,2012,ep,f,15-24,242,Extrapulmonary
Malaysia,2012,ep,f,25-34,306,Extrapulmonary
Malaysia,2012,ep,f,35-44,173,Extrapulmonary
Malaysia,2012,ep,f,45-54,168,Extrapulmonary
Malaysia,2012,ep,f,55-64,129,Extrapulmonary
Malaysia,2012,ep,f,65+,106,Extrapulmonary
Malaysia,2013,rel,m,0-14,309,Relapse
Malaysia,2013,rel,m,15-24,1871,Relapse
Malaysia,2013,rel,m,25-34,2756,Relapse
Malaysia,2013,rel,m,35-44,2737,Relapse
Malaysia,2013,rel,m,45-54,2850,Relapse
Malaysia,2013,rel,m,55-64,2347,Relapse
Malaysia,2013,rel,m,65+,2158,Relapse
Malaysia,2013,rel,f,0-14,335,Relapse
Malaysia,2013,rel,f,15-24,1718,Relapse
Malaysia,2013,rel,f,25-34,1798,Relapse
Malaysia,2013,rel,f,35-44,1228,Relapse
Malaysia,2013,rel,f,45-54,1179,Relapse
Malaysia,2013,rel,f,55-64,1060,Relapse
Malaysia,2013,rel,f,65+,989,Relapse
Maldives,1995,sp,m,0-14,1,Smear Positive
Maldives,1995,sp,m,15-24,28,Smear Positive
Maldives,1995,sp,m,25-34,11,Smear Positive
Maldives,1995,sp,m,35-44,10,Smear Positive
Maldives,1995,sp,m,45-54,8,Smear Positive
Maldives,1995,sp,m,55-64,10,Smear Positive
Maldives,1995,sp,m,65+,6,Smear Positive
Maldives,1995,sp,f,0-14,1,Smear Positive
Maldives,1995,sp,f,15-24,13,Smear Positive
Maldives,1995,sp,f,25-34,8,Smear Positive
Maldives,1995,sp,f,35-44,4,Smear Positive
Maldives,1995,sp,f,45-54,6,Smear Positive
Maldives,1995,sp,f,55-64,6,Smear Positive
Maldives,1995,sp,f,65+,2,Smear Positive
Maldives,1996,sp,m,0-14,0,Smear Positive
Maldives,1996,sp,m,15-24,24,Smear Positive
Maldives,1996,sp,m,25-34,9,Smear Positive
Maldives,1996,sp,m,35-44,3,Smear Positive
Maldives,1996,sp,m,45-54,5,Smear Positive
Maldives,1996,sp,m,55-64,14,Smear Positive
Maldives,1996,sp,m,65+,8,Smear Positive
Maldives,1996,sp,f,0-14,1,Smear Positive
Maldives,1996,sp,f,15-24,12,Smear Positive
Maldives,1996,sp,f,25-34,9,Smear Positive
Maldives,1996,sp,f,35-44,5,Smear Positive
Maldives,1996,sp,f,45-54,6,Smear Positive
Maldives,1996,sp,f,55-64,5,Smear Positive
Maldives,1996,sp,f,65+,5,Smear Positive
Maldives,1997,sp,m,0-14,1,Smear Positive
Maldives,1997,sp,m,15-24,13,Smear Positive
Maldives,1997,sp,m,25-34,6,Smear Positive
Maldives,1997,sp,m,35-44,2,Smear Positive
Maldives,1997,sp,m,45-54,13,Smear Positive
Maldives,1997,sp,m,55-64,9,Smear Positive
Maldives,1997,sp,m,65+,8,Smear Positive
Maldives,1997,sp,f,0-14,3,Smear Positive
Maldives,1997,sp,f,15-24,15,Smear Positive
Maldives,1997,sp,f,25-34,8,Smear Positive
Maldives,1997,sp,f,35-44,9,Smear Positive
Maldives,1997,sp,f,45-54,4,Smear Positive
Maldives,1997,sp,f,55-64,3,Smear Positive
Maldives,1997,sp,f,65+,0,Smear Positive
Maldives,1998,sp,m,0-14,1,Smear Positive
Maldives,1998,sp,m,15-24,19,Smear Positive
Maldives,1998,sp,m,25-34,18,Smear Positive
Maldives,1998,sp,m,35-44,8,Smear Positive
Maldives,1998,sp,m,45-54,4,Smear Positive
Maldives,1998,sp,m,55-64,6,Smear Positive
Maldives,1998,sp,m,65+,2,Smear Positive
Maldives,1998,sp,f,0-14,1,Smear Positive
Maldives,1998,sp,f,15-24,13,Smear Positive
Maldives,1998,sp,f,25-34,5,Smear Positive
Maldives,1998,sp,f,35-44,1,Smear Positive
Maldives,1998,sp,f,45-54,6,Smear Positive
Maldives,1998,sp,f,55-64,4,Smear Positive
Maldives,1998,sp,f,65+,0,Smear Positive
Maldives,1999,sp,m,0-14,0,Smear Positive
Maldives,1999,sp,m,15-24,14,Smear Positive
Maldives,1999,sp,m,25-34,8,Smear Positive
Maldives,1999,sp,m,35-44,9,Smear Positive
Maldives,1999,sp,m,45-54,7,Smear Positive
Maldives,1999,sp,m,55-64,7,Smear Positive
Maldives,1999,sp,m,65+,8,Smear Positive
Maldives,1999,sp,f,0-14,3,Smear Positive
Maldives,1999,sp,f,15-24,10,Smear Positive
Maldives,1999,sp,f,25-34,6,Smear Positive
Maldives,1999,sp,f,35-44,3,Smear Positive
Maldives,1999,sp,f,45-54,6,Smear Positive
Maldives,1999,sp,f,55-64,6,Smear Positive
Maldives,1999,sp,f,65+,1,Smear Positive
Maldives,2000,sp,m,0-14,0,Smear Positive
Maldives,2000,sp,m,15-24,9,Smear Positive
Maldives,2000,sp,m,25-34,10,Smear Positive
Maldives,2000,sp,m,35-44,2,Smear Positive
Maldives,2000,sp,m,45-54,5,Smear Positive
Maldives,2000,sp,m,55-64,5,Smear Positive
Maldives,2000,sp,m,65+,3,Smear Positive
Maldives,2000,sp,f,0-14,0,Smear Positive
Maldives,2000,sp,f,15-24,11,Smear Positive
Maldives,2000,sp,f,25-34,4,Smear Positive
Maldives,2000,sp,f,35-44,5,Smear Positive
Maldives,2000,sp,f,45-54,4,Smear Positive
Maldives,2000,sp,f,55-64,5,Smear Positive
Maldives,2000,sp,f,65+,2,Smear Positive
Maldives,2001,sp,m,0-14,1,Smear Positive
Maldives,2001,sp,m,15-24,12,Smear Positive
Maldives,2001,sp,m,25-34,5,Smear Positive
Maldives,2001,sp,m,35-44,3,Smear Positive
Maldives,2001,sp,m,45-54,5,Smear Positive
Maldives,2001,sp,m,55-64,7,Smear Positive
Maldives,2001,sp,m,65+,1,Smear Positive
Maldives,2001,sp,f,0-14,1,Smear Positive
Maldives,2001,sp,f,15-24,10,Smear Positive
Maldives,2001,sp,f,25-34,3,Smear Positive
Maldives,2001,sp,f,35-44,2,Smear Positive
Maldives,2001,sp,f,45-54,6,Smear Positive
Maldives,2001,sp,f,55-64,1,Smear Positive
Maldives,2001,sp,f,65+,2,Smear Positive
Maldives,2002,sp,m,0-14,0,Smear Positive
Maldives,2002,sp,m,15-24,11,Smear Positive
Maldives,2002,sp,m,25-34,9,Smear Positive
Maldives,2002,sp,m,35-44,0,Smear Positive
Maldives,2002,sp,m,45-54,1,Smear Positive
Maldives,2002,sp,m,55-64,5,Smear Positive
Maldives,2002,sp,m,65+,8,Smear Positive
Maldives,2002,sp,f,0-14,1,Smear Positive
Maldives,2002,sp,f,15-24,8,Smear Positive
Maldives,2002,sp,f,25-34,5,Smear Positive
Maldives,2002,sp,f,35-44,4,Smear Positive
Maldives,2002,sp,f,45-54,5,Smear Positive
Maldives,2002,sp,f,55-64,1,Smear Positive
Maldives,2002,sp,f,65+,2,Smear Positive
Maldives,2003,sp,m,0-14,1,Smear Positive
Maldives,2003,sp,m,15-24,14,Smear Positive
Maldives,2003,sp,m,25-34,7,Smear Positive
Maldives,2003,sp,m,35-44,4,Smear Positive
Maldives,2003,sp,m,45-54,9,Smear Positive
Maldives,2003,sp,m,55-64,9,Smear Positive
Maldives,2003,sp,m,65+,4,Smear Positive
Maldives,2003,sp,f,0-14,0,Smear Positive
Maldives,2003,sp,f,15-24,8,Smear Positive
Maldives,2003,sp,f,25-34,5,Smear Positive
Maldives,2003,sp,f,35-44,1,Smear Positive
Maldives,2003,sp,f,45-54,5,Smear Positive
Maldives,2003,sp,f,55-64,1,Smear Positive
Maldives,2003,sp,f,65+,0,Smear Positive
Maldives,2004,sp,m,0-14,0,Smear Positive
Maldives,2004,sp,m,15-24,13,Smear Positive
Maldives,2004,sp,m,25-34,11,Smear Positive
Maldives,2004,sp,m,35-44,3,Smear Positive
Maldives,2004,sp,m,45-54,8,Smear Positive
Maldives,2004,sp,m,55-64,5,Smear Positive
Maldives,2004,sp,m,65+,6,Smear Positive
Maldives,2004,sp,f,0-14,0,Smear Positive
Maldives,2004,sp,f,15-24,8,Smear Positive
Maldives,2004,sp,f,25-34,3,Smear Positive
Maldives,2004,sp,f,35-44,2,Smear Positive
Maldives,2004,sp,f,45-54,1,Smear Positive
Maldives,2004,sp,f,55-64,2,Smear Positive
Maldives,2004,sp,f,65+,4,Smear Positive
Maldives,2005,sp,m,0-14,0,Smear Positive
Maldives,2005,sp,m,15-24,9,Smear Positive
Maldives,2005,sp,m,25-34,8,Smear Positive
Maldives,2005,sp,m,35-44,5,Smear Positive
Maldives,2005,sp,m,45-54,6,Smear Positive
Maldives,2005,sp,m,55-64,6,Smear Positive
Maldives,2005,sp,m,65+,5,Smear Positive
Maldives,2005,sp,f,0-14,1,Smear Positive
Maldives,2005,sp,f,15-24,10,Smear Positive
Maldives,2005,sp,f,25-34,7,Smear Positive
Maldives,2005,sp,f,35-44,1,Smear Positive
Maldives,2005,sp,f,45-54,2,Smear Positive
Maldives,2005,sp,f,55-64,2,Smear Positive
Maldives,2005,sp,f,65+,4,Smear Positive
Maldives,2006,sp,m,0-14,0,Smear Positive
Maldives,2006,sp,m,15-24,8,Smear Positive
Maldives,2006,sp,m,25-34,9,Smear Positive
Maldives,2006,sp,m,35-44,3,Smear Positive
Maldives,2006,sp,m,45-54,4,Smear Positive
Maldives,2006,sp,m,55-64,3,Smear Positive
Maldives,2006,sp,m,65+,6,Smear Positive
Maldives,2006,sp,f,0-14,0,Smear Positive
Maldives,2006,sp,f,15-24,6,Smear Positive
Maldives,2006,sp,f,25-34,3,Smear Positive
Maldives,2006,sp,f,35-44,4,Smear Positive
Maldives,2006,sp,f,45-54,3,Smear Positive
Maldives,2006,sp,f,55-64,2,Smear Positive
Maldives,2006,sp,f,65+,2,Smear Positive
Maldives,2006,sn,m,0-14,1,Smear Negative
Maldives,2006,sn,m,15-24,1,Smear Negative
Maldives,2006,sn,m,25-34,0,Smear Negative
Maldives,2006,sn,m,35-44,2,Smear Negative
Maldives,2006,sn,m,45-54,0,Smear Negative
Maldives,2006,sn,m,55-64,2,Smear Negative
Maldives,2006,sn,m,65+,1,Smear Negative
Maldives,2006,sn,f,0-14,1,Smear Negative
Maldives,2006,sn,f,15-24,2,Smear Negative
Maldives,2006,sn,f,25-34,1,Smear Negative
Maldives,2006,sn,f,35-44,2,Smear Negative
Maldives,2006,sn,f,45-54,0,Smear Negative
Maldives,2006,sn,f,55-64,2,Smear Negative
Maldives,2006,sn,f,65+,1,Smear Negative
Maldives,2006,ep,m,0-14,3,Extrapulmonary
Maldives,2006,ep,m,15-24,6,Extrapulmonary
Maldives,2006,ep,m,25-34,1,Extrapulmonary
Maldives,2006,ep,m,35-44,1,Extrapulmonary
Maldives,2006,ep,m,45-54,0,Extrapulmonary
Maldives,2006,ep,m,55-64,0,Extrapulmonary
Maldives,2006,ep,m,65+,1,Extrapulmonary
Maldives,2006,ep,f,0-14,2,Extrapulmonary
Maldives,2006,ep,f,15-24,4,Extrapulmonary
Maldives,2006,ep,f,25-34,1,Extrapulmonary
Maldives,2006,ep,f,35-44,4,Extrapulmonary
Maldives,2006,ep,f,45-54,3,Extrapulmonary
Maldives,2006,ep,f,55-64,0,Extrapulmonary
Maldives,2006,ep,f,65+,0,Extrapulmonary
Maldives,2007,sp,m,0-14,0,Smear Positive
Maldives,2007,sp,m,15-24,14,Smear Positive
Maldives,2007,sp,m,25-34,4,Smear Positive
Maldives,2007,sp,m,35-44,6,Smear Positive
Maldives,2007,sp,m,45-54,5,Smear Positive
Maldives,2007,sp,m,55-64,6,Smear Positive
Maldives,2007,sp,m,65+,5,Smear Positive
Maldives,2007,sp,f,0-14,1,Smear Positive
Maldives,2007,sp,f,15-24,5,Smear Positive
Maldives,2007,sp,f,25-34,2,Smear Positive
Maldives,2007,sp,f,35-44,5,Smear Positive
Maldives,2007,sp,f,45-54,5,Smear Positive
Maldives,2007,sp,f,55-64,0,Smear Positive
Maldives,2007,sp,f,65+,1,Smear Positive
Maldives,2007,sn,m,0-14,2,Smear Negative
Maldives,2007,sn,m,15-24,4,Smear Negative
Maldives,2007,sn,m,25-34,3,Smear Negative
Maldives,2007,sn,m,35-44,3,Smear Negative
Maldives,2007,sn,m,45-54,4,Smear Negative
Maldives,2007,sn,m,55-64,2,Smear Negative
Maldives,2007,sn,m,65+,1,Smear Negative
Maldives,2007,sn,f,0-14,4,Smear Negative
Maldives,2007,sn,f,15-24,2,Smear Negative
Maldives,2007,sn,f,25-34,3,Smear Negative
Maldives,2007,sn,f,35-44,3,Smear Negative
Maldives,2007,sn,f,45-54,2,Smear Negative
Maldives,2007,sn,f,55-64,3,Smear Negative
Maldives,2007,sn,f,65+,2,Smear Negative
Maldives,2007,ep,m,0-14,4,Extrapulmonary
Maldives,2007,ep,m,15-24,1,Extrapulmonary
Maldives,2007,ep,m,25-34,4,Extrapulmonary
Maldives,2007,ep,m,35-44,2,Extrapulmonary
Maldives,2007,ep,m,45-54,0,Extrapulmonary
Maldives,2007,ep,m,55-64,2,Extrapulmonary
Maldives,2007,ep,m,65+,1,Extrapulmonary
Maldives,2007,ep,f,0-14,3,Extrapulmonary
Maldives,2007,ep,f,15-24,3,Extrapulmonary
Maldives,2007,ep,f,25-34,4,Extrapulmonary
Maldives,2007,ep,f,35-44,2,Extrapulmonary
Maldives,2007,ep,f,45-54,2,Extrapulmonary
Maldives,2007,ep,f,55-64,0,Extrapulmonary
Maldives,2007,ep,f,65+,1,Extrapulmonary
Maldives,2008,sp,m,15-24,9,Smear Positive
Maldives,2008,sp,m,25-34,11,Smear Positive
Maldives,2008,sp,m,35-44,3,Smear Positive
Maldives,2008,sp,m,45-54,5,Smear Positive
Maldives,2008,sp,m,55-64,6,Smear Positive
Maldives,2008,sp,m,65+,3,Smear Positive
Maldives,2008,sp,f,15-24,7,Smear Positive
Maldives,2008,sp,f,25-34,1,Smear Positive
Maldives,2008,sp,f,35-44,3,Smear Positive
Maldives,2008,sp,f,55-64,3,Smear Positive
Maldives,2008,sp,f,65+,2,Smear Positive
Maldives,2008,sn,m,0-14,1,Smear Negative
Maldives,2008,sn,m,15-24,3,Smear Negative
Maldives,2008,sn,m,25-34,5,Smear Negative
Maldives,2008,sn,m,35-44,2,Smear Negative
Maldives,2008,sn,m,45-54,2,Smear Negative
Maldives,2008,sn,m,55-64,3,Smear Negative
Maldives,2008,sn,m,65+,5,Smear Negative
Maldives,2008,sn,f,0-14,1,Smear Negative
Maldives,2008,sn,f,15-24,0,Smear Negative
Maldives,2008,sn,f,25-34,2,Smear Negative
Maldives,2008,sn,f,35-44,3,Smear Negative
Maldives,2008,sn,f,45-54,1,Smear Negative
Maldives,2008,sn,f,55-64,3,Smear Negative
Maldives,2008,sn,f,65+,1,Smear Negative
Maldives,2008,ep,m,0-14,2,Extrapulmonary
Maldives,2008,ep,m,15-24,3,Extrapulmonary
Maldives,2008,ep,m,25-34,6,Extrapulmonary
Maldives,2008,ep,m,35-44,1,Extrapulmonary
Maldives,2008,ep,m,45-54,5,Extrapulmonary
Maldives,2008,ep,m,55-64,3,Extrapulmonary
Maldives,2008,ep,m,65+,3,Extrapulmonary
Maldives,2008,ep,f,0-14,1,Extrapulmonary
Maldives,2008,ep,f,15-24,1,Extrapulmonary
Maldives,2008,ep,f,25-34,3,Extrapulmonary
Maldives,2008,ep,f,35-44,2,Extrapulmonary
Maldives,2008,ep,f,45-54,0,Extrapulmonary
Maldives,2008,ep,f,55-64,1,Extrapulmonary
Maldives,2008,ep,f,65+,2,Extrapulmonary
Maldives,2009,sp,m,0-14,0,Smear Positive
Maldives,2009,sp,m,15-24,16,Smear Positive
Maldives,2009,sp,m,25-34,5,Smear Positive
Maldives,2009,sp,m,35-44,1,Smear Positive
Maldives,2009,sp,m,45-54,4,Smear Positive
Maldives,2009,sp,m,55-64,0,Smear Positive
Maldives,2009,sp,m,65+,5,Smear Positive
Maldives,2009,sp,f,0-14,0,Smear Positive
Maldives,2009,sp,f,15-24,4,Smear Positive
Maldives,2009,sp,f,25-34,4,Smear Positive
Maldives,2009,sp,f,35-44,2,Smear Positive
Maldives,2009,sp,f,45-54,2,Smear Positive
Maldives,2009,sp,f,55-64,2,Smear Positive
Maldives,2009,sp,f,65+,0,Smear Positive
Maldives,2009,sn,m,0-14,3,Smear Negative
Maldives,2009,sn,m,15-24,1,Smear Negative
Maldives,2009,sn,m,45-54,2,Smear Negative
Maldives,2009,sn,m,55-64,1,Smear Negative
Maldives,2009,sn,m,65+,1,Smear Negative
Maldives,2009,sn,f,15-24,1,Smear Negative
Maldives,2009,sn,f,55-64,1,Smear Negative
Maldives,2009,sn,f,65+,3,Smear Negative
Maldives,2009,ep,m,15-24,2,Extrapulmonary
Maldives,2009,ep,m,25-34,7,Extrapulmonary
Maldives,2009,ep,m,35-44,4,Extrapulmonary
Maldives,2009,ep,m,45-54,1,Extrapulmonary
Maldives,2009,ep,m,55-64,3,Extrapulmonary
Maldives,2009,ep,m,65+,3,Extrapulmonary
Maldives,2009,ep,f,0-14,3,Extrapulmonary
Maldives,2009,ep,f,15-24,3,Extrapulmonary
Maldives,2009,ep,f,25-34,10,Extrapulmonary
Maldives,2009,ep,f,35-44,3,Extrapulmonary
Maldives,2009,ep,f,45-54,1,Extrapulmonary
Maldives,2009,ep,f,55-64,1,Extrapulmonary
Maldives,2010,sp,m,0-14,0,Smear Positive
Maldives,2010,sp,m,15-24,8,Smear Positive
Maldives,2010,sp,m,25-34,6,Smear Positive
Maldives,2010,sp,m,35-44,0,Smear Positive
Maldives,2010,sp,m,45-54,4,Smear Positive
Maldives,2010,sp,m,55-64,5,Smear Positive
Maldives,2010,sp,m,65+,6,Smear Positive
Maldives,2010,sp,f,0-14,1,Smear Positive
Maldives,2010,sp,f,15-24,2,Smear Positive
Maldives,2010,sp,f,25-34,3,Smear Positive
Maldives,2010,sp,f,35-44,4,Smear Positive
Maldives,2010,sp,f,45-54,1,Smear Positive
Maldives,2010,sp,f,55-64,0,Smear Positive
Maldives,2010,sp,f,65+,1,Smear Positive
Maldives,2010,sn,m,0-14,1,Smear Negative
Maldives,2010,sn,m,15-24,1,Smear Negative
Maldives,2010,sn,m,25-34,2,Smear Negative
Maldives,2010,sn,m,35-44,2,Smear Negative
Maldives,2010,sn,m,45-54,2,Smear Negative
Maldives,2010,sn,m,55-64,0,Smear Negative
Maldives,2010,sn,m,65+,6,Smear Negative
Maldives,2010,sn,f,0-14,1,Smear Negative
Maldives,2010,sn,f,15-24,1,Smear Negative
Maldives,2010,sn,f,25-34,0,Smear Negative
Maldives,2010,sn,f,35-44,1,Smear Negative
Maldives,2010,sn,f,45-54,1,Smear Negative
Maldives,2010,sn,f,55-64,3,Smear Negative
Maldives,2010,sn,f,65+,0,Smear Negative
Maldives,2010,ep,m,0-14,5,Extrapulmonary
Maldives,2010,ep,m,15-24,3,Extrapulmonary
Maldives,2010,ep,m,25-34,4,Extrapulmonary
Maldives,2010,ep,m,35-44,6,Extrapulmonary
Maldives,2010,ep,m,45-54,0,Extrapulmonary
Maldives,2010,ep,m,55-64,0,Extrapulmonary
Maldives,2010,ep,m,65+,0,Extrapulmonary
Maldives,2010,ep,f,0-14,3,Extrapulmonary
Maldives,2010,ep,f,15-24,4,Extrapulmonary
Maldives,2010,ep,f,25-34,3,Extrapulmonary
Maldives,2010,ep,f,35-44,2,Extrapulmonary
Maldives,2010,ep,f,45-54,2,Extrapulmonary
Maldives,2010,ep,f,55-64,1,Extrapulmonary
Maldives,2010,ep,f,65+,1,Extrapulmonary
Maldives,2011,sp,m,0-14,0,Smear Positive
Maldives,2011,sp,m,15-24,12,Smear Positive
Maldives,2011,sp,m,25-34,7,Smear Positive
Maldives,2011,sp,m,35-44,3,Smear Positive
Maldives,2011,sp,m,45-54,8,Smear Positive
Maldives,2011,sp,m,55-64,1,Smear Positive
Maldives,2011,sp,m,65+,3,Smear Positive
Maldives,2011,sp,f,0-14,0,Smear Positive
Maldives,2011,sp,f,15-24,4,Smear Positive
Maldives,2011,sp,f,25-34,3,Smear Positive
Maldives,2011,sp,f,35-44,1,Smear Positive
Maldives,2011,sp,f,45-54,2,Smear Positive
Maldives,2011,sp,f,55-64,1,Smear Positive
Maldives,2011,sp,f,65+,2,Smear Positive
Maldives,2011,sn,m,0-14,0,Smear Negative
Maldives,2011,sn,m,15-24,4,Smear Negative
Maldives,2011,sn,m,25-34,1,Smear Negative
Maldives,2011,sn,m,35-44,1,Smear Negative
Maldives,2011,sn,m,45-54,0,Smear Negative
Maldives,2011,sn,m,55-64,0,Smear Negative
Maldives,2011,sn,m,65+,1,Smear Negative
Maldives,2011,sn,f,0-14,1,Smear Negative
Maldives,2011,sn,f,15-24,0,Smear Negative
Maldives,2011,sn,f,25-34,2,Smear Negative
Maldives,2011,sn,f,35-44,0,Smear Negative
Maldives,2011,sn,f,45-54,0,Smear Negative
Maldives,2011,sn,f,55-64,2,Smear Negative
Maldives,2011,sn,f,65+,0,Smear Negative
Maldives,2011,ep,m,0-14,3,Extrapulmonary
Maldives,2011,ep,m,15-24,3,Extrapulmonary
Maldives,2011,ep,m,25-34,2,Extrapulmonary
Maldives,2011,ep,m,35-44,1,Extrapulmonary
Maldives,2011,ep,m,45-54,3,Extrapulmonary
Maldives,2011,ep,m,55-64,1,Extrapulmonary
Maldives,2011,ep,m,65+,2,Extrapulmonary
Maldives,2011,ep,f,0-14,1,Extrapulmonary
Maldives,2011,ep,f,15-24,2,Extrapulmonary
Maldives,2011,ep,f,25-34,4,Extrapulmonary
Maldives,2011,ep,f,35-44,0,Extrapulmonary
Maldives,2011,ep,f,45-54,2,Extrapulmonary
Maldives,2011,ep,f,55-64,3,Extrapulmonary
Maldives,2011,ep,f,65+,1,Extrapulmonary
Maldives,2012,sp,m,0-14,0,Smear Positive
Maldives,2012,sp,m,15-24,8,Smear Positive
Maldives,2012,sp,m,25-34,6,Smear Positive
Maldives,2012,sp,m,35-44,2,Smear Positive
Maldives,2012,sp,m,45-54,4,Smear Positive
Maldives,2012,sp,m,55-64,5,Smear Positive
Maldives,2012,sp,m,65+,4,Smear Positive
Maldives,2012,sp,f,0-14,0,Smear Positive
Maldives,2012,sp,f,15-24,7,Smear Positive
Maldives,2012,sp,f,25-34,6,Smear Positive
Maldives,2012,sp,f,35-44,3,Smear Positive
Maldives,2012,sp,f,45-54,3,Smear Positive
Maldives,2012,sp,f,55-64,2,Smear Positive
Maldives,2012,sp,f,65+,2,Smear Positive
Maldives,2012,sn,m,0-14,3,Smear Negative
Maldives,2012,sn,m,15-24,0,Smear Negative
Maldives,2012,sn,m,25-34,1,Smear Negative
Maldives,2012,sn,m,35-44,2,Smear Negative
Maldives,2012,sn,m,45-54,3,Smear Negative
Maldives,2012,sn,m,55-64,0,Smear Negative
Maldives,2012,sn,m,65+,3,Smear Negative
Maldives,2012,sn,f,0-14,2,Smear Negative
Maldives,2012,sn,f,15-24,0,Smear Negative
Maldives,2012,sn,f,25-34,0,Smear Negative
Maldives,2012,sn,f,35-44,1,Smear Negative
Maldives,2012,sn,f,45-54,0,Smear Negative
Maldives,2012,sn,f,55-64,1,Smear Negative
Maldives,2012,sn,f,65+,1,Smear Negative
Maldives,2012,ep,m,0-14,1,Extrapulmonary
Maldives,2012,ep,m,15-24,2,Extrapulmonary
Maldives,2012,ep,m,25-34,4,Extrapulmonary
Maldives,2012,ep,m,35-44,0,Extrapulmonary
Maldives,2012,ep,m,45-54,2,Extrapulmonary
Maldives,2012,ep,m,55-64,3,Extrapulmonary
Maldives,2012,ep,m,65+,2,Extrapulmonary
Maldives,2012,ep,f,0-14,4,Extrapulmonary
Maldives,2012,ep,f,15-24,3,Extrapulmonary
Maldives,2012,ep,f,25-34,8,Extrapulmonary
Maldives,2012,ep,f,35-44,4,Extrapulmonary
Maldives,2012,ep,f,45-54,0,Extrapulmonary
Maldives,2012,ep,f,55-64,4,Extrapulmonary
Maldives,2012,ep,f,65+,4,Extrapulmonary
Maldives,2013,rel,m,0-14,4,Relapse
Maldives,2013,rel,m,15-24,20,Relapse
Maldives,2013,rel,m,25-34,20,Relapse
Maldives,2013,rel,m,35-44,4,Relapse
Maldives,2013,rel,m,45-54,9,Relapse
Maldives,2013,rel,m,55-64,9,Relapse
Maldives,2013,rel,m,65+,5,Relapse
Maldives,2013,rel,f,0-14,6,Relapse
Maldives,2013,rel,f,15-24,11,Relapse
Maldives,2013,rel,f,25-34,8,Relapse
Maldives,2013,rel,f,35-44,4,Relapse
Maldives,2013,rel,f,45-54,7,Relapse
Maldives,2013,rel,f,55-64,4,Relapse
Maldives,2013,rel,f,65+,3,Relapse
Mali,1995,sp,m,0-14,27,Smear Positive
Mali,1995,sp,m,15-24,72,Smear Positive
Mali,1995,sp,m,25-34,357,Smear Positive
Mali,1995,sp,m,35-44,294,Smear Positive
Mali,1995,sp,m,45-54,181,Smear Positive
Mali,1995,sp,m,55-64,138,Smear Positive
Mali,1995,sp,m,65+,102,Smear Positive
Mali,1995,sp,f,0-14,31,Smear Positive
Mali,1995,sp,f,15-24,132,Smear Positive
Mali,1995,sp,f,25-34,184,Smear Positive
Mali,1995,sp,f,35-44,128,Smear Positive
Mali,1995,sp,f,45-54,107,Smear Positive
Mali,1995,sp,f,55-64,61,Smear Positive
Mali,1995,sp,f,65+,52,Smear Positive
Mali,1996,sp,m,0-14,19,Smear Positive
Mali,1996,sp,m,15-24,182,Smear Positive
Mali,1996,sp,m,25-34,408,Smear Positive
Mali,1996,sp,m,35-44,364,Smear Positive
Mali,1996,sp,m,45-54,226,Smear Positive
Mali,1996,sp,m,55-64,157,Smear Positive
Mali,1996,sp,m,65+,136,Smear Positive
Mali,1996,sp,f,0-14,21,Smear Positive
Mali,1996,sp,f,15-24,153,Smear Positive
Mali,1996,sp,f,25-34,197,Smear Positive
Mali,1996,sp,f,35-44,128,Smear Positive
Mali,1996,sp,f,45-54,95,Smear Positive
Mali,1996,sp,f,55-64,51,Smear Positive
Mali,1996,sp,f,65+,36,Smear Positive
Mali,1997,sp,m,0-14,16,Smear Positive
Mali,1997,sp,m,15-24,226,Smear Positive
Mali,1997,sp,m,25-34,559,Smear Positive
Mali,1997,sp,m,35-44,493,Smear Positive
Mali,1997,sp,m,45-54,357,Smear Positive
Mali,1997,sp,m,55-64,255,Smear Positive
Mali,1997,sp,m,65+,164,Smear Positive
Mali,1997,sp,f,0-14,15,Smear Positive
Mali,1997,sp,f,15-24,178,Smear Positive
Mali,1997,sp,f,25-34,264,Smear Positive
Mali,1997,sp,f,35-44,167,Smear Positive
Mali,1997,sp,f,45-54,111,Smear Positive
Mali,1997,sp,f,55-64,60,Smear Positive
Mali,1997,sp,f,65+,34,Smear Positive
Mali,1998,sp,m,0-14,13,Smear Positive
Mali,1998,sp,m,15-24,193,Smear Positive
Mali,1998,sp,m,25-34,501,Smear Positive
Mali,1998,sp,m,35-44,428,Smear Positive
Mali,1998,sp,m,45-54,308,Smear Positive
Mali,1998,sp,m,55-64,205,Smear Positive
Mali,1998,sp,m,65+,130,Smear Positive
Mali,1998,sp,f,0-14,11,Smear Positive
Mali,1998,sp,f,15-24,173,Smear Positive
Mali,1998,sp,f,25-34,237,Smear Positive
Mali,1998,sp,f,35-44,164,Smear Positive
Mali,1998,sp,f,45-54,88,Smear Positive
Mali,1998,sp,f,55-64,79,Smear Positive
Mali,1998,sp,f,65+,30,Smear Positive
Mali,1999,sp,m,0-14,19,Smear Positive
Mali,1999,sp,m,15-24,235,Smear Positive
Mali,1999,sp,m,25-34,475,Smear Positive
Mali,1999,sp,m,35-44,429,Smear Positive
Mali,1999,sp,m,45-54,315,Smear Positive
Mali,1999,sp,m,55-64,216,Smear Positive
Mali,1999,sp,m,65+,129,Smear Positive
Mali,1999,sp,f,0-14,21,Smear Positive
Mali,1999,sp,f,15-24,180,Smear Positive
Mali,1999,sp,f,25-34,226,Smear Positive
Mali,1999,sp,f,35-44,171,Smear Positive
Mali,1999,sp,f,45-54,120,Smear Positive
Mali,1999,sp,f,55-64,96,Smear Positive
Mali,1999,sp,f,65+,58,Smear Positive
Mali,2000,sp,m,0-14,23,Smear Positive
Mali,2000,sp,m,15-24,206,Smear Positive
Mali,2000,sp,m,25-34,430,Smear Positive
Mali,2000,sp,m,35-44,396,Smear Positive
Mali,2000,sp,m,45-54,297,Smear Positive
Mali,2000,sp,m,55-64,235,Smear Positive
Mali,2000,sp,m,65+,144,Smear Positive
Mali,2000,sp,f,0-14,14,Smear Positive
Mali,2000,sp,f,15-24,174,Smear Positive
Mali,2000,sp,f,25-34,232,Smear Positive
Mali,2000,sp,f,35-44,152,Smear Positive
Mali,2000,sp,f,45-54,106,Smear Positive
Mali,2000,sp,f,55-64,75,Smear Positive
Mali,2000,sp,f,65+,43,Smear Positive
Mali,2002,sp,m,0-14,20,Smear Positive
Mali,2002,sp,m,15-24,209,Smear Positive
Mali,2002,sp,m,25-34,547,Smear Positive
Mali,2002,sp,m,35-44,447,Smear Positive
Mali,2002,sp,m,45-54,430,Smear Positive
Mali,2002,sp,m,55-64,151,Smear Positive
Mali,2002,sp,m,65+,72,Smear Positive
Mali,2002,sp,f,0-14,39,Smear Positive
Mali,2002,sp,f,15-24,141,Smear Positive
Mali,2002,sp,f,25-34,250,Smear Positive
Mali,2002,sp,f,35-44,166,Smear Positive
Mali,2002,sp,f,45-54,190,Smear Positive
Mali,2002,sp,f,55-64,71,Smear Positive
Mali,2002,sp,f,65+,24,Smear Positive
Mali,2003,sp,m,0-14,32,Smear Positive
Mali,2003,sp,m,15-24,348,Smear Positive
Mali,2003,sp,m,25-34,619,Smear Positive
Mali,2003,sp,m,35-44,438,Smear Positive
Mali,2003,sp,m,45-54,330,Smear Positive
Mali,2003,sp,m,55-64,201,Smear Positive
Mali,2003,sp,m,65+,115,Smear Positive
Mali,2003,sp,f,0-14,29,Smear Positive
Mali,2003,sp,f,15-24,172,Smear Positive
Mali,2003,sp,f,25-34,278,Smear Positive
Mali,2003,sp,f,35-44,212,Smear Positive
Mali,2003,sp,f,45-54,123,Smear Positive
Mali,2003,sp,f,55-64,73,Smear Positive
Mali,2003,sp,f,65+,45,Smear Positive
Mali,2004,sp,m,0-14,28,Smear Positive
Mali,2004,sp,m,15-24,302,Smear Positive
Mali,2004,sp,m,25-34,584,Smear Positive
Mali,2004,sp,m,35-44,473,Smear Positive
Mali,2004,sp,m,45-54,316,Smear Positive
Mali,2004,sp,m,55-64,219,Smear Positive
Mali,2004,sp,m,65+,147,Smear Positive
Mali,2004,sp,f,0-14,29,Smear Positive
Mali,2004,sp,f,15-24,191,Smear Positive
Mali,2004,sp,f,25-34,284,Smear Positive
Mali,2004,sp,f,35-44,183,Smear Positive
Mali,2004,sp,f,45-54,151,Smear Positive
Mali,2004,sp,f,55-64,105,Smear Positive
Mali,2004,sp,f,65+,57,Smear Positive
Mali,2005,sp,m,0-14,26,Smear Positive
Mali,2005,sp,m,15-24,350,Smear Positive
Mali,2005,sp,m,25-34,628,Smear Positive
Mali,2005,sp,m,35-44,539,Smear Positive
Mali,2005,sp,m,45-54,365,Smear Positive
Mali,2005,sp,m,55-64,263,Smear Positive
Mali,2005,sp,m,65+,193,Smear Positive
Mali,2005,sp,f,0-14,33,Smear Positive
Mali,2005,sp,f,15-24,208,Smear Positive
Mali,2005,sp,f,25-34,348,Smear Positive
Mali,2005,sp,f,35-44,245,Smear Positive
Mali,2005,sp,f,45-54,152,Smear Positive
Mali,2005,sp,f,55-64,101,Smear Positive
Mali,2005,sp,f,65+,72,Smear Positive
Mali,2006,sp,m,0-14,28,Smear Positive
Mali,2006,sp,m,15-24,361,Smear Positive
Mali,2006,sp,m,25-34,679,Smear Positive
Mali,2006,sp,m,35-44,550,Smear Positive
Mali,2006,sp,m,45-54,436,Smear Positive
Mali,2006,sp,m,55-64,272,Smear Positive
Mali,2006,sp,m,65+,216,Smear Positive
Mali,2006,sp,f,0-14,30,Smear Positive
Mali,2006,sp,f,15-24,250,Smear Positive
Mali,2006,sp,f,25-34,371,Smear Positive
Mali,2006,sp,f,35-44,249,Smear Positive
Mali,2006,sp,f,45-54,168,Smear Positive
Mali,2006,sp,f,55-64,116,Smear Positive
Mali,2006,sp,f,65+,76,Smear Positive
Mali,2006,sn,m,0-14,16,Smear Negative
Mali,2006,sn,m,15-24,370,Smear Negative
Mali,2006,ep,m,0-14,580,Extrapulmonary
Mali,2007,sp,m,0-14,29,Smear Positive
Mali,2007,sp,m,15-24,369,Smear Positive
Mali,2007,sp,m,25-34,696,Smear Positive
Mali,2007,sp,m,35-44,570,Smear Positive
Mali,2007,sp,m,45-54,422,Smear Positive
Mali,2007,sp,m,55-64,291,Smear Positive
Mali,2007,sp,m,65+,213,Smear Positive
Mali,2007,sp,f,0-14,30,Smear Positive
Mali,2007,sp,f,15-24,263,Smear Positive
Mali,2007,sp,f,25-34,385,Smear Positive
Mali,2007,sp,f,35-44,258,Smear Positive
Mali,2007,sp,f,45-54,160,Smear Positive
Mali,2007,sp,f,55-64,113,Smear Positive
Mali,2007,sp,f,65+,95,Smear Positive
Mali,2007,sn,m,0-14,15,Smear Negative
Mali,2007,sn,m,15-24,376,Smear Negative
Mali,2007,ep,m,15-24,668,Extrapulmonary
Mali,2008,sp,m,0-14,22,Smear Positive
Mali,2008,sp,m,15-24,453,Smear Positive
Mali,2008,sp,m,25-34,809,Smear Positive
Mali,2008,sp,m,35-44,640,Smear Positive
Mali,2008,sp,m,45-54,503,Smear Positive
Mali,2008,sp,m,55-64,314,Smear Positive
Mali,2008,sp,m,65+,250,Smear Positive
Mali,2008,sp,f,0-14,37,Smear Positive
Mali,2008,sp,f,15-24,332,Smear Positive
Mali,2008,sp,f,25-34,516,Smear Positive
Mali,2008,sp,f,35-44,320,Smear Positive
Mali,2008,sp,f,45-54,245,Smear Positive
Mali,2008,sp,f,55-64,172,Smear Positive
Mali,2008,sp,f,65+,121,Smear Positive
Mali,2008,sn,m,0-14,14,Smear Negative
Mali,2008,sn,f,0-14,7,Smear Negative
Mali,2008,ep,m,0-14,55,Extrapulmonary
Mali,2008,ep,f,0-14,23,Extrapulmonary
Mali,2009,sp,m,0-14,37,Smear Positive
Mali,2009,sp,m,15-24,489,Smear Positive
Mali,2009,sp,m,25-34,978,Smear Positive
Mali,2009,sp,m,35-44,758,Smear Positive
Mali,2009,sp,m,45-54,510,Smear Positive
Mali,2009,sp,m,55-64,379,Smear Positive
Mali,2009,sp,m,65+,275,Smear Positive
Mali,2009,sp,f,0-14,44,Smear Positive
Mali,2009,sp,f,15-24,365,Smear Positive
Mali,2009,sp,f,25-34,494,Smear Positive
Mali,2009,sp,f,35-44,384,Smear Positive
Mali,2009,sp,f,45-54,211,Smear Positive
Mali,2009,sp,f,55-64,135,Smear Positive
Mali,2009,sp,f,65+,104,Smear Positive
Mali,2010,sp,m,0-14,94,Smear Positive
Mali,2010,sp,m,15-24,381,Smear Positive
Mali,2010,sp,m,25-34,707,Smear Positive
Mali,2010,sp,m,35-44,526,Smear Positive
Mali,2010,sp,m,45-54,354,Smear Positive
Mali,2010,sp,m,55-64,227,Smear Positive
Mali,2010,sp,m,65+,207,Smear Positive
Mali,2010,sp,f,0-14,31,Smear Positive
Mali,2010,sp,f,15-24,265,Smear Positive
Mali,2010,sp,f,25-34,337,Smear Positive
Mali,2010,sp,f,35-44,247,Smear Positive
Mali,2010,sp,f,45-54,144,Smear Positive
Mali,2010,sp,f,55-64,96,Smear Positive
Mali,2010,sp,f,65+,70,Smear Positive
Mali,2011,sp,m,0-14,25,Smear Positive
Mali,2011,sp,m,15-24,370,Smear Positive
Mali,2011,sp,m,25-34,772,Smear Positive
Mali,2011,sp,m,35-44,515,Smear Positive
Mali,2011,sp,m,45-54,352,Smear Positive
Mali,2011,sp,m,55-64,267,Smear Positive
Mali,2011,sp,m,65+,230,Smear Positive
Mali,2011,sp,f,0-14,42,Smear Positive
Mali,2011,sp,f,15-24,255,Smear Positive
Mali,2011,sp,f,25-34,393,Smear Positive
Mali,2011,sp,f,35-44,223,Smear Positive
Mali,2011,sp,f,45-54,147,Smear Positive
Mali,2011,sp,f,55-64,118,Smear Positive
Mali,2011,sp,f,65+,68,Smear Positive
Mali,2012,sp,m,0-14,25,Smear Positive
Mali,2012,sp,m,15-24,405,Smear Positive
Mali,2012,sp,m,25-34,731,Smear Positive
Mali,2012,sp,m,35-44,547,Smear Positive
Mali,2012,sp,m,45-54,377,Smear Positive
Mali,2012,sp,m,55-64,257,Smear Positive
Mali,2012,sp,m,65+,211,Smear Positive
Mali,2012,sp,f,0-14,34,Smear Positive
Mali,2012,sp,f,15-24,253,Smear Positive
Mali,2012,sp,f,25-34,344,Smear Positive
Mali,2012,sp,f,35-44,239,Smear Positive
Mali,2012,sp,f,45-54,137,Smear Positive
Mali,2012,sp,f,55-64,89,Smear Positive
Mali,2012,sp,f,65+,77,Smear Positive
Mali,2013,rel,m,0-14,26,Relapse
Mali,2013,rel,m,15-24,375,Relapse
Mali,2013,rel,m,25-34,750,Relapse
Mali,2013,rel,m,35-44,551,Relapse
Mali,2013,rel,m,45-54,401,Relapse
Mali,2013,rel,m,55-64,244,Relapse
Mali,2013,rel,m,65+,230,Relapse
Mali,2013,rel,f,0-14,27,Relapse
Mali,2013,rel,f,15-24,284,Relapse
Mali,2013,rel,f,25-34,351,Relapse
Mali,2013,rel,f,35-44,266,Relapse
Mali,2013,rel,f,45-54,144,Relapse
Mali,2013,rel,f,55-64,95,Relapse
Mali,2013,rel,f,65+,74,Relapse
Malta,1995,sp,m,0-14,0,Smear Positive
Malta,1995,sp,m,15-24,0,Smear Positive
Malta,1995,sp,m,25-34,0,Smear Positive
Malta,1995,sp,m,35-44,1,Smear Positive
Malta,1995,sp,m,45-54,0,Smear Positive
Malta,1995,sp,m,55-64,0,Smear Positive
Malta,1995,sp,m,65+,0,Smear Positive
Malta,1995,sp,f,0-14,0,Smear Positive
Malta,1995,sp,f,15-24,0,Smear Positive
Malta,1995,sp,f,25-34,1,Smear Positive
Malta,1995,sp,f,35-44,0,Smear Positive
Malta,1995,sp,f,45-54,0,Smear Positive
Malta,1995,sp,f,55-64,1,Smear Positive
Malta,1995,sp,f,65+,2,Smear Positive
Malta,1996,sp,m,0-14,0,Smear Positive
Malta,1996,sp,m,15-24,0,Smear Positive
Malta,1996,sp,m,25-34,0,Smear Positive
Malta,1996,sp,m,35-44,0,Smear Positive
Malta,1996,sp,m,45-54,1,Smear Positive
Malta,1996,sp,m,55-64,2,Smear Positive
Malta,1996,sp,m,65+,1,Smear Positive
Malta,1996,sp,f,0-14,0,Smear Positive
Malta,1996,sp,f,15-24,0,Smear Positive
Malta,1996,sp,f,25-34,0,Smear Positive
Malta,1996,sp,f,35-44,1,Smear Positive
Malta,1996,sp,f,45-54,0,Smear Positive
Malta,1996,sp,f,55-64,0,Smear Positive
Malta,1996,sp,f,65+,0,Smear Positive
Malta,1997,sp,m,0-14,0,Smear Positive
Malta,1997,sp,m,15-24,1,Smear Positive
Malta,1997,sp,m,25-34,0,Smear Positive
Malta,1997,sp,m,35-44,0,Smear Positive
Malta,1997,sp,m,45-54,0,Smear Positive
Malta,1997,sp,m,55-64,0,Smear Positive
Malta,1997,sp,m,65+,1,Smear Positive
Malta,1997,sp,f,0-14,0,Smear Positive
Malta,1997,sp,f,15-24,0,Smear Positive
Malta,1997,sp,f,25-34,0,Smear Positive
Malta,1997,sp,f,35-44,0,Smear Positive
Malta,1997,sp,f,45-54,0,Smear Positive
Malta,1997,sp,f,55-64,0,Smear Positive
Malta,1997,sp,f,65+,1,Smear Positive
Malta,1998,sp,m,0-14,0,Smear Positive
Malta,1998,sp,m,15-24,1,Smear Positive
Malta,1998,sp,m,25-34,0,Smear Positive
Malta,1998,sp,m,35-44,0,Smear Positive
Malta,1998,sp,m,45-54,1,Smear Positive
Malta,1998,sp,m,55-64,0,Smear Positive
Malta,1998,sp,m,65+,3,Smear Positive
Malta,1998,sp,f,0-14,0,Smear Positive
Malta,1998,sp,f,15-24,1,Smear Positive
Malta,1998,sp,f,25-34,0,Smear Positive
Malta,1998,sp,f,35-44,0,Smear Positive
Malta,1998,sp,f,45-54,0,Smear Positive
Malta,1998,sp,f,55-64,0,Smear Positive
Malta,1998,sp,f,65+,0,Smear Positive
Malta,1999,sp,m,0-14,0,Smear Positive
Malta,1999,sp,m,15-24,0,Smear Positive
Malta,1999,sp,m,25-34,1,Smear Positive
Malta,1999,sp,m,35-44,0,Smear Positive
Malta,1999,sp,m,45-54,0,Smear Positive
Malta,1999,sp,m,55-64,5,Smear Positive
Malta,1999,sp,m,65+,3,Smear Positive
Malta,2000,sp,m,0-14,0,Smear Positive
Malta,2000,sp,m,15-24,1,Smear Positive
Malta,2000,sp,m,25-34,0,Smear Positive
Malta,2000,sp,m,35-44,1,Smear Positive
Malta,2000,sp,m,45-54,1,Smear Positive
Malta,2000,sp,m,55-64,0,Smear Positive
Malta,2000,sp,m,65+,1,Smear Positive
Malta,2001,sp,m,0-14,0,Smear Positive
Malta,2001,sp,m,45-54,1,Smear Positive
Malta,2001,sp,m,65+,1,Smear Positive
Malta,2001,sp,f,0-14,0,Smear Positive
Malta,2001,sp,f,35-44,1,Smear Positive
Malta,2002,sp,m,0-14,0,Smear Positive
Malta,2002,sp,m,15-24,1,Smear Positive
Malta,2002,sp,m,25-34,0,Smear Positive
Malta,2002,sp,m,35-44,1,Smear Positive
Malta,2002,sp,m,45-54,0,Smear Positive
Malta,2002,sp,m,55-64,1,Smear Positive
Malta,2002,sp,m,65+,0,Smear Positive
Malta,2002,sp,f,0-14,0,Smear Positive
Malta,2002,sp,f,15-24,0,Smear Positive
Malta,2002,sp,f,25-34,1,Smear Positive
Malta,2002,sp,f,35-44,0,Smear Positive
Malta,2002,sp,f,45-54,0,Smear Positive
Malta,2002,sp,f,55-64,0,Smear Positive
Malta,2002,sp,f,65+,1,Smear Positive
Malta,2003,sp,m,0-14,0,Smear Positive
Malta,2003,sp,m,15-24,0,Smear Positive
Malta,2003,sp,m,25-34,1,Smear Positive
Malta,2003,sp,m,35-44,0,Smear Positive
Malta,2003,sp,m,45-54,1,Smear Positive
Malta,2003,sp,m,55-64,0,Smear Positive
Malta,2003,sp,m,65+,0,Smear Positive
Malta,2003,sp,f,0-14,0,Smear Positive
Malta,2003,sp,f,15-24,0,Smear Positive
Malta,2003,sp,f,25-34,0,Smear Positive
Malta,2003,sp,f,35-44,0,Smear Positive
Malta,2003,sp,f,45-54,0,Smear Positive
Malta,2003,sp,f,55-64,0,Smear Positive
Malta,2003,sp,f,65+,0,Smear Positive
Malta,2004,sp,m,0-14,0,Smear Positive
Malta,2004,sp,m,15-24,0,Smear Positive
Malta,2004,sp,m,25-34,0,Smear Positive
Malta,2004,sp,m,35-44,0,Smear Positive
Malta,2004,sp,m,45-54,1,Smear Positive
Malta,2004,sp,m,55-64,0,Smear Positive
Malta,2004,sp,m,65+,0,Smear Positive
Malta,2004,sp,f,0-14,0,Smear Positive
Malta,2004,sp,f,15-24,0,Smear Positive
Malta,2004,sp,f,25-34,0,Smear Positive
Malta,2004,sp,f,35-44,0,Smear Positive
Malta,2004,sp,f,45-54,1,Smear Positive
Malta,2004,sp,f,55-64,0,Smear Positive
Malta,2004,sp,f,65+,0,Smear Positive
Malta,2005,sp,m,0-14,0,Smear Positive
Malta,2005,sp,m,15-24,1,Smear Positive
Malta,2005,sp,m,25-34,1,Smear Positive
Malta,2005,sp,m,35-44,1,Smear Positive
Malta,2005,sp,m,45-54,1,Smear Positive
Malta,2005,sp,m,55-64,1,Smear Positive
Malta,2005,sp,m,65+,0,Smear Positive
Malta,2005,sp,f,0-14,0,Smear Positive
Malta,2005,sp,f,15-24,0,Smear Positive
Malta,2005,sp,f,25-34,0,Smear Positive
Malta,2005,sp,f,35-44,0,Smear Positive
Malta,2005,sp,f,45-54,0,Smear Positive
Malta,2005,sp,f,55-64,0,Smear Positive
Malta,2005,sp,f,65+,0,Smear Positive
Malta,2006,sp,m,0-14,0,Smear Positive
Malta,2006,sp,m,15-24,1,Smear Positive
Malta,2006,sp,m,25-34,0,Smear Positive
Malta,2006,sp,m,35-44,2,Smear Positive
Malta,2006,sp,m,45-54,0,Smear Positive
Malta,2006,sp,m,55-64,0,Smear Positive
Malta,2006,sp,m,65+,1,Smear Positive
Malta,2006,sp,f,0-14,0,Smear Positive
Malta,2006,sp,f,15-24,0,Smear Positive
Malta,2006,sp,f,25-34,0,Smear Positive
Malta,2006,sp,f,35-44,0,Smear Positive
Malta,2006,sp,f,45-54,0,Smear Positive
Malta,2006,sp,f,55-64,0,Smear Positive
Malta,2006,sp,f,65+,0,Smear Positive
Malta,2006,sn,m,0-14,0,Smear Negative
Malta,2006,sn,m,15-24,6,Smear Negative
Malta,2006,sn,m,25-34,4,Smear Negative
Malta,2006,sn,m,35-44,1,Smear Negative
Malta,2006,sn,m,45-54,2,Smear Negative
Malta,2006,sn,m,55-64,1,Smear Negative
Malta,2006,sn,m,65+,5,Smear Negative
Malta,2006,sn,f,0-14,1,Smear Negative
Malta,2006,sn,f,15-24,0,Smear Negative
Malta,2006,sn,f,25-34,0,Smear Negative
Malta,2006,sn,f,35-44,0,Smear Negative
Malta,2006,sn,f,45-54,0,Smear Negative
Malta,2006,sn,f,55-64,0,Smear Negative
Malta,2006,sn,f,65+,0,Smear Negative
Malta,2006,ep,m,0-14,0,Extrapulmonary
Malta,2006,ep,m,15-24,1,Extrapulmonary
Malta,2006,ep,m,25-34,2,Extrapulmonary
Malta,2006,ep,m,35-44,0,Extrapulmonary
Malta,2006,ep,m,45-54,0,Extrapulmonary
Malta,2006,ep,m,55-64,0,Extrapulmonary
Malta,2006,ep,m,65+,0,Extrapulmonary
Malta,2006,ep,f,0-14,0,Extrapulmonary
Malta,2006,ep,f,15-24,0,Extrapulmonary
Malta,2006,ep,f,25-34,1,Extrapulmonary
Malta,2006,ep,f,35-44,0,Extrapulmonary
Malta,2006,ep,f,45-54,0,Extrapulmonary
Malta,2006,ep,f,55-64,0,Extrapulmonary
Malta,2006,ep,f,65+,2,Extrapulmonary
Malta,2007,sp,m,0-14,0,Smear Positive
Malta,2007,sp,m,15-24,0,Smear Positive
Malta,2007,sp,m,25-34,2,Smear Positive
Malta,2007,sp,m,35-44,0,Smear Positive
Malta,2007,sp,m,45-54,0,Smear Positive
Malta,2007,sp,m,55-64,1,Smear Positive
Malta,2007,sp,m,65+,3,Smear Positive
Malta,2007,sp,f,0-14,0,Smear Positive
Malta,2007,sp,f,15-24,2,Smear Positive
Malta,2007,sp,f,25-34,0,Smear Positive
Malta,2007,sp,f,35-44,0,Smear Positive
Malta,2007,sp,f,45-54,0,Smear Positive
Malta,2007,sp,f,55-64,0,Smear Positive
Malta,2007,sp,f,65+,0,Smear Positive
Malta,2007,sn,m,0-14,0,Smear Negative
Malta,2007,sn,m,15-24,3,Smear Negative
Malta,2007,sn,m,25-34,5,Smear Negative
Malta,2007,sn,m,35-44,0,Smear Negative
Malta,2007,sn,m,45-54,1,Smear Negative
Malta,2007,sn,m,55-64,2,Smear Negative
Malta,2007,sn,m,65+,6,Smear Negative
Malta,2007,sn,f,0-14,0,Smear Negative
Malta,2007,sn,f,15-24,0,Smear Negative
Malta,2007,sn,f,25-34,0,Smear Negative
Malta,2007,sn,f,35-44,0,Smear Negative
Malta,2007,sn,f,45-54,0,Smear Negative
Malta,2007,sn,f,55-64,1,Smear Negative
Malta,2007,sn,f,65+,0,Smear Negative
Malta,2007,ep,m,0-14,1,Extrapulmonary
Malta,2007,ep,m,15-24,3,Extrapulmonary
Malta,2007,ep,m,25-34,2,Extrapulmonary
Malta,2007,ep,m,35-44,2,Extrapulmonary
Malta,2007,ep,m,45-54,0,Extrapulmonary
Malta,2007,ep,m,55-64,1,Extrapulmonary
Malta,2007,ep,m,65+,0,Extrapulmonary
Malta,2007,ep,f,0-14,1,Extrapulmonary
Malta,2007,ep,f,15-24,1,Extrapulmonary
Malta,2007,ep,f,25-34,0,Extrapulmonary
Malta,2007,ep,f,35-44,0,Extrapulmonary
Malta,2007,ep,f,45-54,0,Extrapulmonary
Malta,2007,ep,f,55-64,0,Extrapulmonary
Malta,2007,ep,f,65+,0,Extrapulmonary
Malta,2008,sp,m,0-14,0,Smear Positive
Malta,2008,sp,m,15-24,3,Smear Positive
Malta,2008,sp,m,25-34,6,Smear Positive
Malta,2008,sp,m,35-44,2,Smear Positive
Malta,2008,sp,m,45-54,0,Smear Positive
Malta,2008,sp,m,55-64,0,Smear Positive
Malta,2008,sp,m,65+,0,Smear Positive
Malta,2008,sp,f,0-14,0,Smear Positive
Malta,2008,sp,f,15-24,1,Smear Positive
Malta,2008,sp,f,25-34,1,Smear Positive
Malta,2008,sp,f,35-44,0,Smear Positive
Malta,2008,sp,f,45-54,0,Smear Positive
Malta,2008,sp,f,55-64,0,Smear Positive
Malta,2008,sp,f,65+,2,Smear Positive
Malta,2008,sn,m,0-14,0,Smear Negative
Malta,2008,sn,m,15-24,7,Smear Negative
Malta,2008,sn,m,25-34,4,Smear Negative
Malta,2008,sn,m,35-44,2,Smear Negative
Malta,2008,sn,m,45-54,1,Smear Negative
Malta,2008,sn,m,55-64,0,Smear Negative
Malta,2008,sn,m,65+,3,Smear Negative
Malta,2008,sn,f,0-14,0,Smear Negative
Malta,2008,sn,f,15-24,0,Smear Negative
Malta,2008,sn,f,25-34,0,Smear Negative
Malta,2008,sn,f,35-44,0,Smear Negative
Malta,2008,sn,f,45-54,1,Smear Negative
Malta,2008,sn,f,55-64,0,Smear Negative
Malta,2008,sn,f,65+,1,Smear Negative
Malta,2008,ep,m,0-14,0,Extrapulmonary
Malta,2008,ep,m,15-24,2,Extrapulmonary
Malta,2008,ep,m,25-34,3,Extrapulmonary
Malta,2008,ep,m,35-44,1,Extrapulmonary
Malta,2008,ep,m,45-54,1,Extrapulmonary
Malta,2008,ep,m,55-64,0,Extrapulmonary
Malta,2008,ep,m,65+,1,Extrapulmonary
Malta,2008,ep,f,0-14,0,Extrapulmonary
Malta,2008,ep,f,15-24,1,Extrapulmonary
Malta,2008,ep,f,25-34,2,Extrapulmonary
Malta,2008,ep,f,35-44,0,Extrapulmonary
Malta,2008,ep,f,45-54,1,Extrapulmonary
Malta,2008,ep,f,55-64,0,Extrapulmonary
Malta,2008,ep,f,65+,0,Extrapulmonary
Malta,2009,sp,m,0-14,0,Smear Positive
Malta,2009,sp,m,15-24,4,Smear Positive
Malta,2009,sp,m,25-34,3,Smear Positive
Malta,2009,sp,m,35-44,1,Smear Positive
Malta,2009,sp,m,45-54,1,Smear Positive
Malta,2009,sp,m,55-64,1,Smear Positive
Malta,2009,sp,m,65+,1,Smear Positive
Malta,2009,sp,f,0-14,0,Smear Positive
Malta,2009,sp,f,15-24,0,Smear Positive
Malta,2009,sp,f,25-34,1,Smear Positive
Malta,2009,sp,f,35-44,0,Smear Positive
Malta,2009,sp,f,45-54,0,Smear Positive
Malta,2009,sp,f,55-64,0,Smear Positive
Malta,2009,sp,f,65+,0,Smear Positive
Malta,2009,sn,m,0-14,0,Smear Negative
Malta,2009,sn,m,15-24,4,Smear Negative
Malta,2009,sn,m,25-34,4,Smear Negative
Malta,2009,sn,m,35-44,0,Smear Negative
Malta,2009,sn,m,45-54,0,Smear Negative
Malta,2009,sn,m,55-64,1,Smear Negative
Malta,2009,sn,m,65+,0,Smear Negative
Malta,2009,sn,f,0-14,0,Smear Negative
Malta,2009,sn,f,15-24,0,Smear Negative
Malta,2009,sn,f,25-34,1,Smear Negative
Malta,2009,sn,f,35-44,0,Smear Negative
Malta,2009,sn,f,45-54,0,Smear Negative
Malta,2009,sn,f,55-64,0,Smear Negative
Malta,2009,sn,f,65+,1,Smear Negative
Malta,2009,ep,m,0-14,0,Extrapulmonary
Malta,2009,ep,m,15-24,4,Extrapulmonary
Malta,2009,ep,m,25-34,3,Extrapulmonary
Malta,2009,ep,m,35-44,0,Extrapulmonary
Malta,2009,ep,m,45-54,1,Extrapulmonary
Malta,2009,ep,m,55-64,0,Extrapulmonary
Malta,2009,ep,m,65+,3,Extrapulmonary
Malta,2009,ep,f,0-14,0,Extrapulmonary
Malta,2009,ep,f,15-24,3,Extrapulmonary
Malta,2009,ep,f,25-34,3,Extrapulmonary
Malta,2009,ep,f,35-44,1,Extrapulmonary
Malta,2009,ep,f,45-54,0,Extrapulmonary
Malta,2009,ep,f,55-64,0,Extrapulmonary
Malta,2009,ep,f,65+,0,Extrapulmonary
Malta,2010,sp,m,0-14,0,Smear Positive
Malta,2010,sp,m,15-24,0,Smear Positive
Malta,2010,sp,m,25-34,3,Smear Positive
Malta,2010,sp,m,35-44,0,Smear Positive
Malta,2010,sp,m,45-54,0,Smear Positive
Malta,2010,sp,m,55-64,0,Smear Positive
Malta,2010,sp,m,65+,0,Smear Positive
Malta,2010,sp,f,0-14,0,Smear Positive
Malta,2010,sp,f,15-24,0,Smear Positive
Malta,2010,sp,f,25-34,1,Smear Positive
Malta,2010,sp,f,35-44,0,Smear Positive
Malta,2010,sp,f,45-54,0,Smear Positive
Malta,2010,sp,f,55-64,0,Smear Positive
Malta,2010,sp,f,65+,0,Smear Positive
Malta,2010,sn,m,0-14,0,Smear Negative
Malta,2010,sn,m,15-24,1,Smear Negative
Malta,2010,sn,m,25-34,1,Smear Negative
Malta,2010,sn,m,35-44,1,Smear Negative
Malta,2010,sn,m,45-54,1,Smear Negative
Malta,2010,sn,m,55-64,0,Smear Negative
Malta,2010,sn,m,65+,1,Smear Negative
Malta,2010,sn,f,0-14,0,Smear Negative
Malta,2010,sn,f,15-24,1,Smear Negative
Malta,2010,sn,f,25-34,0,Smear Negative
Malta,2010,sn,f,35-44,0,Smear Negative
Malta,2010,sn,f,45-54,0,Smear Negative
Malta,2010,sn,f,55-64,0,Smear Negative
Malta,2010,sn,f,65+,0,Smear Negative
Malta,2010,ep,m,0-14,0,Extrapulmonary
Malta,2010,ep,m,15-24,1,Extrapulmonary
Malta,2010,ep,m,25-34,5,Extrapulmonary
Malta,2010,ep,m,35-44,0,Extrapulmonary
Malta,2010,ep,m,45-54,0,Extrapulmonary
Malta,2010,ep,m,55-64,1,Extrapulmonary
Malta,2010,ep,m,65+,0,Extrapulmonary
Malta,2010,ep,f,0-14,0,Extrapulmonary
Malta,2010,ep,f,15-24,0,Extrapulmonary
Malta,2010,ep,f,25-34,2,Extrapulmonary
Malta,2010,ep,f,35-44,0,Extrapulmonary
Malta,2010,ep,f,45-54,0,Extrapulmonary
Malta,2010,ep,f,55-64,0,Extrapulmonary
Malta,2010,ep,f,65+,1,Extrapulmonary
Malta,2011,sp,m,0-14,0,Smear Positive
Malta,2011,sp,m,15-24,2,Smear Positive
Malta,2011,sp,m,25-34,4,Smear Positive
Malta,2011,sp,m,35-44,0,Smear Positive
Malta,2011,sp,m,45-54,0,Smear Positive
Malta,2011,sp,m,55-64,0,Smear Positive
Malta,2011,sp,m,65+,0,Smear Positive
Malta,2011,sp,f,0-14,0,Smear Positive
Malta,2011,sp,f,15-24,1,Smear Positive
Malta,2011,sp,f,25-34,0,Smear Positive
Malta,2011,sp,f,35-44,0,Smear Positive
Malta,2011,sp,f,45-54,0,Smear Positive
Malta,2011,sp,f,55-64,0,Smear Positive
Malta,2011,sp,f,65+,0,Smear Positive
Malta,2011,sn,m,0-14,0,Smear Negative
Malta,2011,sn,m,15-24,1,Smear Negative
Malta,2011,sn,m,25-34,3,Smear Negative
Malta,2011,sn,m,35-44,0,Smear Negative
Malta,2011,sn,m,45-54,0,Smear Negative
Malta,2011,sn,m,55-64,0,Smear Negative
Malta,2011,sn,m,65+,2,Smear Negative
Malta,2011,sn,f,0-14,0,Smear Negative
Malta,2011,sn,f,15-24,1,Smear Negative
Malta,2011,sn,f,25-34,0,Smear Negative
Malta,2011,sn,f,35-44,1,Smear Negative
Malta,2011,sn,f,45-54,0,Smear Negative
Malta,2011,sn,f,55-64,0,Smear Negative
Malta,2011,sn,f,65+,0,Smear Negative
Malta,2011,ep,m,0-14,0,Extrapulmonary
Malta,2011,ep,m,15-24,1,Extrapulmonary
Malta,2011,ep,m,25-34,0,Extrapulmonary
Malta,2011,ep,m,35-44,1,Extrapulmonary
Malta,2011,ep,m,45-54,0,Extrapulmonary
Malta,2011,ep,m,55-64,0,Extrapulmonary
Malta,2011,ep,m,65+,1,Extrapulmonary
Malta,2011,ep,f,0-14,0,Extrapulmonary
Malta,2011,ep,f,15-24,0,Extrapulmonary
Malta,2011,ep,f,25-34,1,Extrapulmonary
Malta,2011,ep,f,35-44,0,Extrapulmonary
Malta,2011,ep,f,45-54,2,Extrapulmonary
Malta,2011,ep,f,55-64,0,Extrapulmonary
Malta,2011,ep,f,65+,1,Extrapulmonary
Malta,2012,sp,m,0-14,1,Smear Positive
Malta,2012,sp,m,15-24,2,Smear Positive
Malta,2012,sp,m,25-34,2,Smear Positive
Malta,2012,sp,m,35-44,2,Smear Positive
Malta,2012,sp,m,45-54,0,Smear Positive
Malta,2012,sp,m,55-64,0,Smear Positive
Malta,2012,sp,m,65+,0,Smear Positive
Malta,2012,sp,f,0-14,0,Smear Positive
Malta,2012,sp,f,15-24,1,Smear Positive
Malta,2012,sp,f,25-34,1,Smear Positive
Malta,2012,sp,f,35-44,0,Smear Positive
Malta,2012,sp,f,45-54,0,Smear Positive
Malta,2012,sp,f,55-64,0,Smear Positive
Malta,2012,sp,f,65+,0,Smear Positive
Malta,2012,sn,m,0-14,0,Smear Negative
Malta,2012,sn,m,15-24,5,Smear Negative
Malta,2012,sn,m,25-34,4,Smear Negative
Malta,2012,sn,m,35-44,1,Smear Negative
Malta,2012,sn,m,45-54,1,Smear Negative
Malta,2012,sn,m,55-64,0,Smear Negative
Malta,2012,sn,m,65+,5,Smear Negative
Malta,2012,sn,f,0-14,1,Smear Negative
Malta,2012,sn,f,15-24,2,Smear Negative
Malta,2012,sn,f,25-34,1,Smear Negative
Malta,2012,sn,f,35-44,0,Smear Negative
Malta,2012,sn,f,45-54,0,Smear Negative
Malta,2012,sn,f,55-64,0,Smear Negative
Malta,2012,sn,f,65+,0,Smear Negative
Malta,2012,ep,m,0-14,0,Extrapulmonary
Malta,2012,ep,m,15-24,3,Extrapulmonary
Malta,2012,ep,m,25-34,3,Extrapulmonary
Malta,2012,ep,m,35-44,0,Extrapulmonary
Malta,2012,ep,m,45-54,0,Extrapulmonary
Malta,2012,ep,m,55-64,1,Extrapulmonary
Malta,2012,ep,m,65+,0,Extrapulmonary
Malta,2012,ep,f,0-14,0,Extrapulmonary
Malta,2012,ep,f,15-24,4,Extrapulmonary
Malta,2012,ep,f,25-34,0,Extrapulmonary
Malta,2012,ep,f,35-44,1,Extrapulmonary
Malta,2012,ep,f,45-54,0,Extrapulmonary
Malta,2012,ep,f,55-64,0,Extrapulmonary
Malta,2012,ep,f,65+,0,Extrapulmonary
Malta,2013,rel,m,0-14,0,Relapse
Malta,2013,rel,m,15-24,22,Relapse
Malta,2013,rel,m,25-34,6,Relapse
Malta,2013,rel,m,35-44,4,Relapse
Malta,2013,rel,m,45-54,0,Relapse
Malta,2013,rel,m,55-64,0,Relapse
Malta,2013,rel,m,65+,3,Relapse
Malta,2013,rel,f,0-14,0,Relapse
Malta,2013,rel,f,15-24,2,Relapse
Malta,2013,rel,f,25-34,8,Relapse
Malta,2013,rel,f,35-44,1,Relapse
Malta,2013,rel,f,45-54,0,Relapse
Malta,2013,rel,f,55-64,0,Relapse
Malta,2013,rel,f,65+,4,Relapse
Marshall Islands,1996,sp,m,0-14,7,Smear Positive
Marshall Islands,1996,sp,m,15-24,8,Smear Positive
Marshall Islands,1996,sp,m,25-34,3,Smear Positive
Marshall Islands,1996,sp,m,35-44,3,Smear Positive
Marshall Islands,1996,sp,m,45-54,5,Smear Positive
Marshall Islands,1996,sp,m,55-64,3,Smear Positive
Marshall Islands,1996,sp,m,65+,0,Smear Positive
Marshall Islands,1996,sp,f,0-14,12,Smear Positive
Marshall Islands,1996,sp,f,15-24,7,Smear Positive
Marshall Islands,1996,sp,f,25-34,3,Smear Positive
Marshall Islands,1996,sp,f,35-44,3,Smear Positive
Marshall Islands,1996,sp,f,45-54,2,Smear Positive
Marshall Islands,1996,sp,f,55-64,3,Smear Positive
Marshall Islands,1996,sp,f,65+,2,Smear Positive
Marshall Islands,1998,sp,m,0-14,0,Smear Positive
Marshall Islands,1998,sp,m,15-24,2,Smear Positive
Marshall Islands,1998,sp,m,25-34,0,Smear Positive
Marshall Islands,1998,sp,m,35-44,1,Smear Positive
Marshall Islands,1998,sp,m,45-54,1,Smear Positive
Marshall Islands,1998,sp,m,55-64,1,Smear Positive
Marshall Islands,1998,sp,m,65+,0,Smear Positive
Marshall Islands,1998,sp,f,0-14,0,Smear Positive
Marshall Islands,1998,sp,f,15-24,1,Smear Positive
Marshall Islands,1998,sp,f,25-34,3,Smear Positive
Marshall Islands,1998,sp,f,35-44,1,Smear Positive
Marshall Islands,1998,sp,f,45-54,0,Smear Positive
Marshall Islands,1998,sp,f,55-64,1,Smear Positive
Marshall Islands,1998,sp,f,65+,0,Smear Positive
Marshall Islands,1999,sp,m,0-14,5,Smear Positive
Marshall Islands,1999,sp,m,15-24,10,Smear Positive
Marshall Islands,1999,sp,m,25-34,3,Smear Positive
Marshall Islands,1999,sp,m,35-44,4,Smear Positive
Marshall Islands,1999,sp,m,45-54,1,Smear Positive
Marshall Islands,1999,sp,m,55-64,6,Smear Positive
Marshall Islands,1999,sp,m,65+,0,Smear Positive
Marshall Islands,1999,sp,f,0-14,2,Smear Positive
Marshall Islands,1999,sp,f,15-24,10,Smear Positive
Marshall Islands,1999,sp,f,25-34,7,Smear Positive
Marshall Islands,1999,sp,f,35-44,2,Smear Positive
Marshall Islands,1999,sp,f,45-54,2,Smear Positive
Marshall Islands,1999,sp,f,55-64,2,Smear Positive
Marshall Islands,1999,sp,f,65+,0,Smear Positive
Marshall Islands,2000,sp,m,0-14,3,Smear Positive
Marshall Islands,2000,sp,m,15-24,5,Smear Positive
Marshall Islands,2000,sp,m,25-34,4,Smear Positive
Marshall Islands,2000,sp,m,35-44,1,Smear Positive
Marshall Islands,2000,sp,m,45-54,3,Smear Positive
Marshall Islands,2000,sp,m,55-64,5,Smear Positive
Marshall Islands,2000,sp,m,65+,3,Smear Positive
Marshall Islands,2000,sp,f,0-14,7,Smear Positive
Marshall Islands,2000,sp,f,15-24,7,Smear Positive
Marshall Islands,2000,sp,f,25-34,3,Smear Positive
Marshall Islands,2000,sp,f,35-44,0,Smear Positive
Marshall Islands,2000,sp,f,45-54,2,Smear Positive
Marshall Islands,2000,sp,f,55-64,2,Smear Positive
Marshall Islands,2000,sp,f,65+,0,Smear Positive
Marshall Islands,2001,sp,m,0-14,3,Smear Positive
Marshall Islands,2001,sp,m,15-24,8,Smear Positive
Marshall Islands,2001,sp,m,25-34,4,Smear Positive
Marshall Islands,2001,sp,m,35-44,2,Smear Positive
Marshall Islands,2001,sp,m,45-54,4,Smear Positive
Marshall Islands,2001,sp,m,55-64,2,Smear Positive
Marshall Islands,2001,sp,m,65+,0,Smear Positive
Marshall Islands,2001,sp,f,0-14,5,Smear Positive
Marshall Islands,2001,sp,f,15-24,6,Smear Positive
Marshall Islands,2001,sp,f,25-34,4,Smear Positive
Marshall Islands,2001,sp,f,35-44,7,Smear Positive
Marshall Islands,2001,sp,f,45-54,8,Smear Positive
Marshall Islands,2001,sp,f,55-64,2,Smear Positive
Marshall Islands,2001,sp,f,65+,1,Smear Positive
Marshall Islands,2002,sp,m,0-14,0,Smear Positive
Marshall Islands,2002,sp,m,15-24,1,Smear Positive
Marshall Islands,2002,sp,m,25-34,2,Smear Positive
Marshall Islands,2002,sp,m,35-44,1,Smear Positive
Marshall Islands,2002,sp,m,45-54,3,Smear Positive
Marshall Islands,2002,sp,m,55-64,2,Smear Positive
Marshall Islands,2002,sp,m,65+,2,Smear Positive
Marshall Islands,2002,sp,f,0-14,0,Smear Positive
Marshall Islands,2002,sp,f,15-24,2,Smear Positive
Marshall Islands,2002,sp,f,25-34,0,Smear Positive
Marshall Islands,2002,sp,f,35-44,0,Smear Positive
Marshall Islands,2002,sp,f,45-54,3,Smear Positive
Marshall Islands,2002,sp,f,55-64,1,Smear Positive
Marshall Islands,2002,sp,f,65+,1,Smear Positive
Marshall Islands,2003,sp,m,0-14,6,Smear Positive
Marshall Islands,2003,sp,m,15-24,4,Smear Positive
Marshall Islands,2003,sp,m,25-34,2,Smear Positive
Marshall Islands,2003,sp,m,35-44,7,Smear Positive
Marshall Islands,2003,sp,m,45-54,7,Smear Positive
Marshall Islands,2003,sp,m,55-64,2,Smear Positive
Marshall Islands,2003,sp,m,65+,2,Smear Positive
Marshall Islands,2003,sp,f,0-14,4,Smear Positive
Marshall Islands,2003,sp,f,15-24,9,Smear Positive
Marshall Islands,2003,sp,f,25-34,2,Smear Positive
Marshall Islands,2003,sp,f,35-44,4,Smear Positive
Marshall Islands,2003,sp,f,45-54,6,Smear Positive
Marshall Islands,2003,sp,f,55-64,1,Smear Positive
Marshall Islands,2003,sp,f,65+,4,Smear Positive
Marshall Islands,2004,sp,m,0-14,2,Smear Positive
Marshall Islands,2004,sp,m,15-24,5,Smear Positive
Marshall Islands,2004,sp,m,25-34,4,Smear Positive
Marshall Islands,2004,sp,m,35-44,3,Smear Positive
Marshall Islands,2004,sp,m,45-54,3,Smear Positive
Marshall Islands,2004,sp,m,55-64,2,Smear Positive
Marshall Islands,2004,sp,f,0-14,1,Smear Positive
Marshall Islands,2004,sp,f,15-24,7,Smear Positive
Marshall Islands,2004,sp,f,25-34,5,Smear Positive
Marshall Islands,2004,sp,f,35-44,3,Smear Positive
Marshall Islands,2004,sp,f,45-54,3,Smear Positive
Marshall Islands,2004,sp,f,55-64,0,Smear Positive
Marshall Islands,2004,sp,f,65+,1,Smear Positive
Marshall Islands,2005,sp,m,0-14,2,Smear Positive
Marshall Islands,2005,sp,m,15-24,4,Smear Positive
Marshall Islands,2005,sp,m,25-34,4,Smear Positive
Marshall Islands,2005,sp,m,35-44,5,Smear Positive
Marshall Islands,2005,sp,m,45-54,6,Smear Positive
Marshall Islands,2005,sp,m,55-64,1,Smear Positive
Marshall Islands,2005,sp,m,65+,1,Smear Positive
Marshall Islands,2005,sp,f,0-14,1,Smear Positive
Marshall Islands,2005,sp,f,15-24,9,Smear Positive
Marshall Islands,2005,sp,f,25-34,2,Smear Positive
Marshall Islands,2005,sp,f,35-44,4,Smear Positive
Marshall Islands,2005,sp,f,45-54,3,Smear Positive
Marshall Islands,2005,sp,f,55-64,4,Smear Positive
Marshall Islands,2005,sp,f,65+,2,Smear Positive
Marshall Islands,2006,sp,m,15-24,4,Smear Positive
Marshall Islands,2006,sp,m,25-34,3,Smear Positive
Marshall Islands,2006,sp,m,35-44,4,Smear Positive
Marshall Islands,2006,sp,m,45-54,6,Smear Positive
Marshall Islands,2006,sp,m,55-64,3,Smear Positive
Marshall Islands,2006,sp,m,65+,2,Smear Positive
Marshall Islands,2006,sp,f,0-14,2,Smear Positive
Marshall Islands,2006,sp,f,15-24,2,Smear Positive
Marshall Islands,2006,sp,f,25-34,3,Smear Positive
Marshall Islands,2006,sp,f,35-44,3,Smear Positive
Marshall Islands,2006,sp,f,45-54,7,Smear Positive
Marshall Islands,2006,sp,f,55-64,4,Smear Positive
Marshall Islands,2006,sp,f,65+,2,Smear Positive
Marshall Islands,2007,sp,m,0-14,0,Smear Positive
Marshall Islands,2007,sp,m,15-24,1,Smear Positive
Marshall Islands,2007,sp,m,25-34,1,Smear Positive
Marshall Islands,2007,sp,m,35-44,2,Smear Positive
Marshall Islands,2007,sp,m,45-54,5,Smear Positive
Marshall Islands,2007,sp,m,55-64,1,Smear Positive
Marshall Islands,2007,sp,m,65+,0,Smear Positive
Marshall Islands,2007,sp,f,0-14,1,Smear Positive
Marshall Islands,2007,sp,f,15-24,3,Smear Positive
Marshall Islands,2007,sp,f,25-34,3,Smear Positive
Marshall Islands,2007,sp,f,35-44,2,Smear Positive
Marshall Islands,2007,sp,f,45-54,3,Smear Positive
Marshall Islands,2007,sp,f,55-64,3,Smear Positive
Marshall Islands,2007,sp,f,65+,0,Smear Positive
Marshall Islands,2008,sp,m,0-14,1,Smear Positive
Marshall Islands,2008,sp,m,15-24,1,Smear Positive
Marshall Islands,2008,sp,m,25-34,1,Smear Positive
Marshall Islands,2008,sp,m,35-44,2,Smear Positive
Marshall Islands,2008,sp,m,45-54,3,Smear Positive
Marshall Islands,2008,sp,m,55-64,0,Smear Positive
Marshall Islands,2008,sp,m,65+,0,Smear Positive
Marshall Islands,2008,sp,f,0-14,2,Smear Positive
Marshall Islands,2008,sp,f,15-24,3,Smear Positive
Marshall Islands,2008,sp,f,25-34,2,Smear Positive
Marshall Islands,2008,sp,f,35-44,4,Smear Positive
Marshall Islands,2008,sp,f,45-54,5,Smear Positive
Marshall Islands,2008,sp,f,55-64,1,Smear Positive
Marshall Islands,2008,sp,f,65+,0,Smear Positive
Marshall Islands,2009,sp,m,0-14,1,Smear Positive
Marshall Islands,2009,sp,m,15-24,12,Smear Positive
Marshall Islands,2009,sp,m,25-34,5,Smear Positive
Marshall Islands,2009,sp,m,35-44,2,Smear Positive
Marshall Islands,2009,sp,m,45-54,5,Smear Positive
Marshall Islands,2009,sp,m,55-64,4,Smear Positive
Marshall Islands,2009,sp,m,65+,0,Smear Positive
Marshall Islands,2009,sp,f,0-14,1,Smear Positive
Marshall Islands,2009,sp,f,15-24,5,Smear Positive
Marshall Islands,2009,sp,f,25-34,5,Smear Positive
Marshall Islands,2009,sp,f,35-44,4,Smear Positive
Marshall Islands,2009,sp,f,45-54,5,Smear Positive
Marshall Islands,2009,sp,f,55-64,2,Smear Positive
Marshall Islands,2009,sp,f,65+,1,Smear Positive
Marshall Islands,2009,sn,m,0-14,10,Smear Negative
Marshall Islands,2009,sn,m,15-24,3,Smear Negative
Marshall Islands,2009,sn,m,25-34,3,Smear Negative
Marshall Islands,2009,sn,m,35-44,3,Smear Negative
Marshall Islands,2009,sn,m,45-54,6,Smear Negative
Marshall Islands,2009,sn,m,55-64,5,Smear Negative
Marshall Islands,2009,sn,m,65+,2,Smear Negative
Marshall Islands,2009,sn,f,0-14,10,Smear Negative
Marshall Islands,2009,sn,f,15-24,6,Smear Negative
Marshall Islands,2009,sn,f,25-34,3,Smear Negative
Marshall Islands,2009,sn,f,35-44,6,Smear Negative
Marshall Islands,2009,sn,f,45-54,7,Smear Negative
Marshall Islands,2009,sn,f,55-64,2,Smear Negative
Marshall Islands,2009,sn,f,65+,4,Smear Negative
Marshall Islands,2009,ep,m,0-14,2,Extrapulmonary
Marshall Islands,2009,ep,m,15-24,1,Extrapulmonary
Marshall Islands,2009,ep,m,25-34,1,Extrapulmonary
Marshall Islands,2009,ep,m,35-44,1,Extrapulmonary
Marshall Islands,2009,ep,m,45-54,2,Extrapulmonary
Marshall Islands,2009,ep,m,55-64,0,Extrapulmonary
Marshall Islands,2009,ep,m,65+,0,Extrapulmonary
Marshall Islands,2009,ep,f,0-14,2,Extrapulmonary
Marshall Islands,2009,ep,f,15-24,1,Extrapulmonary
Marshall Islands,2009,ep,f,25-34,0,Extrapulmonary
Marshall Islands,2009,ep,f,35-44,1,Extrapulmonary
Marshall Islands,2009,ep,f,45-54,0,Extrapulmonary
Marshall Islands,2009,ep,f,55-64,0,Extrapulmonary
Marshall Islands,2009,ep,f,65+,0,Extrapulmonary
Marshall Islands,2010,sp,m,0-14,0,Smear Positive
Marshall Islands,2010,sp,m,15-24,10,Smear Positive
Marshall Islands,2010,sp,m,25-34,1,Smear Positive
Marshall Islands,2010,sp,m,35-44,4,Smear Positive
Marshall Islands,2010,sp,m,45-54,6,Smear Positive
Marshall Islands,2010,sp,m,55-64,6,Smear Positive
Marshall Islands,2010,sp,m,65+,2,Smear Positive
Marshall Islands,2010,sp,f,0-14,5,Smear Positive
Marshall Islands,2010,sp,f,15-24,9,Smear Positive
Marshall Islands,2010,sp,f,25-34,2,Smear Positive
Marshall Islands,2010,sp,f,35-44,2,Smear Positive
Marshall Islands,2010,sp,f,45-54,4,Smear Positive
Marshall Islands,2010,sp,f,55-64,8,Smear Positive
Marshall Islands,2010,sp,f,65+,0,Smear Positive
Marshall Islands,2010,sn,m,0-14,15,Smear Negative
Marshall Islands,2010,sn,m,15-24,7,Smear Negative
Marshall Islands,2010,sn,m,25-34,2,Smear Negative
Marshall Islands,2010,sn,m,35-44,3,Smear Negative
Marshall Islands,2010,sn,m,45-54,6,Smear Negative
Marshall Islands,2010,sn,m,55-64,6,Smear Negative
Marshall Islands,2010,sn,m,65+,2,Smear Negative
Marshall Islands,2010,sn,f,0-14,5,Smear Negative
Marshall Islands,2010,sn,f,15-24,9,Smear Negative
Marshall Islands,2010,sn,f,25-34,4,Smear Negative
Marshall Islands,2010,sn,f,35-44,4,Smear Negative
Marshall Islands,2010,sn,f,45-54,1,Smear Negative
Marshall Islands,2010,sn,f,55-64,0,Smear Negative
Marshall Islands,2010,sn,f,65+,0,Smear Negative
Marshall Islands,2010,ep,m,0-14,16,Extrapulmonary
Marshall Islands,2010,ep,m,15-24,9,Extrapulmonary
Marshall Islands,2010,ep,m,25-34,8,Extrapulmonary
Marshall Islands,2010,ep,m,35-44,3,Extrapulmonary
Marshall Islands,2010,ep,m,45-54,2,Extrapulmonary
Marshall Islands,2010,ep,m,55-64,2,Extrapulmonary
Marshall Islands,2010,ep,m,65+,1,Extrapulmonary
Marshall Islands,2010,ep,f,0-14,8,Extrapulmonary
Marshall Islands,2010,ep,f,15-24,3,Extrapulmonary
Marshall Islands,2010,ep,f,25-34,6,Extrapulmonary
Marshall Islands,2010,ep,f,35-44,3,Extrapulmonary
Marshall Islands,2010,ep,f,45-54,3,Extrapulmonary
Marshall Islands,2010,ep,f,55-64,1,Extrapulmonary
Marshall Islands,2010,ep,f,65+,0,Extrapulmonary
Marshall Islands,2011,sp,m,0-14,1,Smear Positive
Marshall Islands,2011,sp,m,15-24,7,Smear Positive
Marshall Islands,2011,sp,m,25-34,2,Smear Positive
Marshall Islands,2011,sp,m,35-44,3,Smear Positive
Marshall Islands,2011,sp,m,45-54,3,Smear Positive
Marshall Islands,2011,sp,m,55-64,3,Smear Positive
Marshall Islands,2011,sp,m,65+,1,Smear Positive
Marshall Islands,2011,sp,f,0-14,1,Smear Positive
Marshall Islands,2011,sp,f,15-24,5,Smear Positive
Marshall Islands,2011,sp,f,25-34,8,Smear Positive
Marshall Islands,2011,sp,f,35-44,2,Smear Positive
Marshall Islands,2011,sp,f,45-54,5,Smear Positive
Marshall Islands,2011,sp,f,55-64,2,Smear Positive
Marshall Islands,2011,sp,f,65+,1,Smear Positive
Marshall Islands,2011,sn,m,0-14,6,Smear Negative
Marshall Islands,2011,sn,m,15-24,2,Smear Negative
Marshall Islands,2011,sn,m,25-34,3,Smear Negative
Marshall Islands,2011,sn,m,35-44,2,Smear Negative
Marshall Islands,2011,sn,m,45-54,1,Smear Negative
Marshall Islands,2011,sn,m,55-64,2,Smear Negative
Marshall Islands,2011,sn,m,65+,3,Smear Negative
Marshall Islands,2011,sn,f,0-14,4,Smear Negative
Marshall Islands,2011,sn,f,15-24,0,Smear Negative
Marshall Islands,2011,sn,f,25-34,1,Smear Negative
Marshall Islands,2011,sn,f,35-44,2,Smear Negative
Marshall Islands,2011,sn,f,45-54,4,Smear Negative
Marshall Islands,2011,sn,f,55-64,0,Smear Negative
Marshall Islands,2011,sn,f,65+,0,Smear Negative
Marshall Islands,2011,ep,m,0-14,14,Extrapulmonary
Marshall Islands,2011,ep,m,15-24,4,Extrapulmonary
Marshall Islands,2011,ep,m,25-34,5,Extrapulmonary
Marshall Islands,2011,ep,m,35-44,1,Extrapulmonary
Marshall Islands,2011,ep,m,45-54,3,Extrapulmonary
Marshall Islands,2011,ep,m,55-64,0,Extrapulmonary
Marshall Islands,2011,ep,m,65+,0,Extrapulmonary
Marshall Islands,2011,ep,f,0-14,15,Extrapulmonary
Marshall Islands,2011,ep,f,15-24,6,Extrapulmonary
Marshall Islands,2011,ep,f,25-34,4,Extrapulmonary
Marshall Islands,2011,ep,f,35-44,3,Extrapulmonary
Marshall Islands,2011,ep,f,45-54,2,Extrapulmonary
Marshall Islands,2011,ep,f,55-64,0,Extrapulmonary
Marshall Islands,2011,ep,f,65+,0,Extrapulmonary
Marshall Islands,2012,sp,m,0-14,0,Smear Positive
Marshall Islands,2012,sp,m,15-24,3,Smear Positive
Marshall Islands,2012,sp,m,25-34,8,Smear Positive
Marshall Islands,2012,sp,m,35-44,6,Smear Positive
Marshall Islands,2012,sp,m,45-54,9,Smear Positive
Marshall Islands,2012,sp,m,55-64,2,Smear Positive
Marshall Islands,2012,sp,m,65+,2,Smear Positive
Marshall Islands,2012,sp,f,0-14,0,Smear Positive
Marshall Islands,2012,sp,f,15-24,5,Smear Positive
Marshall Islands,2012,sp,f,25-34,7,Smear Positive
Marshall Islands,2012,sp,f,35-44,2,Smear Positive
Marshall Islands,2012,sp,f,45-54,5,Smear Positive
Marshall Islands,2012,sp,f,55-64,3,Smear Positive
Marshall Islands,2012,sp,f,65+,2,Smear Positive
Marshall Islands,2012,sn,m,0-14,8,Smear Negative
Marshall Islands,2012,sn,m,15-24,7,Smear Negative
Marshall Islands,2012,sn,m,25-34,2,Smear Negative
Marshall Islands,2012,sn,m,35-44,2,Smear Negative
Marshall Islands,2012,sn,m,45-54,2,Smear Negative
Marshall Islands,2012,sn,m,55-64,1,Smear Negative
Marshall Islands,2012,sn,m,65+,1,Smear Negative
Marshall Islands,2012,sn,f,0-14,11,Smear Negative
Marshall Islands,2012,sn,f,15-24,5,Smear Negative
Marshall Islands,2012,sn,f,25-34,4,Smear Negative
Marshall Islands,2012,sn,f,35-44,3,Smear Negative
Marshall Islands,2012,sn,f,45-54,3,Smear Negative
Marshall Islands,2012,sn,f,55-64,2,Smear Negative
Marshall Islands,2012,sn,f,65+,2,Smear Negative
Marshall Islands,2012,ep,m,0-14,7,Extrapulmonary
Marshall Islands,2012,ep,m,15-24,4,Extrapulmonary
Marshall Islands,2012,ep,m,25-34,2,Extrapulmonary
Marshall Islands,2012,ep,m,35-44,2,Extrapulmonary
Marshall Islands,2012,ep,m,45-54,1,Extrapulmonary
Marshall Islands,2012,ep,m,55-64,1,Extrapulmonary
Marshall Islands,2012,ep,m,65+,1,Extrapulmonary
Marshall Islands,2012,ep,f,0-14,8,Extrapulmonary
Marshall Islands,2012,ep,f,15-24,1,Extrapulmonary
Marshall Islands,2012,ep,f,25-34,1,Extrapulmonary
Marshall Islands,2012,ep,f,35-44,0,Extrapulmonary
Marshall Islands,2012,ep,f,45-54,1,Extrapulmonary
Marshall Islands,2012,ep,f,55-64,0,Extrapulmonary
Marshall Islands,2012,ep,f,65+,0,Extrapulmonary
Marshall Islands,2013,rel,m,0-14,16,Relapse
Marshall Islands,2013,rel,m,15-24,6,Relapse
Marshall Islands,2013,rel,m,25-34,15,Relapse
Marshall Islands,2013,rel,m,35-44,10,Relapse
Marshall Islands,2013,rel,m,45-54,12,Relapse
Marshall Islands,2013,rel,m,55-64,16,Relapse
Marshall Islands,2013,rel,m,65+,1,Relapse
Marshall Islands,2013,rel,f,0-14,14,Relapse
Marshall Islands,2013,rel,f,15-24,12,Relapse
Marshall Islands,2013,rel,f,25-34,17,Relapse
Marshall Islands,2013,rel,f,35-44,8,Relapse
Marshall Islands,2013,rel,f,45-54,12,Relapse
Marshall Islands,2013,rel,f,55-64,5,Relapse
Marshall Islands,2013,rel,f,65+,2,Relapse
Mauritania,1997,sp,m,0-14,188,Smear Positive
Mauritania,1997,sp,m,15-24,165,Smear Positive
Mauritania,1997,sp,m,25-34,321,Smear Positive
Mauritania,1997,sp,m,35-44,341,Smear Positive
Mauritania,1997,sp,m,45-54,613,Smear Positive
Mauritania,1997,sp,m,55-64,232,Smear Positive
Mauritania,1997,sp,m,65+,185,Smear Positive
Mauritania,1997,sp,f,0-14,125,Smear Positive
Mauritania,1997,sp,f,15-24,131,Smear Positive
Mauritania,1997,sp,f,25-34,319,Smear Positive
Mauritania,1997,sp,f,35-44,230,Smear Positive
Mauritania,1997,sp,f,45-54,484,Smear Positive
Mauritania,1997,sp,f,55-64,384,Smear Positive
Mauritania,1997,sp,f,65+,70,Smear Positive
Mauritania,1999,sp,m,0-14,15,Smear Positive
Mauritania,1999,sp,m,15-24,290,Smear Positive
Mauritania,1999,sp,m,25-34,450,Smear Positive
Mauritania,1999,sp,m,35-44,262,Smear Positive
Mauritania,1999,sp,m,45-54,177,Smear Positive
Mauritania,1999,sp,m,55-64,113,Smear Positive
Mauritania,1999,sp,m,65+,92,Smear Positive
Mauritania,1999,sp,f,0-14,7,Smear Positive
Mauritania,1999,sp,f,15-24,157,Smear Positive
Mauritania,1999,sp,f,25-34,97,Smear Positive
Mauritania,1999,sp,f,35-44,110,Smear Positive
Mauritania,1999,sp,f,45-54,76,Smear Positive
Mauritania,1999,sp,f,55-64,43,Smear Positive
Mauritania,1999,sp,f,65+,20,Smear Positive
Mauritania,2004,sp,m,0-14,15,Smear Positive
Mauritania,2004,sp,m,15-24,204,Smear Positive
Mauritania,2004,sp,m,25-34,343,Smear Positive
Mauritania,2004,sp,m,35-44,235,Smear Positive
Mauritania,2004,sp,m,45-54,154,Smear Positive
Mauritania,2004,sp,m,55-64,129,Smear Positive
Mauritania,2004,sp,m,65+,108,Smear Positive
Mauritania,2004,sp,f,0-14,14,Smear Positive
Mauritania,2004,sp,f,15-24,102,Smear Positive
Mauritania,2004,sp,f,25-34,114,Smear Positive
Mauritania,2004,sp,f,35-44,114,Smear Positive
Mauritania,2004,sp,f,45-54,58,Smear Positive
Mauritania,2004,sp,f,55-64,44,Smear Positive
Mauritania,2004,sp,f,65+,28,Smear Positive
Mauritania,2006,sp,m,0-14,12,Smear Positive
Mauritania,2006,sp,m,15-24,197,Smear Positive
Mauritania,2006,sp,m,25-34,294,Smear Positive
Mauritania,2006,sp,m,35-44,203,Smear Positive
Mauritania,2006,sp,m,45-54,150,Smear Positive
Mauritania,2006,sp,m,55-64,106,Smear Positive
Mauritania,2006,sp,m,65+,96,Smear Positive
Mauritania,2006,sp,f,0-14,16,Smear Positive
Mauritania,2006,sp,f,15-24,109,Smear Positive
Mauritania,2006,sp,f,25-34,114,Smear Positive
Mauritania,2006,sp,f,35-44,86,Smear Positive
Mauritania,2006,sp,f,45-54,49,Smear Positive
Mauritania,2006,sp,f,55-64,29,Smear Positive
Mauritania,2006,sp,f,65+,25,Smear Positive
Mauritania,2007,sp,m,0-14,14,Smear Positive
Mauritania,2007,sp,m,15-24,206,Smear Positive
Mauritania,2007,sp,m,25-34,355,Smear Positive
Mauritania,2007,sp,m,35-44,261,Smear Positive
Mauritania,2007,sp,m,45-54,144,Smear Positive
Mauritania,2007,sp,m,55-64,139,Smear Positive
Mauritania,2007,sp,m,65+,83,Smear Positive
Mauritania,2007,sp,f,0-14,21,Smear Positive
Mauritania,2007,sp,f,15-24,103,Smear Positive
Mauritania,2007,sp,f,25-34,152,Smear Positive
Mauritania,2007,sp,f,35-44,92,Smear Positive
Mauritania,2007,sp,f,45-54,64,Smear Positive
Mauritania,2007,sp,f,55-64,38,Smear Positive
Mauritania,2007,sp,f,65+,42,Smear Positive
Mauritania,2007,sn,m,0-14,4,Smear Negative
Mauritania,2007,sn,m,15-24,59,Smear Negative
Mauritania,2007,sn,m,25-34,103,Smear Negative
Mauritania,2007,sn,m,35-44,75,Smear Negative
Mauritania,2007,sn,m,45-54,41,Smear Negative
Mauritania,2007,sn,m,55-64,40,Smear Negative
Mauritania,2007,sn,m,65+,24,Smear Negative
Mauritania,2007,sn,f,0-14,6,Smear Negative
Mauritania,2007,sn,f,15-24,30,Smear Negative
Mauritania,2007,sn,f,25-34,44,Smear Negative
Mauritania,2007,sn,f,35-44,26,Smear Negative
Mauritania,2007,sn,f,45-54,18,Smear Negative
Mauritania,2007,sn,f,55-64,11,Smear Negative
Mauritania,2007,sn,f,65+,13,Smear Negative
Mauritania,2007,ep,m,0-14,5,Extrapulmonary
Mauritania,2007,ep,m,15-24,72,Extrapulmonary
Mauritania,2007,ep,m,25-34,126,Extrapulmonary
Mauritania,2007,ep,m,35-44,92,Extrapulmonary
Mauritania,2007,ep,m,45-54,51,Extrapulmonary
Mauritania,2007,ep,m,55-64,49,Extrapulmonary
Mauritania,2007,ep,m,65+,29,Extrapulmonary
Mauritania,2007,ep,f,0-14,7,Extrapulmonary
Mauritania,2007,ep,f,15-24,36,Extrapulmonary
Mauritania,2007,ep,f,25-34,54,Extrapulmonary
Mauritania,2007,ep,f,35-44,32,Extrapulmonary
Mauritania,2007,ep,f,45-54,23,Extrapulmonary
Mauritania,2007,ep,f,55-64,13,Extrapulmonary
Mauritania,2007,ep,f,65+,14,Extrapulmonary
Mauritania,2008,sp,m,0-14,10,Smear Positive
Mauritania,2008,sp,m,15-24,199,Smear Positive
Mauritania,2008,sp,m,25-34,292,Smear Positive
Mauritania,2008,sp,m,35-44,249,Smear Positive
Mauritania,2008,sp,m,45-54,172,Smear Positive
Mauritania,2008,sp,m,55-64,107,Smear Positive
Mauritania,2008,sp,m,65+,90,Smear Positive
Mauritania,2008,sp,f,0-14,16,Smear Positive
Mauritania,2008,sp,f,15-24,127,Smear Positive
Mauritania,2008,sp,f,25-34,111,Smear Positive
Mauritania,2008,sp,f,35-44,97,Smear Positive
Mauritania,2008,sp,f,45-54,44,Smear Positive
Mauritania,2008,sp,f,55-64,51,Smear Positive
Mauritania,2008,sp,f,65+,40,Smear Positive
Mauritania,2009,sp,m,0-14,25,Smear Positive
Mauritania,2009,sp,m,15-24,217,Smear Positive
Mauritania,2009,sp,m,25-34,328,Smear Positive
Mauritania,2009,sp,m,35-44,198,Smear Positive
Mauritania,2009,sp,m,45-54,150,Smear Positive
Mauritania,2009,sp,m,55-64,116,Smear Positive
Mauritania,2009,sp,m,65+,85,Smear Positive
Mauritania,2009,sp,f,0-14,24,Smear Positive
Mauritania,2009,sp,f,15-24,111,Smear Positive
Mauritania,2009,sp,f,25-34,127,Smear Positive
Mauritania,2009,sp,f,35-44,76,Smear Positive
Mauritania,2009,sp,f,45-54,49,Smear Positive
Mauritania,2009,sp,f,55-64,27,Smear Positive
Mauritania,2009,sp,f,65+,22,Smear Positive
Mauritania,2010,sp,m,0-14,17,Smear Positive
Mauritania,2010,sp,m,15-24,192,Smear Positive
Mauritania,2010,sp,m,25-34,295,Smear Positive
Mauritania,2010,sp,m,35-44,206,Smear Positive
Mauritania,2010,sp,m,45-54,137,Smear Positive
Mauritania,2010,sp,m,55-64,99,Smear Positive
Mauritania,2010,sp,m,65+,76,Smear Positive
Mauritania,2010,sp,f,0-14,14,Smear Positive
Mauritania,2010,sp,f,15-24,90,Smear Positive
Mauritania,2010,sp,f,25-34,104,Smear Positive
Mauritania,2010,sp,f,35-44,82,Smear Positive
Mauritania,2010,sp,f,45-54,52,Smear Positive
Mauritania,2010,sp,f,55-64,29,Smear Positive
Mauritania,2010,sp,f,65+,29,Smear Positive
Mauritania,2011,sp,m,0-14,36,Smear Positive
Mauritania,2011,sp,m,15-24,165,Smear Positive
Mauritania,2011,sp,m,25-34,185,Smear Positive
Mauritania,2011,sp,m,35-44,131,Smear Positive
Mauritania,2011,sp,m,45-54,106,Smear Positive
Mauritania,2011,sp,m,55-64,58,Smear Positive
Mauritania,2011,sp,m,65+,55,Smear Positive
Mauritania,2011,sp,f,0-14,28,Smear Positive
Mauritania,2011,sp,f,15-24,68,Smear Positive
Mauritania,2011,sp,f,25-34,72,Smear Positive
Mauritania,2011,sp,f,35-44,47,Smear Positive
Mauritania,2011,sp,f,45-54,36,Smear Positive
Mauritania,2011,sp,f,55-64,19,Smear Positive
Mauritania,2011,sp,f,65+,20,Smear Positive
Mauritania,2012,sp,m,0-14,22,Smear Positive
Mauritania,2012,sp,m,15-24,204,Smear Positive
Mauritania,2012,sp,m,25-34,302,Smear Positive
Mauritania,2012,sp,m,35-44,195,Smear Positive
Mauritania,2012,sp,m,45-54,139,Smear Positive
Mauritania,2012,sp,m,55-64,114,Smear Positive
Mauritania,2012,sp,m,65+,114,Smear Positive
Mauritania,2012,sp,f,0-14,25,Smear Positive
Mauritania,2012,sp,f,15-24,112,Smear Positive
Mauritania,2012,sp,f,25-34,81,Smear Positive
Mauritania,2012,sp,f,35-44,88,Smear Positive
Mauritania,2012,sp,f,45-54,73,Smear Positive
Mauritania,2012,sp,f,55-64,46,Smear Positive
Mauritania,2012,sp,f,65+,28,Smear Positive
Mauritania,2012,sn,m,0-14,13,Smear Negative
Mauritania,2012,sn,m,15-24,21,Smear Negative
Mauritania,2012,sn,m,25-34,31,Smear Negative
Mauritania,2012,sn,m,35-44,19,Smear Negative
Mauritania,2012,sn,m,45-54,24,Smear Negative
Mauritania,2012,sn,m,55-64,31,Smear Negative
Mauritania,2012,sn,m,65+,25,Smear Negative
Mauritania,2012,sn,f,0-14,2,Smear Negative
Mauritania,2012,sn,f,15-24,7,Smear Negative
Mauritania,2012,sn,f,25-34,17,Smear Negative
Mauritania,2012,sn,f,35-44,17,Smear Negative
Mauritania,2012,sn,f,45-54,7,Smear Negative
Mauritania,2012,sn,f,55-64,9,Smear Negative
Mauritania,2012,sn,f,65+,5,Smear Negative
Mauritania,2012,ep,m,0-14,11,Extrapulmonary
Mauritania,2012,ep,m,15-24,33,Extrapulmonary
Mauritania,2012,ep,m,25-34,42,Extrapulmonary
Mauritania,2012,ep,m,35-44,47,Extrapulmonary
Mauritania,2012,ep,m,45-54,35,Extrapulmonary
Mauritania,2012,ep,m,55-64,22,Extrapulmonary
Mauritania,2012,ep,m,65+,32,Extrapulmonary
Mauritania,2012,ep,f,0-14,12,Extrapulmonary
Mauritania,2012,ep,f,15-24,22,Extrapulmonary
Mauritania,2012,ep,f,25-34,22,Extrapulmonary
Mauritania,2012,ep,f,35-44,27,Extrapulmonary
Mauritania,2012,ep,f,45-54,5,Extrapulmonary
Mauritania,2012,ep,f,55-64,15,Extrapulmonary
Mauritania,2012,ep,f,65+,14,Extrapulmonary
Mauritania,2013,rel,m,0-14,28,Relapse
Mauritania,2013,rel,m,15-24,293,Relapse
Mauritania,2013,rel,m,25-34,426,Relapse
Mauritania,2013,rel,m,35-44,294,Relapse
Mauritania,2013,rel,m,45-54,230,Relapse
Mauritania,2013,rel,m,55-64,170,Relapse
Mauritania,2013,rel,m,65+,169,Relapse
Mauritania,2013,rel,f,0-14,37,Relapse
Mauritania,2013,rel,f,15-24,170,Relapse
Mauritania,2013,rel,f,25-34,153,Relapse
Mauritania,2013,rel,f,35-44,137,Relapse
Mauritania,2013,rel,f,45-54,105,Relapse
Mauritania,2013,rel,f,55-64,83,Relapse
Mauritania,2013,rel,f,65+,69,Relapse
Mauritius,1995,sp,m,0-14,2,Smear Positive
Mauritius,1995,sp,m,15-24,17,Smear Positive
Mauritius,1995,sp,m,25-34,13,Smear Positive
Mauritius,1995,sp,m,35-44,22,Smear Positive
Mauritius,1995,sp,m,45-54,27,Smear Positive
Mauritius,1995,sp,m,55-64,13,Smear Positive
Mauritius,1995,sp,m,65+,8,Smear Positive
Mauritius,1995,sp,f,0-14,2,Smear Positive
Mauritius,1995,sp,f,15-24,4,Smear Positive
Mauritius,1995,sp,f,25-34,12,Smear Positive
Mauritius,1995,sp,f,35-44,10,Smear Positive
Mauritius,1995,sp,f,45-54,8,Smear Positive
Mauritius,1995,sp,f,55-64,4,Smear Positive
Mauritius,1995,sp,f,65+,4,Smear Positive
Mauritius,1998,sp,m,0-14,1,Smear Positive
Mauritius,1998,sp,m,15-24,12,Smear Positive
Mauritius,1998,sp,m,25-34,10,Smear Positive
Mauritius,1998,sp,m,35-44,21,Smear Positive
Mauritius,1998,sp,m,45-54,19,Smear Positive
Mauritius,1998,sp,m,55-64,10,Smear Positive
Mauritius,1998,sp,m,65+,19,Smear Positive
Mauritius,1998,sp,f,0-14,0,Smear Positive
Mauritius,1998,sp,f,15-24,9,Smear Positive
Mauritius,1998,sp,f,25-34,5,Smear Positive
Mauritius,1998,sp,f,35-44,4,Smear Positive
Mauritius,1998,sp,f,45-54,3,Smear Positive
Mauritius,1998,sp,f,55-64,3,Smear Positive
Mauritius,1998,sp,f,65+,6,Smear Positive
Mauritius,1999,sp,m,0-14,0,Smear Positive
Mauritius,1999,sp,m,15-24,7,Smear Positive
Mauritius,1999,sp,m,25-34,20,Smear Positive
Mauritius,1999,sp,m,35-44,15,Smear Positive
Mauritius,1999,sp,m,45-54,13,Smear Positive
Mauritius,1999,sp,m,55-64,12,Smear Positive
Mauritius,1999,sp,m,65+,12,Smear Positive
Mauritius,1999,sp,f,0-14,0,Smear Positive
Mauritius,1999,sp,f,15-24,13,Smear Positive
Mauritius,1999,sp,f,25-34,7,Smear Positive
Mauritius,1999,sp,f,35-44,7,Smear Positive
Mauritius,1999,sp,f,45-54,8,Smear Positive
Mauritius,1999,sp,f,55-64,2,Smear Positive
Mauritius,1999,sp,f,65+,3,Smear Positive
Mauritius,2000,sp,m,0-14,2,Smear Positive
Mauritius,2000,sp,m,15-24,6,Smear Positive
Mauritius,2000,sp,m,25-34,9,Smear Positive
Mauritius,2000,sp,m,35-44,18,Smear Positive
Mauritius,2000,sp,m,45-54,19,Smear Positive
Mauritius,2000,sp,m,55-64,14,Smear Positive
Mauritius,2000,sp,m,65+,8,Smear Positive
Mauritius,2000,sp,f,0-14,1,Smear Positive
Mauritius,2000,sp,f,15-24,5,Smear Positive
Mauritius,2000,sp,f,25-34,8,Smear Positive
Mauritius,2000,sp,f,35-44,8,Smear Positive
Mauritius,2000,sp,f,45-54,6,Smear Positive
Mauritius,2000,sp,f,55-64,7,Smear Positive
Mauritius,2000,sp,f,65+,4,Smear Positive
Mauritius,2002,sp,m,0-14,1,Smear Positive
Mauritius,2002,sp,m,15-24,12,Smear Positive
Mauritius,2002,sp,m,25-34,6,Smear Positive
Mauritius,2002,sp,m,35-44,21,Smear Positive
Mauritius,2002,sp,m,45-54,12,Smear Positive
Mauritius,2002,sp,m,55-64,7,Smear Positive
Mauritius,2002,sp,m,65+,4,Smear Positive
Mauritius,2002,sp,f,0-14,1,Smear Positive
Mauritius,2002,sp,f,15-24,3,Smear Positive
Mauritius,2002,sp,f,25-34,8,Smear Positive
Mauritius,2002,sp,f,35-44,7,Smear Positive
Mauritius,2002,sp,f,45-54,1,Smear Positive
Mauritius,2002,sp,f,55-64,2,Smear Positive
Mauritius,2002,sp,f,65+,1,Smear Positive
Mauritius,2003,sp,m,0-14,0,Smear Positive
Mauritius,2003,sp,m,15-24,9,Smear Positive
Mauritius,2003,sp,m,25-34,12,Smear Positive
Mauritius,2003,sp,m,35-44,10,Smear Positive
Mauritius,2003,sp,m,45-54,17,Smear Positive
Mauritius,2003,sp,m,55-64,11,Smear Positive
Mauritius,2003,sp,m,65+,9,Smear Positive
Mauritius,2003,sp,f,0-14,1,Smear Positive
Mauritius,2003,sp,f,15-24,6,Smear Positive
Mauritius,2003,sp,f,25-34,8,Smear Positive
Mauritius,2003,sp,f,35-44,4,Smear Positive
Mauritius,2003,sp,f,45-54,4,Smear Positive
Mauritius,2003,sp,f,55-64,3,Smear Positive
Mauritius,2003,sp,f,65+,5,Smear Positive
Mauritius,2004,sp,m,0-14,1,Smear Positive
Mauritius,2004,sp,m,15-24,13,Smear Positive
Mauritius,2004,sp,m,25-34,13,Smear Positive
Mauritius,2004,sp,m,35-44,24,Smear Positive
Mauritius,2004,sp,m,45-54,20,Smear Positive
Mauritius,2004,sp,m,55-64,4,Smear Positive
Mauritius,2004,sp,m,65+,5,Smear Positive
Mauritius,2004,sp,f,0-14,0,Smear Positive
Mauritius,2004,sp,f,15-24,6,Smear Positive
Mauritius,2004,sp,f,25-34,8,Smear Positive
Mauritius,2004,sp,f,35-44,10,Smear Positive
Mauritius,2004,sp,f,45-54,4,Smear Positive
Mauritius,2004,sp,f,55-64,4,Smear Positive
Mauritius,2004,sp,f,65+,5,Smear Positive
Mauritius,2005,sp,m,15-24,10,Smear Positive
Mauritius,2005,sp,m,25-34,15,Smear Positive
Mauritius,2005,sp,m,35-44,21,Smear Positive
Mauritius,2005,sp,m,45-54,20,Smear Positive
Mauritius,2005,sp,m,55-64,10,Smear Positive
Mauritius,2005,sp,m,65+,6,Smear Positive
Mauritius,2005,sp,f,15-24,4,Smear Positive
Mauritius,2005,sp,f,25-34,5,Smear Positive
Mauritius,2005,sp,f,35-44,5,Smear Positive
Mauritius,2005,sp,f,45-54,11,Smear Positive
Mauritius,2005,sp,f,55-64,2,Smear Positive
Mauritius,2005,sp,f,65+,1,Smear Positive
Mauritius,2006,sp,m,0-14,0,Smear Positive
Mauritius,2006,sp,m,15-24,4,Smear Positive
Mauritius,2006,sp,m,25-34,9,Smear Positive
Mauritius,2006,sp,m,35-44,22,Smear Positive
Mauritius,2006,sp,m,45-54,10,Smear Positive
Mauritius,2006,sp,m,55-64,12,Smear Positive
Mauritius,2006,sp,m,65+,6,Smear Positive
Mauritius,2006,sp,f,0-14,1,Smear Positive
Mauritius,2006,sp,f,15-24,3,Smear Positive
Mauritius,2006,sp,f,25-34,7,Smear Positive
Mauritius,2006,sp,f,35-44,3,Smear Positive
Mauritius,2006,sp,f,45-54,4,Smear Positive
Mauritius,2006,sp,f,55-64,1,Smear Positive
Mauritius,2006,sp,f,65+,3,Smear Positive
Mauritius,2006,sn,m,0-14,0,Smear Negative
Mauritius,2006,sn,m,15-24,1,Smear Negative
Mauritius,2006,sn,m,25-34,2,Smear Negative
Mauritius,2006,sn,m,35-44,0,Smear Negative
Mauritius,2006,sn,m,45-54,2,Smear Negative
Mauritius,2006,sn,m,55-64,0,Smear Negative
Mauritius,2006,sn,m,65+,1,Smear Negative
Mauritius,2006,sn,f,0-14,0,Smear Negative
Mauritius,2006,sn,f,15-24,1,Smear Negative
Mauritius,2006,sn,f,25-34,0,Smear Negative
Mauritius,2006,sn,f,35-44,3,Smear Negative
Mauritius,2006,sn,f,45-54,1,Smear Negative
Mauritius,2006,sn,f,55-64,0,Smear Negative
Mauritius,2006,sn,f,65+,0,Smear Negative
Mauritius,2006,ep,m,0-14,1,Extrapulmonary
Mauritius,2006,ep,m,15-24,0,Extrapulmonary
Mauritius,2006,ep,m,25-34,3,Extrapulmonary
Mauritius,2006,ep,m,35-44,0,Extrapulmonary
Mauritius,2006,ep,m,45-54,2,Extrapulmonary
Mauritius,2006,ep,m,55-64,0,Extrapulmonary
Mauritius,2006,ep,m,65+,0,Extrapulmonary
Mauritius,2006,ep,f,0-14,1,Extrapulmonary
Mauritius,2006,ep,f,15-24,1,Extrapulmonary
Mauritius,2006,ep,f,25-34,2,Extrapulmonary
Mauritius,2006,ep,f,35-44,1,Extrapulmonary
Mauritius,2006,ep,f,45-54,1,Extrapulmonary
Mauritius,2006,ep,f,55-64,1,Extrapulmonary
Mauritius,2006,ep,f,65+,2,Extrapulmonary
Mauritius,2007,sp,m,0-14,0,Smear Positive
Mauritius,2007,sp,m,15-24,9,Smear Positive
Mauritius,2007,sp,m,25-34,9,Smear Positive
Mauritius,2007,sp,m,35-44,12,Smear Positive
Mauritius,2007,sp,m,45-54,15,Smear Positive
Mauritius,2007,sp,m,55-64,9,Smear Positive
Mauritius,2007,sp,m,65+,6,Smear Positive
Mauritius,2007,sp,f,0-14,0,Smear Positive
Mauritius,2007,sp,f,15-24,4,Smear Positive
Mauritius,2007,sp,f,25-34,7,Smear Positive
Mauritius,2007,sp,f,35-44,3,Smear Positive
Mauritius,2007,sp,f,45-54,5,Smear Positive
Mauritius,2007,sp,f,55-64,4,Smear Positive
Mauritius,2007,sp,f,65+,3,Smear Positive
Mauritius,2007,sn,m,0-14,0,Smear Negative
Mauritius,2007,sn,m,15-24,2,Smear Negative
Mauritius,2007,sn,m,25-34,3,Smear Negative
Mauritius,2007,sn,m,35-44,1,Smear Negative
Mauritius,2007,sn,m,45-54,1,Smear Negative
Mauritius,2007,sn,m,55-64,0,Smear Negative
Mauritius,2007,sn,m,65+,1,Smear Negative
Mauritius,2007,sn,f,0-14,0,Smear Negative
Mauritius,2007,sn,f,15-24,0,Smear Negative
Mauritius,2007,sn,f,25-34,1,Smear Negative
Mauritius,2007,sn,f,35-44,2,Smear Negative
Mauritius,2007,sn,f,45-54,1,Smear Negative
Mauritius,2007,sn,f,55-64,0,Smear Negative
Mauritius,2007,sn,f,65+,0,Smear Negative
Mauritius,2007,ep,m,0-14,0,Extrapulmonary
Mauritius,2007,ep,m,15-24,0,Extrapulmonary
Mauritius,2007,ep,m,25-34,0,Extrapulmonary
Mauritius,2007,ep,m,35-44,0,Extrapulmonary
Mauritius,2007,ep,m,45-54,1,Extrapulmonary
Mauritius,2007,ep,m,55-64,0,Extrapulmonary
Mauritius,2007,ep,m,65+,1,Extrapulmonary
Mauritius,2007,ep,f,0-14,0,Extrapulmonary
Mauritius,2007,ep,f,15-24,0,Extrapulmonary
Mauritius,2007,ep,f,25-34,1,Extrapulmonary
Mauritius,2007,ep,f,35-44,0,Extrapulmonary
Mauritius,2007,ep,f,45-54,0,Extrapulmonary
Mauritius,2007,ep,f,55-64,1,Extrapulmonary
Mauritius,2007,ep,f,65+,0,Extrapulmonary
Mauritius,2008,sp,m,0-14,0,Smear Positive
Mauritius,2008,sp,m,15-24,11,Smear Positive
Mauritius,2008,sp,m,25-34,15,Smear Positive
Mauritius,2008,sp,m,35-44,14,Smear Positive
Mauritius,2008,sp,m,45-54,15,Smear Positive
Mauritius,2008,sp,m,55-64,7,Smear Positive
Mauritius,2008,sp,m,65+,8,Smear Positive
Mauritius,2008,sp,f,0-14,0,Smear Positive
Mauritius,2008,sp,f,15-24,2,Smear Positive
Mauritius,2008,sp,f,25-34,3,Smear Positive
Mauritius,2008,sp,f,35-44,2,Smear Positive
Mauritius,2008,sp,f,45-54,5,Smear Positive
Mauritius,2008,sp,f,55-64,2,Smear Positive
Mauritius,2008,sp,f,65+,1,Smear Positive
Mauritius,2008,sn,m,0-14,0,Smear Negative
Mauritius,2008,sn,m,15-24,1,Smear Negative
Mauritius,2008,sn,m,25-34,1,Smear Negative
Mauritius,2008,sn,m,35-44,3,Smear Negative
Mauritius,2008,sn,m,45-54,3,Smear Negative
Mauritius,2008,sn,m,55-64,1,Smear Negative
Mauritius,2008,sn,m,65+,1,Smear Negative
Mauritius,2008,sn,f,0-14,0,Smear Negative
Mauritius,2008,sn,f,15-24,0,Smear Negative
Mauritius,2008,sn,f,25-34,1,Smear Negative
Mauritius,2008,sn,f,35-44,2,Smear Negative
Mauritius,2008,sn,f,45-54,0,Smear Negative
Mauritius,2008,sn,f,55-64,1,Smear Negative
Mauritius,2008,sn,f,65+,0,Smear Negative
Mauritius,2008,ep,m,0-14,0,Extrapulmonary
Mauritius,2008,ep,m,15-24,0,Extrapulmonary
Mauritius,2008,ep,m,25-34,0,Extrapulmonary
Mauritius,2008,ep,m,35-44,2,Extrapulmonary
Mauritius,2008,ep,m,45-54,0,Extrapulmonary
Mauritius,2008,ep,m,55-64,0,Extrapulmonary
Mauritius,2008,ep,m,65+,0,Extrapulmonary
Mauritius,2008,ep,f,0-14,0,Extrapulmonary
Mauritius,2008,ep,f,15-24,0,Extrapulmonary
Mauritius,2008,ep,f,25-34,1,Extrapulmonary
Mauritius,2008,ep,f,35-44,1,Extrapulmonary
Mauritius,2008,ep,f,45-54,0,Extrapulmonary
Mauritius,2008,ep,f,55-64,1,Extrapulmonary
Mauritius,2008,ep,f,65+,0,Extrapulmonary
Mauritius,2009,sp,m,0-14,0,Smear Positive
Mauritius,2009,sp,m,15-24,5,Smear Positive
Mauritius,2009,sp,m,25-34,7,Smear Positive
Mauritius,2009,sp,m,35-44,10,Smear Positive
Mauritius,2009,sp,m,45-54,19,Smear Positive
Mauritius,2009,sp,m,55-64,10,Smear Positive
Mauritius,2009,sp,m,65+,9,Smear Positive
Mauritius,2009,sp,f,0-14,0,Smear Positive
Mauritius,2009,sp,f,15-24,6,Smear Positive
Mauritius,2009,sp,f,25-34,10,Smear Positive
Mauritius,2009,sp,f,35-44,7,Smear Positive
Mauritius,2009,sp,f,45-54,5,Smear Positive
Mauritius,2009,sp,f,55-64,6,Smear Positive
Mauritius,2009,sp,f,65+,4,Smear Positive
Mauritius,2009,sn,m,0-14,0,Smear Negative
Mauritius,2009,sn,m,15-24,1,Smear Negative
Mauritius,2009,sn,m,25-34,1,Smear Negative
Mauritius,2009,sn,m,35-44,0,Smear Negative
Mauritius,2009,sn,m,45-54,1,Smear Negative
Mauritius,2009,sn,m,55-64,0,Smear Negative
Mauritius,2009,sn,m,65+,1,Smear Negative
Mauritius,2009,sn,f,0-14,0,Smear Negative
Mauritius,2009,sn,f,15-24,2,Smear Negative
Mauritius,2009,sn,f,25-34,0,Smear Negative
Mauritius,2009,sn,f,35-44,0,Smear Negative
Mauritius,2009,sn,f,45-54,1,Smear Negative
Mauritius,2009,sn,f,55-64,0,Smear Negative
Mauritius,2009,sn,f,65+,0,Smear Negative
Mauritius,2009,ep,m,0-14,1,Extrapulmonary
Mauritius,2009,ep,m,15-24,0,Extrapulmonary
Mauritius,2009,ep,m,25-34,0,Extrapulmonary
Mauritius,2009,ep,m,35-44,1,Extrapulmonary
Mauritius,2009,ep,m,45-54,1,Extrapulmonary
Mauritius,2009,ep,m,55-64,1,Extrapulmonary
Mauritius,2009,ep,m,65+,0,Extrapulmonary
Mauritius,2009,ep,f,0-14,0,Extrapulmonary
Mauritius,2009,ep,f,15-24,1,Extrapulmonary
Mauritius,2009,ep,f,25-34,0,Extrapulmonary
Mauritius,2009,ep,f,35-44,1,Extrapulmonary
Mauritius,2009,ep,f,45-54,0,Extrapulmonary
Mauritius,2009,ep,f,55-64,0,Extrapulmonary
Mauritius,2009,ep,f,65+,0,Extrapulmonary
Mauritius,2010,sp,m,0-14,0,Smear Positive
Mauritius,2010,sp,m,15-24,9,Smear Positive
Mauritius,2010,sp,m,25-34,9,Smear Positive
Mauritius,2010,sp,m,35-44,13,Smear Positive
Mauritius,2010,sp,m,45-54,23,Smear Positive
Mauritius,2010,sp,m,55-64,15,Smear Positive
Mauritius,2010,sp,m,65+,7,Smear Positive
Mauritius,2010,sp,f,0-14,0,Smear Positive
Mauritius,2010,sp,f,15-24,7,Smear Positive
Mauritius,2010,sp,f,25-34,9,Smear Positive
Mauritius,2010,sp,f,35-44,4,Smear Positive
Mauritius,2010,sp,f,45-54,4,Smear Positive
Mauritius,2010,sp,f,55-64,3,Smear Positive
Mauritius,2010,sp,f,65+,2,Smear Positive
Mauritius,2010,sn,m,0-14,0,Smear Negative
Mauritius,2010,sn,m,15-24,0,Smear Negative
Mauritius,2010,sn,m,25-34,0,Smear Negative
Mauritius,2010,sn,m,35-44,0,Smear Negative
Mauritius,2010,sn,m,45-54,2,Smear Negative
Mauritius,2010,sn,m,55-64,0,Smear Negative
Mauritius,2010,sn,m,65+,1,Smear Negative
Mauritius,2010,sn,f,0-14,0,Smear Negative
Mauritius,2010,sn,f,15-24,0,Smear Negative
Mauritius,2010,sn,f,25-34,0,Smear Negative
Mauritius,2010,sn,f,35-44,1,Smear Negative
Mauritius,2010,sn,f,45-54,0,Smear Negative
Mauritius,2010,sn,f,55-64,1,Smear Negative
Mauritius,2010,sn,f,65+,0,Smear Negative
Mauritius,2010,ep,m,0-14,0,Extrapulmonary
Mauritius,2010,ep,m,15-24,0,Extrapulmonary
Mauritius,2010,ep,m,25-34,1,Extrapulmonary
Mauritius,2010,ep,m,35-44,0,Extrapulmonary
Mauritius,2010,ep,m,45-54,0,Extrapulmonary
Mauritius,2010,ep,m,55-64,1,Extrapulmonary
Mauritius,2010,ep,m,65+,0,Extrapulmonary
Mauritius,2010,ep,f,0-14,0,Extrapulmonary
Mauritius,2010,ep,f,15-24,1,Extrapulmonary
Mauritius,2010,ep,f,25-34,1,Extrapulmonary
Mauritius,2010,ep,f,35-44,1,Extrapulmonary
Mauritius,2010,ep,f,45-54,1,Extrapulmonary
Mauritius,2010,ep,f,55-64,0,Extrapulmonary
Mauritius,2010,ep,f,65+,0,Extrapulmonary
Mauritius,2011,sp,m,0-14,0,Smear Positive
Mauritius,2011,sp,m,15-24,10,Smear Positive
Mauritius,2011,sp,m,25-34,13,Smear Positive
Mauritius,2011,sp,m,35-44,9,Smear Positive
Mauritius,2011,sp,m,45-54,17,Smear Positive
Mauritius,2011,sp,m,55-64,10,Smear Positive
Mauritius,2011,sp,m,65+,8,Smear Positive
Mauritius,2011,sp,f,0-14,0,Smear Positive
Mauritius,2011,sp,f,15-24,7,Smear Positive
Mauritius,2011,sp,f,25-34,12,Smear Positive
Mauritius,2011,sp,f,35-44,2,Smear Positive
Mauritius,2011,sp,f,45-54,3,Smear Positive
Mauritius,2011,sp,f,55-64,6,Smear Positive
Mauritius,2011,sp,f,65+,3,Smear Positive
Mauritius,2011,sn,m,0-14,0,Smear Negative
Mauritius,2011,sn,m,15-24,1,Smear Negative
Mauritius,2011,sn,m,25-34,1,Smear Negative
Mauritius,2011,sn,m,35-44,0,Smear Negative
Mauritius,2011,sn,m,45-54,0,Smear Negative
Mauritius,2011,sn,m,55-64,1,Smear Negative
Mauritius,2011,sn,m,65+,0,Smear Negative
Mauritius,2011,sn,f,0-14,0,Smear Negative
Mauritius,2011,sn,f,15-24,0,Smear Negative
Mauritius,2011,sn,f,25-34,0,Smear Negative
Mauritius,2011,sn,f,35-44,0,Smear Negative
Mauritius,2011,sn,f,45-54,0,Smear Negative
Mauritius,2011,sn,f,55-64,0,Smear Negative
Mauritius,2011,sn,f,65+,0,Smear Negative
Mauritius,2011,ep,m,0-14,0,Extrapulmonary
Mauritius,2011,ep,m,15-24,0,Extrapulmonary
Mauritius,2011,ep,m,25-34,1,Extrapulmonary
Mauritius,2011,ep,m,35-44,2,Extrapulmonary
Mauritius,2011,ep,m,45-54,0,Extrapulmonary
Mauritius,2011,ep,m,55-64,0,Extrapulmonary
Mauritius,2011,ep,m,65+,0,Extrapulmonary
Mauritius,2011,ep,f,0-14,0,Extrapulmonary
Mauritius,2011,ep,f,15-24,0,Extrapulmonary
Mauritius,2011,ep,f,25-34,1,Extrapulmonary
Mauritius,2011,ep,f,35-44,2,Extrapulmonary
Mauritius,2011,ep,f,45-54,2,Extrapulmonary
Mauritius,2011,ep,f,55-64,0,Extrapulmonary
Mauritius,2011,ep,f,65+,0,Extrapulmonary
Mauritius,2012,sp,m,0-14,2,Smear Positive
Mauritius,2012,sp,m,15-24,11,Smear Positive
Mauritius,2012,sp,m,25-34,14,Smear Positive
Mauritius,2012,sp,m,35-44,16,Smear Positive
Mauritius,2012,sp,m,45-54,17,Smear Positive
Mauritius,2012,sp,m,55-64,11,Smear Positive
Mauritius,2012,sp,m,65+,7,Smear Positive
Mauritius,2012,sp,f,0-14,0,Smear Positive
Mauritius,2012,sp,f,15-24,11,Smear Positive
Mauritius,2012,sp,f,25-34,7,Smear Positive
Mauritius,2012,sp,f,35-44,8,Smear Positive
Mauritius,2012,sp,f,45-54,2,Smear Positive
Mauritius,2012,sp,f,55-64,8,Smear Positive
Mauritius,2012,sp,f,65+,4,Smear Positive
Mauritius,2012,sn,m,0-14,0,Smear Negative
Mauritius,2012,sn,m,15-24,0,Smear Negative
Mauritius,2012,sn,m,25-34,0,Smear Negative
Mauritius,2012,sn,m,35-44,0,Smear Negative
Mauritius,2012,sn,m,45-54,0,Smear Negative
Mauritius,2012,sn,m,55-64,0,Smear Negative
Mauritius,2012,sn,m,65+,2,Smear Negative
Mauritius,2012,sn,f,0-14,0,Smear Negative
Mauritius,2012,sn,f,15-24,0,Smear Negative
Mauritius,2012,sn,f,25-34,0,Smear Negative
Mauritius,2012,sn,f,35-44,1,Smear Negative
Mauritius,2012,sn,f,45-54,0,Smear Negative
Mauritius,2012,sn,f,55-64,0,Smear Negative
Mauritius,2012,sn,f,65+,0,Smear Negative
Mauritius,2012,ep,m,0-14,0,Extrapulmonary
Mauritius,2012,ep,m,15-24,0,Extrapulmonary
Mauritius,2012,ep,m,25-34,1,Extrapulmonary
Mauritius,2012,ep,m,35-44,0,Extrapulmonary
Mauritius,2012,ep,m,45-54,0,Extrapulmonary
Mauritius,2012,ep,m,55-64,0,Extrapulmonary
Mauritius,2012,ep,m,65+,1,Extrapulmonary
Mauritius,2012,ep,f,0-14,0,Extrapulmonary
Mauritius,2012,ep,f,15-24,1,Extrapulmonary
Mauritius,2012,ep,f,25-34,0,Extrapulmonary
Mauritius,2012,ep,f,35-44,0,Extrapulmonary
Mauritius,2012,ep,f,45-54,0,Extrapulmonary
Mauritius,2012,ep,f,55-64,1,Extrapulmonary
Mauritius,2012,ep,f,65+,1,Extrapulmonary
Mauritius,2013,rel,m,0-14,1,Relapse
Mauritius,2013,rel,m,15-24,10,Relapse
Mauritius,2013,rel,m,25-34,15,Relapse
Mauritius,2013,rel,m,35-44,20,Relapse
Mauritius,2013,rel,m,45-54,27,Relapse
Mauritius,2013,rel,m,55-64,8,Relapse
Mauritius,2013,rel,m,65+,9,Relapse
Mauritius,2013,rel,f,0-14,0,Relapse
Mauritius,2013,rel,f,15-24,10,Relapse
Mauritius,2013,rel,f,25-34,4,Relapse
Mauritius,2013,rel,f,35-44,8,Relapse
Mauritius,2013,rel,f,45-54,9,Relapse
Mauritius,2013,rel,f,55-64,3,Relapse
Mauritius,2013,rel,f,65+,6,Relapse
Mexico,1996,sp,m,0-14,198,Smear Positive
Mexico,1996,sp,m,15-24,936,Smear Positive
Mexico,1996,sp,m,25-34,1021,Smear Positive
Mexico,1996,sp,m,35-44,940,Smear Positive
Mexico,1996,sp,m,45-54,721,Smear Positive
Mexico,1996,sp,m,55-64,708,Smear Positive
Mexico,1996,sp,m,65+,469,Smear Positive
Mexico,1996,sp,f,0-14,243,Smear Positive
Mexico,1996,sp,f,15-24,685,Smear Positive
Mexico,1996,sp,f,25-34,681,Smear Positive
Mexico,1996,sp,f,35-44,627,Smear Positive
Mexico,1996,sp,f,45-54,482,Smear Positive
Mexico,1996,sp,f,55-64,472,Smear Positive
Mexico,1996,sp,f,65+,312,Smear Positive
Mexico,1998,sp,m,0-14,229,Smear Positive
Mexico,1998,sp,m,15-24,1031,Smear Positive
Mexico,1998,sp,m,25-34,1330,Smear Positive
Mexico,1998,sp,m,35-44,1200,Smear Positive
Mexico,1998,sp,m,45-54,1241,Smear Positive
Mexico,1998,sp,m,55-64,813,Smear Positive
Mexico,1998,sp,m,65+,892,Smear Positive
Mexico,1998,sp,f,0-14,268,Smear Positive
Mexico,1998,sp,f,15-24,856,Smear Positive
Mexico,1998,sp,f,25-34,829,Smear Positive
Mexico,1998,sp,f,35-44,874,Smear Positive
Mexico,1998,sp,f,45-54,742,Smear Positive
Mexico,1998,sp,f,55-64,583,Smear Positive
Mexico,1998,sp,f,65+,585,Smear Positive
Mexico,1999,sp,m,0-14,143,Smear Positive
Mexico,1999,sp,m,15-24,1013,Smear Positive
Mexico,1999,sp,m,25-34,1141,Smear Positive
Mexico,1999,sp,m,35-44,1093,Smear Positive
Mexico,1999,sp,m,45-54,1022,Smear Positive
Mexico,1999,sp,m,55-64,880,Smear Positive
Mexico,1999,sp,m,65+,1128,Smear Positive
Mexico,1999,sp,f,0-14,151,Smear Positive
Mexico,1999,sp,f,15-24,773,Smear Positive
Mexico,1999,sp,f,25-34,795,Smear Positive
Mexico,1999,sp,f,35-44,641,Smear Positive
Mexico,1999,sp,f,45-54,665,Smear Positive
Mexico,1999,sp,f,55-64,592,Smear Positive
Mexico,1999,sp,f,65+,710,Smear Positive
Mexico,2000,sp,m,0-14,214,Smear Positive
Mexico,2000,sp,m,15-24,1079,Smear Positive
Mexico,2000,sp,m,25-34,1387,Smear Positive
Mexico,2000,sp,m,35-44,1162,Smear Positive
Mexico,2000,sp,m,45-54,1235,Smear Positive
Mexico,2000,sp,m,55-64,972,Smear Positive
Mexico,2000,sp,m,65+,1126,Smear Positive
Mexico,2000,sp,f,0-14,176,Smear Positive
Mexico,2000,sp,f,15-24,663,Smear Positive
Mexico,2000,sp,f,25-34,828,Smear Positive
Mexico,2000,sp,f,35-44,698,Smear Positive
Mexico,2000,sp,f,45-54,832,Smear Positive
Mexico,2000,sp,f,55-64,595,Smear Positive
Mexico,2000,sp,f,65+,709,Smear Positive
Mexico,2001,sp,m,0-14,130,Smear Positive
Mexico,2001,sp,m,15-24,1448,Smear Positive
Mexico,2001,sp,m,25-34,1639,Smear Positive
Mexico,2001,sp,m,35-44,1683,Smear Positive
Mexico,2001,sp,m,45-54,1606,Smear Positive
Mexico,2001,sp,m,55-64,1229,Smear Positive
Mexico,2001,sp,m,65+,1566,Smear Positive
Mexico,2001,sp,f,0-14,146,Smear Positive
Mexico,2001,sp,f,15-24,1131,Smear Positive
Mexico,2001,sp,f,25-34,993,Smear Positive
Mexico,2001,sp,f,35-44,845,Smear Positive
Mexico,2001,sp,f,45-54,952,Smear Positive
Mexico,2001,sp,f,55-64,787,Smear Positive
Mexico,2001,sp,f,65+,948,Smear Positive
Mexico,2002,sp,m,0-14,154,Smear Positive
Mexico,2002,sp,m,15-24,1090,Smear Positive
Mexico,2002,sp,m,25-34,1292,Smear Positive
Mexico,2002,sp,m,35-44,1301,Smear Positive
Mexico,2002,sp,m,45-54,1146,Smear Positive
Mexico,2002,sp,m,55-64,986,Smear Positive
Mexico,2002,sp,m,65+,1144,Smear Positive
Mexico,2002,sp,f,0-14,149,Smear Positive
Mexico,2002,sp,f,15-24,769,Smear Positive
Mexico,2002,sp,f,25-34,754,Smear Positive
Mexico,2002,sp,f,35-44,716,Smear Positive
Mexico,2002,sp,f,45-54,700,Smear Positive
Mexico,2002,sp,f,55-64,621,Smear Positive
Mexico,2002,sp,f,65+,733,Smear Positive
Mexico,2003,sp,m,0-14,187,Smear Positive
Mexico,2003,sp,m,15-24,1207,Smear Positive
Mexico,2003,sp,m,25-34,1461,Smear Positive
Mexico,2003,sp,m,35-44,1417,Smear Positive
Mexico,2003,sp,m,45-54,1313,Smear Positive
Mexico,2003,sp,m,55-64,1005,Smear Positive
Mexico,2003,sp,m,65+,1352,Smear Positive
Mexico,2003,sp,f,0-14,184,Smear Positive
Mexico,2003,sp,f,15-24,850,Smear Positive
Mexico,2003,sp,f,25-34,826,Smear Positive
Mexico,2003,sp,f,35-44,734,Smear Positive
Mexico,2003,sp,f,45-54,813,Smear Positive
Mexico,2003,sp,f,55-64,743,Smear Positive
Mexico,2003,sp,f,65+,841,Smear Positive
Mexico,2004,sp,m,0-14,86,Smear Positive
Mexico,2004,sp,m,15-24,1053,Smear Positive
Mexico,2004,sp,m,25-34,1276,Smear Positive
Mexico,2004,sp,m,35-44,1181,Smear Positive
Mexico,2004,sp,m,45-54,1201,Smear Positive
Mexico,2004,sp,m,55-64,958,Smear Positive
Mexico,2004,sp,m,65+,1209,Smear Positive
Mexico,2004,sp,f,0-14,102,Smear Positive
Mexico,2004,sp,f,15-24,760,Smear Positive
Mexico,2004,sp,f,25-34,649,Smear Positive
Mexico,2004,sp,f,35-44,693,Smear Positive
Mexico,2004,sp,f,45-54,695,Smear Positive
Mexico,2004,sp,f,55-64,626,Smear Positive
Mexico,2004,sp,f,65+,725,Smear Positive
Mexico,2005,sp,m,0-14,100,Smear Positive
Mexico,2005,sp,m,15-24,1095,Smear Positive
Mexico,2005,sp,m,25-34,1376,Smear Positive
Mexico,2005,sp,m,35-44,1314,Smear Positive
Mexico,2005,sp,m,45-54,1238,Smear Positive
Mexico,2005,sp,m,55-64,1042,Smear Positive
Mexico,2005,sp,m,65+,1288,Smear Positive
Mexico,2005,sp,f,0-14,125,Smear Positive
Mexico,2005,sp,f,15-24,771,Smear Positive
Mexico,2005,sp,f,25-34,733,Smear Positive
Mexico,2005,sp,f,35-44,710,Smear Positive
Mexico,2005,sp,f,45-54,784,Smear Positive
Mexico,2005,sp,f,55-64,637,Smear Positive
Mexico,2005,sp,f,65+,784,Smear Positive
Mexico,2006,sp,m,0-14,129,Smear Positive
Mexico,2006,sp,m,15-24,986,Smear Positive
Mexico,2006,sp,m,25-34,1320,Smear Positive
Mexico,2006,sp,m,35-44,1333,Smear Positive
Mexico,2006,sp,m,45-54,1275,Smear Positive
Mexico,2006,sp,m,55-64,1012,Smear Positive
Mexico,2006,sp,m,65+,1215,Smear Positive
Mexico,2006,sp,f,0-14,153,Smear Positive
Mexico,2006,sp,f,15-24,696,Smear Positive
Mexico,2006,sp,f,25-34,774,Smear Positive
Mexico,2006,sp,f,35-44,662,Smear Positive
Mexico,2006,sp,f,45-54,794,Smear Positive
Mexico,2006,sp,f,55-64,722,Smear Positive
Mexico,2006,sp,f,65+,803,Smear Positive
Mexico,2006,sn,m,0-14,108,Smear Negative
Mexico,2006,sn,m,15-24,196,Smear Negative
Mexico,2006,sn,m,25-34,266,Smear Negative
Mexico,2006,sn,m,35-44,243,Smear Negative
Mexico,2006,sn,m,45-54,232,Smear Negative
Mexico,2006,sn,m,55-64,181,Smear Negative
Mexico,2006,sn,m,65+,253,Smear Negative
Mexico,2006,sn,f,0-14,108,Smear Negative
Mexico,2006,sn,f,15-24,133,Smear Negative
Mexico,2006,sn,f,25-34,154,Smear Negative
Mexico,2006,sn,f,35-44,146,Smear Negative
Mexico,2006,sn,f,45-54,151,Smear Negative
Mexico,2006,sn,f,55-64,127,Smear Negative
Mexico,2006,sn,f,65+,170,Smear Negative
Mexico,2006,ep,m,0-14,202,Extrapulmonary
Mexico,2006,ep,m,15-24,170,Extrapulmonary
Mexico,2006,ep,m,25-34,318,Extrapulmonary
Mexico,2006,ep,m,35-44,233,Extrapulmonary
Mexico,2006,ep,m,45-54,173,Extrapulmonary
Mexico,2006,ep,m,55-64,117,Extrapulmonary
Mexico,2006,ep,m,65+,144,Extrapulmonary
Mexico,2006,ep,f,0-14,205,Extrapulmonary
Mexico,2006,ep,f,15-24,243,Extrapulmonary
Mexico,2006,ep,f,25-34,252,Extrapulmonary
Mexico,2006,ep,f,35-44,199,Extrapulmonary
Mexico,2006,ep,f,45-54,184,Extrapulmonary
Mexico,2006,ep,f,55-64,164,Extrapulmonary
Mexico,2006,ep,f,65+,147,Extrapulmonary
Mexico,2007,sp,m,0-14,145,Smear Positive
Mexico,2007,sp,m,15-24,981,Smear Positive
Mexico,2007,sp,m,25-34,1286,Smear Positive
Mexico,2007,sp,m,35-44,1286,Smear Positive
Mexico,2007,sp,m,45-54,1266,Smear Positive
Mexico,2007,sp,m,55-64,942,Smear Positive
Mexico,2007,sp,m,65+,1226,Smear Positive
Mexico,2007,sp,f,0-14,140,Smear Positive
Mexico,2007,sp,f,15-24,645,Smear Positive
Mexico,2007,sp,f,25-34,742,Smear Positive
Mexico,2007,sp,f,35-44,694,Smear Positive
Mexico,2007,sp,f,45-54,748,Smear Positive
Mexico,2007,sp,f,55-64,642,Smear Positive
Mexico,2007,sp,f,65+,788,Smear Positive
Mexico,2007,sn,m,0-14,136,Smear Negative
Mexico,2007,sn,m,15-24,270,Smear Negative
Mexico,2007,sn,m,25-34,344,Smear Negative
Mexico,2007,sn,m,35-44,346,Smear Negative
Mexico,2007,sn,m,45-54,311,Smear Negative
Mexico,2007,sn,m,55-64,212,Smear Negative
Mexico,2007,sn,m,65+,316,Smear Negative
Mexico,2007,sn,f,0-14,122,Smear Negative
Mexico,2007,sn,f,15-24,207,Smear Negative
Mexico,2007,sn,f,25-34,209,Smear Negative
Mexico,2007,sn,f,35-44,166,Smear Negative
Mexico,2007,sn,f,45-54,202,Smear Negative
Mexico,2007,sn,f,55-64,166,Smear Negative
Mexico,2007,sn,f,65+,206,Smear Negative
Mexico,2007,ep,m,0-14,205,Extrapulmonary
Mexico,2007,ep,m,15-24,237,Extrapulmonary
Mexico,2007,ep,m,25-34,307,Extrapulmonary
Mexico,2007,ep,m,35-44,268,Extrapulmonary
Mexico,2007,ep,m,45-54,177,Extrapulmonary
Mexico,2007,ep,m,55-64,154,Extrapulmonary
Mexico,2007,ep,m,65+,147,Extrapulmonary
Mexico,2007,ep,f,0-14,185,Extrapulmonary
Mexico,2007,ep,f,15-24,220,Extrapulmonary
Mexico,2007,ep,f,25-34,274,Extrapulmonary
Mexico,2007,ep,f,35-44,233,Extrapulmonary
Mexico,2007,ep,f,45-54,182,Extrapulmonary
Mexico,2007,ep,f,55-64,143,Extrapulmonary
Mexico,2007,ep,f,65+,137,Extrapulmonary
Mexico,2008,sp,m,0-14,124,Smear Positive
Mexico,2008,sp,m,15-24,966,Smear Positive
Mexico,2008,sp,m,25-34,1292,Smear Positive
Mexico,2008,sp,m,35-44,1314,Smear Positive
Mexico,2008,sp,m,45-54,1267,Smear Positive
Mexico,2008,sp,m,55-64,1004,Smear Positive
Mexico,2008,sp,m,65+,1213,Smear Positive
Mexico,2008,sp,f,0-14,126,Smear Positive
Mexico,2008,sp,f,15-24,752,Smear Positive
Mexico,2008,sp,f,25-34,826,Smear Positive
Mexico,2008,sp,f,35-44,710,Smear Positive
Mexico,2008,sp,f,45-54,774,Smear Positive
Mexico,2008,sp,f,55-64,699,Smear Positive
Mexico,2008,sp,f,65+,836,Smear Positive
Mexico,2008,sn,m,0-14,54,Smear Negative
Mexico,2008,sn,m,15-24,82,Smear Negative
Mexico,2008,sn,m,25-34,125,Smear Negative
Mexico,2008,sn,m,35-44,113,Smear Negative
Mexico,2008,sn,m,45-54,112,Smear Negative
Mexico,2008,sn,m,55-64,61,Smear Negative
Mexico,2008,sn,m,65+,104,Smear Negative
Mexico,2008,sn,f,0-14,50,Smear Negative
Mexico,2008,sn,f,15-24,63,Smear Negative
Mexico,2008,sn,f,25-34,65,Smear Negative
Mexico,2008,sn,f,35-44,51,Smear Negative
Mexico,2008,sn,f,45-54,62,Smear Negative
Mexico,2008,sn,f,55-64,52,Smear Negative
Mexico,2008,sn,f,65+,68,Smear Negative
Mexico,2008,ep,m,0-14,204,Extrapulmonary
Mexico,2008,ep,m,15-24,245,Extrapulmonary
Mexico,2008,ep,m,25-34,350,Extrapulmonary
Mexico,2008,ep,m,35-44,312,Extrapulmonary
Mexico,2008,ep,m,45-54,244,Extrapulmonary
Mexico,2008,ep,m,55-64,159,Extrapulmonary
Mexico,2008,ep,m,65+,184,Extrapulmonary
Mexico,2008,ep,f,0-14,224,Extrapulmonary
Mexico,2008,ep,f,15-24,224,Extrapulmonary
Mexico,2008,ep,f,25-34,280,Extrapulmonary
Mexico,2008,ep,f,35-44,242,Extrapulmonary
Mexico,2008,ep,f,45-54,190,Extrapulmonary
Mexico,2008,ep,f,55-64,152,Extrapulmonary
Mexico,2008,ep,f,65+,165,Extrapulmonary
Mexico,2009,sp,m,0-14,103,Smear Positive
Mexico,2009,sp,m,15-24,1030,Smear Positive
Mexico,2009,sp,m,25-34,1262,Smear Positive
Mexico,2009,sp,m,35-44,1401,Smear Positive
Mexico,2009,sp,m,45-54,1360,Smear Positive
Mexico,2009,sp,m,55-64,1024,Smear Positive
Mexico,2009,sp,m,65+,1252,Smear Positive
Mexico,2009,sp,f,0-14,131,Smear Positive
Mexico,2009,sp,f,15-24,741,Smear Positive
Mexico,2009,sp,f,25-34,712,Smear Positive
Mexico,2009,sp,f,35-44,665,Smear Positive
Mexico,2009,sp,f,45-54,788,Smear Positive
Mexico,2009,sp,f,55-64,608,Smear Positive
Mexico,2009,sp,f,65+,785,Smear Positive
Mexico,2009,sn,m,0-14,8,Smear Negative
Mexico,2009,sn,m,15-24,81,Smear Negative
Mexico,2009,sn,m,25-34,98,Smear Negative
Mexico,2009,sn,m,35-44,109,Smear Negative
Mexico,2009,sn,m,45-54,107,Smear Negative
Mexico,2009,sn,m,55-64,80,Smear Negative
Mexico,2009,sn,m,65+,98,Smear Negative
Mexico,2009,sn,f,0-14,10,Smear Negative
Mexico,2009,sn,f,15-24,63,Smear Negative
Mexico,2009,sn,f,25-34,61,Smear Negative
Mexico,2009,sn,f,35-44,57,Smear Negative
Mexico,2009,sn,f,45-54,67,Smear Negative
Mexico,2009,sn,f,55-64,52,Smear Negative
Mexico,2009,sn,f,65+,67,Smear Negative
Mexico,2009,ep,m,0-14,217,Extrapulmonary
Mexico,2009,ep,m,15-24,249,Extrapulmonary
Mexico,2009,ep,m,25-34,368,Extrapulmonary
Mexico,2009,ep,m,35-44,308,Extrapulmonary
Mexico,2009,ep,m,45-54,234,Extrapulmonary
Mexico,2009,ep,m,55-64,169,Extrapulmonary
Mexico,2009,ep,m,65+,181,Extrapulmonary
Mexico,2009,ep,f,0-14,196,Extrapulmonary
Mexico,2009,ep,f,15-24,239,Extrapulmonary
Mexico,2009,ep,f,25-34,292,Extrapulmonary
Mexico,2009,ep,f,35-44,221,Extrapulmonary
Mexico,2009,ep,f,45-54,180,Extrapulmonary
Mexico,2009,ep,f,55-64,188,Extrapulmonary
Mexico,2009,ep,f,65+,151,Extrapulmonary
Mexico,2010,sp,m,0-14,125,Smear Positive
Mexico,2010,sp,m,15-24,1081,Smear Positive
Mexico,2010,sp,m,25-34,1375,Smear Positive
Mexico,2010,sp,m,35-44,1380,Smear Positive
Mexico,2010,sp,m,45-54,1392,Smear Positive
Mexico,2010,sp,m,55-64,1119,Smear Positive
Mexico,2010,sp,m,65+,1303,Smear Positive
Mexico,2010,sp,f,0-14,112,Smear Positive
Mexico,2010,sp,f,15-24,791,Smear Positive
Mexico,2010,sp,f,25-34,763,Smear Positive
Mexico,2010,sp,f,35-44,730,Smear Positive
Mexico,2010,sp,f,45-54,852,Smear Positive
Mexico,2010,sp,f,55-64,713,Smear Positive
Mexico,2010,sp,f,65+,836,Smear Positive
Mexico,2010,sn,m,0-14,130,Smear Negative
Mexico,2010,sn,m,15-24,250,Smear Negative
Mexico,2010,sn,m,25-34,331,Smear Negative
Mexico,2010,sn,m,35-44,300,Smear Negative
Mexico,2010,sn,m,45-54,287,Smear Negative
Mexico,2010,sn,m,55-64,238,Smear Negative
Mexico,2010,sn,m,65+,293,Smear Negative
Mexico,2010,sn,f,0-14,106,Smear Negative
Mexico,2010,sn,f,15-24,159,Smear Negative
Mexico,2010,sn,f,25-34,138,Smear Negative
Mexico,2010,sn,f,35-44,140,Smear Negative
Mexico,2010,sn,f,45-54,123,Smear Negative
Mexico,2010,sn,f,55-64,141,Smear Negative
Mexico,2010,sn,f,65+,176,Smear Negative
Mexico,2010,ep,m,0-14,225,Extrapulmonary
Mexico,2010,ep,m,15-24,286,Extrapulmonary
Mexico,2010,ep,m,25-34,407,Extrapulmonary
Mexico,2010,ep,m,35-44,339,Extrapulmonary
Mexico,2010,ep,m,45-54,231,Extrapulmonary
Mexico,2010,ep,m,55-64,196,Extrapulmonary
Mexico,2010,ep,m,65+,188,Extrapulmonary
Mexico,2010,ep,f,0-14,223,Extrapulmonary
Mexico,2010,ep,f,15-24,244,Extrapulmonary
Mexico,2010,ep,f,25-34,306,Extrapulmonary
Mexico,2010,ep,f,35-44,257,Extrapulmonary
Mexico,2010,ep,f,45-54,202,Extrapulmonary
Mexico,2010,ep,f,55-64,173,Extrapulmonary
Mexico,2010,ep,f,65+,187,Extrapulmonary
Mexico,2011,sp,m,0-14,128,Smear Positive
Mexico,2011,sp,m,15-24,1124,Smear Positive
Mexico,2011,sp,m,25-34,1440,Smear Positive
Mexico,2011,sp,m,35-44,1503,Smear Positive
Mexico,2011,sp,m,45-54,1532,Smear Positive
Mexico,2011,sp,m,55-64,1112,Smear Positive
Mexico,2011,sp,m,65+,1299,Smear Positive
Mexico,2011,sp,f,0-14,136,Smear Positive
Mexico,2011,sp,f,15-24,776,Smear Positive
Mexico,2011,sp,f,25-34,765,Smear Positive
Mexico,2011,sp,f,35-44,698,Smear Positive
Mexico,2011,sp,f,45-54,889,Smear Positive
Mexico,2011,sp,f,55-64,734,Smear Positive
Mexico,2011,sp,f,65+,824,Smear Positive
Mexico,2011,sn,m,0-14,124,Smear Negative
Mexico,2011,sn,m,15-24,222,Smear Negative
Mexico,2011,sn,m,25-34,324,Smear Negative
Mexico,2011,sn,m,35-44,290,Smear Negative
Mexico,2011,sn,m,45-54,251,Smear Negative
Mexico,2011,sn,m,55-64,189,Smear Negative
Mexico,2011,sn,m,65+,220,Smear Negative
Mexico,2011,sn,f,0-14,99,Smear Negative
Mexico,2011,sn,f,15-24,135,Smear Negative
Mexico,2011,sn,f,25-34,140,Smear Negative
Mexico,2011,sn,f,35-44,109,Smear Negative
Mexico,2011,sn,f,45-54,141,Smear Negative
Mexico,2011,sn,f,55-64,101,Smear Negative
Mexico,2011,sn,f,65+,152,Smear Negative
Mexico,2011,ep,m,0-14,205,Extrapulmonary
Mexico,2011,ep,m,15-24,267,Extrapulmonary
Mexico,2011,ep,m,25-34,384,Extrapulmonary
Mexico,2011,ep,m,35-44,364,Extrapulmonary
Mexico,2011,ep,m,45-54,244,Extrapulmonary
Mexico,2011,ep,m,55-64,170,Extrapulmonary
Mexico,2011,ep,m,65+,191,Extrapulmonary
Mexico,2011,ep,f,0-14,194,Extrapulmonary
Mexico,2011,ep,f,15-24,298,Extrapulmonary
Mexico,2011,ep,f,25-34,333,Extrapulmonary
Mexico,2011,ep,f,35-44,271,Extrapulmonary
Mexico,2011,ep,f,45-54,229,Extrapulmonary
Mexico,2011,ep,f,55-64,192,Extrapulmonary
Mexico,2011,ep,f,65+,187,Extrapulmonary
Mexico,2012,sp,m,0-14,133,Smear Positive
Mexico,2012,sp,m,15-24,1153,Smear Positive
Mexico,2012,sp,m,25-34,1480,Smear Positive
Mexico,2012,sp,m,35-44,1522,Smear Positive
Mexico,2012,sp,m,45-54,1484,Smear Positive
Mexico,2012,sp,m,55-64,1153,Smear Positive
Mexico,2012,sp,m,65+,1284,Smear Positive
Mexico,2012,sp,f,0-14,134,Smear Positive
Mexico,2012,sp,f,15-24,778,Smear Positive
Mexico,2012,sp,f,25-34,743,Smear Positive
Mexico,2012,sp,f,35-44,686,Smear Positive
Mexico,2012,sp,f,45-54,840,Smear Positive
Mexico,2012,sp,f,55-64,824,Smear Positive
Mexico,2012,sp,f,65+,824,Smear Positive
Mexico,2012,sn,m,0-14,143,Smear Negative
Mexico,2012,sn,m,15-24,248,Smear Negative
Mexico,2012,sn,m,25-34,295,Smear Negative
Mexico,2012,sn,m,35-44,282,Smear Negative
Mexico,2012,sn,m,45-54,253,Smear Negative
Mexico,2012,sn,m,55-64,211,Smear Negative
Mexico,2012,sn,m,65+,252,Smear Negative
Mexico,2012,sn,f,0-14,121,Smear Negative
Mexico,2012,sn,f,15-24,143,Smear Negative
Mexico,2012,sn,f,25-34,132,Smear Negative
Mexico,2012,sn,f,35-44,141,Smear Negative
Mexico,2012,sn,f,45-54,165,Smear Negative
Mexico,2012,sn,f,55-64,130,Smear Negative
Mexico,2012,sn,f,65+,165,Smear Negative
Mexico,2012,ep,m,0-14,208,Extrapulmonary
Mexico,2012,ep,m,15-24,268,Extrapulmonary
Mexico,2012,ep,m,25-34,468,Extrapulmonary
Mexico,2012,ep,m,35-44,387,Extrapulmonary
Mexico,2012,ep,m,45-54,275,Extrapulmonary
Mexico,2012,ep,m,55-64,204,Extrapulmonary
Mexico,2012,ep,m,65+,238,Extrapulmonary
Mexico,2012,ep,f,0-14,212,Extrapulmonary
Mexico,2012,ep,f,15-24,299,Extrapulmonary
Mexico,2012,ep,f,25-34,352,Extrapulmonary
Mexico,2012,ep,f,35-44,289,Extrapulmonary
Mexico,2012,ep,f,45-54,250,Extrapulmonary
Mexico,2012,ep,f,55-64,187,Extrapulmonary
Mexico,2012,ep,f,65+,202,Extrapulmonary
Mexico,2013,rel,m,0-14,429,Relapse
Mexico,2013,rel,m,15-24,1797,Relapse
Mexico,2013,rel,m,25-34,2230,Relapse
Mexico,2013,rel,m,35-44,2409,Relapse
Mexico,2013,rel,m,45-54,2289,Relapse
Mexico,2013,rel,m,55-64,1736,Relapse
Mexico,2013,rel,m,65+,1940,Relapse
Mexico,2013,rel,f,0-14,376,Relapse
Mexico,2013,rel,f,15-24,1262,Relapse
Mexico,2013,rel,f,25-34,1315,Relapse
Mexico,2013,rel,f,35-44,1230,Relapse
Mexico,2013,rel,f,45-54,1307,Relapse
Mexico,2013,rel,f,55-64,1156,Relapse
Mexico,2013,rel,f,65+,1232,Relapse
Micronesia (Federated States of),1995,sp,m,0-14,0,Smear Positive
Micronesia (Federated States of),1995,sp,m,15-24,1,Smear Positive
Micronesia (Federated States of),1995,sp,m,25-34,0,Smear Positive
Micronesia (Federated States of),1995,sp,m,35-44,3,Smear Positive
Micronesia (Federated States of),1995,sp,m,45-54,1,Smear Positive
Micronesia (Federated States of),1995,sp,m,55-64,0,Smear Positive
Micronesia (Federated States of),1995,sp,m,65+,0,Smear Positive
Micronesia (Federated States of),1995,sp,f,0-14,0,Smear Positive
Micronesia (Federated States of),1995,sp,f,15-24,0,Smear Positive
Micronesia (Federated States of),1995,sp,f,25-34,1,Smear Positive
Micronesia (Federated States of),1995,sp,f,35-44,0,Smear Positive
Micronesia (Federated States of),1995,sp,f,45-54,0,Smear Positive
Micronesia (Federated States of),1995,sp,f,55-64,0,Smear Positive
Micronesia (Federated States of),1995,sp,f,65+,1,Smear Positive
Micronesia (Federated States of),1996,sp,m,0-14,0,Smear Positive
Micronesia (Federated States of),1996,sp,m,15-24,1,Smear Positive
Micronesia (Federated States of),1996,sp,m,25-34,0,Smear Positive
Micronesia (Federated States of),1996,sp,m,35-44,0,Smear Positive
Micronesia (Federated States of),1996,sp,m,45-54,1,Smear Positive
Micronesia (Federated States of),1996,sp,m,55-64,2,Smear Positive
Micronesia (Federated States of),1996,sp,m,65+,0,Smear Positive
Micronesia (Federated States of),1996,sp,f,0-14,0,Smear Positive
Micronesia (Federated States of),1996,sp,f,15-24,1,Smear Positive
Micronesia (Federated States of),1996,sp,f,25-34,1,Smear Positive
Micronesia (Federated States of),1996,sp,f,35-44,1,Smear Positive
Micronesia (Federated States of),1996,sp,f,45-54,3,Smear Positive
Micronesia (Federated States of),1996,sp,f,55-64,0,Smear Positive
Micronesia (Federated States of),1996,sp,f,65+,0,Smear Positive
Micronesia (Federated States of),1997,sp,m,0-14,0,Smear Positive
Micronesia (Federated States of),1997,sp,m,15-24,0,Smear Positive
Micronesia (Federated States of),1997,sp,m,25-34,0,Smear Positive
Micronesia (Federated States of),1997,sp,m,35-44,0,Smear Positive
Micronesia (Federated States of),1997,sp,m,45-54,2,Smear Positive
Micronesia (Federated States of),1997,sp,m,55-64,0,Smear Positive
Micronesia (Federated States of),1997,sp,m,65+,0,Smear Positive
Micronesia (Federated States of),1997,sp,f,0-14,1,Smear Positive
Micronesia (Federated States of),1997,sp,f,15-24,1,Smear Positive
Micronesia (Federated States of),1997,sp,f,25-34,1,Smear Positive
Micronesia (Federated States of),1997,sp,f,35-44,2,Smear Positive
Micronesia (Federated States of),1997,sp,f,45-54,2,Smear Positive
Micronesia (Federated States of),1997,sp,f,55-64,0,Smear Positive
Micronesia (Federated States of),1997,sp,f,65+,2,Smear Positive
Micronesia (Federated States of),1998,sp,m,0-14,4,Smear Positive
Micronesia (Federated States of),1998,sp,m,15-24,5,Smear Positive
Micronesia (Federated States of),1998,sp,m,25-34,3,Smear Positive
Micronesia (Federated States of),1998,sp,m,35-44,4,Smear Positive
Micronesia (Federated States of),1998,sp,m,45-54,1,Smear Positive
Micronesia (Federated States of),1998,sp,m,55-64,0,Smear Positive
Micronesia (Federated States of),1998,sp,m,65+,5,Smear Positive
Micronesia (Federated States of),1998,sp,f,0-14,2,Smear Positive
Micronesia (Federated States of),1998,sp,f,15-24,1,Smear Positive
Micronesia (Federated States of),1998,sp,f,25-34,0,Smear Positive
Micronesia (Federated States of),1998,sp,f,35-44,1,Smear Positive
Micronesia (Federated States of),1998,sp,f,45-54,2,Smear Positive
Micronesia (Federated States of),1998,sp,f,55-64,0,Smear Positive
Micronesia (Federated States of),1998,sp,f,65+,0,Smear Positive
Micronesia (Federated States of),2000,sp,m,0-14,0,Smear Positive
Micronesia (Federated States of),2000,sp,m,15-24,2,Smear Positive
Micronesia (Federated States of),2000,sp,m,25-34,0,Smear Positive
Micronesia (Federated States of),2000,sp,m,35-44,1,Smear Positive
Micronesia (Federated States of),2000,sp,m,45-54,0,Smear Positive
Micronesia (Federated States of),2000,sp,m,55-64,0,Smear Positive
Micronesia (Federated States of),2000,sp,m,65+,1,Smear Positive
Micronesia (Federated States of),2000,sp,f,0-14,4,Smear Positive
Micronesia (Federated States of),2000,sp,f,15-24,3,Smear Positive
Micronesia (Federated States of),2000,sp,f,25-34,1,Smear Positive
Micronesia (Federated States of),2000,sp,f,35-44,1,Smear Positive
Micronesia (Federated States of),2000,sp,f,45-54,0,Smear Positive
Micronesia (Federated States of),2000,sp,f,55-64,1,Smear Positive
Micronesia (Federated States of),2000,sp,f,65+,1,Smear Positive
Micronesia (Federated States of),2001,sp,m,0-14,0,Smear Positive
Micronesia (Federated States of),2001,sp,m,15-24,2,Smear Positive
Micronesia (Federated States of),2001,sp,m,25-34,0,Smear Positive
Micronesia (Federated States of),2001,sp,m,35-44,0,Smear Positive
Micronesia (Federated States of),2001,sp,m,45-54,2,Smear Positive
Micronesia (Federated States of),2001,sp,m,55-64,1,Smear Positive
Micronesia (Federated States of),2001,sp,m,65+,0,Smear Positive
Micronesia (Federated States of),2001,sp,f,0-14,1,Smear Positive
Micronesia (Federated States of),2001,sp,f,15-24,0,Smear Positive
Micronesia (Federated States of),2001,sp,f,25-34,1,Smear Positive
Micronesia (Federated States of),2001,sp,f,35-44,0,Smear Positive
Micronesia (Federated States of),2001,sp,f,45-54,0,Smear Positive
Micronesia (Federated States of),2001,sp,f,55-64,1,Smear Positive
Micronesia (Federated States of),2001,sp,f,65+,0,Smear Positive
Micronesia (Federated States of),2002,sp,m,0-14,2,Smear Positive
Micronesia (Federated States of),2002,sp,m,15-24,0,Smear Positive
Micronesia (Federated States of),2002,sp,m,25-34,1,Smear Positive
Micronesia (Federated States of),2002,sp,m,35-44,1,Smear Positive
Micronesia (Federated States of),2002,sp,m,45-54,1,Smear Positive
Micronesia (Federated States of),2002,sp,m,55-64,1,Smear Positive
Micronesia (Federated States of),2002,sp,m,65+,0,Smear Positive
Micronesia (Federated States of),2002,sp,f,0-14,3,Smear Positive
Micronesia (Federated States of),2002,sp,f,15-24,5,Smear Positive
Micronesia (Federated States of),2002,sp,f,25-34,1,Smear Positive
Micronesia (Federated States of),2002,sp,f,35-44,1,Smear Positive
Micronesia (Federated States of),2002,sp,f,45-54,2,Smear Positive
Micronesia (Federated States of),2002,sp,f,55-64,0,Smear Positive
Micronesia (Federated States of),2002,sp,f,65+,2,Smear Positive
Micronesia (Federated States of),2003,sp,m,0-14,0,Smear Positive
Micronesia (Federated States of),2003,sp,m,15-24,3,Smear Positive
Micronesia (Federated States of),2003,sp,m,25-34,2,Smear Positive
Micronesia (Federated States of),2003,sp,m,35-44,2,Smear Positive
Micronesia (Federated States of),2003,sp,m,45-54,0,Smear Positive
Micronesia (Federated States of),2003,sp,m,55-64,2,Smear Positive
Micronesia (Federated States of),2003,sp,m,65+,1,Smear Positive
Micronesia (Federated States of),2003,sp,f,0-14,4,Smear Positive
Micronesia (Federated States of),2003,sp,f,15-24,4,Smear Positive
Micronesia (Federated States of),2003,sp,f,25-34,4,Smear Positive
Micronesia (Federated States of),2003,sp,f,35-44,1,Smear Positive
Micronesia (Federated States of),2003,sp,f,45-54,1,Smear Positive
Micronesia (Federated States of),2003,sp,f,55-64,2,Smear Positive
Micronesia (Federated States of),2003,sp,f,65+,1,Smear Positive
Micronesia (Federated States of),2004,sp,m,0-14,0,Smear Positive
Micronesia (Federated States of),2004,sp,m,15-24,4,Smear Positive
Micronesia (Federated States of),2004,sp,m,25-34,0,Smear Positive
Micronesia (Federated States of),2004,sp,m,35-44,2,Smear Positive
Micronesia (Federated States of),2004,sp,m,45-54,0,Smear Positive
Micronesia (Federated States of),2004,sp,m,55-64,2,Smear Positive
Micronesia (Federated States of),2004,sp,m,65+,1,Smear Positive
Micronesia (Federated States of),2004,sp,f,0-14,3,Smear Positive
Micronesia (Federated States of),2004,sp,f,15-24,4,Smear Positive
Micronesia (Federated States of),2004,sp,f,25-34,4,Smear Positive
Micronesia (Federated States of),2004,sp,f,35-44,1,Smear Positive
Micronesia (Federated States of),2004,sp,f,45-54,1,Smear Positive
Micronesia (Federated States of),2004,sp,f,55-64,3,Smear Positive
Micronesia (Federated States of),2004,sp,f,65+,1,Smear Positive
Micronesia (Federated States of),2006,sp,m,0-14,14,Smear Positive
Micronesia (Federated States of),2006,sp,m,15-24,21,Smear Positive
Micronesia (Federated States of),2006,sp,m,25-34,3,Smear Positive
Micronesia (Federated States of),2006,sp,m,35-44,6,Smear Positive
Micronesia (Federated States of),2006,sp,m,45-54,8,Smear Positive
Micronesia (Federated States of),2006,sp,m,55-64,6,Smear Positive
Micronesia (Federated States of),2006,sp,m,65+,1,Smear Positive
Micronesia (Federated States of),2006,sp,f,0-14,5,Smear Positive
Micronesia (Federated States of),2006,sp,f,15-24,23,Smear Positive
Micronesia (Federated States of),2006,sp,f,25-34,5,Smear Positive
Micronesia (Federated States of),2006,sp,f,35-44,7,Smear Positive
Micronesia (Federated States of),2006,sp,f,45-54,4,Smear Positive
Micronesia (Federated States of),2006,sp,f,55-64,6,Smear Positive
Micronesia (Federated States of),2006,sp,f,65+,4,Smear Positive
Micronesia (Federated States of),2006,sn,m,0-14,3,Smear Negative
Micronesia (Federated States of),2006,sn,m,15-24,8,Smear Negative
Micronesia (Federated States of),2006,sn,m,25-34,1,Smear Negative
Micronesia (Federated States of),2006,sn,m,35-44,2,Smear Negative
Micronesia (Federated States of),2006,sn,m,45-54,1,Smear Negative
Micronesia (Federated States of),2006,sn,m,55-64,1,Smear Negative
Micronesia (Federated States of),2006,sn,m,65+,0,Smear Negative
Micronesia (Federated States of),2006,sn,f,0-14,0,Smear Negative
Micronesia (Federated States of),2006,sn,f,15-24,7,Smear Negative
Micronesia (Federated States of),2006,sn,f,25-34,0,Smear Negative
Micronesia (Federated States of),2006,sn,f,35-44,1,Smear Negative
Micronesia (Federated States of),2006,sn,f,45-54,2,Smear Negative
Micronesia (Federated States of),2006,sn,f,55-64,2,Smear Negative
Micronesia (Federated States of),2006,sn,f,65+,1,Smear Negative
Micronesia (Federated States of),2006,ep,m,0-14,1,Extrapulmonary
Micronesia (Federated States of),2006,ep,m,15-24,2,Extrapulmonary
Micronesia (Federated States of),2006,ep,m,25-34,1,Extrapulmonary
Micronesia (Federated States of),2006,ep,m,35-44,1,Extrapulmonary
Micronesia (Federated States of),2006,ep,m,45-54,2,Extrapulmonary
Micronesia (Federated States of),2006,ep,m,55-64,1,Extrapulmonary
Micronesia (Federated States of),2006,ep,m,65+,0,Extrapulmonary
Micronesia (Federated States of),2006,ep,f,0-14,1,Extrapulmonary
Micronesia (Federated States of),2006,ep,f,15-24,1,Extrapulmonary
Micronesia (Federated States of),2006,ep,f,25-34,1,Extrapulmonary
Micronesia (Federated States of),2006,ep,f,35-44,1,Extrapulmonary
Micronesia (Federated States of),2006,ep,f,45-54,0,Extrapulmonary
Micronesia (Federated States of),2006,ep,f,55-64,0,Extrapulmonary
Micronesia (Federated States of),2006,ep,f,65+,0,Extrapulmonary
Micronesia (Federated States of),2007,sp,m,0-14,1,Smear Positive
Micronesia (Federated States of),2007,sp,m,15-24,8,Smear Positive
Micronesia (Federated States of),2007,sp,m,25-34,5,Smear Positive
Micronesia (Federated States of),2007,sp,m,35-44,4,Smear Positive
Micronesia (Federated States of),2007,sp,m,45-54,0,Smear Positive
Micronesia (Federated States of),2007,sp,m,55-64,1,Smear Positive
Micronesia (Federated States of),2007,sp,m,65+,0,Smear Positive
Micronesia (Federated States of),2007,sp,f,0-14,5,Smear Positive
Micronesia (Federated States of),2007,sp,f,15-24,11,Smear Positive
Micronesia (Federated States of),2007,sp,f,25-34,6,Smear Positive
Micronesia (Federated States of),2007,sp,f,35-44,2,Smear Positive
Micronesia (Federated States of),2007,sp,f,45-54,2,Smear Positive
Micronesia (Federated States of),2007,sp,f,55-64,2,Smear Positive
Micronesia (Federated States of),2007,sp,f,65+,0,Smear Positive
Micronesia (Federated States of),2007,sn,m,0-14,5,Smear Negative
Micronesia (Federated States of),2007,sn,m,15-24,4,Smear Negative
Micronesia (Federated States of),2007,sn,m,25-34,0,Smear Negative
Micronesia (Federated States of),2007,sn,m,35-44,1,Smear Negative
Micronesia (Federated States of),2007,sn,m,45-54,1,Smear Negative
Micronesia (Federated States of),2007,sn,m,55-64,2,Smear Negative
Micronesia (Federated States of),2007,sn,m,65+,0,Smear Negative
Micronesia (Federated States of),2007,sn,f,0-14,3,Smear Negative
Micronesia (Federated States of),2007,sn,f,15-24,4,Smear Negative
Micronesia (Federated States of),2007,sn,f,25-34,3,Smear Negative
Micronesia (Federated States of),2007,sn,f,35-44,1,Smear Negative
Micronesia (Federated States of),2007,sn,f,45-54,1,Smear Negative
Micronesia (Federated States of),2007,sn,f,55-64,0,Smear Negative
Micronesia (Federated States of),2007,sn,f,65+,2,Smear Negative
Micronesia (Federated States of),2007,ep,m,0-14,3,Extrapulmonary
Micronesia (Federated States of),2007,ep,m,15-24,0,Extrapulmonary
Micronesia (Federated States of),2007,ep,m,25-34,0,Extrapulmonary
Micronesia (Federated States of),2007,ep,m,35-44,0,Extrapulmonary
Micronesia (Federated States of),2007,ep,m,45-54,0,Extrapulmonary
Micronesia (Federated States of),2007,ep,m,55-64,0,Extrapulmonary
Micronesia (Federated States of),2007,ep,m,65+,0,Extrapulmonary
Micronesia (Federated States of),2007,ep,f,0-14,1,Extrapulmonary
Micronesia (Federated States of),2007,ep,f,15-24,0,Extrapulmonary
Micronesia (Federated States of),2007,ep,f,25-34,2,Extrapulmonary
Micronesia (Federated States of),2007,ep,f,35-44,0,Extrapulmonary
Micronesia (Federated States of),2007,ep,f,45-54,0,Extrapulmonary
Micronesia (Federated States of),2007,ep,f,55-64,0,Extrapulmonary
Micronesia (Federated States of),2007,ep,f,65+,0,Extrapulmonary
Micronesia (Federated States of),2008,sp,m,0-14,1,Smear Positive
Micronesia (Federated States of),2008,sp,m,15-24,9,Smear Positive
Micronesia (Federated States of),2008,sp,m,25-34,3,Smear Positive
Micronesia (Federated States of),2008,sp,m,35-44,1,Smear Positive
Micronesia (Federated States of),2008,sp,m,45-54,3,Smear Positive
Micronesia (Federated States of),2008,sp,m,55-64,1,Smear Positive
Micronesia (Federated States of),2008,sp,m,65+,0,Smear Positive
Micronesia (Federated States of),2008,sp,f,0-14,1,Smear Positive
Micronesia (Federated States of),2008,sp,f,15-24,10,Smear Positive
Micronesia (Federated States of),2008,sp,f,25-34,2,Smear Positive
Micronesia (Federated States of),2008,sp,f,35-44,5,Smear Positive
Micronesia (Federated States of),2008,sp,f,45-54,1,Smear Positive
Micronesia (Federated States of),2008,sp,f,55-64,0,Smear Positive
Micronesia (Federated States of),2008,sp,f,65+,0,Smear Positive
Micronesia (Federated States of),2008,sn,m,0-14,6,Smear Negative
Micronesia (Federated States of),2008,sn,m,15-24,5,Smear Negative
Micronesia (Federated States of),2008,sn,m,25-34,5,Smear Negative
Micronesia (Federated States of),2008,sn,m,35-44,4,Smear Negative
Micronesia (Federated States of),2008,sn,m,45-54,5,Smear Negative
Micronesia (Federated States of),2008,sn,m,55-64,3,Smear Negative
Micronesia (Federated States of),2008,sn,m,65+,4,Smear Negative
Micronesia (Federated States of),2008,sn,f,0-14,14,Smear Negative
Micronesia (Federated States of),2008,sn,f,15-24,5,Smear Negative
Micronesia (Federated States of),2008,sn,f,25-34,3,Smear Negative
Micronesia (Federated States of),2008,sn,f,35-44,1,Smear Negative
Micronesia (Federated States of),2008,sn,f,45-54,2,Smear Negative
Micronesia (Federated States of),2008,sn,f,55-64,0,Smear Negative
Micronesia (Federated States of),2008,sn,f,65+,0,Smear Negative
Micronesia (Federated States of),2008,ep,m,0-14,4,Extrapulmonary
Micronesia (Federated States of),2008,ep,m,15-24,6,Extrapulmonary
Micronesia (Federated States of),2008,ep,m,25-34,0,Extrapulmonary
Micronesia (Federated States of),2008,ep,m,35-44,0,Extrapulmonary
Micronesia (Federated States of),2008,ep,m,45-54,3,Extrapulmonary
Micronesia (Federated States of),2008,ep,m,55-64,2,Extrapulmonary
Micronesia (Federated States of),2008,ep,m,65+,0,Extrapulmonary
Micronesia (Federated States of),2008,ep,f,0-14,3,Extrapulmonary
Micronesia (Federated States of),2008,ep,f,15-24,5,Extrapulmonary
Micronesia (Federated States of),2008,ep,f,25-34,3,Extrapulmonary
Micronesia (Federated States of),2008,ep,f,35-44,1,Extrapulmonary
Micronesia (Federated States of),2008,ep,f,45-54,2,Extrapulmonary
Micronesia (Federated States of),2008,ep,f,55-64,0,Extrapulmonary
Micronesia (Federated States of),2008,ep,f,65+,0,Extrapulmonary
Micronesia (Federated States of),2009,sp,m,0-14,5,Smear Positive
Micronesia (Federated States of),2009,sp,m,15-24,7,Smear Positive
Micronesia (Federated States of),2009,sp,m,25-34,5,Smear Positive
Micronesia (Federated States of),2009,sp,m,35-44,5,Smear Positive
Micronesia (Federated States of),2009,sp,m,45-54,2,Smear Positive
Micronesia (Federated States of),2009,sp,m,55-64,1,Smear Positive
Micronesia (Federated States of),2009,sp,m,65+,2,Smear Positive
Micronesia (Federated States of),2009,sp,f,0-14,8,Smear Positive
Micronesia (Federated States of),2009,sp,f,15-24,6,Smear Positive
Micronesia (Federated States of),2009,sp,f,25-34,9,Smear Positive
Micronesia (Federated States of),2009,sp,f,35-44,4,Smear Positive
Micronesia (Federated States of),2009,sp,f,45-54,4,Smear Positive
Micronesia (Federated States of),2009,sp,f,55-64,1,Smear Positive
Micronesia (Federated States of),2009,sp,f,65+,1,Smear Positive
Micronesia (Federated States of),2009,sn,m,0-14,18,Smear Negative
Micronesia (Federated States of),2009,sn,m,15-24,8,Smear Negative
Micronesia (Federated States of),2009,sn,m,25-34,3,Smear Negative
Micronesia (Federated States of),2009,sn,m,35-44,6,Smear Negative
Micronesia (Federated States of),2009,sn,m,45-54,3,Smear Negative
Micronesia (Federated States of),2009,sn,m,55-64,6,Smear Negative
Micronesia (Federated States of),2009,sn,m,65+,0,Smear Negative
Micronesia (Federated States of),2009,sn,f,0-14,8,Smear Negative
Micronesia (Federated States of),2009,sn,f,15-24,7,Smear Negative
Micronesia (Federated States of),2009,sn,f,25-34,8,Smear Negative
Micronesia (Federated States of),2009,sn,f,35-44,3,Smear Negative
Micronesia (Federated States of),2009,sn,f,45-54,0,Smear Negative
Micronesia (Federated States of),2009,sn,f,55-64,3,Smear Negative
Micronesia (Federated States of),2009,sn,f,65+,2,Smear Negative
Micronesia (Federated States of),2009,ep,m,0-14,8,Extrapulmonary
Micronesia (Federated States of),2009,ep,m,15-24,3,Extrapulmonary
Micronesia (Federated States of),2009,ep,m,25-34,0,Extrapulmonary
Micronesia (Federated States of),2009,ep,m,35-44,2,Extrapulmonary
Micronesia (Federated States of),2009,ep,m,45-54,1,Extrapulmonary
Micronesia (Federated States of),2009,ep,m,55-64,1,Extrapulmonary
Micronesia (Federated States of),2009,ep,m,65+,0,Extrapulmonary
Micronesia (Federated States of),2009,ep,f,0-14,8,Extrapulmonary
Micronesia (Federated States of),2009,ep,f,15-24,3,Extrapulmonary
Micronesia (Federated States of),2009,ep,f,25-34,3,Extrapulmonary
Micronesia (Federated States of),2009,ep,f,35-44,4,Extrapulmonary
Micronesia (Federated States of),2009,ep,f,45-54,0,Extrapulmonary
Micronesia (Federated States of),2009,ep,f,55-64,1,Extrapulmonary
Micronesia (Federated States of),2009,ep,f,65+,0,Extrapulmonary
Micronesia (Federated States of),2010,sp,m,0-14,3,Smear Positive
Micronesia (Federated States of),2010,sp,m,15-24,8,Smear Positive
Micronesia (Federated States of),2010,sp,m,25-34,1,Smear Positive
Micronesia (Federated States of),2010,sp,m,35-44,2,Smear Positive
Micronesia (Federated States of),2010,sp,m,45-54,4,Smear Positive
Micronesia (Federated States of),2010,sp,m,55-64,4,Smear Positive
Micronesia (Federated States of),2010,sp,m,65+,0,Smear Positive
Micronesia (Federated States of),2010,sp,f,0-14,5,Smear Positive
Micronesia (Federated States of),2010,sp,f,15-24,8,Smear Positive
Micronesia (Federated States of),2010,sp,f,25-34,9,Smear Positive
Micronesia (Federated States of),2010,sp,f,35-44,3,Smear Positive
Micronesia (Federated States of),2010,sp,f,45-54,4,Smear Positive
Micronesia (Federated States of),2010,sp,f,55-64,2,Smear Positive
Micronesia (Federated States of),2010,sp,f,65+,0,Smear Positive
Micronesia (Federated States of),2010,sn,m,0-14,16,Smear Negative
Micronesia (Federated States of),2010,sn,m,15-24,8,Smear Negative
Micronesia (Federated States of),2010,sn,m,25-34,6,Smear Negative
Micronesia (Federated States of),2010,sn,m,35-44,3,Smear Negative
Micronesia (Federated States of),2010,sn,m,45-54,2,Smear Negative
Micronesia (Federated States of),2010,sn,m,55-64,5,Smear Negative
Micronesia (Federated States of),2010,sn,m,65+,4,Smear Negative
Micronesia (Federated States of),2010,sn,f,0-14,11,Smear Negative
Micronesia (Federated States of),2010,sn,f,15-24,5,Smear Negative
Micronesia (Federated States of),2010,sn,f,25-34,4,Smear Negative
Micronesia (Federated States of),2010,sn,f,35-44,3,Smear Negative
Micronesia (Federated States of),2010,sn,f,45-54,5,Smear Negative
Micronesia (Federated States of),2010,sn,f,55-64,3,Smear Negative
Micronesia (Federated States of),2010,sn,f,65+,4,Smear Negative
Micronesia (Federated States of),2010,ep,m,0-14,5,Extrapulmonary
Micronesia (Federated States of),2010,ep,m,15-24,3,Extrapulmonary
Micronesia (Federated States of),2010,ep,m,25-34,1,Extrapulmonary
Micronesia (Federated States of),2010,ep,m,35-44,4,Extrapulmonary
Micronesia (Federated States of),2010,ep,m,45-54,2,Extrapulmonary
Micronesia (Federated States of),2010,ep,m,55-64,0,Extrapulmonary
Micronesia (Federated States of),2010,ep,m,65+,0,Extrapulmonary
Micronesia (Federated States of),2010,ep,f,0-14,4,Extrapulmonary
Micronesia (Federated States of),2010,ep,f,15-24,2,Extrapulmonary
Micronesia (Federated States of),2010,ep,f,25-34,2,Extrapulmonary
Micronesia (Federated States of),2010,ep,f,35-44,1,Extrapulmonary
Micronesia (Federated States of),2010,ep,f,45-54,0,Extrapulmonary
Micronesia (Federated States of),2010,ep,f,55-64,1,Extrapulmonary
Micronesia (Federated States of),2010,ep,f,65+,0,Extrapulmonary
Micronesia (Federated States of),2011,sp,m,0-14,4,Smear Positive
Micronesia (Federated States of),2011,sp,m,15-24,8,Smear Positive
Micronesia (Federated States of),2011,sp,m,25-34,5,Smear Positive
Micronesia (Federated States of),2011,sp,m,35-44,6,Smear Positive
Micronesia (Federated States of),2011,sp,m,45-54,2,Smear Positive
Micronesia (Federated States of),2011,sp,m,55-64,0,Smear Positive
Micronesia (Federated States of),2011,sp,m,65+,1,Smear Positive
Micronesia (Federated States of),2011,sp,f,0-14,5,Smear Positive
Micronesia (Federated States of),2011,sp,f,15-24,5,Smear Positive
Micronesia (Federated States of),2011,sp,f,25-34,2,Smear Positive
Micronesia (Federated States of),2011,sp,f,35-44,3,Smear Positive
Micronesia (Federated States of),2011,sp,f,45-54,1,Smear Positive
Micronesia (Federated States of),2011,sp,f,55-64,2,Smear Positive
Micronesia (Federated States of),2011,sp,f,65+,1,Smear Positive
Micronesia (Federated States of),2011,sn,m,0-14,12,Smear Negative
Micronesia (Federated States of),2011,sn,m,15-24,5,Smear Negative
Micronesia (Federated States of),2011,sn,m,25-34,7,Smear Negative
Micronesia (Federated States of),2011,sn,m,35-44,4,Smear Negative
Micronesia (Federated States of),2011,sn,m,45-54,6,Smear Negative
Micronesia (Federated States of),2011,sn,m,55-64,5,Smear Negative
Micronesia (Federated States of),2011,sn,m,65+,3,Smear Negative
Micronesia (Federated States of),2011,sn,f,0-14,14,Smear Negative
Micronesia (Federated States of),2011,sn,f,15-24,2,Smear Negative
Micronesia (Federated States of),2011,sn,f,25-34,1,Smear Negative
Micronesia (Federated States of),2011,sn,f,35-44,2,Smear Negative
Micronesia (Federated States of),2011,sn,f,45-54,3,Smear Negative
Micronesia (Federated States of),2011,sn,f,55-64,8,Smear Negative
Micronesia (Federated States of),2011,sn,f,65+,1,Smear Negative
Micronesia (Federated States of),2011,ep,m,0-14,5,Extrapulmonary
Micronesia (Federated States of),2011,ep,m,15-24,3,Extrapulmonary
Micronesia (Federated States of),2011,ep,m,25-34,3,Extrapulmonary
Micronesia (Federated States of),2011,ep,m,35-44,4,Extrapulmonary
Micronesia (Federated States of),2011,ep,m,45-54,2,Extrapulmonary
Micronesia (Federated States of),2011,ep,m,55-64,1,Extrapulmonary
Micronesia (Federated States of),2011,ep,m,65+,0,Extrapulmonary
Micronesia (Federated States of),2011,ep,f,0-14,1,Extrapulmonary
Micronesia (Federated States of),2011,ep,f,15-24,2,Extrapulmonary
Micronesia (Federated States of),2011,ep,f,25-34,3,Extrapulmonary
Micronesia (Federated States of),2011,ep,f,35-44,1,Extrapulmonary
Micronesia (Federated States of),2011,ep,f,45-54,0,Extrapulmonary
Micronesia (Federated States of),2011,ep,f,55-64,0,Extrapulmonary
Micronesia (Federated States of),2011,ep,f,65+,0,Extrapulmonary
Micronesia (Federated States of),2012,sp,m,0-14,3,Smear Positive
Micronesia (Federated States of),2012,sp,m,15-24,8,Smear Positive
Micronesia (Federated States of),2012,sp,m,25-34,5,Smear Positive
Micronesia (Federated States of),2012,sp,m,35-44,4,Smear Positive
Micronesia (Federated States of),2012,sp,m,45-54,2,Smear Positive
Micronesia (Federated States of),2012,sp,m,55-64,0,Smear Positive
Micronesia (Federated States of),2012,sp,m,65+,1,Smear Positive
Micronesia (Federated States of),2012,sp,f,0-14,5,Smear Positive
Micronesia (Federated States of),2012,sp,f,15-24,6,Smear Positive
Micronesia (Federated States of),2012,sp,f,25-34,2,Smear Positive
Micronesia (Federated States of),2012,sp,f,35-44,3,Smear Positive
Micronesia (Federated States of),2012,sp,f,45-54,1,Smear Positive
Micronesia (Federated States of),2012,sp,f,55-64,3,Smear Positive
Micronesia (Federated States of),2012,sp,f,65+,0,Smear Positive
Micronesia (Federated States of),2012,sn,m,0-14,14,Smear Negative
Micronesia (Federated States of),2012,sn,m,15-24,6,Smear Negative
Micronesia (Federated States of),2012,sn,m,25-34,6,Smear Negative
Micronesia (Federated States of),2012,sn,m,35-44,4,Smear Negative
Micronesia (Federated States of),2012,sn,m,45-54,6,Smear Negative
Micronesia (Federated States of),2012,sn,m,55-64,3,Smear Negative
Micronesia (Federated States of),2012,sn,m,65+,3,Smear Negative
Micronesia (Federated States of),2012,sn,f,0-14,15,Smear Negative
Micronesia (Federated States of),2012,sn,f,15-24,3,Smear Negative
Micronesia (Federated States of),2012,sn,f,25-34,1,Smear Negative
Micronesia (Federated States of),2012,sn,f,35-44,3,Smear Negative
Micronesia (Federated States of),2012,sn,f,45-54,3,Smear Negative
Micronesia (Federated States of),2012,sn,f,55-64,7,Smear Negative
Micronesia (Federated States of),2012,sn,f,65+,2,Smear Negative
Micronesia (Federated States of),2012,ep,m,0-14,2,Extrapulmonary
Micronesia (Federated States of),2012,ep,m,15-24,4,Extrapulmonary
Micronesia (Federated States of),2012,ep,m,25-34,3,Extrapulmonary
Micronesia (Federated States of),2012,ep,m,35-44,2,Extrapulmonary
Micronesia (Federated States of),2012,ep,m,45-54,2,Extrapulmonary
Micronesia (Federated States of),2012,ep,m,55-64,1,Extrapulmonary
Micronesia (Federated States of),2012,ep,m,65+,0,Extrapulmonary
Micronesia (Federated States of),2012,ep,f,0-14,1,Extrapulmonary
Micronesia (Federated States of),2012,ep,f,15-24,2,Extrapulmonary
Micronesia (Federated States of),2012,ep,f,25-34,3,Extrapulmonary
Micronesia (Federated States of),2012,ep,f,35-44,2,Extrapulmonary
Micronesia (Federated States of),2012,ep,f,45-54,0,Extrapulmonary
Micronesia (Federated States of),2012,ep,f,55-64,0,Extrapulmonary
Micronesia (Federated States of),2012,ep,f,65+,0,Extrapulmonary
Monaco,1999,sp,m,0-14,0,Smear Positive
Monaco,1999,sp,m,15-24,0,Smear Positive
Monaco,1999,sp,m,25-34,0,Smear Positive
Monaco,1999,sp,m,35-44,0,Smear Positive
Monaco,1999,sp,m,45-54,1,Smear Positive
Monaco,1999,sp,m,55-64,0,Smear Positive
Monaco,1999,sp,m,65+,0,Smear Positive
Monaco,1999,sp,f,0-14,0,Smear Positive
Monaco,1999,sp,f,15-24,0,Smear Positive
Monaco,1999,sp,f,25-34,0,Smear Positive
Monaco,1999,sp,f,35-44,0,Smear Positive
Monaco,1999,sp,f,45-54,0,Smear Positive
Monaco,1999,sp,f,55-64,0,Smear Positive
Monaco,1999,sp,f,65+,1,Smear Positive
Monaco,2010,ep,f,55-64,1,Extrapulmonary
Mongolia,1994,sp,m,0-14,1,Smear Positive
Mongolia,1994,sp,m,15-24,23,Smear Positive
Mongolia,1994,sp,m,25-34,40,Smear Positive
Mongolia,1994,sp,m,35-44,25,Smear Positive
Mongolia,1994,sp,m,45-54,19,Smear Positive
Mongolia,1994,sp,m,55-64,6,Smear Positive
Mongolia,1994,sp,m,65+,1,Smear Positive
Mongolia,1994,sp,f,0-14,10,Smear Positive
Mongolia,1994,sp,f,15-24,27,Smear Positive
Mongolia,1994,sp,f,25-34,24,Smear Positive
Mongolia,1994,sp,f,35-44,13,Smear Positive
Mongolia,1994,sp,f,45-54,8,Smear Positive
Mongolia,1994,sp,f,55-64,2,Smear Positive
Mongolia,1994,sp,f,65+,1,Smear Positive
Mongolia,1995,sp,m,0-14,37,Smear Positive
Mongolia,1995,sp,m,15-24,99,Smear Positive
Mongolia,1995,sp,m,25-34,111,Smear Positive
Mongolia,1995,sp,m,35-44,68,Smear Positive
Mongolia,1995,sp,m,45-54,19,Smear Positive
Mongolia,1995,sp,m,55-64,13,Smear Positive
Mongolia,1995,sp,m,65+,15,Smear Positive
Mongolia,1995,sp,f,0-14,30,Smear Positive
Mongolia,1995,sp,f,15-24,70,Smear Positive
Mongolia,1995,sp,f,25-34,78,Smear Positive
Mongolia,1995,sp,f,35-44,33,Smear Positive
Mongolia,1995,sp,f,45-54,15,Smear Positive
Mongolia,1995,sp,f,55-64,9,Smear Positive
Mongolia,1995,sp,f,65+,25,Smear Positive
Mongolia,1996,sp,m,0-14,8,Smear Positive
Mongolia,1996,sp,m,15-24,103,Smear Positive
Mongolia,1996,sp,m,25-34,150,Smear Positive
Mongolia,1996,sp,m,35-44,91,Smear Positive
Mongolia,1996,sp,m,45-54,42,Smear Positive
Mongolia,1996,sp,m,55-64,24,Smear Positive
Mongolia,1996,sp,m,65+,19,Smear Positive
Mongolia,1996,sp,f,0-14,17,Smear Positive
Mongolia,1996,sp,f,15-24,98,Smear Positive
Mongolia,1996,sp,f,25-34,114,Smear Positive
Mongolia,1996,sp,f,35-44,45,Smear Positive
Mongolia,1996,sp,f,45-54,27,Smear Positive
Mongolia,1996,sp,f,55-64,19,Smear Positive
Mongolia,1996,sp,f,65+,12,Smear Positive
Mongolia,1997,sp,m,0-14,6,Smear Positive
Mongolia,1997,sp,m,15-24,173,Smear Positive
Mongolia,1997,sp,m,25-34,298,Smear Positive
Mongolia,1997,sp,m,35-44,204,Smear Positive
Mongolia,1997,sp,m,45-54,72,Smear Positive
Mongolia,1997,sp,m,55-64,32,Smear Positive
Mongolia,1997,sp,m,65+,17,Smear Positive
Mongolia,1997,sp,f,0-14,12,Smear Positive
Mongolia,1997,sp,f,15-24,109,Smear Positive
Mongolia,1997,sp,f,25-34,134,Smear Positive
Mongolia,1997,sp,f,35-44,71,Smear Positive
Mongolia,1997,sp,f,45-54,21,Smear Positive
Mongolia,1997,sp,f,55-64,13,Smear Positive
Mongolia,1997,sp,f,65+,9,Smear Positive
Mongolia,1998,sp,m,0-14,17,Smear Positive
Mongolia,1998,sp,m,15-24,213,Smear Positive
Mongolia,1998,sp,m,25-34,251,Smear Positive
Mongolia,1998,sp,m,35-44,158,Smear Positive
Mongolia,1998,sp,m,45-54,65,Smear Positive
Mongolia,1998,sp,m,55-64,32,Smear Positive
Mongolia,1998,sp,m,65+,22,Smear Positive
Mongolia,1998,sp,f,0-14,32,Smear Positive
Mongolia,1998,sp,f,15-24,162,Smear Positive
Mongolia,1998,sp,f,25-34,221,Smear Positive
Mongolia,1998,sp,f,35-44,115,Smear Positive
Mongolia,1998,sp,f,45-54,32,Smear Positive
Mongolia,1998,sp,f,55-64,21,Smear Positive
Mongolia,1998,sp,f,65+,15,Smear Positive
Mongolia,1999,sp,m,0-14,12,Smear Positive
Mongolia,1999,sp,m,15-24,213,Smear Positive
Mongolia,1999,sp,m,25-34,314,Smear Positive
Mongolia,1999,sp,m,35-44,178,Smear Positive
Mongolia,1999,sp,m,45-54,63,Smear Positive
Mongolia,1999,sp,m,55-64,34,Smear Positive
Mongolia,1999,sp,m,65+,26,Smear Positive
Mongolia,1999,sp,f,0-14,25,Smear Positive
Mongolia,1999,sp,f,15-24,205,Smear Positive
Mongolia,1999,sp,f,25-34,252,Smear Positive
Mongolia,1999,sp,f,35-44,113,Smear Positive
Mongolia,1999,sp,f,45-54,43,Smear Positive
Mongolia,1999,sp,f,55-64,18,Smear Positive
Mongolia,1999,sp,f,65+,17,Smear Positive
Mongolia,2000,sp,m,0-14,6,Smear Positive
Mongolia,2000,sp,m,15-24,181,Smear Positive
Mongolia,2000,sp,m,25-34,260,Smear Positive
Mongolia,2000,sp,m,35-44,171,Smear Positive
Mongolia,2000,sp,m,45-54,68,Smear Positive
Mongolia,2000,sp,m,55-64,38,Smear Positive
Mongolia,2000,sp,m,65+,23,Smear Positive
Mongolia,2000,sp,f,0-14,32,Smear Positive
Mongolia,2000,sp,f,15-24,200,Smear Positive
Mongolia,2000,sp,f,25-34,213,Smear Positive
Mongolia,2000,sp,f,35-44,113,Smear Positive
Mongolia,2000,sp,f,45-54,41,Smear Positive
Mongolia,2000,sp,f,55-64,26,Smear Positive
Mongolia,2000,sp,f,65+,17,Smear Positive
Mongolia,2001,sp,m,0-14,13,Smear Positive
Mongolia,2001,sp,m,15-24,236,Smear Positive
Mongolia,2001,sp,m,25-34,269,Smear Positive
Mongolia,2001,sp,m,35-44,179,Smear Positive
Mongolia,2001,sp,m,45-54,86,Smear Positive
Mongolia,2001,sp,m,55-64,45,Smear Positive
Mongolia,2001,sp,m,65+,36,Smear Positive
Mongolia,2001,sp,f,0-14,25,Smear Positive
Mongolia,2001,sp,f,15-24,253,Smear Positive
Mongolia,2001,sp,f,25-34,260,Smear Positive
Mongolia,2001,sp,f,35-44,125,Smear Positive
Mongolia,2001,sp,f,45-54,48,Smear Positive
Mongolia,2001,sp,f,55-64,28,Smear Positive
Mongolia,2001,sp,f,65+,29,Smear Positive
Mongolia,2002,sp,m,0-14,9,Smear Positive
Mongolia,2002,sp,m,15-24,242,Smear Positive
Mongolia,2002,sp,m,25-34,272,Smear Positive
Mongolia,2002,sp,m,35-44,184,Smear Positive
Mongolia,2002,sp,m,45-54,94,Smear Positive
Mongolia,2002,sp,m,55-64,57,Smear Positive
Mongolia,2002,sp,m,65+,47,Smear Positive
Mongolia,2002,sp,f,0-14,16,Smear Positive
Mongolia,2002,sp,f,15-24,263,Smear Positive
Mongolia,2002,sp,f,25-34,253,Smear Positive
Mongolia,2002,sp,f,35-44,133,Smear Positive
Mongolia,2002,sp,f,45-54,55,Smear Positive
Mongolia,2002,sp,f,55-64,22,Smear Positive
Mongolia,2002,sp,f,65+,23,Smear Positive
Mongolia,2003,sp,m,0-14,10,Smear Positive
Mongolia,2003,sp,m,15-24,206,Smear Positive
Mongolia,2003,sp,m,25-34,217,Smear Positive
Mongolia,2003,sp,m,35-44,171,Smear Positive
Mongolia,2003,sp,m,45-54,93,Smear Positive
Mongolia,2003,sp,m,55-64,55,Smear Positive
Mongolia,2003,sp,m,65+,39,Smear Positive
Mongolia,2003,sp,f,0-14,19,Smear Positive
Mongolia,2003,sp,f,15-24,254,Smear Positive
Mongolia,2003,sp,f,25-34,233,Smear Positive
Mongolia,2003,sp,f,35-44,148,Smear Positive
Mongolia,2003,sp,f,45-54,45,Smear Positive
Mongolia,2003,sp,f,55-64,32,Smear Positive
Mongolia,2003,sp,f,65+,19,Smear Positive
Mongolia,2004,sp,m,0-14,6,Smear Positive
Mongolia,2004,sp,m,15-24,287,Smear Positive
Mongolia,2004,sp,m,25-34,256,Smear Positive
Mongolia,2004,sp,m,35-44,229,Smear Positive
Mongolia,2004,sp,m,45-54,112,Smear Positive
Mongolia,2004,sp,m,55-64,54,Smear Positive
Mongolia,2004,sp,m,65+,43,Smear Positive
Mongolia,2004,sp,f,0-14,18,Smear Positive
Mongolia,2004,sp,f,15-24,283,Smear Positive
Mongolia,2004,sp,f,25-34,249,Smear Positive
Mongolia,2004,sp,f,35-44,162,Smear Positive
Mongolia,2004,sp,f,45-54,62,Smear Positive
Mongolia,2004,sp,f,55-64,24,Smear Positive
Mongolia,2004,sp,f,65+,23,Smear Positive
Mongolia,2005,sp,m,0-14,7,Smear Positive
Mongolia,2005,sp,m,15-24,271,Smear Positive
Mongolia,2005,sp,m,25-34,253,Smear Positive
Mongolia,2005,sp,m,35-44,232,Smear Positive
Mongolia,2005,sp,m,45-54,147,Smear Positive
Mongolia,2005,sp,m,55-64,52,Smear Positive
Mongolia,2005,sp,m,65+,36,Smear Positive
Mongolia,2005,sp,f,0-14,15,Smear Positive
Mongolia,2005,sp,f,15-24,320,Smear Positive
Mongolia,2005,sp,f,25-34,270,Smear Positive
Mongolia,2005,sp,f,35-44,145,Smear Positive
Mongolia,2005,sp,f,45-54,63,Smear Positive
Mongolia,2005,sp,f,55-64,32,Smear Positive
Mongolia,2005,sp,f,65+,25,Smear Positive
Mongolia,2006,sp,m,0-14,7,Smear Positive
Mongolia,2006,sp,m,15-24,317,Smear Positive
Mongolia,2006,sp,m,25-34,335,Smear Positive
Mongolia,2006,sp,m,35-44,241,Smear Positive
Mongolia,2006,sp,m,45-54,157,Smear Positive
Mongolia,2006,sp,m,55-64,64,Smear Positive
Mongolia,2006,sp,m,65+,41,Smear Positive
Mongolia,2006,sp,f,0-14,16,Smear Positive
Mongolia,2006,sp,f,15-24,372,Smear Positive
Mongolia,2006,sp,f,25-34,265,Smear Positive
Mongolia,2006,sp,f,35-44,180,Smear Positive
Mongolia,2006,sp,f,45-54,81,Smear Positive
Mongolia,2006,sp,f,55-64,24,Smear Positive
Mongolia,2006,sp,f,65+,29,Smear Positive
Mongolia,2007,sp,m,0-14,4,Smear Positive
Mongolia,2007,sp,m,15-24,280,Smear Positive
Mongolia,2007,sp,m,25-34,270,Smear Positive
Mongolia,2007,sp,m,35-44,232,Smear Positive
Mongolia,2007,sp,m,45-54,158,Smear Positive
Mongolia,2007,sp,m,55-64,48,Smear Positive
Mongolia,2007,sp,m,65+,34,Smear Positive
Mongolia,2007,sp,f,0-14,23,Smear Positive
Mongolia,2007,sp,f,15-24,273,Smear Positive
Mongolia,2007,sp,f,25-34,250,Smear Positive
Mongolia,2007,sp,f,35-44,139,Smear Positive
Mongolia,2007,sp,f,45-54,80,Smear Positive
Mongolia,2007,sp,f,55-64,36,Smear Positive
Mongolia,2007,sp,f,65+,29,Smear Positive
Mongolia,2008,sp,m,0-14,7,Smear Positive
Mongolia,2008,sp,m,15-24,289,Smear Positive
Mongolia,2008,sp,m,25-34,260,Smear Positive
Mongolia,2008,sp,m,35-44,235,Smear Positive
Mongolia,2008,sp,m,45-54,151,Smear Positive
Mongolia,2008,sp,m,55-64,59,Smear Positive
Mongolia,2008,sp,m,65+,36,Smear Positive
Mongolia,2008,sp,f,0-14,18,Smear Positive
Mongolia,2008,sp,f,15-24,283,Smear Positive
Mongolia,2008,sp,f,25-34,229,Smear Positive
Mongolia,2008,sp,f,35-44,127,Smear Positive
Mongolia,2008,sp,f,45-54,86,Smear Positive
Mongolia,2008,sp,f,55-64,32,Smear Positive
Mongolia,2008,sp,f,65+,26,Smear Positive
Mongolia,2009,sp,m,0-14,2,Smear Positive
Mongolia,2009,sp,m,15-24,280,Smear Positive
Mongolia,2009,sp,m,25-34,264,Smear Positive
Mongolia,2009,sp,m,35-44,199,Smear Positive
Mongolia,2009,sp,m,45-54,157,Smear Positive
Mongolia,2009,sp,m,55-64,64,Smear Positive
Mongolia,2009,sp,m,65+,27,Smear Positive
Mongolia,2009,sp,f,0-14,20,Smear Positive
Mongolia,2009,sp,f,15-24,306,Smear Positive
Mongolia,2009,sp,f,25-34,235,Smear Positive
Mongolia,2009,sp,f,35-44,140,Smear Positive
Mongolia,2009,sp,f,45-54,61,Smear Positive
Mongolia,2009,sp,f,55-64,27,Smear Positive
Mongolia,2009,sp,f,65+,27,Smear Positive
Mongolia,2010,sp,m,0-14,3,Smear Positive
Mongolia,2010,sp,m,15-24,285,Smear Positive
Mongolia,2010,sp,m,25-34,255,Smear Positive
Mongolia,2010,sp,m,35-44,231,Smear Positive
Mongolia,2010,sp,m,45-54,154,Smear Positive
Mongolia,2010,sp,m,55-64,50,Smear Positive
Mongolia,2010,sp,m,65+,40,Smear Positive
Mongolia,2010,sp,f,0-14,12,Smear Positive
Mongolia,2010,sp,f,15-24,296,Smear Positive
Mongolia,2010,sp,f,25-34,246,Smear Positive
Mongolia,2010,sp,f,35-44,112,Smear Positive
Mongolia,2010,sp,f,45-54,83,Smear Positive
Mongolia,2010,sp,f,55-64,42,Smear Positive
Mongolia,2010,sp,f,65+,28,Smear Positive
Mongolia,2010,sn,m,0-14,82,Smear Negative
Mongolia,2010,sn,m,15-24,85,Smear Negative
Mongolia,2010,sn,m,25-34,50,Smear Negative
Mongolia,2010,sn,m,35-44,39,Smear Negative
Mongolia,2010,sn,m,45-54,48,Smear Negative
Mongolia,2010,sn,m,55-64,25,Smear Negative
Mongolia,2010,sn,m,65+,24,Smear Negative
Mongolia,2010,sn,f,0-14,92,Smear Negative
Mongolia,2010,sn,f,15-24,103,Smear Negative
Mongolia,2010,sn,f,25-34,76,Smear Negative
Mongolia,2010,sn,f,35-44,30,Smear Negative
Mongolia,2010,sn,f,45-54,26,Smear Negative
Mongolia,2010,sn,f,55-64,8,Smear Negative
Mongolia,2010,sn,f,65+,13,Smear Negative
Mongolia,2010,ep,m,0-14,111,Extrapulmonary
Mongolia,2010,ep,m,15-24,263,Extrapulmonary
Mongolia,2010,ep,m,25-34,201,Extrapulmonary
Mongolia,2010,ep,m,35-44,117,Extrapulmonary
Mongolia,2010,ep,m,45-54,92,Extrapulmonary
Mongolia,2010,ep,m,55-64,36,Extrapulmonary
Mongolia,2010,ep,m,65+,22,Extrapulmonary
Mongolia,2010,ep,f,0-14,84,Extrapulmonary
Mongolia,2010,ep,f,15-24,254,Extrapulmonary
Mongolia,2010,ep,f,25-34,204,Extrapulmonary
Mongolia,2010,ep,f,35-44,120,Extrapulmonary
Mongolia,2010,ep,f,45-54,98,Extrapulmonary
Mongolia,2010,ep,f,55-64,34,Extrapulmonary
Mongolia,2010,ep,f,65+,39,Extrapulmonary
Mongolia,2011,sp,m,0-14,2,Smear Positive
Mongolia,2011,sp,m,15-24,246,Smear Positive
Mongolia,2011,sp,m,25-34,289,Smear Positive
Mongolia,2011,sp,m,35-44,205,Smear Positive
Mongolia,2011,sp,m,45-54,170,Smear Positive
Mongolia,2011,sp,m,55-64,71,Smear Positive
Mongolia,2011,sp,m,65+,41,Smear Positive
Mongolia,2011,sp,f,0-14,10,Smear Positive
Mongolia,2011,sp,f,15-24,250,Smear Positive
Mongolia,2011,sp,f,25-34,192,Smear Positive
Mongolia,2011,sp,f,35-44,121,Smear Positive
Mongolia,2011,sp,f,45-54,61,Smear Positive
Mongolia,2011,sp,f,55-64,40,Smear Positive
Mongolia,2011,sp,f,65+,25,Smear Positive
Mongolia,2011,sn,m,0-14,95,Smear Negative
Mongolia,2011,sn,m,15-24,79,Smear Negative
Mongolia,2011,sn,m,25-34,50,Smear Negative
Mongolia,2011,sn,m,35-44,47,Smear Negative
Mongolia,2011,sn,m,45-54,44,Smear Negative
Mongolia,2011,sn,m,55-64,25,Smear Negative
Mongolia,2011,sn,m,65+,25,Smear Negative
Mongolia,2011,sn,f,0-14,81,Smear Negative
Mongolia,2011,sn,f,15-24,85,Smear Negative
Mongolia,2011,sn,f,25-34,70,Smear Negative
Mongolia,2011,sn,f,35-44,29,Smear Negative
Mongolia,2011,sn,f,45-54,26,Smear Negative
Mongolia,2011,sn,f,55-64,16,Smear Negative
Mongolia,2011,sn,f,65+,12,Smear Negative
Mongolia,2011,ep,m,0-14,105,Extrapulmonary
Mongolia,2011,ep,m,15-24,268,Extrapulmonary
Mongolia,2011,ep,m,25-34,206,Extrapulmonary
Mongolia,2011,ep,m,35-44,118,Extrapulmonary
Mongolia,2011,ep,m,45-54,69,Extrapulmonary
Mongolia,2011,ep,m,55-64,28,Extrapulmonary
Mongolia,2011,ep,m,65+,28,Extrapulmonary
Mongolia,2011,ep,f,0-14,77,Extrapulmonary
Mongolia,2011,ep,f,15-24,221,Extrapulmonary
Mongolia,2011,ep,f,25-34,211,Extrapulmonary
Mongolia,2011,ep,f,35-44,115,Extrapulmonary
Mongolia,2011,ep,f,45-54,87,Extrapulmonary
Mongolia,2011,ep,f,55-64,25,Extrapulmonary
Mongolia,2011,ep,f,65+,20,Extrapulmonary
Mongolia,2012,sp,m,0-14,7,Smear Positive
Mongolia,2012,sp,m,15-24,257,Smear Positive
Mongolia,2012,sp,m,25-34,268,Smear Positive
Mongolia,2012,sp,m,35-44,191,Smear Positive
Mongolia,2012,sp,m,45-54,184,Smear Positive
Mongolia,2012,sp,m,55-64,63,Smear Positive
Mongolia,2012,sp,m,65+,37,Smear Positive
Mongolia,2012,sp,f,0-14,11,Smear Positive
Mongolia,2012,sp,f,15-24,250,Smear Positive
Mongolia,2012,sp,f,25-34,208,Smear Positive
Mongolia,2012,sp,f,35-44,97,Smear Positive
Mongolia,2012,sp,f,45-54,82,Smear Positive
Mongolia,2012,sp,f,55-64,28,Smear Positive
Mongolia,2012,sp,f,65+,33,Smear Positive
Mongolia,2012,sn,m,0-14,63,Smear Negative
Mongolia,2012,sn,m,15-24,70,Smear Negative
Mongolia,2012,sn,m,25-34,66,Smear Negative
Mongolia,2012,sn,m,35-44,56,Smear Negative
Mongolia,2012,sn,m,45-54,47,Smear Negative
Mongolia,2012,sn,m,55-64,21,Smear Negative
Mongolia,2012,sn,m,65+,18,Smear Negative
Mongolia,2012,sn,f,0-14,65,Smear Negative
Mongolia,2012,sn,f,15-24,77,Smear Negative
Mongolia,2012,sn,f,25-34,60,Smear Negative
Mongolia,2012,sn,f,35-44,25,Smear Negative
Mongolia,2012,sn,f,45-54,18,Smear Negative
Mongolia,2012,sn,f,55-64,16,Smear Negative
Mongolia,2012,sn,f,65+,15,Smear Negative
Mongolia,2012,ep,m,0-14,89,Extrapulmonary
Mongolia,2012,ep,m,15-24,250,Extrapulmonary
Mongolia,2012,ep,m,25-34,230,Extrapulmonary
Mongolia,2012,ep,m,35-44,121,Extrapulmonary
Mongolia,2012,ep,m,45-54,86,Extrapulmonary
Mongolia,2012,ep,m,55-64,39,Extrapulmonary
Mongolia,2012,ep,m,65+,37,Extrapulmonary
Mongolia,2012,ep,f,0-14,76,Extrapulmonary
Mongolia,2012,ep,f,15-24,258,Extrapulmonary
Mongolia,2012,ep,f,25-34,169,Extrapulmonary
Mongolia,2012,ep,f,35-44,106,Extrapulmonary
Mongolia,2012,ep,f,45-54,84,Extrapulmonary
Mongolia,2012,ep,f,55-64,38,Extrapulmonary
Mongolia,2012,ep,f,65+,28,Extrapulmonary
Mongolia,2013,rel,m,0-14,174,Relapse
Mongolia,2013,rel,m,15-24,621,Relapse
Mongolia,2013,rel,m,25-34,576,Relapse
Mongolia,2013,rel,m,35-44,457,Relapse
Mongolia,2013,rel,m,45-54,334,Relapse
Mongolia,2013,rel,m,55-64,166,Relapse
Mongolia,2013,rel,m,65+,101,Relapse
Mongolia,2013,rel,f,0-14,185,Relapse
Mongolia,2013,rel,f,15-24,579,Relapse
Mongolia,2013,rel,f,25-34,541,Relapse
Mongolia,2013,rel,f,35-44,241,Relapse
Mongolia,2013,rel,f,45-54,181,Relapse
Mongolia,2013,rel,f,55-64,92,Relapse
Mongolia,2013,rel,f,65+,83,Relapse
Montenegro,2005,sp,m,0-14,0,Smear Positive
Montenegro,2005,sp,m,15-24,3,Smear Positive
Montenegro,2005,sp,m,25-34,5,Smear Positive
Montenegro,2005,sp,m,35-44,7,Smear Positive
Montenegro,2005,sp,m,45-54,15,Smear Positive
Montenegro,2005,sp,m,55-64,4,Smear Positive
Montenegro,2005,sp,m,65+,8,Smear Positive
Montenegro,2005,sp,f,0-14,0,Smear Positive
Montenegro,2005,sp,f,15-24,0,Smear Positive
Montenegro,2005,sp,f,25-34,7,Smear Positive
Montenegro,2005,sp,f,35-44,3,Smear Positive
Montenegro,2005,sp,f,45-54,4,Smear Positive
Montenegro,2005,sp,f,55-64,0,Smear Positive
Montenegro,2005,sp,f,65+,8,Smear Positive
Montenegro,2006,sp,m,0-14,0,Smear Positive
Montenegro,2006,sp,m,15-24,0,Smear Positive
Montenegro,2006,sp,m,25-34,7,Smear Positive
Montenegro,2006,sp,m,35-44,7,Smear Positive
Montenegro,2006,sp,m,45-54,12,Smear Positive
Montenegro,2006,sp,m,55-64,9,Smear Positive
Montenegro,2006,sp,m,65+,3,Smear Positive
Montenegro,2006,sp,f,15-24,3,Smear Positive
Montenegro,2006,sp,f,25-34,4,Smear Positive
Montenegro,2006,sp,f,35-44,4,Smear Positive
Montenegro,2006,sp,f,45-54,4,Smear Positive
Montenegro,2006,sp,f,55-64,3,Smear Positive
Montenegro,2006,sp,f,65+,2,Smear Positive
Montenegro,2006,sn,m,15-24,5,Smear Negative
Montenegro,2006,sn,m,25-34,2,Smear Negative
Montenegro,2006,sn,m,35-44,10,Smear Negative
Montenegro,2006,sn,m,45-54,15,Smear Negative
Montenegro,2006,sn,m,55-64,7,Smear Negative
Montenegro,2006,sn,m,65+,9,Smear Negative
Montenegro,2006,sn,f,0-14,1,Smear Negative
Montenegro,2006,sn,f,15-24,2,Smear Negative
Montenegro,2006,sn,f,25-34,2,Smear Negative
Montenegro,2006,sn,f,35-44,3,Smear Negative
Montenegro,2006,sn,f,45-54,3,Smear Negative
Montenegro,2006,sn,f,55-64,4,Smear Negative
Montenegro,2006,sn,f,65+,11,Smear Negative
Montenegro,2006,ep,m,15-24,3,Extrapulmonary
Montenegro,2006,ep,m,25-34,2,Extrapulmonary
Montenegro,2006,ep,m,35-44,1,Extrapulmonary
Montenegro,2006,ep,m,45-54,2,Extrapulmonary
Montenegro,2006,ep,m,55-64,4,Extrapulmonary
Montenegro,2006,ep,m,65+,0,Extrapulmonary
Montenegro,2006,ep,f,15-24,1,Extrapulmonary
Montenegro,2006,ep,f,25-34,2,Extrapulmonary
Montenegro,2006,ep,f,35-44,0,Extrapulmonary
Montenegro,2006,ep,f,45-54,0,Extrapulmonary
Montenegro,2006,ep,f,55-64,0,Extrapulmonary
Montenegro,2006,ep,f,65+,2,Extrapulmonary
Montenegro,2007,sp,m,0-14,0,Smear Positive
Montenegro,2007,sp,m,15-24,0,Smear Positive
Montenegro,2007,sp,m,25-34,6,Smear Positive
Montenegro,2007,sp,m,35-44,3,Smear Positive
Montenegro,2007,sp,m,45-54,10,Smear Positive
Montenegro,2007,sp,m,55-64,1,Smear Positive
Montenegro,2007,sp,m,65+,3,Smear Positive
Montenegro,2007,sp,f,0-14,0,Smear Positive
Montenegro,2007,sp,f,15-24,3,Smear Positive
Montenegro,2007,sp,f,25-34,3,Smear Positive
Montenegro,2007,sp,f,35-44,4,Smear Positive
Montenegro,2007,sp,f,45-54,3,Smear Positive
Montenegro,2007,sp,f,55-64,3,Smear Positive
Montenegro,2007,sp,f,65+,1,Smear Positive
Montenegro,2007,sn,m,0-14,2,Smear Negative
Montenegro,2007,sn,m,15-24,4,Smear Negative
Montenegro,2007,sn,m,25-34,3,Smear Negative
Montenegro,2007,sn,m,35-44,6,Smear Negative
Montenegro,2007,sn,m,45-54,15,Smear Negative
Montenegro,2007,sn,m,55-64,9,Smear Negative
Montenegro,2007,sn,m,65+,15,Smear Negative
Montenegro,2007,sn,f,0-14,0,Smear Negative
Montenegro,2007,sn,f,15-24,4,Smear Negative
Montenegro,2007,sn,f,25-34,6,Smear Negative
Montenegro,2007,sn,f,35-44,7,Smear Negative
Montenegro,2007,sn,f,45-54,1,Smear Negative
Montenegro,2007,sn,f,55-64,3,Smear Negative
Montenegro,2007,sn,f,65+,3,Smear Negative
Montenegro,2007,ep,m,0-14,0,Extrapulmonary
Montenegro,2007,ep,m,15-24,2,Extrapulmonary
Montenegro,2007,ep,m,25-34,3,Extrapulmonary
Montenegro,2007,ep,m,35-44,1,Extrapulmonary
Montenegro,2007,ep,m,45-54,2,Extrapulmonary
Montenegro,2007,ep,m,55-64,0,Extrapulmonary
Montenegro,2007,ep,m,65+,2,Extrapulmonary
Montenegro,2007,ep,f,0-14,0,Extrapulmonary
Montenegro,2007,ep,f,15-24,1,Extrapulmonary
Montenegro,2007,ep,f,25-34,2,Extrapulmonary
Montenegro,2007,ep,f,35-44,2,Extrapulmonary
Montenegro,2007,ep,f,45-54,1,Extrapulmonary
Montenegro,2007,ep,f,55-64,1,Extrapulmonary
Montenegro,2007,ep,f,65+,1,Extrapulmonary
Montenegro,2008,sp,m,0-14,0,Smear Positive
Montenegro,2008,sp,m,15-24,2,Smear Positive
Montenegro,2008,sp,m,25-34,7,Smear Positive
Montenegro,2008,sp,m,35-44,10,Smear Positive
Montenegro,2008,sp,m,45-54,5,Smear Positive
Montenegro,2008,sp,m,55-64,5,Smear Positive
Montenegro,2008,sp,m,65+,1,Smear Positive
Montenegro,2008,sp,f,0-14,0,Smear Positive
Montenegro,2008,sp,f,15-24,4,Smear Positive
Montenegro,2008,sp,f,25-34,5,Smear Positive
Montenegro,2008,sp,f,35-44,5,Smear Positive
Montenegro,2008,sp,f,45-54,10,Smear Positive
Montenegro,2008,sp,f,55-64,4,Smear Positive
Montenegro,2008,sp,f,65+,7,Smear Positive
Montenegro,2008,sn,m,0-14,0,Smear Negative
Montenegro,2008,sn,m,15-24,2,Smear Negative
Montenegro,2008,sn,m,25-34,4,Smear Negative
Montenegro,2008,sn,m,35-44,1,Smear Negative
Montenegro,2008,sn,m,45-54,4,Smear Negative
Montenegro,2008,sn,m,55-64,3,Smear Negative
Montenegro,2008,sn,m,65+,3,Smear Negative
Montenegro,2008,sn,f,0-14,1,Smear Negative
Montenegro,2008,sn,f,15-24,3,Smear Negative
Montenegro,2008,sn,f,25-34,1,Smear Negative
Montenegro,2008,sn,f,35-44,3,Smear Negative
Montenegro,2008,sn,f,45-54,3,Smear Negative
Montenegro,2008,sn,f,55-64,3,Smear Negative
Montenegro,2008,sn,f,65+,7,Smear Negative
Montenegro,2008,ep,m,0-14,0,Extrapulmonary
Montenegro,2008,ep,m,15-24,0,Extrapulmonary
Montenegro,2008,ep,m,25-34,0,Extrapulmonary
Montenegro,2008,ep,m,35-44,3,Extrapulmonary
Montenegro,2008,ep,m,45-54,1,Extrapulmonary
Montenegro,2008,ep,m,55-64,1,Extrapulmonary
Montenegro,2008,ep,m,65+,4,Extrapulmonary
Montenegro,2008,ep,f,0-14,0,Extrapulmonary
Montenegro,2008,ep,f,15-24,3,Extrapulmonary
Montenegro,2008,ep,f,25-34,1,Extrapulmonary
Montenegro,2008,ep,f,35-44,2,Extrapulmonary
Montenegro,2008,ep,f,45-54,2,Extrapulmonary
Montenegro,2008,ep,f,55-64,3,Extrapulmonary
Montenegro,2008,ep,f,65+,0,Extrapulmonary
Montenegro,2009,sp,m,0-14,0,Smear Positive
Montenegro,2009,sp,m,15-24,1,Smear Positive
Montenegro,2009,sp,m,25-34,5,Smear Positive
Montenegro,2009,sp,m,35-44,6,Smear Positive
Montenegro,2009,sp,m,45-54,10,Smear Positive
Montenegro,2009,sp,m,55-64,5,Smear Positive
Montenegro,2009,sp,m,65+,9,Smear Positive
Montenegro,2009,sp,f,0-14,1,Smear Positive
Montenegro,2009,sp,f,15-24,1,Smear Positive
Montenegro,2009,sp,f,25-34,5,Smear Positive
Montenegro,2009,sp,f,35-44,3,Smear Positive
Montenegro,2009,sp,f,45-54,2,Smear Positive
Montenegro,2009,sp,f,55-64,2,Smear Positive
Montenegro,2009,sp,f,65+,3,Smear Positive
Montenegro,2009,sn,m,0-14,0,Smear Negative
Montenegro,2009,sn,m,15-24,3,Smear Negative
Montenegro,2009,sn,m,25-34,1,Smear Negative
Montenegro,2009,sn,m,35-44,8,Smear Negative
Montenegro,2009,sn,m,45-54,5,Smear Negative
Montenegro,2009,sn,m,55-64,2,Smear Negative
Montenegro,2009,sn,m,65+,5,Smear Negative
Montenegro,2009,sn,f,0-14,1,Smear Negative
Montenegro,2009,sn,f,15-24,4,Smear Negative
Montenegro,2009,sn,f,25-34,1,Smear Negative
Montenegro,2009,sn,f,35-44,2,Smear Negative
Montenegro,2009,sn,f,45-54,5,Smear Negative
Montenegro,2009,sn,f,55-64,4,Smear Negative
Montenegro,2009,sn,f,65+,2,Smear Negative
Montenegro,2009,ep,m,0-14,0,Extrapulmonary
Montenegro,2009,ep,m,15-24,1,Extrapulmonary
Montenegro,2009,ep,m,25-34,1,Extrapulmonary
Montenegro,2009,ep,m,35-44,1,Extrapulmonary
Montenegro,2009,ep,m,45-54,2,Extrapulmonary
Montenegro,2009,ep,m,55-64,0,Extrapulmonary
Montenegro,2009,ep,m,65+,2,Extrapulmonary
Montenegro,2009,ep,f,0-14,0,Extrapulmonary
Montenegro,2009,ep,f,15-24,0,Extrapulmonary
Montenegro,2009,ep,f,25-34,1,Extrapulmonary
Montenegro,2009,ep,f,35-44,0,Extrapulmonary
Montenegro,2009,ep,f,45-54,3,Extrapulmonary
Montenegro,2009,ep,f,55-64,1,Extrapulmonary
Montenegro,2009,ep,f,65+,0,Extrapulmonary
Montenegro,2010,sp,m,0-14,0,Smear Positive
Montenegro,2010,sp,m,15-24,1,Smear Positive
Montenegro,2010,sp,m,25-34,1,Smear Positive
Montenegro,2010,sp,m,35-44,4,Smear Positive
Montenegro,2010,sp,m,45-54,4,Smear Positive
Montenegro,2010,sp,m,55-64,7,Smear Positive
Montenegro,2010,sp,m,65+,1,Smear Positive
Montenegro,2010,sp,f,0-14,1,Smear Positive
Montenegro,2010,sp,f,15-24,3,Smear Positive
Montenegro,2010,sp,f,25-34,3,Smear Positive
Montenegro,2010,sp,f,35-44,2,Smear Positive
Montenegro,2010,sp,f,45-54,3,Smear Positive
Montenegro,2010,sp,f,55-64,1,Smear Positive
Montenegro,2010,sp,f,65+,8,Smear Positive
Montenegro,2010,sn,m,0-14,1,Smear Negative
Montenegro,2010,sn,m,15-24,1,Smear Negative
Montenegro,2010,sn,m,25-34,2,Smear Negative
Montenegro,2010,sn,m,35-44,2,Smear Negative
Montenegro,2010,sn,m,45-54,7,Smear Negative
Montenegro,2010,sn,m,55-64,7,Smear Negative
Montenegro,2010,sn,m,65+,9,Smear Negative
Montenegro,2010,sn,f,0-14,0,Smear Negative
Montenegro,2010,sn,f,15-24,5,Smear Negative
Montenegro,2010,sn,f,25-34,2,Smear Negative
Montenegro,2010,sn,f,35-44,3,Smear Negative
Montenegro,2010,sn,f,45-54,1,Smear Negative
Montenegro,2010,sn,f,55-64,3,Smear Negative
Montenegro,2010,sn,f,65+,6,Smear Negative
Montenegro,2010,ep,m,0-14,1,Extrapulmonary
Montenegro,2010,ep,m,15-24,1,Extrapulmonary
Montenegro,2010,ep,m,25-34,1,Extrapulmonary
Montenegro,2010,ep,m,35-44,2,Extrapulmonary
Montenegro,2010,ep,m,45-54,3,Extrapulmonary
Montenegro,2010,ep,m,55-64,0,Extrapulmonary
Montenegro,2010,ep,m,65+,0,Extrapulmonary
Montenegro,2010,ep,f,0-14,0,Extrapulmonary
Montenegro,2010,ep,f,15-24,1,Extrapulmonary
Montenegro,2010,ep,f,25-34,1,Extrapulmonary
Montenegro,2010,ep,f,35-44,1,Extrapulmonary
Montenegro,2010,ep,f,45-54,0,Extrapulmonary
Montenegro,2010,ep,f,55-64,1,Extrapulmonary
Montenegro,2010,ep,f,65+,2,Extrapulmonary
Montenegro,2011,sp,m,0-14,0,Smear Positive
Montenegro,2011,sp,m,15-24,1,Smear Positive
Montenegro,2011,sp,m,25-34,2,Smear Positive
Montenegro,2011,sp,m,35-44,8,Smear Positive
Montenegro,2011,sp,m,45-54,11,Smear Positive
Montenegro,2011,sp,m,55-64,7,Smear Positive
Montenegro,2011,sp,m,65+,3,Smear Positive
Montenegro,2011,sp,f,0-14,1,Smear Positive
Montenegro,2011,sp,f,15-24,4,Smear Positive
Montenegro,2011,sp,f,25-34,2,Smear Positive
Montenegro,2011,sp,f,35-44,4,Smear Positive
Montenegro,2011,sp,f,45-54,3,Smear Positive
Montenegro,2011,sp,f,55-64,1,Smear Positive
Montenegro,2011,sp,f,65+,1,Smear Positive
Montenegro,2011,sn,m,0-14,0,Smear Negative
Montenegro,2011,sn,m,15-24,1,Smear Negative
Montenegro,2011,sn,m,25-34,6,Smear Negative
Montenegro,2011,sn,m,35-44,3,Smear Negative
Montenegro,2011,sn,m,45-54,6,Smear Negative
Montenegro,2011,sn,m,55-64,1,Smear Negative
Montenegro,2011,sn,m,65+,4,Smear Negative
Montenegro,2011,sn,f,0-14,1,Smear Negative
Montenegro,2011,sn,f,15-24,6,Smear Negative
Montenegro,2011,sn,f,25-34,1,Smear Negative
Montenegro,2011,sn,f,35-44,3,Smear Negative
Montenegro,2011,sn,f,45-54,5,Smear Negative
Montenegro,2011,sn,f,55-64,1,Smear Negative
Montenegro,2011,sn,f,65+,2,Smear Negative
Montenegro,2011,ep,m,0-14,0,Extrapulmonary
Montenegro,2011,ep,m,15-24,1,Extrapulmonary
Montenegro,2011,ep,m,25-34,0,Extrapulmonary
Montenegro,2011,ep,m,35-44,0,Extrapulmonary
Montenegro,2011,ep,m,45-54,0,Extrapulmonary
Montenegro,2011,ep,m,55-64,1,Extrapulmonary
Montenegro,2011,ep,m,65+,0,Extrapulmonary
Montenegro,2011,ep,f,0-14,1,Extrapulmonary
Montenegro,2011,ep,f,15-24,1,Extrapulmonary
Montenegro,2011,ep,f,25-34,1,Extrapulmonary
Montenegro,2011,ep,f,35-44,2,Extrapulmonary
Montenegro,2011,ep,f,45-54,1,Extrapulmonary
Montenegro,2011,ep,f,55-64,1,Extrapulmonary
Montenegro,2011,ep,f,65+,3,Extrapulmonary
Montenegro,2012,sp,m,0-14,0,Smear Positive
Montenegro,2012,sp,m,15-24,3,Smear Positive
Montenegro,2012,sp,m,25-34,4,Smear Positive
Montenegro,2012,sp,m,35-44,5,Smear Positive
Montenegro,2012,sp,m,45-54,10,Smear Positive
Montenegro,2012,sp,m,55-64,3,Smear Positive
Montenegro,2012,sp,m,65+,4,Smear Positive
Montenegro,2012,sp,f,0-14,0,Smear Positive
Montenegro,2012,sp,f,15-24,4,Smear Positive
Montenegro,2012,sp,f,25-34,5,Smear Positive
Montenegro,2012,sp,f,35-44,1,Smear Positive
Montenegro,2012,sp,f,45-54,2,Smear Positive
Montenegro,2012,sp,f,55-64,1,Smear Positive
Montenegro,2012,sp,f,65+,3,Smear Positive
Montenegro,2012,sn,m,0-14,0,Smear Negative
Montenegro,2012,sn,m,15-24,0,Smear Negative
Montenegro,2012,sn,m,25-34,2,Smear Negative
Montenegro,2012,sn,m,35-44,5,Smear Negative
Montenegro,2012,sn,m,45-54,3,Smear Negative
Montenegro,2012,sn,m,55-64,4,Smear Negative
Montenegro,2012,sn,m,65+,9,Smear Negative
Montenegro,2012,sn,f,0-14,0,Smear Negative
Montenegro,2012,sn,f,15-24,1,Smear Negative
Montenegro,2012,sn,f,25-34,6,Smear Negative
Montenegro,2012,sn,f,35-44,1,Smear Negative
Montenegro,2012,sn,f,45-54,1,Smear Negative
Montenegro,2012,sn,f,55-64,4,Smear Negative
Montenegro,2012,sn,f,65+,0,Smear Negative
Montenegro,2012,ep,m,0-14,0,Extrapulmonary
Montenegro,2012,ep,m,15-24,0,Extrapulmonary
Montenegro,2012,ep,m,25-34,0,Extrapulmonary
Montenegro,2012,ep,m,35-44,2,Extrapulmonary
Montenegro,2012,ep,m,45-54,1,Extrapulmonary
Montenegro,2012,ep,m,55-64,2,Extrapulmonary
Montenegro,2012,ep,m,65+,0,Extrapulmonary
Montenegro,2012,ep,f,0-14,0,Extrapulmonary
Montenegro,2012,ep,f,15-24,0,Extrapulmonary
Montenegro,2012,ep,f,25-34,1,Extrapulmonary
Montenegro,2012,ep,f,35-44,1,Extrapulmonary
Montenegro,2012,ep,f,45-54,2,Extrapulmonary
Montenegro,2012,ep,f,55-64,1,Extrapulmonary
Montenegro,2012,ep,f,65+,3,Extrapulmonary
Montenegro,2013,rel,m,0-14,0,Relapse
Montenegro,2013,rel,m,15-24,8,Relapse
Montenegro,2013,rel,m,25-34,8,Relapse
Montenegro,2013,rel,m,35-44,17,Relapse
Montenegro,2013,rel,m,45-54,16,Relapse
Montenegro,2013,rel,m,55-64,11,Relapse
Montenegro,2013,rel,m,65+,14,Relapse
Montenegro,2013,rel,f,0-14,1,Relapse
Montenegro,2013,rel,f,15-24,6,Relapse
Montenegro,2013,rel,f,25-34,6,Relapse
Montenegro,2013,rel,f,35-44,7,Relapse
Montenegro,2013,rel,f,45-54,6,Relapse
Montenegro,2013,rel,f,55-64,8,Relapse
Montenegro,2013,rel,f,65+,11,Relapse
Montserrat,2003,sp,m,0-14,0,Smear Positive
Montserrat,2003,sp,m,15-24,0,Smear Positive
Montserrat,2003,sp,m,25-34,1,Smear Positive
Montserrat,2003,sp,m,35-44,0,Smear Positive
Montserrat,2003,sp,m,45-54,0,Smear Positive
Montserrat,2003,sp,m,55-64,0,Smear Positive
Montserrat,2003,sp,m,65+,1,Smear Positive
Montserrat,2003,sp,f,0-14,0,Smear Positive
Montserrat,2003,sp,f,15-24,0,Smear Positive
Montserrat,2003,sp,f,25-34,0,Smear Positive
Montserrat,2003,sp,f,35-44,0,Smear Positive
Montserrat,2003,sp,f,45-54,0,Smear Positive
Montserrat,2003,sp,f,55-64,0,Smear Positive
Montserrat,2003,sp,f,65+,0,Smear Positive
Montserrat,2004,sp,m,0-14,0,Smear Positive
Montserrat,2004,sp,m,15-24,0,Smear Positive
Montserrat,2004,sp,m,25-34,0,Smear Positive
Montserrat,2004,sp,m,35-44,0,Smear Positive
Montserrat,2004,sp,m,45-54,0,Smear Positive
Montserrat,2004,sp,m,55-64,0,Smear Positive
Montserrat,2004,sp,m,65+,0,Smear Positive
Montserrat,2004,sp,f,0-14,0,Smear Positive
Montserrat,2004,sp,f,15-24,0,Smear Positive
Montserrat,2004,sp,f,25-34,0,Smear Positive
Montserrat,2004,sp,f,35-44,0,Smear Positive
Montserrat,2004,sp,f,45-54,0,Smear Positive
Montserrat,2004,sp,f,55-64,0,Smear Positive
Montserrat,2004,sp,f,65+,0,Smear Positive
Montserrat,2005,sp,m,45-54,1,Smear Positive
Montserrat,2007,sp,f,65+,1,Smear Positive
Montserrat,2010,sp,m,0-14,0,Smear Positive
Montserrat,2010,sp,m,15-24,0,Smear Positive
Montserrat,2010,sp,m,25-34,0,Smear Positive
Montserrat,2010,sp,m,35-44,0,Smear Positive
Montserrat,2010,sp,m,45-54,0,Smear Positive
Montserrat,2010,sp,m,55-64,0,Smear Positive
Montserrat,2010,sp,m,65+,0,Smear Positive
Montserrat,2010,sp,f,0-14,0,Smear Positive
Montserrat,2010,sp,f,15-24,0,Smear Positive
Montserrat,2010,sp,f,25-34,0,Smear Positive
Montserrat,2010,sp,f,35-44,0,Smear Positive
Montserrat,2010,sp,f,45-54,0,Smear Positive
Montserrat,2010,sp,f,55-64,0,Smear Positive
Montserrat,2010,sp,f,65+,0,Smear Positive
Montserrat,2010,sn,m,0-14,0,Smear Negative
Montserrat,2010,sn,m,15-24,0,Smear Negative
Montserrat,2010,sn,m,25-34,0,Smear Negative
Montserrat,2010,sn,m,35-44,0,Smear Negative
Montserrat,2010,sn,m,45-54,0,Smear Negative
Montserrat,2010,sn,m,55-64,0,Smear Negative
Montserrat,2010,sn,m,65+,0,Smear Negative
Montserrat,2010,sn,f,0-14,0,Smear Negative
Montserrat,2010,sn,f,15-24,0,Smear Negative
Montserrat,2010,sn,f,25-34,0,Smear Negative
Montserrat,2010,sn,f,35-44,0,Smear Negative
Montserrat,2010,sn,f,45-54,0,Smear Negative
Montserrat,2010,sn,f,55-64,0,Smear Negative
Montserrat,2010,sn,f,65+,0,Smear Negative
Montserrat,2010,ep,m,0-14,0,Extrapulmonary
Montserrat,2010,ep,m,15-24,0,Extrapulmonary
Montserrat,2010,ep,m,25-34,0,Extrapulmonary
Montserrat,2010,ep,m,35-44,0,Extrapulmonary
Montserrat,2010,ep,m,45-54,0,Extrapulmonary
Montserrat,2010,ep,m,55-64,0,Extrapulmonary
Montserrat,2010,ep,m,65+,0,Extrapulmonary
Montserrat,2010,ep,f,0-14,0,Extrapulmonary
Montserrat,2010,ep,f,15-24,0,Extrapulmonary
Montserrat,2010,ep,f,25-34,0,Extrapulmonary
Montserrat,2010,ep,f,35-44,0,Extrapulmonary
Montserrat,2010,ep,f,45-54,0,Extrapulmonary
Montserrat,2010,ep,f,55-64,0,Extrapulmonary
Montserrat,2010,ep,f,65+,0,Extrapulmonary
Montserrat,2011,sp,m,0-14,0,Smear Positive
Montserrat,2011,sp,m,15-24,0,Smear Positive
Montserrat,2011,sp,m,25-34,0,Smear Positive
Montserrat,2011,sp,m,35-44,0,Smear Positive
Montserrat,2011,sp,m,45-54,0,Smear Positive
Montserrat,2011,sp,m,55-64,0,Smear Positive
Montserrat,2011,sp,m,65+,0,Smear Positive
Montserrat,2011,sp,f,0-14,0,Smear Positive
Montserrat,2011,sp,f,15-24,0,Smear Positive
Montserrat,2011,sp,f,25-34,0,Smear Positive
Montserrat,2011,sp,f,35-44,0,Smear Positive
Montserrat,2011,sp,f,45-54,0,Smear Positive
Montserrat,2011,sp,f,55-64,0,Smear Positive
Montserrat,2011,sp,f,65+,0,Smear Positive
Montserrat,2011,sn,m,0-14,0,Smear Negative
Montserrat,2011,sn,m,15-24,0,Smear Negative
Montserrat,2011,sn,m,25-34,0,Smear Negative
Montserrat,2011,sn,m,35-44,0,Smear Negative
Montserrat,2011,sn,m,45-54,0,Smear Negative
Montserrat,2011,sn,m,55-64,0,Smear Negative
Montserrat,2011,sn,m,65+,0,Smear Negative
Montserrat,2011,sn,f,0-14,0,Smear Negative
Montserrat,2011,sn,f,15-24,0,Smear Negative
Montserrat,2011,sn,f,25-34,0,Smear Negative
Montserrat,2011,sn,f,35-44,0,Smear Negative
Montserrat,2011,sn,f,45-54,0,Smear Negative
Montserrat,2011,sn,f,55-64,0,Smear Negative
Montserrat,2011,sn,f,65+,0,Smear Negative
Montserrat,2011,ep,m,0-14,0,Extrapulmonary
Montserrat,2011,ep,m,15-24,0,Extrapulmonary
Montserrat,2011,ep,m,25-34,0,Extrapulmonary
Montserrat,2011,ep,m,35-44,0,Extrapulmonary
Montserrat,2011,ep,m,45-54,0,Extrapulmonary
Montserrat,2011,ep,m,55-64,0,Extrapulmonary
Montserrat,2011,ep,m,65+,0,Extrapulmonary
Montserrat,2011,ep,f,0-14,0,Extrapulmonary
Montserrat,2011,ep,f,15-24,0,Extrapulmonary
Montserrat,2011,ep,f,25-34,0,Extrapulmonary
Montserrat,2011,ep,f,35-44,0,Extrapulmonary
Montserrat,2011,ep,f,45-54,0,Extrapulmonary
Montserrat,2011,ep,f,55-64,0,Extrapulmonary
Montserrat,2011,ep,f,65+,0,Extrapulmonary
Montserrat,2012,sp,m,0-14,0,Smear Positive
Montserrat,2012,sp,m,15-24,0,Smear Positive
Montserrat,2012,sp,m,25-34,0,Smear Positive
Montserrat,2012,sp,m,35-44,0,Smear Positive
Montserrat,2012,sp,m,45-54,0,Smear Positive
Montserrat,2012,sp,m,55-64,0,Smear Positive
Montserrat,2012,sp,m,65+,0,Smear Positive
Montserrat,2012,sp,f,0-14,0,Smear Positive
Montserrat,2012,sp,f,15-24,0,Smear Positive
Montserrat,2012,sp,f,25-34,0,Smear Positive
Montserrat,2012,sp,f,35-44,0,Smear Positive
Montserrat,2012,sp,f,45-54,0,Smear Positive
Montserrat,2012,sp,f,55-64,0,Smear Positive
Montserrat,2012,sp,f,65+,0,Smear Positive
Montserrat,2012,sn,m,0-14,0,Smear Negative
Montserrat,2012,sn,m,15-24,0,Smear Negative
Montserrat,2012,sn,m,25-34,0,Smear Negative
Montserrat,2012,sn,m,35-44,0,Smear Negative
Montserrat,2012,sn,m,45-54,0,Smear Negative
Montserrat,2012,sn,m,55-64,0,Smear Negative
Montserrat,2012,sn,m,65+,0,Smear Negative
Montserrat,2012,sn,f,0-14,0,Smear Negative
Montserrat,2012,sn,f,15-24,0,Smear Negative
Montserrat,2012,sn,f,25-34,0,Smear Negative
Montserrat,2012,sn,f,35-44,0,Smear Negative
Montserrat,2012,sn,f,45-54,0,Smear Negative
Montserrat,2012,sn,f,55-64,0,Smear Negative
Montserrat,2012,sn,f,65+,0,Smear Negative
Montserrat,2012,ep,m,0-14,0,Extrapulmonary
Montserrat,2012,ep,m,15-24,0,Extrapulmonary
Montserrat,2012,ep,m,25-34,0,Extrapulmonary
Montserrat,2012,ep,m,35-44,0,Extrapulmonary
Montserrat,2012,ep,m,45-54,0,Extrapulmonary
Montserrat,2012,ep,m,55-64,0,Extrapulmonary
Montserrat,2012,ep,m,65+,0,Extrapulmonary
Montserrat,2012,ep,f,0-14,0,Extrapulmonary
Montserrat,2012,ep,f,15-24,0,Extrapulmonary
Montserrat,2012,ep,f,25-34,0,Extrapulmonary
Montserrat,2012,ep,f,35-44,0,Extrapulmonary
Montserrat,2012,ep,f,45-54,0,Extrapulmonary
Montserrat,2012,ep,f,55-64,0,Extrapulmonary
Montserrat,2012,ep,f,65+,0,Extrapulmonary
Morocco,1995,sp,m,0-14,142,Smear Positive
Morocco,1995,sp,m,15-24,2508,Smear Positive
Morocco,1995,sp,m,25-34,2872,Smear Positive
Morocco,1995,sp,m,35-44,1737,Smear Positive
Morocco,1995,sp,m,45-54,819,Smear Positive
Morocco,1995,sp,m,55-64,573,Smear Positive
Morocco,1995,sp,m,65+,553,Smear Positive
Morocco,1995,sp,f,0-14,191,Smear Positive
Morocco,1995,sp,f,15-24,1708,Smear Positive
Morocco,1995,sp,f,25-34,1288,Smear Positive
Morocco,1995,sp,f,35-44,703,Smear Positive
Morocco,1995,sp,f,45-54,461,Smear Positive
Morocco,1995,sp,f,55-64,317,Smear Positive
Morocco,1995,sp,f,65+,299,Smear Positive
Morocco,1996,sp,m,0-14,118,Smear Positive
Morocco,1996,sp,m,15-24,2618,Smear Positive
Morocco,1996,sp,m,25-34,2844,Smear Positive
Morocco,1996,sp,m,35-44,1721,Smear Positive
Morocco,1996,sp,m,45-54,772,Smear Positive
Morocco,1996,sp,m,55-64,602,Smear Positive
Morocco,1996,sp,m,65+,583,Smear Positive
Morocco,1996,sp,f,0-14,217,Smear Positive
Morocco,1996,sp,f,15-24,1697,Smear Positive
Morocco,1996,sp,f,25-34,1300,Smear Positive
Morocco,1996,sp,f,35-44,677,Smear Positive
Morocco,1996,sp,f,45-54,437,Smear Positive
Morocco,1996,sp,f,55-64,400,Smear Positive
Morocco,1996,sp,f,65+,292,Smear Positive
Morocco,1997,sp,m,0-14,119,Smear Positive
Morocco,1997,sp,m,15-24,2328,Smear Positive
Morocco,1997,sp,m,25-34,2891,Smear Positive
Morocco,1997,sp,m,35-44,1659,Smear Positive
Morocco,1997,sp,m,45-54,761,Smear Positive
Morocco,1997,sp,m,55-64,591,Smear Positive
Morocco,1997,sp,m,65+,557,Smear Positive
Morocco,1997,sp,f,0-14,238,Smear Positive
Morocco,1997,sp,f,15-24,1799,Smear Positive
Morocco,1997,sp,f,25-34,1331,Smear Positive
Morocco,1997,sp,f,35-44,745,Smear Positive
Morocco,1997,sp,f,45-54,416,Smear Positive
Morocco,1997,sp,f,55-64,424,Smear Positive
Morocco,1997,sp,f,65+,275,Smear Positive
Morocco,1998,sp,m,0-14,116,Smear Positive
Morocco,1998,sp,m,15-24,2308,Smear Positive
Morocco,1998,sp,m,25-34,2573,Smear Positive
Morocco,1998,sp,m,35-44,1744,Smear Positive
Morocco,1998,sp,m,45-54,843,Smear Positive
Morocco,1998,sp,m,55-64,560,Smear Positive
Morocco,1998,sp,m,65+,527,Smear Positive
Morocco,1998,sp,f,0-14,182,Smear Positive
Morocco,1998,sp,f,15-24,1600,Smear Positive
Morocco,1998,sp,f,25-34,1150,Smear Positive
Morocco,1998,sp,f,35-44,679,Smear Positive
Morocco,1998,sp,f,45-54,412,Smear Positive
Morocco,1998,sp,f,55-64,402,Smear Positive
Morocco,1998,sp,f,65+,330,Smear Positive
Morocco,1999,sp,m,0-14,78,Smear Positive
Morocco,1999,sp,m,15-24,2296,Smear Positive
Morocco,1999,sp,m,25-34,2696,Smear Positive
Morocco,1999,sp,m,35-44,1641,Smear Positive
Morocco,1999,sp,m,45-54,815,Smear Positive
Morocco,1999,sp,m,55-64,559,Smear Positive
Morocco,1999,sp,m,65+,562,Smear Positive
Morocco,1999,sp,f,0-14,156,Smear Positive
Morocco,1999,sp,f,15-24,1654,Smear Positive
Morocco,1999,sp,f,25-34,1143,Smear Positive
Morocco,1999,sp,f,35-44,691,Smear Positive
Morocco,1999,sp,f,45-54,446,Smear Positive
Morocco,1999,sp,f,55-64,351,Smear Positive
Morocco,1999,sp,f,65+,332,Smear Positive
Morocco,2000,sp,m,0-14,99,Smear Positive
Morocco,2000,sp,m,15-24,2061,Smear Positive
Morocco,2000,sp,m,25-34,2423,Smear Positive
Morocco,2000,sp,m,35-44,1705,Smear Positive
Morocco,2000,sp,m,45-54,855,Smear Positive
Morocco,2000,sp,m,55-64,485,Smear Positive
Morocco,2000,sp,m,65+,595,Smear Positive
Morocco,2000,sp,f,0-14,170,Smear Positive
Morocco,2000,sp,f,15-24,1530,Smear Positive
Morocco,2000,sp,f,25-34,1121,Smear Positive
Morocco,2000,sp,f,35-44,672,Smear Positive
Morocco,2000,sp,f,45-54,398,Smear Positive
Morocco,2000,sp,f,55-64,406,Smear Positive
Morocco,2000,sp,f,65+,352,Smear Positive
Morocco,2001,sp,m,0-14,85,Smear Positive
Morocco,2001,sp,m,15-24,2200,Smear Positive
Morocco,2001,sp,m,25-34,2256,Smear Positive
Morocco,2001,sp,m,35-44,1731,Smear Positive
Morocco,2001,sp,m,45-54,929,Smear Positive
Morocco,2001,sp,m,55-64,561,Smear Positive
Morocco,2001,sp,m,65+,606,Smear Positive
Morocco,2001,sp,f,0-14,156,Smear Positive
Morocco,2001,sp,f,15-24,1477,Smear Positive
Morocco,2001,sp,f,25-34,1046,Smear Positive
Morocco,2001,sp,f,35-44,596,Smear Positive
Morocco,2001,sp,f,45-54,402,Smear Positive
Morocco,2001,sp,f,55-64,399,Smear Positive
Morocco,2001,sp,f,65+,360,Smear Positive
Morocco,2002,sp,m,0-14,79,Smear Positive
Morocco,2002,sp,m,15-24,2190,Smear Positive
Morocco,2002,sp,m,25-34,2341,Smear Positive
Morocco,2002,sp,m,35-44,1647,Smear Positive
Morocco,2002,sp,m,45-54,941,Smear Positive
Morocco,2002,sp,m,55-64,525,Smear Positive
Morocco,2002,sp,m,65+,577,Smear Positive
Morocco,2002,sp,f,0-14,144,Smear Positive
Morocco,2002,sp,f,15-24,1483,Smear Positive
Morocco,2002,sp,f,25-34,1088,Smear Positive
Morocco,2002,sp,f,35-44,713,Smear Positive
Morocco,2002,sp,f,45-54,443,Smear Positive
Morocco,2002,sp,f,55-64,357,Smear Positive
Morocco,2002,sp,f,65+,386,Smear Positive
Morocco,2003,sp,m,0-14,91,Smear Positive
Morocco,2003,sp,m,15-24,2225,Smear Positive
Morocco,2003,sp,m,25-34,2347,Smear Positive
Morocco,2003,sp,m,35-44,1667,Smear Positive
Morocco,2003,sp,m,45-54,1004,Smear Positive
Morocco,2003,sp,m,55-64,525,Smear Positive
Morocco,2003,sp,m,65+,550,Smear Positive
Morocco,2003,sp,f,0-14,168,Smear Positive
Morocco,2003,sp,f,15-24,1455,Smear Positive
Morocco,2003,sp,f,25-34,1029,Smear Positive
Morocco,2003,sp,f,35-44,633,Smear Positive
Morocco,2003,sp,f,45-54,431,Smear Positive
Morocco,2003,sp,f,55-64,366,Smear Positive
Morocco,2003,sp,f,65+,351,Smear Positive
Morocco,2004,sp,m,0-14,68,Smear Positive
Morocco,2004,sp,m,15-24,2081,Smear Positive
Morocco,2004,sp,m,25-34,2397,Smear Positive
Morocco,2004,sp,m,35-44,1676,Smear Positive
Morocco,2004,sp,m,45-54,1114,Smear Positive
Morocco,2004,sp,m,55-64,533,Smear Positive
Morocco,2004,sp,m,65+,539,Smear Positive
Morocco,2004,sp,f,0-14,149,Smear Positive
Morocco,2004,sp,f,15-24,1196,Smear Positive
Morocco,2004,sp,f,25-34,981,Smear Positive
Morocco,2004,sp,f,35-44,517,Smear Positive
Morocco,2004,sp,f,45-54,373,Smear Positive
Morocco,2004,sp,f,55-64,331,Smear Positive
Morocco,2004,sp,f,65+,325,Smear Positive
Morocco,2005,sp,m,0-14,79,Smear Positive
Morocco,2005,sp,m,15-24,2222,Smear Positive
Morocco,2005,sp,m,25-34,2515,Smear Positive
Morocco,2005,sp,m,35-44,1583,Smear Positive
Morocco,2005,sp,m,45-54,1057,Smear Positive
Morocco,2005,sp,m,55-64,580,Smear Positive
Morocco,2005,sp,m,65+,591,Smear Positive
Morocco,2005,sp,f,0-14,167,Smear Positive
Morocco,2005,sp,f,15-24,1330,Smear Positive
Morocco,2005,sp,f,25-34,943,Smear Positive
Morocco,2005,sp,f,35-44,546,Smear Positive
Morocco,2005,sp,f,45-54,403,Smear Positive
Morocco,2005,sp,f,55-64,343,Smear Positive
Morocco,2005,sp,f,65+,398,Smear Positive
Morocco,2006,sp,m,0-14,73,Smear Positive
Morocco,2006,sp,m,15-24,2104,Smear Positive
Morocco,2006,sp,m,25-34,2373,Smear Positive
Morocco,2006,sp,m,35-44,1498,Smear Positive
Morocco,2006,sp,m,45-54,1036,Smear Positive
Morocco,2006,sp,m,55-64,527,Smear Positive
Morocco,2006,sp,m,65+,551,Smear Positive
Morocco,2006,sp,f,0-14,155,Smear Positive
Morocco,2006,sp,f,15-24,1273,Smear Positive
Morocco,2006,sp,f,25-34,1025,Smear Positive
Morocco,2006,sp,f,35-44,597,Smear Positive
Morocco,2006,sp,f,45-54,426,Smear Positive
Morocco,2006,sp,f,55-64,335,Smear Positive
Morocco,2006,sp,f,65+,307,Smear Positive
Morocco,2006,sn,m,0-14,72,Smear Negative
Morocco,2006,sn,m,15-24,273,Smear Negative
Morocco,2006,sn,m,25-34,249,Smear Negative
Morocco,2006,sn,m,35-44,173,Smear Negative
Morocco,2006,sn,m,45-54,162,Smear Negative
Morocco,2006,sn,m,55-64,113,Smear Negative
Morocco,2006,sn,m,65+,149,Smear Negative
Morocco,2006,sn,f,0-14,85,Smear Negative
Morocco,2006,sn,f,15-24,214,Smear Negative
Morocco,2006,sn,f,25-34,166,Smear Negative
Morocco,2006,sn,f,35-44,126,Smear Negative
Morocco,2006,sn,f,45-54,90,Smear Negative
Morocco,2006,sn,f,55-64,82,Smear Negative
Morocco,2006,sn,f,65+,101,Smear Negative
Morocco,2006,ep,m,0-14,1125,Extrapulmonary
Morocco,2006,ep,m,15-24,1694,Extrapulmonary
Morocco,2006,ep,m,25-34,1263,Extrapulmonary
Morocco,2006,ep,m,35-44,684,Extrapulmonary
Morocco,2006,ep,m,45-54,470,Extrapulmonary
Morocco,2006,ep,m,55-64,294,Extrapulmonary
Morocco,2006,ep,m,65+,394,Extrapulmonary
Morocco,2006,ep,f,0-14,984,Extrapulmonary
Morocco,2006,ep,f,15-24,1517,Extrapulmonary
Morocco,2006,ep,f,25-34,1284,Extrapulmonary
Morocco,2006,ep,f,35-44,796,Extrapulmonary
Morocco,2006,ep,f,45-54,582,Extrapulmonary
Morocco,2006,ep,f,55-64,360,Extrapulmonary
Morocco,2006,ep,f,65+,317,Extrapulmonary
Morocco,2007,sp,m,0-14,74,Smear Positive
Morocco,2007,sp,m,15-24,2098,Smear Positive
Morocco,2007,sp,m,25-34,2370,Smear Positive
Morocco,2007,sp,m,35-44,1545,Smear Positive
Morocco,2007,sp,m,45-54,1165,Smear Positive
Morocco,2007,sp,m,55-64,545,Smear Positive
Morocco,2007,sp,m,65+,529,Smear Positive
Morocco,2007,sp,f,0-14,123,Smear Positive
Morocco,2007,sp,f,15-24,1177,Smear Positive
Morocco,2007,sp,f,25-34,837,Smear Positive
Morocco,2007,sp,f,35-44,444,Smear Positive
Morocco,2007,sp,f,45-54,354,Smear Positive
Morocco,2007,sp,f,55-64,306,Smear Positive
Morocco,2007,sp,f,65+,370,Smear Positive
Morocco,2007,sn,m,0-14,50,Smear Negative
Morocco,2007,sn,m,15-24,259,Smear Negative
Morocco,2007,sn,m,25-34,254,Smear Negative
Morocco,2007,sn,m,35-44,185,Smear Negative
Morocco,2007,sn,m,45-54,177,Smear Negative
Morocco,2007,sn,m,55-64,128,Smear Negative
Morocco,2007,sn,m,65+,159,Smear Negative
Morocco,2007,sn,f,0-14,82,Smear Negative
Morocco,2007,sn,f,15-24,220,Smear Negative
Morocco,2007,sn,f,25-34,166,Smear Negative
Morocco,2007,sn,f,35-44,97,Smear Negative
Morocco,2007,sn,f,45-54,91,Smear Negative
Morocco,2007,sn,f,55-64,69,Smear Negative
Morocco,2007,sn,f,65+,122,Smear Negative
Morocco,2007,ep,m,0-14,948,Extrapulmonary
Morocco,2007,ep,m,15-24,1600,Extrapulmonary
Morocco,2007,ep,m,25-34,1253,Extrapulmonary
Morocco,2007,ep,m,35-44,625,Extrapulmonary
Morocco,2007,ep,m,45-54,448,Extrapulmonary
Morocco,2007,ep,m,55-64,286,Extrapulmonary
Morocco,2007,ep,m,65+,456,Extrapulmonary
Morocco,2007,ep,f,0-14,876,Extrapulmonary
Morocco,2007,ep,f,15-24,1571,Extrapulmonary
Morocco,2007,ep,f,25-34,1302,Extrapulmonary
Morocco,2007,ep,f,35-44,844,Extrapulmonary
Morocco,2007,ep,f,45-54,575,Extrapulmonary
Morocco,2007,ep,f,55-64,380,Extrapulmonary
Morocco,2007,ep,f,65+,402,Extrapulmonary
Morocco,2008,sp,m,0-14,51,Smear Positive
Morocco,2008,sp,m,15-24,1992,Smear Positive
Morocco,2008,sp,m,25-34,2372,Smear Positive
Morocco,2008,sp,m,35-44,1514,Smear Positive
Morocco,2008,sp,m,45-54,1179,Smear Positive
Morocco,2008,sp,m,55-64,633,Smear Positive
Morocco,2008,sp,m,65+,589,Smear Positive
Morocco,2008,sp,f,0-14,124,Smear Positive
Morocco,2008,sp,f,15-24,1081,Smear Positive
Morocco,2008,sp,f,25-34,803,Smear Positive
Morocco,2008,sp,f,35-44,479,Smear Positive
Morocco,2008,sp,f,45-54,360,Smear Positive
Morocco,2008,sp,f,55-64,290,Smear Positive
Morocco,2008,sp,f,65+,358,Smear Positive
Morocco,2008,sn,m,0-14,45,Smear Negative
Morocco,2008,sn,m,15-24,289,Smear Negative
Morocco,2008,sn,m,25-34,253,Smear Negative
Morocco,2008,sn,m,35-44,169,Smear Negative
Morocco,2008,sn,m,45-54,171,Smear Negative
Morocco,2008,sn,m,55-64,117,Smear Negative
Morocco,2008,sn,m,65+,160,Smear Negative
Morocco,2008,sn,f,0-14,58,Smear Negative
Morocco,2008,sn,f,15-24,185,Smear Negative
Morocco,2008,sn,f,25-34,146,Smear Negative
Morocco,2008,sn,f,35-44,104,Smear Negative
Morocco,2008,sn,f,45-54,113,Smear Negative
Morocco,2008,sn,f,55-64,83,Smear Negative
Morocco,2008,sn,f,65+,109,Smear Negative
Morocco,2008,ep,m,0-14,990,Extrapulmonary
Morocco,2008,ep,m,15-24,1494,Extrapulmonary
Morocco,2008,ep,m,25-34,1263,Extrapulmonary
Morocco,2008,ep,m,35-44,644,Extrapulmonary
Morocco,2008,ep,m,45-54,464,Extrapulmonary
Morocco,2008,ep,m,55-64,321,Extrapulmonary
Morocco,2008,ep,m,65+,437,Extrapulmonary
Morocco,2008,ep,f,0-14,921,Extrapulmonary
Morocco,2008,ep,f,15-24,1446,Extrapulmonary
Morocco,2008,ep,f,25-34,1388,Extrapulmonary
Morocco,2008,ep,f,35-44,863,Extrapulmonary
Morocco,2008,ep,f,45-54,637,Extrapulmonary
Morocco,2008,ep,f,55-64,379,Extrapulmonary
Morocco,2008,ep,f,65+,399,Extrapulmonary
Morocco,2009,sp,m,0-14,63,Smear Positive
Morocco,2009,sp,m,15-24,1960,Smear Positive
Morocco,2009,sp,m,25-34,2412,Smear Positive
Morocco,2009,sp,m,35-44,1428,Smear Positive
Morocco,2009,sp,m,45-54,1140,Smear Positive
Morocco,2009,sp,m,55-64,639,Smear Positive
Morocco,2009,sp,m,65+,510,Smear Positive
Morocco,2009,sp,f,0-14,132,Smear Positive
Morocco,2009,sp,f,15-24,1195,Smear Positive
Morocco,2009,sp,f,25-34,889,Smear Positive
Morocco,2009,sp,f,35-44,450,Smear Positive
Morocco,2009,sp,f,45-54,410,Smear Positive
Morocco,2009,sp,f,55-64,333,Smear Positive
Morocco,2009,sp,f,65+,346,Smear Positive
Morocco,2009,sn,m,0-14,65,Smear Negative
Morocco,2009,sn,m,15-24,262,Smear Negative
Morocco,2009,sn,m,25-34,242,Smear Negative
Morocco,2009,sn,m,35-44,182,Smear Negative
Morocco,2009,sn,m,45-54,163,Smear Negative
Morocco,2009,sn,m,55-64,138,Smear Negative
Morocco,2009,sn,m,65+,152,Smear Negative
Morocco,2009,sn,f,0-14,58,Smear Negative
Morocco,2009,sn,f,15-24,199,Smear Negative
Morocco,2009,sn,f,25-34,154,Smear Negative
Morocco,2009,sn,f,35-44,112,Smear Negative
Morocco,2009,sn,f,45-54,103,Smear Negative
Morocco,2009,sn,f,55-64,88,Smear Negative
Morocco,2009,sn,f,65+,103,Smear Negative
Morocco,2009,ep,m,0-14,992,Extrapulmonary
Morocco,2009,ep,m,15-24,1626,Extrapulmonary
Morocco,2009,ep,m,25-34,1330,Extrapulmonary
Morocco,2009,ep,m,35-44,675,Extrapulmonary
Morocco,2009,ep,m,45-54,534,Extrapulmonary
Morocco,2009,ep,m,55-64,371,Extrapulmonary
Morocco,2009,ep,m,65+,430,Extrapulmonary
Morocco,2009,ep,f,0-14,954,Extrapulmonary
Morocco,2009,ep,f,15-24,1486,Extrapulmonary
Morocco,2009,ep,f,25-34,1400,Extrapulmonary
Morocco,2009,ep,f,35-44,840,Extrapulmonary
Morocco,2009,ep,f,45-54,648,Extrapulmonary
Morocco,2009,ep,f,55-64,421,Extrapulmonary
Morocco,2009,ep,f,65+,424,Extrapulmonary
Morocco,2010,sp,m,0-14,51,Smear Positive
Morocco,2010,sp,m,15-24,1982,Smear Positive
Morocco,2010,sp,m,25-34,2553,Smear Positive
Morocco,2010,sp,m,35-44,1611,Smear Positive
Morocco,2010,sp,m,45-54,1273,Smear Positive
Morocco,2010,sp,m,55-64,712,Smear Positive
Morocco,2010,sp,m,65+,515,Smear Positive
Morocco,2010,sp,f,0-14,117,Smear Positive
Morocco,2010,sp,f,15-24,1098,Smear Positive
Morocco,2010,sp,f,25-34,841,Smear Positive
Morocco,2010,sp,f,35-44,426,Smear Positive
Morocco,2010,sp,f,45-54,386,Smear Positive
Morocco,2010,sp,f,55-64,310,Smear Positive
Morocco,2010,sp,f,65+,364,Smear Positive
Morocco,2010,sn,m,0-14,41,Smear Negative
Morocco,2010,sn,m,15-24,307,Smear Negative
Morocco,2010,sn,m,25-34,295,Smear Negative
Morocco,2010,sn,m,35-44,202,Smear Negative
Morocco,2010,sn,m,45-54,190,Smear Negative
Morocco,2010,sn,m,55-64,117,Smear Negative
Morocco,2010,sn,m,65+,176,Smear Negative
Morocco,2010,sn,f,0-14,69,Smear Negative
Morocco,2010,sn,f,15-24,202,Smear Negative
Morocco,2010,sn,f,25-34,162,Smear Negative
Morocco,2010,sn,f,35-44,118,Smear Negative
Morocco,2010,sn,f,45-54,89,Smear Negative
Morocco,2010,sn,f,55-64,89,Smear Negative
Morocco,2010,sn,f,65+,117,Smear Negative
Morocco,2010,ep,m,0-14,949,Extrapulmonary
Morocco,2010,ep,m,15-24,1711,Extrapulmonary
Morocco,2010,ep,m,25-34,1427,Extrapulmonary
Morocco,2010,ep,m,35-44,684,Extrapulmonary
Morocco,2010,ep,m,45-54,490,Extrapulmonary
Morocco,2010,ep,m,55-64,366,Extrapulmonary
Morocco,2010,ep,m,65+,432,Extrapulmonary
Morocco,2010,ep,f,0-14,932,Extrapulmonary
Morocco,2010,ep,f,15-24,1723,Extrapulmonary
Morocco,2010,ep,f,25-34,1510,Extrapulmonary
Morocco,2010,ep,f,35-44,878,Extrapulmonary
Morocco,2010,ep,f,45-54,775,Extrapulmonary
Morocco,2010,ep,f,55-64,435,Extrapulmonary
Morocco,2010,ep,f,65+,418,Extrapulmonary
Morocco,2011,sp,m,0-14,79,Smear Positive
Morocco,2011,sp,m,15-24,1929,Smear Positive
Morocco,2011,sp,m,25-34,2450,Smear Positive
Morocco,2011,sp,m,35-44,1479,Smear Positive
Morocco,2011,sp,m,45-54,1175,Smear Positive
Morocco,2011,sp,m,55-64,682,Smear Positive
Morocco,2011,sp,m,65+,518,Smear Positive
Morocco,2011,sp,f,0-14,100,Smear Positive
Morocco,2011,sp,f,15-24,1153,Smear Positive
Morocco,2011,sp,f,25-34,794,Smear Positive
Morocco,2011,sp,f,35-44,433,Smear Positive
Morocco,2011,sp,f,45-54,371,Smear Positive
Morocco,2011,sp,f,55-64,324,Smear Positive
Morocco,2011,sp,f,65+,335,Smear Positive
Morocco,2011,sn,m,0-14,47,Smear Negative
Morocco,2011,sn,m,15-24,325,Smear Negative
Morocco,2011,sn,m,25-34,341,Smear Negative
Morocco,2011,sn,m,35-44,199,Smear Negative
Morocco,2011,sn,m,45-54,180,Smear Negative
Morocco,2011,sn,m,55-64,144,Smear Negative
Morocco,2011,sn,m,65+,148,Smear Negative
Morocco,2011,sn,f,0-14,64,Smear Negative
Morocco,2011,sn,f,15-24,221,Smear Negative
Morocco,2011,sn,f,25-34,160,Smear Negative
Morocco,2011,sn,f,35-44,118,Smear Negative
Morocco,2011,sn,f,45-54,124,Smear Negative
Morocco,2011,sn,f,55-64,85,Smear Negative
Morocco,2011,sn,f,65+,116,Smear Negative
Morocco,2011,ep,m,0-14,1004,Extrapulmonary
Morocco,2011,ep,m,15-24,1662,Extrapulmonary
Morocco,2011,ep,m,25-34,1413,Extrapulmonary
Morocco,2011,ep,m,35-44,698,Extrapulmonary
Morocco,2011,ep,m,45-54,522,Extrapulmonary
Morocco,2011,ep,m,55-64,400,Extrapulmonary
Morocco,2011,ep,m,65+,527,Extrapulmonary
Morocco,2011,ep,f,0-14,948,Extrapulmonary
Morocco,2011,ep,f,15-24,1765,Extrapulmonary
Morocco,2011,ep,f,25-34,1663,Extrapulmonary
Morocco,2011,ep,f,35-44,980,Extrapulmonary
Morocco,2011,ep,f,45-54,796,Extrapulmonary
Morocco,2011,ep,f,55-64,483,Extrapulmonary
Morocco,2011,ep,f,65+,470,Extrapulmonary
Morocco,2012,sp,m,0-14,54,Smear Positive
Morocco,2012,sp,m,15-24,1840,Smear Positive
Morocco,2012,sp,m,25-34,2426,Smear Positive
Morocco,2012,sp,m,35-44,1423,Smear Positive
Morocco,2012,sp,m,45-54,1183,Smear Positive
Morocco,2012,sp,m,55-64,672,Smear Positive
Morocco,2012,sp,m,65+,561,Smear Positive
Morocco,2012,sp,f,0-14,77,Smear Positive
Morocco,2012,sp,f,15-24,1162,Smear Positive
Morocco,2012,sp,f,25-34,832,Smear Positive
Morocco,2012,sp,f,35-44,408,Smear Positive
Morocco,2012,sp,f,45-54,306,Smear Positive
Morocco,2012,sp,f,55-64,286,Smear Positive
Morocco,2012,sp,f,65+,342,Smear Positive
Morocco,2012,sn,m,0-14,45,Smear Negative
Morocco,2012,sn,m,15-24,331,Smear Negative
Morocco,2012,sn,m,25-34,332,Smear Negative
Morocco,2012,sn,m,35-44,225,Smear Negative
Morocco,2012,sn,m,45-54,187,Smear Negative
Morocco,2012,sn,m,55-64,165,Smear Negative
Morocco,2012,sn,m,65+,151,Smear Negative
Morocco,2012,sn,f,0-14,56,Smear Negative
Morocco,2012,sn,f,15-24,227,Smear Negative
Morocco,2012,sn,f,25-34,176,Smear Negative
Morocco,2012,sn,f,35-44,115,Smear Negative
Morocco,2012,sn,f,45-54,103,Smear Negative
Morocco,2012,sn,f,55-64,88,Smear Negative
Morocco,2012,sn,f,65+,142,Smear Negative
Morocco,2012,ep,m,0-14,863,Extrapulmonary
Morocco,2012,ep,m,15-24,1807,Extrapulmonary
Morocco,2012,ep,m,25-34,1503,Extrapulmonary
Morocco,2012,ep,m,35-44,704,Extrapulmonary
Morocco,2012,ep,m,45-54,534,Extrapulmonary
Morocco,2012,ep,m,55-64,440,Extrapulmonary
Morocco,2012,ep,m,65+,491,Extrapulmonary
Morocco,2012,ep,f,0-14,905,Extrapulmonary
Morocco,2012,ep,f,15-24,1822,Extrapulmonary
Morocco,2012,ep,f,25-34,1592,Extrapulmonary
Morocco,2012,ep,f,35-44,1016,Extrapulmonary
Morocco,2012,ep,f,45-54,803,Extrapulmonary
Morocco,2012,ep,f,55-64,563,Extrapulmonary
Morocco,2012,ep,f,65+,479,Extrapulmonary
Morocco,2013,rel,m,0-14,966,Relapse
Morocco,2013,rel,m,15-24,4109,Relapse
Morocco,2013,rel,m,25-34,4164,Relapse
Morocco,2013,rel,m,35-44,2383,Relapse
Morocco,2013,rel,m,45-54,1946,Relapse
Morocco,2013,rel,m,55-64,1389,Relapse
Morocco,2013,rel,m,65+,1185,Relapse
Morocco,2013,rel,f,0-14,1085,Relapse
Morocco,2013,rel,f,15-24,3097,Relapse
Morocco,2013,rel,f,25-34,2569,Relapse
Morocco,2013,rel,f,35-44,1572,Relapse
Morocco,2013,rel,f,45-54,1174,Relapse
Morocco,2013,rel,f,55-64,1006,Relapse
Morocco,2013,rel,f,65+,921,Relapse
Mozambique,1995,sp,m,0-14,187,Smear Positive
Mozambique,1995,sp,m,15-24,1136,Smear Positive
Mozambique,1995,sp,m,25-34,1475,Smear Positive
Mozambique,1995,sp,m,35-44,1338,Smear Positive
Mozambique,1995,sp,m,45-54,1022,Smear Positive
Mozambique,1995,sp,m,55-64,664,Smear Positive
Mozambique,1995,sp,m,65+,320,Smear Positive
Mozambique,1995,sp,f,0-14,226,Smear Positive
Mozambique,1995,sp,f,15-24,994,Smear Positive
Mozambique,1995,sp,f,25-34,1314,Smear Positive
Mozambique,1995,sp,f,35-44,1016,Smear Positive
Mozambique,1995,sp,f,45-54,551,Smear Positive
Mozambique,1995,sp,f,55-64,234,Smear Positive
Mozambique,1995,sp,f,65+,89,Smear Positive
Mozambique,1996,sp,m,0-14,141,Smear Positive
Mozambique,1996,sp,m,15-24,1163,Smear Positive
Mozambique,1996,sp,m,25-34,1507,Smear Positive
Mozambique,1996,sp,m,35-44,1367,Smear Positive
Mozambique,1996,sp,m,45-54,980,Smear Positive
Mozambique,1996,sp,m,55-64,639,Smear Positive
Mozambique,1996,sp,m,65+,275,Smear Positive
Mozambique,1996,sp,f,0-14,205,Smear Positive
Mozambique,1996,sp,f,15-24,1060,Smear Positive
Mozambique,1996,sp,f,25-34,1357,Smear Positive
Mozambique,1996,sp,f,35-44,938,Smear Positive
Mozambique,1996,sp,f,45-54,533,Smear Positive
Mozambique,1996,sp,f,55-64,239,Smear Positive
Mozambique,1996,sp,f,65+,74,Smear Positive
Mozambique,1997,sp,m,0-14,163,Smear Positive
Mozambique,1997,sp,m,15-24,1194,Smear Positive
Mozambique,1997,sp,m,25-34,1608,Smear Positive
Mozambique,1997,sp,m,35-44,1439,Smear Positive
Mozambique,1997,sp,m,45-54,1076,Smear Positive
Mozambique,1997,sp,m,55-64,666,Smear Positive
Mozambique,1997,sp,m,65+,313,Smear Positive
Mozambique,1997,sp,f,0-14,187,Smear Positive
Mozambique,1997,sp,f,15-24,1147,Smear Positive
Mozambique,1997,sp,f,25-34,1381,Smear Positive
Mozambique,1997,sp,f,35-44,1002,Smear Positive
Mozambique,1997,sp,f,45-54,606,Smear Positive
Mozambique,1997,sp,f,55-64,265,Smear Positive
Mozambique,1997,sp,f,65+,78,Smear Positive
Myanmar,1995,sp,m,0-14,42,Smear Positive
Myanmar,1995,sp,m,15-24,713,Smear Positive
Myanmar,1995,sp,m,25-34,1423,Smear Positive
Myanmar,1995,sp,m,35-44,1401,Smear Positive
Myanmar,1995,sp,m,45-54,977,Smear Positive
Myanmar,1995,sp,m,55-64,677,Smear Positive
Myanmar,1995,sp,m,65+,298,Smear Positive
Myanmar,1995,sp,f,0-14,58,Smear Positive
Myanmar,1995,sp,f,15-24,535,Smear Positive
Myanmar,1995,sp,f,25-34,729,Smear Positive
Myanmar,1995,sp,f,35-44,729,Smear Positive
Myanmar,1995,sp,f,45-54,450,Smear Positive
Myanmar,1995,sp,f,55-64,343,Smear Positive
Myanmar,1995,sp,f,65+,154,Smear Positive
Myanmar,1996,sp,m,0-14,58,Smear Positive
Myanmar,1996,sp,m,15-24,767,Smear Positive
Myanmar,1996,sp,m,25-34,1511,Smear Positive
Myanmar,1996,sp,m,35-44,1535,Smear Positive
Myanmar,1996,sp,m,45-54,1110,Smear Positive
Myanmar,1996,sp,m,55-64,798,Smear Positive
Myanmar,1996,sp,m,65+,400,Smear Positive
Myanmar,1996,sp,f,0-14,55,Smear Positive
Myanmar,1996,sp,f,15-24,577,Smear Positive
Myanmar,1996,sp,f,25-34,938,Smear Positive
Myanmar,1996,sp,f,35-44,817,Smear Positive
Myanmar,1996,sp,f,45-54,558,Smear Positive
Myanmar,1996,sp,f,55-64,408,Smear Positive
Myanmar,1996,sp,f,65+,184,Smear Positive
Myanmar,1997,sp,m,0-14,56,Smear Positive
Myanmar,1997,sp,m,15-24,676,Smear Positive
Myanmar,1997,sp,m,25-34,1452,Smear Positive
Myanmar,1997,sp,m,35-44,1405,Smear Positive
Myanmar,1997,sp,m,45-54,1061,Smear Positive
Myanmar,1997,sp,m,55-64,753,Smear Positive
Myanmar,1997,sp,m,65+,441,Smear Positive
Myanmar,1997,sp,f,0-14,54,Smear Positive
Myanmar,1997,sp,f,15-24,535,Smear Positive
Myanmar,1997,sp,f,25-34,883,Smear Positive
Myanmar,1997,sp,f,35-44,715,Smear Positive
Myanmar,1997,sp,f,45-54,492,Smear Positive
Myanmar,1997,sp,f,55-64,308,Smear Positive
Myanmar,1997,sp,f,65+,183,Smear Positive
Myanmar,1998,sp,m,0-14,64,Smear Positive
Myanmar,1998,sp,m,15-24,798,Smear Positive
Myanmar,1998,sp,m,25-34,1491,Smear Positive
Myanmar,1998,sp,m,35-44,1584,Smear Positive
Myanmar,1998,sp,m,45-54,1187,Smear Positive
Myanmar,1998,sp,m,55-64,763,Smear Positive
Myanmar,1998,sp,m,65+,438,Smear Positive
Myanmar,1998,sp,f,0-14,73,Smear Positive
Myanmar,1998,sp,f,15-24,650,Smear Positive
Myanmar,1998,sp,f,25-34,997,Smear Positive
Myanmar,1998,sp,f,35-44,856,Smear Positive
Myanmar,1998,sp,f,45-54,577,Smear Positive
Myanmar,1998,sp,f,55-64,382,Smear Positive
Myanmar,1998,sp,f,65+,229,Smear Positive
Myanmar,1999,sp,m,0-14,37,Smear Positive
Myanmar,1999,sp,m,15-24,936,Smear Positive
Myanmar,1999,sp,m,25-34,1800,Smear Positive
Myanmar,1999,sp,m,35-44,1805,Smear Positive
Myanmar,1999,sp,m,45-54,1366,Smear Positive
Myanmar,1999,sp,m,55-64,833,Smear Positive
Myanmar,1999,sp,m,65+,540,Smear Positive
Myanmar,1999,sp,f,0-14,58,Smear Positive
Myanmar,1999,sp,f,15-24,737,Smear Positive
Myanmar,1999,sp,f,25-34,1076,Smear Positive
Myanmar,1999,sp,f,35-44,919,Smear Positive
Myanmar,1999,sp,f,45-54,647,Smear Positive
Myanmar,1999,sp,f,55-64,420,Smear Positive
Myanmar,1999,sp,f,65+,284,Smear Positive
Myanmar,2000,sp,m,0-14,88,Smear Positive
Myanmar,2000,sp,m,15-24,1459,Smear Positive
Myanmar,2000,sp,m,25-34,2636,Smear Positive
Myanmar,2000,sp,m,35-44,2781,Smear Positive
Myanmar,2000,sp,m,45-54,2161,Smear Positive
Myanmar,2000,sp,m,55-64,1235,Smear Positive
Myanmar,2000,sp,m,65+,836,Smear Positive
Myanmar,2000,sp,f,0-14,72,Smear Positive
Myanmar,2000,sp,f,15-24,1040,Smear Positive
Myanmar,2000,sp,f,25-34,1592,Smear Positive
Myanmar,2000,sp,f,35-44,1397,Smear Positive
Myanmar,2000,sp,f,45-54,987,Smear Positive
Myanmar,2000,sp,f,55-64,592,Smear Positive
Myanmar,2000,sp,f,65+,378,Smear Positive
Myanmar,2001,sp,m,0-14,69,Smear Positive
Myanmar,2001,sp,m,15-24,1800,Smear Positive
Myanmar,2001,sp,m,25-34,3253,Smear Positive
Myanmar,2001,sp,m,35-44,3353,Smear Positive
Myanmar,2001,sp,m,45-54,2624,Smear Positive
Myanmar,2001,sp,m,55-64,1443,Smear Positive
Myanmar,2001,sp,m,65+,931,Smear Positive
Myanmar,2001,sp,f,0-14,98,Smear Positive
Myanmar,2001,sp,f,15-24,1306,Smear Positive
Myanmar,2001,sp,f,25-34,1918,Smear Positive
Myanmar,2001,sp,f,35-44,1568,Smear Positive
Myanmar,2001,sp,f,45-54,1186,Smear Positive
Myanmar,2001,sp,f,55-64,650,Smear Positive
Myanmar,2001,sp,f,65+,487,Smear Positive
Myanmar,2002,sp,m,0-14,64,Smear Positive
Myanmar,2002,sp,m,15-24,2125,Smear Positive
Myanmar,2002,sp,m,25-34,3986,Smear Positive
Myanmar,2002,sp,m,35-44,4016,Smear Positive
Myanmar,2002,sp,m,45-54,3022,Smear Positive
Myanmar,2002,sp,m,55-64,1671,Smear Positive
Myanmar,2002,sp,m,65+,1067,Smear Positive
Myanmar,2002,sp,f,0-14,109,Smear Positive
Myanmar,2002,sp,f,15-24,1563,Smear Positive
Myanmar,2002,sp,f,25-34,2044,Smear Positive
Myanmar,2002,sp,f,35-44,1758,Smear Positive
Myanmar,2002,sp,f,45-54,1348,Smear Positive
Myanmar,2002,sp,f,55-64,845,Smear Positive
Myanmar,2002,sp,f,65+,544,Smear Positive
Myanmar,2003,sp,m,0-14,107,Smear Positive
Myanmar,2003,sp,m,15-24,2536,Smear Positive
Myanmar,2003,sp,m,25-34,4408,Smear Positive
Myanmar,2003,sp,m,35-44,4427,Smear Positive
Myanmar,2003,sp,m,45-54,3269,Smear Positive
Myanmar,2003,sp,m,55-64,1974,Smear Positive
Myanmar,2003,sp,m,65+,1296,Smear Positive
Myanmar,2003,sp,f,0-14,154,Smear Positive
Myanmar,2003,sp,f,15-24,1781,Smear Positive
Myanmar,2003,sp,f,25-34,2442,Smear Positive
Myanmar,2003,sp,f,35-44,2003,Smear Positive
Myanmar,2003,sp,f,45-54,1491,Smear Positive
Myanmar,2003,sp,f,55-64,943,Smear Positive
Myanmar,2003,sp,f,65+,617,Smear Positive
Myanmar,2004,sp,m,0-14,96,Smear Positive
Myanmar,2004,sp,m,15-24,2777,Smear Positive
Myanmar,2004,sp,m,25-34,5025,Smear Positive
Myanmar,2004,sp,m,35-44,4966,Smear Positive
Myanmar,2004,sp,m,45-54,4081,Smear Positive
Myanmar,2004,sp,m,55-64,2271,Smear Positive
Myanmar,2004,sp,m,65+,1567,Smear Positive
Myanmar,2004,sp,f,0-14,120,Smear Positive
Myanmar,2004,sp,f,15-24,2020,Smear Positive
Myanmar,2004,sp,f,25-34,2622,Smear Positive
Myanmar,2004,sp,f,35-44,2228,Smear Positive
Myanmar,2004,sp,f,45-54,1800,Smear Positive
Myanmar,2004,sp,f,55-64,1122,Smear Positive
Myanmar,2004,sp,f,65+,713,Smear Positive
Myanmar,2005,sp,m,0-14,132,Smear Positive
Myanmar,2005,sp,m,15-24,3401,Smear Positive
Myanmar,2005,sp,m,25-34,5877,Smear Positive
Myanmar,2005,sp,m,35-44,5888,Smear Positive
Myanmar,2005,sp,m,45-54,4585,Smear Positive
Myanmar,2005,sp,m,55-64,2557,Smear Positive
Myanmar,2005,sp,m,65+,1764,Smear Positive
Myanmar,2005,sp,f,0-14,147,Smear Positive
Myanmar,2005,sp,f,15-24,2376,Smear Positive
Myanmar,2005,sp,f,25-34,3047,Smear Positive
Myanmar,2005,sp,f,35-44,2563,Smear Positive
Myanmar,2005,sp,f,45-54,2101,Smear Positive
Myanmar,2005,sp,f,55-64,1218,Smear Positive
Myanmar,2005,sp,f,65+,885,Smear Positive
Myanmar,2006,sp,m,0-14,113,Smear Positive
Myanmar,2006,sp,m,15-24,3572,Smear Positive
Myanmar,2006,sp,m,25-34,6328,Smear Positive
Myanmar,2006,sp,m,35-44,6536,Smear Positive
Myanmar,2006,sp,m,45-54,5143,Smear Positive
Myanmar,2006,sp,m,55-64,2988,Smear Positive
Myanmar,2006,sp,m,65+,2033,Smear Positive
Myanmar,2006,sp,f,0-14,171,Smear Positive
Myanmar,2006,sp,f,15-24,2453,Smear Positive
Myanmar,2006,sp,f,25-34,3338,Smear Positive
Myanmar,2006,sp,f,35-44,2820,Smear Positive
Myanmar,2006,sp,f,45-54,2282,Smear Positive
Myanmar,2006,sp,f,55-64,1448,Smear Positive
Myanmar,2006,sp,f,65+,1016,Smear Positive
Myanmar,2007,sp,m,0-14,127,Smear Positive
Myanmar,2007,sp,m,15-24,3591,Smear Positive
Myanmar,2007,sp,m,25-34,6569,Smear Positive
Myanmar,2007,sp,m,35-44,6826,Smear Positive
Myanmar,2007,sp,m,45-54,5507,Smear Positive
Myanmar,2007,sp,m,55-64,3152,Smear Positive
Myanmar,2007,sp,m,65+,2155,Smear Positive
Myanmar,2007,sp,f,0-14,159,Smear Positive
Myanmar,2007,sp,f,15-24,2719,Smear Positive
Myanmar,2007,sp,f,25-34,3500,Smear Positive
Myanmar,2007,sp,f,35-44,2998,Smear Positive
Myanmar,2007,sp,f,45-54,2486,Smear Positive
Myanmar,2007,sp,f,55-64,1601,Smear Positive
Myanmar,2007,sp,f,65+,1198,Smear Positive
Myanmar,2008,sp,m,0-14,118,Smear Positive
Myanmar,2008,sp,m,15-24,3416,Smear Positive
Myanmar,2008,sp,m,25-34,6311,Smear Positive
Myanmar,2008,sp,m,35-44,6396,Smear Positive
Myanmar,2008,sp,m,45-54,5327,Smear Positive
Myanmar,2008,sp,m,55-64,3312,Smear Positive
Myanmar,2008,sp,m,65+,2235,Smear Positive
Myanmar,2008,sp,f,0-14,180,Smear Positive
Myanmar,2008,sp,f,15-24,2526,Smear Positive
Myanmar,2008,sp,f,25-34,3474,Smear Positive
Myanmar,2008,sp,f,35-44,2850,Smear Positive
Myanmar,2008,sp,f,45-54,2357,Smear Positive
Myanmar,2008,sp,f,55-64,1644,Smear Positive
Myanmar,2008,sp,f,65+,1102,Smear Positive
Myanmar,2009,sp,m,0-14,127,Smear Positive
Myanmar,2009,sp,m,15-24,3259,Smear Positive
Myanmar,2009,sp,m,25-34,6371,Smear Positive
Myanmar,2009,sp,m,35-44,6633,Smear Positive
Myanmar,2009,sp,m,45-54,5319,Smear Positive
Myanmar,2009,sp,m,55-64,3435,Smear Positive
Myanmar,2009,sp,m,65+,2248,Smear Positive
Myanmar,2009,sp,f,0-14,165,Smear Positive
Myanmar,2009,sp,f,15-24,2559,Smear Positive
Myanmar,2009,sp,f,25-34,3298,Smear Positive
Myanmar,2009,sp,f,35-44,2745,Smear Positive
Myanmar,2009,sp,f,45-54,2463,Smear Positive
Myanmar,2009,sp,f,55-64,1679,Smear Positive
Myanmar,2009,sp,f,65+,1100,Smear Positive
Myanmar,2010,sp,m,0-14,106,Smear Positive
Myanmar,2010,sp,m,15-24,3043,Smear Positive
Myanmar,2010,sp,m,25-34,6578,Smear Positive
Myanmar,2010,sp,m,35-44,6688,Smear Positive
Myanmar,2010,sp,m,45-54,5607,Smear Positive
Myanmar,2010,sp,m,55-64,3632,Smear Positive
Myanmar,2010,sp,m,65+,2308,Smear Positive
Myanmar,2010,sp,f,0-14,196,Smear Positive
Myanmar,2010,sp,f,15-24,2452,Smear Positive
Myanmar,2010,sp,f,25-34,3454,Smear Positive
Myanmar,2010,sp,f,35-44,2752,Smear Positive
Myanmar,2010,sp,f,45-54,2525,Smear Positive
Myanmar,2010,sp,f,55-64,1838,Smear Positive
Myanmar,2010,sp,f,65+,1139,Smear Positive
Myanmar,2011,sp,m,0-14,120,Smear Positive
Myanmar,2011,sp,m,15-24,2923,Smear Positive
Myanmar,2011,sp,m,25-34,6182,Smear Positive
Myanmar,2011,sp,m,35-44,6319,Smear Positive
Myanmar,2011,sp,m,45-54,5680,Smear Positive
Myanmar,2011,sp,m,55-64,3954,Smear Positive
Myanmar,2011,sp,m,65+,2500,Smear Positive
Myanmar,2011,sp,f,0-14,187,Smear Positive
Myanmar,2011,sp,f,15-24,2401,Smear Positive
Myanmar,2011,sp,f,25-34,3317,Smear Positive
Myanmar,2011,sp,f,35-44,2760,Smear Positive
Myanmar,2011,sp,f,45-54,2554,Smear Positive
Myanmar,2011,sp,f,55-64,2010,Smear Positive
Myanmar,2011,sp,f,65+,1407,Smear Positive
Myanmar,2012,sp,m,0-14,146,Smear Positive
Myanmar,2012,sp,m,15-24,2898,Smear Positive
Myanmar,2012,sp,m,25-34,6263,Smear Positive
Myanmar,2012,sp,m,35-44,6469,Smear Positive
Myanmar,2012,sp,m,45-54,5837,Smear Positive
Myanmar,2012,sp,m,55-64,3945,Smear Positive
Myanmar,2012,sp,m,65+,2626,Smear Positive
Myanmar,2012,sp,f,0-14,192,Smear Positive
Myanmar,2012,sp,f,15-24,2357,Smear Positive
Myanmar,2012,sp,f,25-34,3368,Smear Positive
Myanmar,2012,sp,f,35-44,2721,Smear Positive
Myanmar,2012,sp,f,45-54,2600,Smear Positive
Myanmar,2012,sp,f,55-64,2023,Smear Positive
Myanmar,2012,sp,f,65+,1464,Smear Positive
Namibia,1995,sp,m,0-14,0,Smear Positive
Namibia,1995,sp,m,15-24,68,Smear Positive
Namibia,1995,sp,m,25-34,235,Smear Positive
Namibia,1995,sp,m,35-44,113,Smear Positive
Namibia,1995,sp,m,45-54,55,Smear Positive
Namibia,1995,sp,m,55-64,21,Smear Positive
Namibia,1995,sp,m,65+,6,Smear Positive
Namibia,1995,sp,f,0-14,5,Smear Positive
Namibia,1995,sp,f,15-24,49,Smear Positive
Namibia,1995,sp,f,25-34,78,Smear Positive
Namibia,1995,sp,f,35-44,50,Smear Positive
Namibia,1995,sp,f,45-54,16,Smear Positive
Namibia,1995,sp,f,55-64,1,Smear Positive
Namibia,1995,sp,f,65+,0,Smear Positive
Namibia,1996,sp,m,0-14,16,Smear Positive
Namibia,1996,sp,m,15-24,205,Smear Positive
Namibia,1996,sp,m,25-34,613,Smear Positive
Namibia,1996,sp,m,35-44,472,Smear Positive
Namibia,1996,sp,m,45-54,230,Smear Positive
Namibia,1996,sp,m,55-64,137,Smear Positive
Namibia,1996,sp,m,65+,101,Smear Positive
Namibia,1996,sp,f,0-14,17,Smear Positive
Namibia,1996,sp,f,15-24,249,Smear Positive
Namibia,1996,sp,f,25-34,330,Smear Positive
Namibia,1996,sp,f,35-44,245,Smear Positive
Namibia,1996,sp,f,45-54,87,Smear Positive
Namibia,1996,sp,f,55-64,72,Smear Positive
Namibia,1996,sp,f,65+,51,Smear Positive
Namibia,1997,sp,m,0-14,18,Smear Positive
Namibia,1997,sp,m,15-24,232,Smear Positive
Namibia,1997,sp,m,25-34,791,Smear Positive
Namibia,1997,sp,m,35-44,479,Smear Positive
Namibia,1997,sp,m,45-54,296,Smear Positive
Namibia,1997,sp,m,55-64,161,Smear Positive
Namibia,1997,sp,m,65+,93,Smear Positive
Namibia,1997,sp,f,0-14,23,Smear Positive
Namibia,1997,sp,f,15-24,249,Smear Positive
Namibia,1997,sp,f,25-34,401,Smear Positive
Namibia,1997,sp,f,35-44,275,Smear Positive
Namibia,1997,sp,f,45-54,104,Smear Positive
Namibia,1997,sp,f,55-64,56,Smear Positive
Namibia,1997,sp,f,65+,47,Smear Positive
Namibia,1998,sp,m,0-14,21,Smear Positive
Namibia,1998,sp,m,15-24,270,Smear Positive
Namibia,1998,sp,m,25-34,816,Smear Positive
Namibia,1998,sp,m,35-44,541,Smear Positive
Namibia,1998,sp,m,45-54,267,Smear Positive
Namibia,1998,sp,m,55-64,148,Smear Positive
Namibia,1998,sp,m,65+,111,Smear Positive
Namibia,1998,sp,f,0-14,34,Smear Positive
Namibia,1998,sp,f,15-24,300,Smear Positive
Namibia,1998,sp,f,25-34,536,Smear Positive
Namibia,1998,sp,f,35-44,310,Smear Positive
Namibia,1998,sp,f,45-54,117,Smear Positive
Namibia,1998,sp,f,55-64,62,Smear Positive
Namibia,1998,sp,f,65+,65,Smear Positive
Namibia,1999,sp,m,0-14,20,Smear Positive
Namibia,1999,sp,m,15-24,247,Smear Positive
Namibia,1999,sp,m,25-34,908,Smear Positive
Namibia,1999,sp,m,35-44,613,Smear Positive
Namibia,1999,sp,m,45-54,260,Smear Positive
Namibia,1999,sp,m,55-64,135,Smear Positive
Namibia,1999,sp,m,65+,110,Smear Positive
Namibia,1999,sp,f,0-14,25,Smear Positive
Namibia,1999,sp,f,15-24,339,Smear Positive
Namibia,1999,sp,f,25-34,540,Smear Positive
Namibia,1999,sp,f,35-44,336,Smear Positive
Namibia,1999,sp,f,45-54,114,Smear Positive
Namibia,1999,sp,f,55-64,77,Smear Positive
Namibia,1999,sp,f,65+,36,Smear Positive
Namibia,2000,sp,m,0-14,18,Smear Positive
Namibia,2000,sp,m,15-24,269,Smear Positive
Namibia,2000,sp,m,25-34,874,Smear Positive
Namibia,2000,sp,m,35-44,665,Smear Positive
Namibia,2000,sp,m,45-54,300,Smear Positive
Namibia,2000,sp,m,55-64,147,Smear Positive
Namibia,2000,sp,m,65+,81,Smear Positive
Namibia,2000,sp,f,0-14,16,Smear Positive
Namibia,2000,sp,f,15-24,352,Smear Positive
Namibia,2000,sp,f,25-34,654,Smear Positive
Namibia,2000,sp,f,35-44,348,Smear Positive
Namibia,2000,sp,f,45-54,161,Smear Positive
Namibia,2000,sp,f,55-64,76,Smear Positive
Namibia,2000,sp,f,65+,52,Smear Positive
Namibia,2001,sp,m,0-14,20,Smear Positive
Namibia,2001,sp,m,15-24,322,Smear Positive
Namibia,2001,sp,m,25-34,993,Smear Positive
Namibia,2001,sp,m,35-44,732,Smear Positive
Namibia,2001,sp,m,45-54,318,Smear Positive
Namibia,2001,sp,m,55-64,150,Smear Positive
Namibia,2001,sp,m,65+,116,Smear Positive
Namibia,2001,sp,f,0-14,32,Smear Positive
Namibia,2001,sp,f,15-24,394,Smear Positive
Namibia,2001,sp,f,25-34,729,Smear Positive
Namibia,2001,sp,f,35-44,404,Smear Positive
Namibia,2001,sp,f,45-54,168,Smear Positive
Namibia,2001,sp,f,55-64,91,Smear Positive
Namibia,2001,sp,f,65+,66,Smear Positive
Namibia,2002,sp,m,0-14,19,Smear Positive
Namibia,2002,sp,m,15-24,301,Smear Positive
Namibia,2002,sp,m,25-34,1033,Smear Positive
Namibia,2002,sp,m,35-44,750,Smear Positive
Namibia,2002,sp,m,45-54,326,Smear Positive
Namibia,2002,sp,m,55-64,146,Smear Positive
Namibia,2002,sp,m,65+,96,Smear Positive
Namibia,2002,sp,f,0-14,42,Smear Positive
Namibia,2002,sp,f,15-24,357,Smear Positive
Namibia,2002,sp,f,25-34,795,Smear Positive
Namibia,2002,sp,f,35-44,484,Smear Positive
Namibia,2002,sp,f,45-54,182,Smear Positive
Namibia,2002,sp,f,55-64,91,Smear Positive
Namibia,2002,sp,f,65+,67,Smear Positive
Namibia,2003,sp,m,0-14,31,Smear Positive
Namibia,2003,sp,m,15-24,364,Smear Positive
Namibia,2003,sp,m,25-34,1109,Smear Positive
Namibia,2003,sp,m,35-44,838,Smear Positive
Namibia,2003,sp,m,45-54,419,Smear Positive
Namibia,2003,sp,m,55-64,196,Smear Positive
Namibia,2003,sp,m,65+,108,Smear Positive
Namibia,2003,sp,f,0-14,47,Smear Positive
Namibia,2003,sp,f,15-24,451,Smear Positive
Namibia,2003,sp,f,25-34,927,Smear Positive
Namibia,2003,sp,f,35-44,571,Smear Positive
Namibia,2003,sp,f,45-54,216,Smear Positive
Namibia,2003,sp,f,55-64,108,Smear Positive
Namibia,2003,sp,f,65+,102,Smear Positive
Namibia,2004,sp,m,0-14,31,Smear Positive
Namibia,2004,sp,m,15-24,319,Smear Positive
Namibia,2004,sp,m,25-34,1092,Smear Positive
Namibia,2004,sp,m,35-44,866,Smear Positive
Namibia,2004,sp,m,45-54,371,Smear Positive
Namibia,2004,sp,m,55-64,159,Smear Positive
Namibia,2004,sp,m,65+,131,Smear Positive
Namibia,2004,sp,f,0-14,30,Smear Positive
Namibia,2004,sp,f,15-24,400,Smear Positive
Namibia,2004,sp,f,25-34,819,Smear Positive
Namibia,2004,sp,f,35-44,554,Smear Positive
Namibia,2004,sp,f,45-54,203,Smear Positive
Namibia,2004,sp,f,55-64,106,Smear Positive
Namibia,2004,sp,f,65+,74,Smear Positive
Namibia,2005,sp,m,0-14,98,Smear Positive
Namibia,2005,sp,m,15-24,355,Smear Positive
Namibia,2005,sp,m,25-34,1027,Smear Positive
Namibia,2005,sp,m,35-44,874,Smear Positive
Namibia,2005,sp,m,45-54,365,Smear Positive
Namibia,2005,sp,m,55-64,146,Smear Positive
Namibia,2005,sp,m,65+,120,Smear Positive
Namibia,2005,sp,f,0-14,105,Smear Positive
Namibia,2005,sp,f,15-24,399,Smear Positive
Namibia,2005,sp,f,25-34,809,Smear Positive
Namibia,2005,sp,f,35-44,525,Smear Positive
Namibia,2005,sp,f,45-54,213,Smear Positive
Namibia,2005,sp,f,55-64,95,Smear Positive
Namibia,2005,sp,f,65+,91,Smear Positive
Namibia,2006,sp,m,0-14,86,Smear Positive
Namibia,2006,sp,m,15-24,347,Smear Positive
Namibia,2006,sp,m,25-34,1052,Smear Positive
Namibia,2006,sp,m,35-44,799,Smear Positive
Namibia,2006,sp,m,45-54,386,Smear Positive
Namibia,2006,sp,m,55-64,174,Smear Positive
Namibia,2006,sp,m,65+,146,Smear Positive
Namibia,2006,sp,f,0-14,74,Smear Positive
Namibia,2006,sp,f,15-24,485,Smear Positive
Namibia,2006,sp,f,25-34,875,Smear Positive
Namibia,2006,sp,f,35-44,521,Smear Positive
Namibia,2006,sp,f,45-54,239,Smear Positive
Namibia,2006,sp,f,55-64,92,Smear Positive
Namibia,2006,sp,f,65+,80,Smear Positive
Namibia,2007,sp,m,0-14,57,Smear Positive
Namibia,2007,sp,m,15-24,370,Smear Positive
Namibia,2007,sp,m,25-34,1018,Smear Positive
Namibia,2007,sp,m,35-44,786,Smear Positive
Namibia,2007,sp,m,45-54,346,Smear Positive
Namibia,2007,sp,m,55-64,149,Smear Positive
Namibia,2007,sp,m,65+,120,Smear Positive
Namibia,2007,sp,f,0-14,69,Smear Positive
Namibia,2007,sp,f,15-24,417,Smear Positive
Namibia,2007,sp,f,25-34,826,Smear Positive
Namibia,2007,sp,f,35-44,513,Smear Positive
Namibia,2007,sp,f,45-54,242,Smear Positive
Namibia,2007,sp,f,55-64,102,Smear Positive
Namibia,2007,sp,f,65+,76,Smear Positive
Namibia,2008,sp,m,0-14,30,Smear Positive
Namibia,2008,sp,m,15-24,387,Smear Positive
Namibia,2008,sp,m,25-34,1033,Smear Positive
Namibia,2008,sp,m,35-44,757,Smear Positive
Namibia,2008,sp,m,45-54,346,Smear Positive
Namibia,2008,sp,m,55-64,149,Smear Positive
Namibia,2008,sp,m,65+,132,Smear Positive
Namibia,2008,sp,f,0-14,73,Smear Positive
Namibia,2008,sp,f,15-24,466,Smear Positive
Namibia,2008,sp,f,25-34,702,Smear Positive
Namibia,2008,sp,f,35-44,437,Smear Positive
Namibia,2008,sp,f,45-54,226,Smear Positive
Namibia,2008,sp,f,55-64,110,Smear Positive
Namibia,2008,sp,f,65+,80,Smear Positive
Namibia,2009,sp,m,0-14,41,Smear Positive
Namibia,2009,sp,m,15-24,357,Smear Positive
Namibia,2009,sp,m,25-34,936,Smear Positive
Namibia,2009,sp,m,35-44,689,Smear Positive
Namibia,2009,sp,m,45-54,348,Smear Positive
Namibia,2009,sp,m,55-64,166,Smear Positive
Namibia,2009,sp,m,65+,121,Smear Positive
Namibia,2009,sp,f,0-14,84,Smear Positive
Namibia,2009,sp,f,15-24,384,Smear Positive
Namibia,2009,sp,f,25-34,678,Smear Positive
Namibia,2009,sp,f,35-44,407,Smear Positive
Namibia,2009,sp,f,45-54,214,Smear Positive
Namibia,2009,sp,f,55-64,97,Smear Positive
Namibia,2009,sp,f,65+,86,Smear Positive
Namibia,2010,sp,m,0-14,36,Smear Positive
Namibia,2010,sp,m,15-24,359,Smear Positive
Namibia,2010,sp,m,25-34,852,Smear Positive
Namibia,2010,sp,m,35-44,680,Smear Positive
Namibia,2010,sp,m,45-54,287,Smear Positive
Namibia,2010,sp,m,55-64,146,Smear Positive
Namibia,2010,sp,m,65+,126,Smear Positive
Namibia,2010,sp,f,0-14,67,Smear Positive
Namibia,2010,sp,f,15-24,429,Smear Positive
Namibia,2010,sp,f,25-34,685,Smear Positive
Namibia,2010,sp,f,35-44,382,Smear Positive
Namibia,2010,sp,f,45-54,206,Smear Positive
Namibia,2010,sp,f,55-64,122,Smear Positive
Namibia,2010,sp,f,65+,87,Smear Positive
Namibia,2011,sp,m,0-14,48,Smear Positive
Namibia,2011,sp,m,15-24,337,Smear Positive
Namibia,2011,sp,m,25-34,844,Smear Positive
Namibia,2011,sp,m,35-44,660,Smear Positive
Namibia,2011,sp,m,45-54,361,Smear Positive
Namibia,2011,sp,m,55-64,152,Smear Positive
Namibia,2011,sp,m,65+,138,Smear Positive
Namibia,2011,sp,f,0-14,78,Smear Positive
Namibia,2011,sp,f,15-24,427,Smear Positive
Namibia,2011,sp,f,25-34,653,Smear Positive
Namibia,2011,sp,f,35-44,410,Smear Positive
Namibia,2011,sp,f,45-54,185,Smear Positive
Namibia,2011,sp,f,55-64,100,Smear Positive
Namibia,2011,sp,f,65+,110,Smear Positive
Namibia,2012,sp,m,0-14,61,Smear Positive
Namibia,2012,sp,m,15-24,358,Smear Positive
Namibia,2012,sp,m,25-34,810,Smear Positive
Namibia,2012,sp,m,35-44,686,Smear Positive
Namibia,2012,sp,m,45-54,292,Smear Positive
Namibia,2012,sp,m,55-64,157,Smear Positive
Namibia,2012,sp,m,65+,137,Smear Positive
Namibia,2012,sp,f,0-14,81,Smear Positive
Namibia,2012,sp,f,15-24,394,Smear Positive
Namibia,2012,sp,f,25-34,582,Smear Positive
Namibia,2012,sp,f,35-44,396,Smear Positive
Namibia,2012,sp,f,45-54,198,Smear Positive
Namibia,2012,sp,f,55-64,84,Smear Positive
Namibia,2012,sp,f,65+,97,Smear Positive
Namibia,2012,sn,m,0-14,386,Smear Negative
Namibia,2012,sn,m,15-24,153,Smear Negative
Namibia,2012,sn,m,25-34,477,Smear Negative
Namibia,2012,sn,m,35-44,516,Smear Negative
Namibia,2012,sn,m,45-54,268,Smear Negative
Namibia,2012,sn,m,55-64,162,Smear Negative
Namibia,2012,sn,m,65+,135,Smear Negative
Namibia,2012,sn,f,0-14,339,Smear Negative
Namibia,2012,sn,f,15-24,200,Smear Negative
Namibia,2012,sn,f,25-34,379,Smear Negative
Namibia,2012,sn,f,35-44,306,Smear Negative
Namibia,2012,sn,f,45-54,183,Smear Negative
Namibia,2012,sn,f,55-64,98,Smear Negative
Namibia,2012,sn,f,65+,90,Smear Negative
Namibia,2012,ep,m,0-14,180,Extrapulmonary
Namibia,2012,ep,m,15-24,126,Extrapulmonary
Namibia,2012,ep,m,25-34,228,Extrapulmonary
Namibia,2012,ep,m,35-44,261,Extrapulmonary
Namibia,2012,ep,m,45-54,138,Extrapulmonary
Namibia,2012,ep,m,55-64,46,Extrapulmonary
Namibia,2012,ep,m,65+,55,Extrapulmonary
Namibia,2012,ep,f,0-14,163,Extrapulmonary
Namibia,2012,ep,f,15-24,116,Extrapulmonary
Namibia,2012,ep,f,25-34,219,Extrapulmonary
Namibia,2012,ep,f,35-44,177,Extrapulmonary
Namibia,2012,ep,f,45-54,84,Extrapulmonary
Namibia,2012,ep,f,55-64,25,Extrapulmonary
Namibia,2012,ep,f,65+,47,Extrapulmonary
Namibia,2013,rel,m,0-14,603,Relapse
Namibia,2013,rel,m,15-24,612,Relapse
Namibia,2013,rel,m,25-34,1496,Relapse
Namibia,2013,rel,m,35-44,1404,Relapse
Namibia,2013,rel,m,45-54,723,Relapse
Namibia,2013,rel,m,55-64,392,Relapse
Namibia,2013,rel,m,65+,309,Relapse
Namibia,2013,rel,f,0-14,491,Relapse
Namibia,2013,rel,f,15-24,688,Relapse
Namibia,2013,rel,f,25-34,1137,Relapse
Namibia,2013,rel,f,35-44,747,Relapse
Namibia,2013,rel,f,45-54,408,Relapse
Namibia,2013,rel,f,55-64,220,Relapse
Namibia,2013,rel,f,65+,202,Relapse
Nauru,1999,sp,m,0-14,0,Smear Positive
Nauru,1999,sp,m,15-24,0,Smear Positive
Nauru,1999,sp,m,25-34,0,Smear Positive
Nauru,1999,sp,m,35-44,0,Smear Positive
Nauru,1999,sp,m,45-54,1,Smear Positive
Nauru,1999,sp,m,55-64,1,Smear Positive
Nauru,1999,sp,m,65+,0,Smear Positive
Nauru,1999,sp,f,0-14,0,Smear Positive
Nauru,1999,sp,f,15-24,0,Smear Positive
Nauru,1999,sp,f,25-34,1,Smear Positive
Nauru,1999,sp,f,35-44,3,Smear Positive
Nauru,1999,sp,f,45-54,0,Smear Positive
Nauru,1999,sp,f,55-64,0,Smear Positive
Nauru,1999,sp,f,65+,0,Smear Positive
Nauru,2000,sp,m,45-54,1,Smear Positive
Nauru,2000,sp,f,45-54,1,Smear Positive
Nauru,2000,sp,f,55-64,1,Smear Positive
Nauru,2001,sp,m,35-44,1,Smear Positive
Nauru,2001,sp,f,45-54,1,Smear Positive
Nauru,2002,sp,m,25-34,1,Smear Positive
Nauru,2002,sp,f,35-44,1,Smear Positive
Nauru,2003,sp,m,0-14,0,Smear Positive
Nauru,2003,sp,m,15-24,0,Smear Positive
Nauru,2003,sp,m,25-34,0,Smear Positive
Nauru,2003,sp,m,35-44,0,Smear Positive
Nauru,2003,sp,m,45-54,1,Smear Positive
Nauru,2003,sp,m,55-64,0,Smear Positive
Nauru,2003,sp,m,65+,0,Smear Positive
Nauru,2003,sp,f,0-14,0,Smear Positive
Nauru,2003,sp,f,15-24,0,Smear Positive
Nauru,2003,sp,f,25-34,0,Smear Positive
Nauru,2003,sp,f,35-44,0,Smear Positive
Nauru,2003,sp,f,45-54,0,Smear Positive
Nauru,2003,sp,f,55-64,0,Smear Positive
Nauru,2003,sp,f,65+,0,Smear Positive
Nauru,2006,sp,m,0-14,0,Smear Positive
Nauru,2006,sp,m,15-24,1,Smear Positive
Nauru,2006,sp,m,25-34,0,Smear Positive
Nauru,2006,sp,m,35-44,0,Smear Positive
Nauru,2006,sp,m,45-54,0,Smear Positive
Nauru,2006,sp,m,55-64,0,Smear Positive
Nauru,2006,sp,m,65+,0,Smear Positive
Nauru,2006,sp,f,0-14,0,Smear Positive
Nauru,2006,sp,f,15-24,0,Smear Positive
Nauru,2006,sp,f,25-34,0,Smear Positive
Nauru,2006,sp,f,35-44,1,Smear Positive
Nauru,2006,sp,f,45-54,0,Smear Positive
Nauru,2006,sp,f,55-64,0,Smear Positive
Nauru,2006,sp,f,65+,0,Smear Positive
Nauru,2006,sn,m,0-14,0,Smear Negative
Nauru,2006,sn,m,15-24,1,Smear Negative
Nauru,2006,sn,m,25-34,0,Smear Negative
Nauru,2006,sn,m,35-44,0,Smear Negative
Nauru,2006,sn,m,45-54,2,Smear Negative
Nauru,2006,sn,m,55-64,0,Smear Negative
Nauru,2006,sn,m,65+,0,Smear Negative
Nauru,2006,sn,f,0-14,0,Smear Negative
Nauru,2006,sn,f,15-24,0,Smear Negative
Nauru,2006,sn,f,25-34,0,Smear Negative
Nauru,2006,sn,f,35-44,0,Smear Negative
Nauru,2006,sn,f,45-54,1,Smear Negative
Nauru,2006,sn,f,55-64,0,Smear Negative
Nauru,2006,sn,f,65+,0,Smear Negative
Nauru,2006,ep,m,0-14,0,Extrapulmonary
Nauru,2006,ep,m,15-24,3,Extrapulmonary
Nauru,2006,ep,m,25-34,1,Extrapulmonary
Nauru,2006,ep,m,35-44,0,Extrapulmonary
Nauru,2006,ep,m,45-54,0,Extrapulmonary
Nauru,2006,ep,m,55-64,0,Extrapulmonary
Nauru,2006,ep,m,65+,0,Extrapulmonary
Nauru,2006,ep,f,0-14,0,Extrapulmonary
Nauru,2006,ep,f,15-24,0,Extrapulmonary
Nauru,2006,ep,f,25-34,0,Extrapulmonary
Nauru,2006,ep,f,35-44,1,Extrapulmonary
Nauru,2006,ep,f,45-54,0,Extrapulmonary
Nauru,2006,ep,f,55-64,1,Extrapulmonary
Nauru,2006,ep,f,65+,0,Extrapulmonary
Nauru,2007,sp,m,0-14,1,Smear Positive
Nauru,2007,sp,m,15-24,1,Smear Positive
Nauru,2007,sp,m,25-34,0,Smear Positive
Nauru,2007,sp,m,35-44,1,Smear Positive
Nauru,2007,sp,m,45-54,0,Smear Positive
Nauru,2007,sp,m,55-64,0,Smear Positive
Nauru,2007,sp,m,65+,0,Smear Positive
Nauru,2007,sp,f,0-14,0,Smear Positive
Nauru,2007,sp,f,15-24,0,Smear Positive
Nauru,2007,sp,f,25-34,0,Smear Positive
Nauru,2007,sp,f,35-44,0,Smear Positive
Nauru,2007,sp,f,45-54,0,Smear Positive
Nauru,2007,sp,f,55-64,0,Smear Positive
Nauru,2007,sp,f,65+,0,Smear Positive
Nauru,2007,sn,m,0-14,0,Smear Negative
Nauru,2007,sn,m,15-24,0,Smear Negative
Nauru,2007,sn,m,25-34,0,Smear Negative
Nauru,2007,sn,m,35-44,0,Smear Negative
Nauru,2007,sn,m,45-54,0,Smear Negative
Nauru,2007,sn,m,55-64,0,Smear Negative
Nauru,2007,sn,m,65+,0,Smear Negative
Nauru,2007,sn,f,0-14,0,Smear Negative
Nauru,2007,sn,f,15-24,0,Smear Negative
Nauru,2007,sn,f,25-34,0,Smear Negative
Nauru,2007,sn,f,35-44,0,Smear Negative
Nauru,2007,sn,f,45-54,0,Smear Negative
Nauru,2007,sn,f,55-64,0,Smear Negative
Nauru,2007,sn,f,65+,0,Smear Negative
Nauru,2007,ep,m,0-14,0,Extrapulmonary
Nauru,2007,ep,m,15-24,0,Extrapulmonary
Nauru,2007,ep,m,25-34,0,Extrapulmonary
Nauru,2007,ep,m,35-44,0,Extrapulmonary
Nauru,2007,ep,m,45-54,0,Extrapulmonary
Nauru,2007,ep,m,55-64,0,Extrapulmonary
Nauru,2007,ep,m,65+,0,Extrapulmonary
Nauru,2007,ep,f,0-14,0,Extrapulmonary
Nauru,2007,ep,f,15-24,0,Extrapulmonary
Nauru,2007,ep,f,25-34,0,Extrapulmonary
Nauru,2007,ep,f,35-44,0,Extrapulmonary
Nauru,2007,ep,f,45-54,0,Extrapulmonary
Nauru,2007,ep,f,55-64,0,Extrapulmonary
Nauru,2007,ep,f,65+,0,Extrapulmonary
Nauru,2008,sp,m,0-14,0,Smear Positive
Nauru,2008,sp,m,15-24,1,Smear Positive
Nauru,2008,sp,m,25-34,0,Smear Positive
Nauru,2008,sp,m,35-44,0,Smear Positive
Nauru,2008,sp,m,45-54,1,Smear Positive
Nauru,2008,sp,m,55-64,0,Smear Positive
Nauru,2008,sp,m,65+,0,Smear Positive
Nauru,2008,sp,f,0-14,0,Smear Positive
Nauru,2008,sp,f,15-24,0,Smear Positive
Nauru,2008,sp,f,25-34,0,Smear Positive
Nauru,2008,sp,f,35-44,0,Smear Positive
Nauru,2008,sp,f,45-54,0,Smear Positive
Nauru,2008,sp,f,55-64,0,Smear Positive
Nauru,2008,sp,f,65+,0,Smear Positive
Nauru,2008,sn,m,0-14,0,Smear Negative
Nauru,2008,sn,m,15-24,0,Smear Negative
Nauru,2008,sn,m,25-34,0,Smear Negative
Nauru,2008,sn,m,35-44,0,Smear Negative
Nauru,2008,sn,m,45-54,1,Smear Negative
Nauru,2008,sn,m,55-64,0,Smear Negative
Nauru,2008,sn,m,65+,0,Smear Negative
Nauru,2008,sn,f,0-14,0,Smear Negative
Nauru,2008,sn,f,15-24,0,Smear Negative
Nauru,2008,sn,f,25-34,0,Smear Negative
Nauru,2008,sn,f,35-44,0,Smear Negative
Nauru,2008,sn,f,45-54,1,Smear Negative
Nauru,2008,sn,f,55-64,0,Smear Negative
Nauru,2008,sn,f,65+,0,Smear Negative
Nauru,2008,ep,m,0-14,0,Extrapulmonary
Nauru,2008,ep,m,15-24,0,Extrapulmonary
Nauru,2008,ep,m,25-34,0,Extrapulmonary
Nauru,2008,ep,m,35-44,0,Extrapulmonary
Nauru,2008,ep,m,45-54,0,Extrapulmonary
Nauru,2008,ep,m,55-64,0,Extrapulmonary
Nauru,2008,ep,m,65+,0,Extrapulmonary
Nauru,2008,ep,f,0-14,0,Extrapulmonary
Nauru,2008,ep,f,15-24,0,Extrapulmonary
Nauru,2008,ep,f,25-34,0,Extrapulmonary
Nauru,2008,ep,f,35-44,0,Extrapulmonary
Nauru,2008,ep,f,45-54,0,Extrapulmonary
Nauru,2008,ep,f,55-64,0,Extrapulmonary
Nauru,2008,ep,f,65+,0,Extrapulmonary
Nauru,2009,sp,m,0-14,0,Smear Positive
Nauru,2009,sp,m,15-24,0,Smear Positive
Nauru,2009,sp,m,25-34,0,Smear Positive
Nauru,2009,sp,m,35-44,0,Smear Positive
Nauru,2009,sp,m,45-54,0,Smear Positive
Nauru,2009,sp,m,55-64,0,Smear Positive
Nauru,2009,sp,m,65+,0,Smear Positive
Nauru,2009,sp,f,0-14,0,Smear Positive
Nauru,2009,sp,f,15-24,1,Smear Positive
Nauru,2009,sp,f,25-34,0,Smear Positive
Nauru,2009,sp,f,35-44,0,Smear Positive
Nauru,2009,sp,f,45-54,0,Smear Positive
Nauru,2009,sp,f,55-64,0,Smear Positive
Nauru,2009,sp,f,65+,0,Smear Positive
Nauru,2009,ep,m,0-14,0,Extrapulmonary
Nauru,2009,ep,m,15-24,0,Extrapulmonary
Nauru,2009,ep,m,25-34,0,Extrapulmonary
Nauru,2009,ep,m,35-44,0,Extrapulmonary
Nauru,2009,ep,m,45-54,0,Extrapulmonary
Nauru,2009,ep,m,55-64,1,Extrapulmonary
Nauru,2009,ep,m,65+,0,Extrapulmonary
Nauru,2009,ep,f,0-14,0,Extrapulmonary
Nauru,2009,ep,f,15-24,0,Extrapulmonary
Nauru,2009,ep,f,25-34,0,Extrapulmonary
Nauru,2009,ep,f,35-44,0,Extrapulmonary
Nauru,2009,ep,f,45-54,1,Extrapulmonary
Nauru,2009,ep,f,55-64,0,Extrapulmonary
Nauru,2009,ep,f,65+,0,Extrapulmonary
Nauru,2010,sp,m,0-14,0,Smear Positive
Nauru,2010,sp,m,15-24,0,Smear Positive
Nauru,2010,sp,m,25-34,0,Smear Positive
Nauru,2010,sp,m,35-44,0,Smear Positive
Nauru,2010,sp,m,45-54,0,Smear Positive
Nauru,2010,sp,m,55-64,0,Smear Positive
Nauru,2010,sp,m,65+,0,Smear Positive
Nauru,2010,sp,f,0-14,0,Smear Positive
Nauru,2010,sp,f,15-24,0,Smear Positive
Nauru,2010,sp,f,25-34,0,Smear Positive
Nauru,2010,sp,f,35-44,1,Smear Positive
Nauru,2010,sp,f,45-54,0,Smear Positive
Nauru,2010,sp,f,55-64,0,Smear Positive
Nauru,2010,sp,f,65+,0,Smear Positive
Nauru,2010,sn,m,0-14,0,Smear Negative
Nauru,2010,sn,m,15-24,0,Smear Negative
Nauru,2010,sn,m,25-34,0,Smear Negative
Nauru,2010,sn,m,35-44,0,Smear Negative
Nauru,2010,sn,m,45-54,0,Smear Negative
Nauru,2010,sn,m,55-64,1,Smear Negative
Nauru,2010,sn,m,65+,0,Smear Negative
Nauru,2010,sn,f,0-14,0,Smear Negative
Nauru,2010,sn,f,15-24,0,Smear Negative
Nauru,2010,sn,f,25-34,0,Smear Negative
Nauru,2010,sn,f,35-44,0,Smear Negative
Nauru,2010,sn,f,45-54,0,Smear Negative
Nauru,2010,sn,f,55-64,0,Smear Negative
Nauru,2010,sn,f,65+,0,Smear Negative
Nauru,2010,ep,m,0-14,0,Extrapulmonary
Nauru,2010,ep,m,15-24,0,Extrapulmonary
Nauru,2010,ep,m,25-34,1,Extrapulmonary
Nauru,2010,ep,m,35-44,0,Extrapulmonary
Nauru,2010,ep,m,45-54,0,Extrapulmonary
Nauru,2010,ep,m,55-64,0,Extrapulmonary
Nauru,2010,ep,m,65+,0,Extrapulmonary
Nauru,2010,ep,f,0-14,0,Extrapulmonary
Nauru,2010,ep,f,15-24,0,Extrapulmonary
Nauru,2010,ep,f,25-34,0,Extrapulmonary
Nauru,2010,ep,f,35-44,0,Extrapulmonary
Nauru,2010,ep,f,45-54,0,Extrapulmonary
Nauru,2010,ep,f,55-64,0,Extrapulmonary
Nauru,2010,ep,f,65+,0,Extrapulmonary
Nauru,2011,sp,m,0-14,0,Smear Positive
Nauru,2011,sp,m,15-24,0,Smear Positive
Nauru,2011,sp,m,25-34,0,Smear Positive
Nauru,2011,sp,m,35-44,1,Smear Positive
Nauru,2011,sp,m,45-54,1,Smear Positive
Nauru,2011,sp,m,55-64,0,Smear Positive
Nauru,2011,sp,m,65+,0,Smear Positive
Nauru,2011,sp,f,0-14,0,Smear Positive
Nauru,2011,sp,f,15-24,0,Smear Positive
Nauru,2011,sp,f,25-34,0,Smear Positive
Nauru,2011,sp,f,35-44,0,Smear Positive
Nauru,2011,sp,f,45-54,0,Smear Positive
Nauru,2011,sp,f,55-64,0,Smear Positive
Nauru,2011,sp,f,65+,1,Smear Positive
Nauru,2011,sn,m,0-14,0,Smear Negative
Nauru,2011,sn,m,15-24,0,Smear Negative
Nauru,2011,sn,m,25-34,0,Smear Negative
Nauru,2011,sn,m,35-44,0,Smear Negative
Nauru,2011,sn,m,45-54,0,Smear Negative
Nauru,2011,sn,m,55-64,0,Smear Negative
Nauru,2011,sn,m,65+,0,Smear Negative
Nauru,2011,sn,f,0-14,0,Smear Negative
Nauru,2011,sn,f,15-24,0,Smear Negative
Nauru,2011,sn,f,25-34,1,Smear Negative
Nauru,2011,sn,f,35-44,0,Smear Negative
Nauru,2011,sn,f,45-54,0,Smear Negative
Nauru,2011,sn,f,55-64,0,Smear Negative
Nauru,2011,sn,f,65+,0,Smear Negative
Nauru,2011,ep,m,0-14,0,Extrapulmonary
Nauru,2011,ep,m,15-24,0,Extrapulmonary
Nauru,2011,ep,m,25-34,0,Extrapulmonary
Nauru,2011,ep,m,35-44,0,Extrapulmonary
Nauru,2011,ep,m,45-54,0,Extrapulmonary
Nauru,2011,ep,m,55-64,0,Extrapulmonary
Nauru,2011,ep,m,65+,0,Extrapulmonary
Nauru,2011,ep,f,0-14,0,Extrapulmonary
Nauru,2011,ep,f,15-24,0,Extrapulmonary
Nauru,2011,ep,f,25-34,0,Extrapulmonary
Nauru,2011,ep,f,35-44,0,Extrapulmonary
Nauru,2011,ep,f,45-54,0,Extrapulmonary
Nauru,2011,ep,f,55-64,1,Extrapulmonary
Nauru,2011,ep,f,65+,0,Extrapulmonary
Nepal,1996,sp,m,0-14,91,Smear Positive
Nepal,1996,sp,m,15-24,1451,Smear Positive
Nepal,1996,sp,m,25-34,1285,Smear Positive
Nepal,1996,sp,m,35-44,1221,Smear Positive
Nepal,1996,sp,m,45-54,1035,Smear Positive
Nepal,1996,sp,m,55-64,738,Smear Positive
Nepal,1996,sp,m,65+,407,Smear Positive
Nepal,1996,sp,f,0-14,155,Smear Positive
Nepal,1996,sp,f,15-24,853,Smear Positive
Nepal,1996,sp,f,25-34,734,Smear Positive
Nepal,1996,sp,f,35-44,534,Smear Positive
Nepal,1996,sp,f,45-54,288,Smear Positive
Nepal,1996,sp,f,55-64,190,Smear Positive
Nepal,1996,sp,f,65+,110,Smear Positive
Nepal,1998,sp,m,0-14,133,Smear Positive
Nepal,1998,sp,m,15-24,1621,Smear Positive
Nepal,1998,sp,m,25-34,1522,Smear Positive
Nepal,1998,sp,m,35-44,1500,Smear Positive
Nepal,1998,sp,m,45-54,1292,Smear Positive
Nepal,1998,sp,m,55-64,884,Smear Positive
Nepal,1998,sp,m,65+,480,Smear Positive
Nepal,1998,sp,f,0-14,173,Smear Positive
Nepal,1998,sp,f,15-24,1112,Smear Positive
Nepal,1998,sp,f,25-34,838,Smear Positive
Nepal,1998,sp,f,35-44,621,Smear Positive
Nepal,1998,sp,f,45-54,407,Smear Positive
Nepal,1998,sp,f,55-64,219,Smear Positive
Nepal,1998,sp,f,65+,170,Smear Positive
Nepal,1999,sp,m,0-14,150,Smear Positive
Nepal,1999,sp,m,15-24,1872,Smear Positive
Nepal,1999,sp,m,25-34,1800,Smear Positive
Nepal,1999,sp,m,35-44,1703,Smear Positive
Nepal,1999,sp,m,45-54,1545,Smear Positive
Nepal,1999,sp,m,55-64,1161,Smear Positive
Nepal,1999,sp,m,65+,799,Smear Positive
Nepal,1999,sp,f,0-14,185,Smear Positive
Nepal,1999,sp,f,15-24,1239,Smear Positive
Nepal,1999,sp,f,25-34,1133,Smear Positive
Nepal,1999,sp,f,35-44,754,Smear Positive
Nepal,1999,sp,f,45-54,553,Smear Positive
Nepal,1999,sp,f,55-64,316,Smear Positive
Nepal,1999,sp,f,65+,200,Smear Positive
Nepal,2000,sp,m,0-14,170,Smear Positive
Nepal,2000,sp,m,15-24,1904,Smear Positive
Nepal,2000,sp,m,25-34,1763,Smear Positive
Nepal,2000,sp,m,35-44,1713,Smear Positive
Nepal,2000,sp,m,45-54,1491,Smear Positive
Nepal,2000,sp,m,55-64,1294,Smear Positive
Nepal,2000,sp,m,65+,772,Smear Positive
Nepal,2000,sp,f,0-14,176,Smear Positive
Nepal,2000,sp,f,15-24,1267,Smear Positive
Nepal,2000,sp,f,25-34,1078,Smear Positive
Nepal,2000,sp,f,35-44,833,Smear Positive
Nepal,2000,sp,f,45-54,575,Smear Positive
Nepal,2000,sp,f,55-64,419,Smear Positive
Nepal,2000,sp,f,65+,228,Smear Positive
Nepal,2001,sp,m,0-14,155,Smear Positive
Nepal,2001,sp,m,15-24,1957,Smear Positive
Nepal,2001,sp,m,25-34,1709,Smear Positive
Nepal,2001,sp,m,35-44,1743,Smear Positive
Nepal,2001,sp,m,45-54,1491,Smear Positive
Nepal,2001,sp,m,55-64,1300,Smear Positive
Nepal,2001,sp,m,65+,775,Smear Positive
Nepal,2001,sp,f,0-14,171,Smear Positive
Nepal,2001,sp,f,15-24,1295,Smear Positive
Nepal,2001,sp,f,25-34,1060,Smear Positive
Nepal,2001,sp,f,35-44,838,Smear Positive
Nepal,2001,sp,f,45-54,573,Smear Positive
Nepal,2001,sp,f,55-64,375,Smear Positive
Nepal,2001,sp,f,65+,222,Smear Positive
Nepal,2002,sp,m,0-14,129,Smear Positive
Nepal,2002,sp,m,15-24,1980,Smear Positive
Nepal,2002,sp,m,25-34,1707,Smear Positive
Nepal,2002,sp,m,35-44,1686,Smear Positive
Nepal,2002,sp,m,45-54,1579,Smear Positive
Nepal,2002,sp,m,55-64,1465,Smear Positive
Nepal,2002,sp,m,65+,758,Smear Positive
Nepal,2002,sp,f,0-14,202,Smear Positive
Nepal,2002,sp,f,15-24,1203,Smear Positive
Nepal,2002,sp,f,25-34,1041,Smear Positive
Nepal,2002,sp,f,35-44,796,Smear Positive
Nepal,2002,sp,f,45-54,544,Smear Positive
Nepal,2002,sp,f,55-64,426,Smear Positive
Nepal,2002,sp,f,65+,198,Smear Positive
Nepal,2003,sp,m,0-14,122,Smear Positive
Nepal,2003,sp,m,15-24,2039,Smear Positive
Nepal,2003,sp,m,25-34,1658,Smear Positive
Nepal,2003,sp,m,35-44,1619,Smear Positive
Nepal,2003,sp,m,45-54,1769,Smear Positive
Nepal,2003,sp,m,55-64,1639,Smear Positive
Nepal,2003,sp,m,65+,735,Smear Positive
Nepal,2003,sp,f,0-14,189,Smear Positive
Nepal,2003,sp,f,15-24,1283,Smear Positive
Nepal,2003,sp,f,25-34,1107,Smear Positive
Nepal,2003,sp,f,35-44,873,Smear Positive
Nepal,2003,sp,f,45-54,609,Smear Positive
Nepal,2003,sp,f,55-64,486,Smear Positive
Nepal,2003,sp,f,65+,220,Smear Positive
Nepal,2004,sp,m,0-14,121,Smear Positive
Nepal,2004,sp,m,15-24,1991,Smear Positive
Nepal,2004,sp,m,25-34,1749,Smear Positive
Nepal,2004,sp,m,35-44,1652,Smear Positive
Nepal,2004,sp,m,45-54,1710,Smear Positive
Nepal,2004,sp,m,55-64,1739,Smear Positive
Nepal,2004,sp,m,65+,763,Smear Positive
Nepal,2004,sp,f,0-14,188,Smear Positive
Nepal,2004,sp,f,15-24,1282,Smear Positive
Nepal,2004,sp,f,25-34,1138,Smear Positive
Nepal,2004,sp,f,35-44,849,Smear Positive
Nepal,2004,sp,f,45-54,677,Smear Positive
Nepal,2004,sp,f,55-64,540,Smear Positive
Nepal,2004,sp,f,65+,215,Smear Positive
Nepal,2005,sp,m,0-14,148,Smear Positive
Nepal,2005,sp,m,15-24,1946,Smear Positive
Nepal,2005,sp,m,25-34,1685,Smear Positive
Nepal,2005,sp,m,35-44,1722,Smear Positive
Nepal,2005,sp,m,45-54,1806,Smear Positive
Nepal,2005,sp,m,55-64,1759,Smear Positive
Nepal,2005,sp,m,65+,820,Smear Positive
Nepal,2005,sp,f,0-14,195,Smear Positive
Nepal,2005,sp,f,15-24,1208,Smear Positive
Nepal,2005,sp,f,25-34,1111,Smear Positive
Nepal,2005,sp,f,35-44,797,Smear Positive
Nepal,2005,sp,f,45-54,658,Smear Positive
Nepal,2005,sp,f,55-64,532,Smear Positive
Nepal,2005,sp,f,65+,230,Smear Positive
Nepal,2006,sp,m,0-14,125,Smear Positive
Nepal,2006,sp,m,15-24,1914,Smear Positive
Nepal,2006,sp,m,25-34,1651,Smear Positive
Nepal,2006,sp,m,35-44,1640,Smear Positive
Nepal,2006,sp,m,45-54,1688,Smear Positive
Nepal,2006,sp,m,55-64,1695,Smear Positive
Nepal,2006,sp,m,65+,808,Smear Positive
Nepal,2006,sp,f,0-14,179,Smear Positive
Nepal,2006,sp,f,15-24,1164,Smear Positive
Nepal,2006,sp,f,25-34,1001,Smear Positive
Nepal,2006,sp,f,35-44,788,Smear Positive
Nepal,2006,sp,f,45-54,613,Smear Positive
Nepal,2006,sp,f,55-64,519,Smear Positive
Nepal,2006,sp,f,65+,243,Smear Positive
Nepal,2006,sn,m,0-14,0,Smear Negative
Nepal,2006,sn,m,15-24,0,Smear Negative
Nepal,2006,sn,m,25-34,0,Smear Negative
Nepal,2006,sn,m,35-44,0,Smear Negative
Nepal,2006,sn,m,45-54,0,Smear Negative
Nepal,2006,sn,m,55-64,0,Smear Negative
Nepal,2006,sn,m,65+,0,Smear Negative
Nepal,2006,sn,f,0-14,0,Smear Negative
Nepal,2006,sn,f,15-24,0,Smear Negative
Nepal,2006,sn,f,25-34,0,Smear Negative
Nepal,2006,sn,f,35-44,0,Smear Negative
Nepal,2006,sn,f,45-54,0,Smear Negative
Nepal,2006,sn,f,55-64,0,Smear Negative
Nepal,2006,sn,f,65+,0,Smear Negative
Nepal,2006,ep,m,0-14,0,Extrapulmonary
Nepal,2006,ep,m,15-24,0,Extrapulmonary
Nepal,2006,ep,m,25-34,0,Extrapulmonary
Nepal,2006,ep,m,35-44,0,Extrapulmonary
Nepal,2006,ep,m,45-54,0,Extrapulmonary
Nepal,2006,ep,m,55-64,0,Extrapulmonary
Nepal,2006,ep,m,65+,0,Extrapulmonary
Nepal,2006,ep,f,0-14,0,Extrapulmonary
Nepal,2006,ep,f,15-24,0,Extrapulmonary
Nepal,2006,ep,f,25-34,0,Extrapulmonary
Nepal,2006,ep,f,35-44,0,Extrapulmonary
Nepal,2006,ep,f,45-54,0,Extrapulmonary
Nepal,2006,ep,f,55-64,0,Extrapulmonary
Nepal,2006,ep,f,65+,0,Extrapulmonary
Nepal,2007,sp,m,0-14,150,Smear Positive
Nepal,2007,sp,m,15-24,2025,Smear Positive
Nepal,2007,sp,m,25-34,1591,Smear Positive
Nepal,2007,sp,m,35-44,1636,Smear Positive
Nepal,2007,sp,m,45-54,1720,Smear Positive
Nepal,2007,sp,m,55-64,1715,Smear Positive
Nepal,2007,sp,m,65+,919,Smear Positive
Nepal,2007,sp,f,0-14,175,Smear Positive
Nepal,2007,sp,f,15-24,1149,Smear Positive
Nepal,2007,sp,f,25-34,1027,Smear Positive
Nepal,2007,sp,f,35-44,793,Smear Positive
Nepal,2007,sp,f,45-54,619,Smear Positive
Nepal,2007,sp,f,55-64,578,Smear Positive
Nepal,2007,sp,f,65+,258,Smear Positive
Nepal,2007,sn,m,0-14,0,Smear Negative
Nepal,2007,sn,m,15-24,0,Smear Negative
Nepal,2007,sn,m,25-34,0,Smear Negative
Nepal,2007,sn,m,35-44,0,Smear Negative
Nepal,2007,sn,m,45-54,0,Smear Negative
Nepal,2007,sn,m,55-64,0,Smear Negative
Nepal,2007,sn,m,65+,0,Smear Negative
Nepal,2007,sn,f,0-14,0,Smear Negative
Nepal,2007,sn,f,15-24,0,Smear Negative
Nepal,2007,sn,f,25-34,0,Smear Negative
Nepal,2007,sn,f,35-44,0,Smear Negative
Nepal,2007,sn,f,45-54,0,Smear Negative
Nepal,2007,sn,f,55-64,0,Smear Negative
Nepal,2007,sn,f,65+,0,Smear Negative
Nepal,2007,ep,m,0-14,0,Extrapulmonary
Nepal,2007,ep,m,15-24,0,Extrapulmonary
Nepal,2007,ep,m,25-34,0,Extrapulmonary
Nepal,2007,ep,m,35-44,0,Extrapulmonary
Nepal,2007,ep,m,45-54,0,Extrapulmonary
Nepal,2007,ep,m,55-64,0,Extrapulmonary
Nepal,2007,ep,m,65+,0,Extrapulmonary
Nepal,2007,ep,f,0-14,0,Extrapulmonary
Nepal,2007,ep,f,15-24,0,Extrapulmonary
Nepal,2007,ep,f,25-34,0,Extrapulmonary
Nepal,2007,ep,f,35-44,0,Extrapulmonary
Nepal,2007,ep,f,45-54,0,Extrapulmonary
Nepal,2007,ep,f,55-64,0,Extrapulmonary
Nepal,2007,ep,f,65+,0,Extrapulmonary
Nepal,2008,sp,m,0-14,81,Smear Positive
Nepal,2008,sp,m,15-24,150,Smear Positive
Nepal,2008,sp,m,25-34,1409,Smear Positive
Nepal,2008,sp,m,35-44,1558,Smear Positive
Nepal,2008,sp,m,45-54,1706,Smear Positive
Nepal,2008,sp,m,55-64,1515,Smear Positive
Nepal,2008,sp,m,65+,792,Smear Positive
Nepal,2008,sp,f,0-14,107,Smear Positive
Nepal,2008,sp,f,15-24,832,Smear Positive
Nepal,2008,sp,f,25-34,820,Smear Positive
Nepal,2008,sp,f,35-44,704,Smear Positive
Nepal,2008,sp,f,45-54,630,Smear Positive
Nepal,2008,sp,f,55-64,523,Smear Positive
Nepal,2008,sp,f,65+,226,Smear Positive
Nepal,2009,sp,m,0-14,149,Smear Positive
Nepal,2009,sp,m,15-24,1991,Smear Positive
Nepal,2009,sp,m,25-34,1864,Smear Positive
Nepal,2009,sp,m,35-44,1761,Smear Positive
Nepal,2009,sp,m,45-54,1897,Smear Positive
Nepal,2009,sp,m,55-64,1871,Smear Positive
Nepal,2009,sp,m,65+,1067,Smear Positive
Nepal,2009,sp,f,0-14,181,Smear Positive
Nepal,2009,sp,f,15-24,1223,Smear Positive
Nepal,2009,sp,f,25-34,1022,Smear Positive
Nepal,2009,sp,f,35-44,845,Smear Positive
Nepal,2009,sp,f,45-54,675,Smear Positive
Nepal,2009,sp,f,55-64,579,Smear Positive
Nepal,2009,sp,f,65+,317,Smear Positive
Nepal,2010,sp,m,0-14,165,Smear Positive
Nepal,2010,sp,m,15-24,2110,Smear Positive
Nepal,2010,sp,m,25-34,1832,Smear Positive
Nepal,2010,sp,m,35-44,1724,Smear Positive
Nepal,2010,sp,m,45-54,1856,Smear Positive
Nepal,2010,sp,m,55-64,1857,Smear Positive
Nepal,2010,sp,m,65+,1126,Smear Positive
Nepal,2010,sp,f,0-14,192,Smear Positive
Nepal,2010,sp,f,15-24,1177,Smear Positive
Nepal,2010,sp,f,25-34,1036,Smear Positive
Nepal,2010,sp,f,35-44,819,Smear Positive
Nepal,2010,sp,f,45-54,681,Smear Positive
Nepal,2010,sp,f,55-64,642,Smear Positive
Nepal,2010,sp,f,65+,352,Smear Positive
Nepal,2011,sp,m,0-14,245,Smear Positive
Nepal,2011,sp,m,15-24,1914,Smear Positive
Nepal,2011,sp,m,25-34,1755,Smear Positive
Nepal,2011,sp,m,35-44,1723,Smear Positive
Nepal,2011,sp,m,45-54,1732,Smear Positive
Nepal,2011,sp,m,55-64,1710,Smear Positive
Nepal,2011,sp,m,65+,1180,Smear Positive
Nepal,2011,sp,f,0-14,247,Smear Positive
Nepal,2011,sp,f,15-24,1182,Smear Positive
Nepal,2011,sp,f,25-34,978,Smear Positive
Nepal,2011,sp,f,35-44,752,Smear Positive
Nepal,2011,sp,f,45-54,624,Smear Positive
Nepal,2011,sp,f,55-64,604,Smear Positive
Nepal,2011,sp,f,65+,354,Smear Positive
Nepal,2011,sn,m,0-14,0,Smear Negative
Nepal,2011,sn,m,15-24,0,Smear Negative
Nepal,2011,sn,m,25-34,0,Smear Negative
Nepal,2011,sn,m,35-44,0,Smear Negative
Nepal,2011,sn,m,45-54,0,Smear Negative
Nepal,2011,sn,m,55-64,0,Smear Negative
Nepal,2011,sn,m,65+,0,Smear Negative
Nepal,2011,sn,f,0-14,0,Smear Negative
Nepal,2011,sn,f,15-24,0,Smear Negative
Nepal,2011,sn,f,25-34,0,Smear Negative
Nepal,2011,sn,f,35-44,0,Smear Negative
Nepal,2011,sn,f,45-54,0,Smear Negative
Nepal,2011,sn,f,55-64,0,Smear Negative
Nepal,2011,sn,f,65+,0,Smear Negative
Nepal,2011,ep,m,0-14,0,Extrapulmonary
Nepal,2011,ep,m,15-24,0,Extrapulmonary
Nepal,2011,ep,m,25-34,0,Extrapulmonary
Nepal,2011,ep,m,35-44,0,Extrapulmonary
Nepal,2011,ep,m,45-54,0,Extrapulmonary
Nepal,2011,ep,m,55-64,0,Extrapulmonary
Nepal,2011,ep,m,65+,0,Extrapulmonary
Nepal,2011,ep,f,0-14,0,Extrapulmonary
Nepal,2011,ep,f,15-24,0,Extrapulmonary
Nepal,2011,ep,f,25-34,0,Extrapulmonary
Nepal,2011,ep,f,35-44,0,Extrapulmonary
Nepal,2011,ep,f,45-54,0,Extrapulmonary
Nepal,2011,ep,f,55-64,0,Extrapulmonary
Nepal,2011,ep,f,65+,0,Extrapulmonary
Nepal,2012,sp,m,0-14,250,Smear Positive
Nepal,2012,sp,m,15-24,1906,Smear Positive
Nepal,2012,sp,m,25-34,1756,Smear Positive
Nepal,2012,sp,m,35-44,1644,Smear Positive
Nepal,2012,sp,m,45-54,1708,Smear Positive
Nepal,2012,sp,m,55-64,1773,Smear Positive
Nepal,2012,sp,m,65+,1203,Smear Positive
Nepal,2012,sp,f,0-14,210,Smear Positive
Nepal,2012,sp,f,15-24,1227,Smear Positive
Nepal,2012,sp,f,25-34,1036,Smear Positive
Nepal,2012,sp,f,35-44,666,Smear Positive
Nepal,2012,sp,f,45-54,638,Smear Positive
Nepal,2012,sp,f,55-64,643,Smear Positive
Nepal,2012,sp,f,65+,397,Smear Positive
Nepal,2013,rel,m,0-14,186,Relapse
Nepal,2013,rel,m,15-24,1889,Relapse
Nepal,2013,rel,m,25-34,1768,Relapse
Nepal,2013,rel,m,35-44,1525,Relapse
Nepal,2013,rel,m,45-54,1690,Relapse
Nepal,2013,rel,m,55-64,1675,Relapse
Nepal,2013,rel,m,65+,1415,Relapse
Nepal,2013,rel,f,0-14,223,Relapse
Nepal,2013,rel,f,15-24,1203,Relapse
Nepal,2013,rel,f,25-34,1007,Relapse
Nepal,2013,rel,f,35-44,737,Relapse
Nepal,2013,rel,f,45-54,660,Relapse
Nepal,2013,rel,f,55-64,691,Relapse
Nepal,2013,rel,f,65+,430,Relapse
Netherlands,1995,sp,m,0-14,22,Smear Positive
Netherlands,1995,sp,m,15-24,79,Smear Positive
Netherlands,1995,sp,m,25-34,119,Smear Positive
Netherlands,1995,sp,m,35-44,75,Smear Positive
Netherlands,1995,sp,m,45-54,28,Smear Positive
Netherlands,1995,sp,m,55-64,9,Smear Positive
Netherlands,1995,sp,m,65+,10,Smear Positive
Netherlands,1995,sp,f,0-14,24,Smear Positive
Netherlands,1995,sp,f,15-24,56,Smear Positive
Netherlands,1995,sp,f,25-34,50,Smear Positive
Netherlands,1995,sp,f,35-44,13,Smear Positive
Netherlands,1995,sp,f,45-54,10,Smear Positive
Netherlands,1995,sp,f,55-64,8,Smear Positive
Netherlands,1995,sp,f,65+,7,Smear Positive
Netherlands,1996,sp,m,0-14,8,Smear Positive
Netherlands,1996,sp,m,15-24,48,Smear Positive
Netherlands,1996,sp,m,25-34,65,Smear Positive
Netherlands,1996,sp,m,35-44,46,Smear Positive
Netherlands,1996,sp,m,45-54,26,Smear Positive
Netherlands,1996,sp,m,55-64,21,Smear Positive
Netherlands,1996,sp,m,65+,34,Smear Positive
Netherlands,1996,sp,f,0-14,1,Smear Positive
Netherlands,1996,sp,f,15-24,24,Smear Positive
Netherlands,1996,sp,f,25-34,40,Smear Positive
Netherlands,1996,sp,f,35-44,14,Smear Positive
Netherlands,1996,sp,f,45-54,5,Smear Positive
Netherlands,1996,sp,f,55-64,6,Smear Positive
Netherlands,1996,sp,f,65+,20,Smear Positive
Netherlands,1997,sp,m,0-14,3,Smear Positive
Netherlands,1997,sp,m,15-24,33,Smear Positive
Netherlands,1997,sp,m,25-34,65,Smear Positive
Netherlands,1997,sp,m,35-44,47,Smear Positive
Netherlands,1997,sp,m,45-54,32,Smear Positive
Netherlands,1997,sp,m,55-64,12,Smear Positive
Netherlands,1997,sp,m,65+,31,Smear Positive
Netherlands,1997,sp,f,0-14,4,Smear Positive
Netherlands,1997,sp,f,15-24,17,Smear Positive
Netherlands,1997,sp,f,25-34,31,Smear Positive
Netherlands,1997,sp,f,35-44,10,Smear Positive
Netherlands,1997,sp,f,45-54,12,Smear Positive
Netherlands,1997,sp,f,55-64,4,Smear Positive
Netherlands,1997,sp,f,65+,11,Smear Positive
Netherlands,1998,sp,m,0-14,2,Smear Positive
Netherlands,1998,sp,m,15-24,31,Smear Positive
Netherlands,1998,sp,m,25-34,40,Smear Positive
Netherlands,1998,sp,m,35-44,41,Smear Positive
Netherlands,1998,sp,m,45-54,21,Smear Positive
Netherlands,1998,sp,m,55-64,11,Smear Positive
Netherlands,1998,sp,m,65+,26,Smear Positive
Netherlands,1998,sp,f,0-14,2,Smear Positive
Netherlands,1998,sp,f,15-24,19,Smear Positive
Netherlands,1998,sp,f,25-34,25,Smear Positive
Netherlands,1998,sp,f,35-44,17,Smear Positive
Netherlands,1998,sp,f,45-54,4,Smear Positive
Netherlands,1998,sp,f,55-64,6,Smear Positive
Netherlands,1998,sp,f,65+,9,Smear Positive
Netherlands,1999,sp,m,0-14,5,Smear Positive
Netherlands,1999,sp,m,15-24,44,Smear Positive
Netherlands,1999,sp,m,25-34,67,Smear Positive
Netherlands,1999,sp,m,35-44,32,Smear Positive
Netherlands,1999,sp,m,45-54,24,Smear Positive
Netherlands,1999,sp,m,55-64,12,Smear Positive
Netherlands,1999,sp,m,65+,19,Smear Positive
Netherlands,1999,sp,f,0-14,5,Smear Positive
Netherlands,1999,sp,f,15-24,26,Smear Positive
Netherlands,1999,sp,f,25-34,39,Smear Positive
Netherlands,1999,sp,f,35-44,16,Smear Positive
Netherlands,1999,sp,f,45-54,2,Smear Positive
Netherlands,1999,sp,f,55-64,1,Smear Positive
Netherlands,1999,sp,f,65+,16,Smear Positive
Netherlands,2000,sp,m,0-14,0,Smear Positive
Netherlands,2000,sp,m,15-24,34,Smear Positive
Netherlands,2000,sp,m,25-34,63,Smear Positive
Netherlands,2000,sp,m,35-44,41,Smear Positive
Netherlands,2000,sp,m,45-54,25,Smear Positive
Netherlands,2000,sp,m,55-64,10,Smear Positive
Netherlands,2000,sp,m,65+,21,Smear Positive
Netherlands,2000,sp,f,0-14,4,Smear Positive
Netherlands,2000,sp,f,15-24,29,Smear Positive
Netherlands,2000,sp,f,25-34,22,Smear Positive
Netherlands,2000,sp,f,35-44,16,Smear Positive
Netherlands,2000,sp,f,45-54,9,Smear Positive
Netherlands,2000,sp,f,55-64,5,Smear Positive
Netherlands,2000,sp,f,65+,10,Smear Positive
Netherlands,2001,sp,m,0-14,1,Smear Positive
Netherlands,2001,sp,m,15-24,51,Smear Positive
Netherlands,2001,sp,m,25-34,51,Smear Positive
Netherlands,2001,sp,m,35-44,33,Smear Positive
Netherlands,2001,sp,m,45-54,29,Smear Positive
Netherlands,2001,sp,m,55-64,12,Smear Positive
Netherlands,2001,sp,m,65+,24,Smear Positive
Netherlands,2001,sp,f,0-14,1,Smear Positive
Netherlands,2001,sp,f,15-24,26,Smear Positive
Netherlands,2001,sp,f,25-34,32,Smear Positive
Netherlands,2001,sp,f,35-44,19,Smear Positive
Netherlands,2001,sp,f,45-54,9,Smear Positive
Netherlands,2001,sp,f,55-64,5,Smear Positive
Netherlands,2001,sp,f,65+,10,Smear Positive
Netherlands,2002,sp,m,0-14,1,Smear Positive
Netherlands,2002,sp,m,15-24,40,Smear Positive
Netherlands,2002,sp,m,25-34,54,Smear Positive
Netherlands,2002,sp,m,35-44,39,Smear Positive
Netherlands,2002,sp,m,45-54,33,Smear Positive
Netherlands,2002,sp,m,55-64,7,Smear Positive
Netherlands,2002,sp,m,65+,20,Smear Positive
Netherlands,2002,sp,f,0-14,5,Smear Positive
Netherlands,2002,sp,f,15-24,27,Smear Positive
Netherlands,2002,sp,f,25-34,32,Smear Positive
Netherlands,2002,sp,f,35-44,12,Smear Positive
Netherlands,2002,sp,f,45-54,13,Smear Positive
Netherlands,2002,sp,f,55-64,4,Smear Positive
Netherlands,2002,sp,f,65+,9,Smear Positive
Netherlands,2003,sp,m,0-14,2,Smear Positive
Netherlands,2003,sp,m,15-24,35,Smear Positive
Netherlands,2003,sp,m,25-34,50,Smear Positive
Netherlands,2003,sp,m,35-44,38,Smear Positive
Netherlands,2003,sp,m,45-54,17,Smear Positive
Netherlands,2003,sp,m,55-64,15,Smear Positive
Netherlands,2003,sp,m,65+,15,Smear Positive
Netherlands,2003,sp,f,0-14,0,Smear Positive
Netherlands,2003,sp,f,15-24,16,Smear Positive
Netherlands,2003,sp,f,25-34,30,Smear Positive
Netherlands,2003,sp,f,35-44,12,Smear Positive
Netherlands,2003,sp,f,45-54,10,Smear Positive
Netherlands,2003,sp,f,55-64,3,Smear Positive
Netherlands,2003,sp,f,65+,5,Smear Positive
Netherlands,2004,sp,m,0-14,6,Smear Positive
Netherlands,2004,sp,m,15-24,36,Smear Positive
Netherlands,2004,sp,m,25-34,54,Smear Positive
Netherlands,2004,sp,m,35-44,37,Smear Positive
Netherlands,2004,sp,m,45-54,26,Smear Positive
Netherlands,2004,sp,m,55-64,22,Smear Positive
Netherlands,2004,sp,m,65+,31,Smear Positive
Netherlands,2004,sp,f,0-14,4,Smear Positive
Netherlands,2004,sp,f,15-24,20,Smear Positive
Netherlands,2004,sp,f,25-34,33,Smear Positive
Netherlands,2004,sp,f,35-44,15,Smear Positive
Netherlands,2004,sp,f,45-54,4,Smear Positive
Netherlands,2004,sp,f,55-64,4,Smear Positive
Netherlands,2004,sp,f,65+,12,Smear Positive
Netherlands,2005,sp,m,0-14,0,Smear Positive
Netherlands,2005,sp,m,15-24,23,Smear Positive
Netherlands,2005,sp,m,25-34,42,Smear Positive
Netherlands,2005,sp,m,35-44,23,Smear Positive
Netherlands,2005,sp,m,45-54,26,Smear Positive
Netherlands,2005,sp,m,55-64,14,Smear Positive
Netherlands,2005,sp,m,65+,19,Smear Positive
Netherlands,2005,sp,f,0-14,3,Smear Positive
Netherlands,2005,sp,f,15-24,14,Smear Positive
Netherlands,2005,sp,f,25-34,19,Smear Positive
Netherlands,2005,sp,f,35-44,11,Smear Positive
Netherlands,2005,sp,f,45-54,9,Smear Positive
Netherlands,2005,sp,f,55-64,1,Smear Positive
Netherlands,2005,sp,f,65+,4,Smear Positive
Netherlands,2006,sp,m,0-14,0,Smear Positive
Netherlands,2006,sp,m,15-24,25,Smear Positive
Netherlands,2006,sp,m,25-34,23,Smear Positive
Netherlands,2006,sp,m,35-44,31,Smear Positive
Netherlands,2006,sp,m,45-54,23,Smear Positive
Netherlands,2006,sp,m,55-64,17,Smear Positive
Netherlands,2006,sp,m,65+,19,Smear Positive
Netherlands,2006,sp,f,0-14,3,Smear Positive
Netherlands,2006,sp,f,15-24,15,Smear Positive
Netherlands,2006,sp,f,25-34,17,Smear Positive
Netherlands,2006,sp,f,35-44,12,Smear Positive
Netherlands,2006,sp,f,45-54,5,Smear Positive
Netherlands,2006,sp,f,55-64,3,Smear Positive
Netherlands,2006,sp,f,65+,10,Smear Positive
Netherlands,2006,sn,m,0-14,13,Smear Negative
Netherlands,2006,sn,m,15-24,40,Smear Negative
Netherlands,2006,sn,m,25-34,65,Smear Negative
Netherlands,2006,sn,m,35-44,48,Smear Negative
Netherlands,2006,sn,m,45-54,25,Smear Negative
Netherlands,2006,sn,m,55-64,16,Smear Negative
Netherlands,2006,sn,m,65+,49,Smear Negative
Netherlands,2006,sn,f,0-14,19,Smear Negative
Netherlands,2006,sn,f,15-24,23,Smear Negative
Netherlands,2006,sn,f,25-34,40,Smear Negative
Netherlands,2006,sn,f,35-44,28,Smear Negative
Netherlands,2006,sn,f,45-54,24,Smear Negative
Netherlands,2006,sn,f,55-64,15,Smear Negative
Netherlands,2006,sn,f,65+,36,Smear Negative
Netherlands,2006,ep,m,0-14,5,Extrapulmonary
Netherlands,2006,ep,m,15-24,22,Extrapulmonary
Netherlands,2006,ep,m,25-34,39,Extrapulmonary
Netherlands,2006,ep,m,35-44,26,Extrapulmonary
Netherlands,2006,ep,m,45-54,29,Extrapulmonary
Netherlands,2006,ep,m,55-64,15,Extrapulmonary
Netherlands,2006,ep,m,65+,30,Extrapulmonary
Netherlands,2006,ep,f,0-14,8,Extrapulmonary
Netherlands,2006,ep,f,15-24,19,Extrapulmonary
Netherlands,2006,ep,f,25-34,37,Extrapulmonary
Netherlands,2006,ep,f,35-44,33,Extrapulmonary
Netherlands,2006,ep,f,45-54,23,Extrapulmonary
Netherlands,2006,ep,f,55-64,23,Extrapulmonary
Netherlands,2006,ep,f,65+,32,Extrapulmonary
Netherlands,2007,sp,m,0-14,1,Smear Positive
Netherlands,2007,sp,m,15-24,10,Smear Positive
Netherlands,2007,sp,m,25-34,22,Smear Positive
Netherlands,2007,sp,m,35-44,28,Smear Positive
Netherlands,2007,sp,m,45-54,21,Smear Positive
Netherlands,2007,sp,m,55-64,15,Smear Positive
Netherlands,2007,sp,m,65+,15,Smear Positive
Netherlands,2007,sp,f,0-14,1,Smear Positive
Netherlands,2007,sp,f,15-24,12,Smear Positive
Netherlands,2007,sp,f,25-34,22,Smear Positive
Netherlands,2007,sp,f,35-44,17,Smear Positive
Netherlands,2007,sp,f,45-54,6,Smear Positive
Netherlands,2007,sp,f,55-64,5,Smear Positive
Netherlands,2007,sp,f,65+,12,Smear Positive
Netherlands,2007,sn,m,0-14,12,Smear Negative
Netherlands,2007,sn,m,15-24,27,Smear Negative
Netherlands,2007,sn,m,25-34,40,Smear Negative
Netherlands,2007,sn,m,35-44,37,Smear Negative
Netherlands,2007,sn,m,45-54,27,Smear Negative
Netherlands,2007,sn,m,55-64,20,Smear Negative
Netherlands,2007,sn,m,65+,49,Smear Negative
Netherlands,2007,sn,f,0-14,6,Smear Negative
Netherlands,2007,sn,f,15-24,25,Smear Negative
Netherlands,2007,sn,f,25-34,31,Smear Negative
Netherlands,2007,sn,f,35-44,23,Smear Negative
Netherlands,2007,sn,f,45-54,13,Smear Negative
Netherlands,2007,sn,f,55-64,12,Smear Negative
Netherlands,2007,sn,f,65+,41,Smear Negative
Netherlands,2007,ep,m,0-14,16,Extrapulmonary
Netherlands,2007,ep,m,15-24,31,Extrapulmonary
Netherlands,2007,ep,m,25-34,42,Extrapulmonary
Netherlands,2007,ep,m,35-44,35,Extrapulmonary
Netherlands,2007,ep,m,45-54,26,Extrapulmonary
Netherlands,2007,ep,m,55-64,19,Extrapulmonary
Netherlands,2007,ep,m,65+,29,Extrapulmonary
Netherlands,2007,ep,f,0-14,12,Extrapulmonary
Netherlands,2007,ep,f,15-24,27,Extrapulmonary
Netherlands,2007,ep,f,25-34,31,Extrapulmonary
Netherlands,2007,ep,f,35-44,19,Extrapulmonary
Netherlands,2007,ep,f,45-54,26,Extrapulmonary
Netherlands,2007,ep,f,55-64,19,Extrapulmonary
Netherlands,2007,ep,f,65+,34,Extrapulmonary
Netherlands,2008,sp,m,0-14,0,Smear Positive
Netherlands,2008,sp,m,15-24,16,Smear Positive
Netherlands,2008,sp,m,25-34,24,Smear Positive
Netherlands,2008,sp,m,35-44,26,Smear Positive
Netherlands,2008,sp,m,45-54,19,Smear Positive
Netherlands,2008,sp,m,55-64,18,Smear Positive
Netherlands,2008,sp,m,65+,19,Smear Positive
Netherlands,2008,sp,f,0-14,2,Smear Positive
Netherlands,2008,sp,f,15-24,13,Smear Positive
Netherlands,2008,sp,f,25-34,19,Smear Positive
Netherlands,2008,sp,f,35-44,14,Smear Positive
Netherlands,2008,sp,f,45-54,6,Smear Positive
Netherlands,2008,sp,f,55-64,6,Smear Positive
Netherlands,2008,sp,f,65+,7,Smear Positive
Netherlands,2008,sn,m,0-14,5,Smear Negative
Netherlands,2008,sn,m,15-24,45,Smear Negative
Netherlands,2008,sn,m,25-34,34,Smear Negative
Netherlands,2008,sn,m,35-44,43,Smear Negative
Netherlands,2008,sn,m,45-54,29,Smear Negative
Netherlands,2008,sn,m,55-64,25,Smear Negative
Netherlands,2008,sn,m,65+,33,Smear Negative
Netherlands,2008,sn,f,0-14,14,Smear Negative
Netherlands,2008,sn,f,15-24,31,Smear Negative
Netherlands,2008,sn,f,25-34,42,Smear Negative
Netherlands,2008,sn,f,35-44,22,Smear Negative
Netherlands,2008,sn,f,45-54,13,Smear Negative
Netherlands,2008,sn,f,55-64,11,Smear Negative
Netherlands,2008,sn,f,65+,24,Smear Negative
Netherlands,2008,ep,m,0-14,19,Extrapulmonary
Netherlands,2008,ep,m,15-24,26,Extrapulmonary
Netherlands,2008,ep,m,25-34,50,Extrapulmonary
Netherlands,2008,ep,m,35-44,37,Extrapulmonary
Netherlands,2008,ep,m,45-54,23,Extrapulmonary
Netherlands,2008,ep,m,55-64,13,Extrapulmonary
Netherlands,2008,ep,m,65+,23,Extrapulmonary
Netherlands,2008,ep,f,0-14,10,Extrapulmonary
Netherlands,2008,ep,f,15-24,35,Extrapulmonary
Netherlands,2008,ep,f,25-34,55,Extrapulmonary
Netherlands,2008,ep,f,35-44,32,Extrapulmonary
Netherlands,2008,ep,f,45-54,23,Extrapulmonary
Netherlands,2008,ep,f,55-64,13,Extrapulmonary
Netherlands,2008,ep,f,65+,29,Extrapulmonary
Netherlands,2009,sp,m,0-14,1,Smear Positive
Netherlands,2009,sp,m,15-24,28,Smear Positive
Netherlands,2009,sp,m,25-34,21,Smear Positive
Netherlands,2009,sp,m,35-44,25,Smear Positive
Netherlands,2009,sp,m,45-54,22,Smear Positive
Netherlands,2009,sp,m,55-64,13,Smear Positive
Netherlands,2009,sp,m,65+,14,Smear Positive
Netherlands,2009,sp,f,0-14,1,Smear Positive
Netherlands,2009,sp,f,15-24,21,Smear Positive
Netherlands,2009,sp,f,25-34,24,Smear Positive
Netherlands,2009,sp,f,35-44,7,Smear Positive
Netherlands,2009,sp,f,45-54,8,Smear Positive
Netherlands,2009,sp,f,55-64,4,Smear Positive
Netherlands,2009,sp,f,65+,13,Smear Positive
Netherlands,2009,sn,m,0-14,12,Smear Negative
Netherlands,2009,sn,m,15-24,53,Smear Negative
Netherlands,2009,sn,m,25-34,58,Smear Negative
Netherlands,2009,sn,m,35-44,42,Smear Negative
Netherlands,2009,sn,m,45-54,31,Smear Negative
Netherlands,2009,sn,m,55-64,23,Smear Negative
Netherlands,2009,sn,m,65+,41,Smear Negative
Netherlands,2009,sn,f,0-14,7,Smear Negative
Netherlands,2009,sn,f,15-24,19,Smear Negative
Netherlands,2009,sn,f,25-34,31,Smear Negative
Netherlands,2009,sn,f,35-44,14,Smear Negative
Netherlands,2009,sn,f,45-54,17,Smear Negative
Netherlands,2009,sn,f,55-64,16,Smear Negative
Netherlands,2009,sn,f,65+,27,Smear Negative
Netherlands,2009,ep,m,0-14,16,Extrapulmonary
Netherlands,2009,ep,m,15-24,62,Extrapulmonary
Netherlands,2009,ep,m,25-34,52,Extrapulmonary
Netherlands,2009,ep,m,35-44,48,Extrapulmonary
Netherlands,2009,ep,m,45-54,19,Extrapulmonary
Netherlands,2009,ep,m,55-64,19,Extrapulmonary
Netherlands,2009,ep,m,65+,34,Extrapulmonary
Netherlands,2009,ep,f,0-14,20,Extrapulmonary
Netherlands,2009,ep,f,15-24,29,Extrapulmonary
Netherlands,2009,ep,f,25-34,59,Extrapulmonary
Netherlands,2009,ep,f,35-44,36,Extrapulmonary
Netherlands,2009,ep,f,45-54,30,Extrapulmonary
Netherlands,2009,ep,f,55-64,36,Extrapulmonary
Netherlands,2009,ep,f,65+,36,Extrapulmonary
Netherlands,2010,sp,m,0-14,0,Smear Positive
Netherlands,2010,sp,m,15-24,23,Smear Positive
Netherlands,2010,sp,m,25-34,29,Smear Positive
Netherlands,2010,sp,m,35-44,22,Smear Positive
Netherlands,2010,sp,m,45-54,20,Smear Positive
Netherlands,2010,sp,m,55-64,11,Smear Positive
Netherlands,2010,sp,m,65+,18,Smear Positive
Netherlands,2010,sp,f,0-14,1,Smear Positive
Netherlands,2010,sp,f,15-24,9,Smear Positive
Netherlands,2010,sp,f,25-34,14,Smear Positive
Netherlands,2010,sp,f,35-44,13,Smear Positive
Netherlands,2010,sp,f,45-54,6,Smear Positive
Netherlands,2010,sp,f,55-64,4,Smear Positive
Netherlands,2010,sp,f,65+,11,Smear Positive
Netherlands,2010,sn,m,0-14,10,Smear Negative
Netherlands,2010,sn,m,15-24,30,Smear Negative
Netherlands,2010,sn,m,25-34,44,Smear Negative
Netherlands,2010,sn,m,35-44,37,Smear Negative
Netherlands,2010,sn,m,45-54,25,Smear Negative
Netherlands,2010,sn,m,55-64,26,Smear Negative
Netherlands,2010,sn,m,65+,35,Smear Negative
Netherlands,2010,sn,f,0-14,4,Smear Negative
Netherlands,2010,sn,f,15-24,28,Smear Negative
Netherlands,2010,sn,f,25-34,50,Smear Negative
Netherlands,2010,sn,f,35-44,23,Smear Negative
Netherlands,2010,sn,f,45-54,10,Smear Negative
Netherlands,2010,sn,f,55-64,15,Smear Negative
Netherlands,2010,sn,f,65+,33,Smear Negative
Netherlands,2010,ep,m,0-14,9,Extrapulmonary
Netherlands,2010,ep,m,15-24,35,Extrapulmonary
Netherlands,2010,ep,m,25-34,72,Extrapulmonary
Netherlands,2010,ep,m,35-44,40,Extrapulmonary
Netherlands,2010,ep,m,45-54,30,Extrapulmonary
Netherlands,2010,ep,m,55-64,15,Extrapulmonary
Netherlands,2010,ep,m,65+,28,Extrapulmonary
Netherlands,2010,ep,f,0-14,10,Extrapulmonary
Netherlands,2010,ep,f,15-24,36,Extrapulmonary
Netherlands,2010,ep,f,25-34,50,Extrapulmonary
Netherlands,2010,ep,f,35-44,47,Extrapulmonary
Netherlands,2010,ep,f,45-54,30,Extrapulmonary
Netherlands,2010,ep,f,55-64,29,Extrapulmonary
Netherlands,2010,ep,f,65+,25,Extrapulmonary
Netherlands,2011,sp,m,0-14,2,Smear Positive
Netherlands,2011,sp,m,15-24,22,Smear Positive
Netherlands,2011,sp,m,25-34,35,Smear Positive
Netherlands,2011,sp,m,35-44,19,Smear Positive
Netherlands,2011,sp,m,45-54,24,Smear Positive
Netherlands,2011,sp,m,55-64,13,Smear Positive
Netherlands,2011,sp,m,65+,13,Smear Positive
Netherlands,2011,sp,f,0-14,2,Smear Positive
Netherlands,2011,sp,f,15-24,13,Smear Positive
Netherlands,2011,sp,f,25-34,14,Smear Positive
Netherlands,2011,sp,f,35-44,7,Smear Positive
Netherlands,2011,sp,f,45-54,7,Smear Positive
Netherlands,2011,sp,f,55-64,4,Smear Positive
Netherlands,2011,sp,f,65+,3,Smear Positive
Netherlands,2011,sn,m,0-14,9,Smear Negative
Netherlands,2011,sn,m,15-24,32,Smear Negative
Netherlands,2011,sn,m,25-34,41,Smear Negative
Netherlands,2011,sn,m,35-44,24,Smear Negative
Netherlands,2011,sn,m,45-54,23,Smear Negative
Netherlands,2011,sn,m,55-64,26,Smear Negative
Netherlands,2011,sn,m,65+,39,Smear Negative
Netherlands,2011,sn,f,0-14,9,Smear Negative
Netherlands,2011,sn,f,15-24,31,Smear Negative
Netherlands,2011,sn,f,25-34,38,Smear Negative
Netherlands,2011,sn,f,35-44,16,Smear Negative
Netherlands,2011,sn,f,45-54,22,Smear Negative
Netherlands,2011,sn,f,55-64,19,Smear Negative
Netherlands,2011,sn,f,65+,28,Smear Negative
Netherlands,2011,ep,m,0-14,17,Extrapulmonary
Netherlands,2011,ep,m,15-24,21,Extrapulmonary
Netherlands,2011,ep,m,25-34,71,Extrapulmonary
Netherlands,2011,ep,m,35-44,38,Extrapulmonary
Netherlands,2011,ep,m,45-54,21,Extrapulmonary
Netherlands,2011,ep,m,55-64,20,Extrapulmonary
Netherlands,2011,ep,m,65+,24,Extrapulmonary
Netherlands,2011,ep,f,0-14,16,Extrapulmonary
Netherlands,2011,ep,f,15-24,26,Extrapulmonary
Netherlands,2011,ep,f,25-34,55,Extrapulmonary
Netherlands,2011,ep,f,35-44,37,Extrapulmonary
Netherlands,2011,ep,f,45-54,30,Extrapulmonary
Netherlands,2011,ep,f,55-64,23,Extrapulmonary
Netherlands,2011,ep,f,65+,21,Extrapulmonary
Netherlands,2012,sp,m,0-14,1,Smear Positive
Netherlands,2012,sp,m,15-24,15,Smear Positive
Netherlands,2012,sp,m,25-34,31,Smear Positive
Netherlands,2012,sp,m,35-44,14,Smear Positive
Netherlands,2012,sp,m,45-54,18,Smear Positive
Netherlands,2012,sp,m,55-64,9,Smear Positive
Netherlands,2012,sp,m,65+,15,Smear Positive
Netherlands,2012,sp,f,0-14,4,Smear Positive
Netherlands,2012,sp,f,15-24,7,Smear Positive
Netherlands,2012,sp,f,25-34,18,Smear Positive
Netherlands,2012,sp,f,35-44,15,Smear Positive
Netherlands,2012,sp,f,45-54,4,Smear Positive
Netherlands,2012,sp,f,55-64,6,Smear Positive
Netherlands,2012,sp,f,65+,6,Smear Positive
Netherlands,2012,sn,m,0-14,8,Smear Negative
Netherlands,2012,sn,m,15-24,27,Smear Negative
Netherlands,2012,sn,m,25-34,42,Smear Negative
Netherlands,2012,sn,m,35-44,25,Smear Negative
Netherlands,2012,sn,m,45-54,19,Smear Negative
Netherlands,2012,sn,m,55-64,21,Smear Negative
Netherlands,2012,sn,m,65+,31,Smear Negative
Netherlands,2012,sn,f,0-14,8,Smear Negative
Netherlands,2012,sn,f,15-24,17,Smear Negative
Netherlands,2012,sn,f,25-34,31,Smear Negative
Netherlands,2012,sn,f,35-44,20,Smear Negative
Netherlands,2012,sn,f,45-54,20,Smear Negative
Netherlands,2012,sn,f,55-64,13,Smear Negative
Netherlands,2012,sn,f,65+,18,Smear Negative
Netherlands,2012,ep,m,0-14,12,Extrapulmonary
Netherlands,2012,ep,m,15-24,24,Extrapulmonary
Netherlands,2012,ep,m,25-34,59,Extrapulmonary
Netherlands,2012,ep,m,35-44,45,Extrapulmonary
Netherlands,2012,ep,m,45-54,27,Extrapulmonary
Netherlands,2012,ep,m,55-64,20,Extrapulmonary
Netherlands,2012,ep,m,65+,40,Extrapulmonary
Netherlands,2012,ep,f,0-14,16,Extrapulmonary
Netherlands,2012,ep,f,15-24,31,Extrapulmonary
Netherlands,2012,ep,f,25-34,61,Extrapulmonary
Netherlands,2012,ep,f,35-44,26,Extrapulmonary
Netherlands,2012,ep,f,45-54,28,Extrapulmonary
Netherlands,2012,ep,f,55-64,20,Extrapulmonary
Netherlands,2012,ep,f,65+,35,Extrapulmonary
Netherlands,2013,rel,m,0-14,18,Relapse
Netherlands,2013,rel,m,15-24,71,Relapse
Netherlands,2013,rel,m,25-34,129,Relapse
Netherlands,2013,rel,m,35-44,82,Relapse
Netherlands,2013,rel,m,45-54,76,Relapse
Netherlands,2013,rel,m,55-64,46,Relapse
Netherlands,2013,rel,m,65+,76,Relapse
Netherlands,2013,rel,f,0-14,14,Relapse
Netherlands,2013,rel,f,15-24,47,Relapse
Netherlands,2013,rel,f,25-34,90,Relapse
Netherlands,2013,rel,f,35-44,46,Relapse
Netherlands,2013,rel,f,45-54,48,Relapse
Netherlands,2013,rel,f,55-64,34,Relapse
Netherlands,2013,rel,f,65+,54,Relapse
Netherlands Antilles,1996,sp,m,0-14,0,Smear Positive
Netherlands Antilles,1996,sp,m,15-24,0,Smear Positive
Netherlands Antilles,1996,sp,m,25-34,0,Smear Positive
Netherlands Antilles,1996,sp,m,35-44,0,Smear Positive
Netherlands Antilles,1996,sp,m,45-54,1,Smear Positive
Netherlands Antilles,1996,sp,m,55-64,1,Smear Positive
Netherlands Antilles,1996,sp,m,65+,1,Smear Positive
Netherlands Antilles,1996,sp,f,0-14,0,Smear Positive
Netherlands Antilles,1996,sp,f,15-24,0,Smear Positive
Netherlands Antilles,1996,sp,f,25-34,0,Smear Positive
Netherlands Antilles,1996,sp,f,35-44,1,Smear Positive
Netherlands Antilles,1996,sp,f,45-54,0,Smear Positive
Netherlands Antilles,1996,sp,f,55-64,0,Smear Positive
Netherlands Antilles,1996,sp,f,65+,0,Smear Positive
Netherlands Antilles,1997,sp,m,0-14,0,Smear Positive
Netherlands Antilles,1997,sp,m,15-24,0,Smear Positive
Netherlands Antilles,1997,sp,m,25-34,1,Smear Positive
Netherlands Antilles,1997,sp,m,35-44,1,Smear Positive
Netherlands Antilles,1997,sp,m,45-54,0,Smear Positive
Netherlands Antilles,1997,sp,m,55-64,1,Smear Positive
Netherlands Antilles,1997,sp,m,65+,3,Smear Positive
Netherlands Antilles,1997,sp,f,0-14,0,Smear Positive
Netherlands Antilles,1997,sp,f,15-24,0,Smear Positive
Netherlands Antilles,1997,sp,f,25-34,2,Smear Positive
Netherlands Antilles,1997,sp,f,35-44,2,Smear Positive
Netherlands Antilles,1997,sp,f,45-54,1,Smear Positive
Netherlands Antilles,1997,sp,f,55-64,1,Smear Positive
Netherlands Antilles,1997,sp,f,65+,1,Smear Positive
Netherlands Antilles,1998,sp,m,0-14,0,Smear Positive
Netherlands Antilles,1998,sp,m,15-24,0,Smear Positive
Netherlands Antilles,1998,sp,m,25-34,0,Smear Positive
Netherlands Antilles,1998,sp,m,35-44,0,Smear Positive
Netherlands Antilles,1998,sp,m,45-54,0,Smear Positive
Netherlands Antilles,1998,sp,m,55-64,1,Smear Positive
Netherlands Antilles,1998,sp,m,65+,2,Smear Positive
Netherlands Antilles,1998,sp,f,0-14,0,Smear Positive
Netherlands Antilles,1998,sp,f,15-24,1,Smear Positive
Netherlands Antilles,1998,sp,f,25-34,0,Smear Positive
Netherlands Antilles,1998,sp,f,35-44,2,Smear Positive
Netherlands Antilles,1998,sp,f,45-54,1,Smear Positive
Netherlands Antilles,1998,sp,f,55-64,0,Smear Positive
Netherlands Antilles,1998,sp,f,65+,0,Smear Positive
Netherlands Antilles,1999,sp,m,0-14,0,Smear Positive
Netherlands Antilles,1999,sp,m,15-24,0,Smear Positive
Netherlands Antilles,1999,sp,m,25-34,1,Smear Positive
Netherlands Antilles,1999,sp,m,35-44,0,Smear Positive
Netherlands Antilles,1999,sp,m,45-54,1,Smear Positive
Netherlands Antilles,1999,sp,m,55-64,0,Smear Positive
Netherlands Antilles,1999,sp,m,65+,0,Smear Positive
Netherlands Antilles,1999,sp,f,0-14,0,Smear Positive
Netherlands Antilles,1999,sp,f,15-24,1,Smear Positive
Netherlands Antilles,1999,sp,f,25-34,1,Smear Positive
Netherlands Antilles,1999,sp,f,35-44,0,Smear Positive
Netherlands Antilles,1999,sp,f,45-54,0,Smear Positive
Netherlands Antilles,1999,sp,f,55-64,0,Smear Positive
Netherlands Antilles,1999,sp,f,65+,0,Smear Positive
Netherlands Antilles,2000,sp,m,0-14,0,Smear Positive
Netherlands Antilles,2000,sp,m,15-24,0,Smear Positive
Netherlands Antilles,2000,sp,m,25-34,1,Smear Positive
Netherlands Antilles,2000,sp,m,35-44,2,Smear Positive
Netherlands Antilles,2000,sp,m,45-54,0,Smear Positive
Netherlands Antilles,2000,sp,m,55-64,0,Smear Positive
Netherlands Antilles,2000,sp,m,65+,0,Smear Positive
Netherlands Antilles,2000,sp,f,0-14,0,Smear Positive
Netherlands Antilles,2000,sp,f,15-24,0,Smear Positive
Netherlands Antilles,2000,sp,f,25-34,1,Smear Positive
Netherlands Antilles,2000,sp,f,35-44,0,Smear Positive
Netherlands Antilles,2000,sp,f,45-54,0,Smear Positive
Netherlands Antilles,2000,sp,f,55-64,1,Smear Positive
Netherlands Antilles,2000,sp,f,65+,0,Smear Positive
Netherlands Antilles,2001,sp,m,0-14,0,Smear Positive
Netherlands Antilles,2001,sp,m,15-24,0,Smear Positive
Netherlands Antilles,2001,sp,m,25-34,1,Smear Positive
Netherlands Antilles,2001,sp,m,35-44,5,Smear Positive
Netherlands Antilles,2001,sp,m,45-54,0,Smear Positive
Netherlands Antilles,2001,sp,m,55-64,0,Smear Positive
Netherlands Antilles,2001,sp,m,65+,0,Smear Positive
Netherlands Antilles,2001,sp,f,0-14,0,Smear Positive
Netherlands Antilles,2001,sp,f,15-24,0,Smear Positive
Netherlands Antilles,2001,sp,f,25-34,1,Smear Positive
Netherlands Antilles,2001,sp,f,35-44,0,Smear Positive
Netherlands Antilles,2001,sp,f,45-54,0,Smear Positive
Netherlands Antilles,2001,sp,f,55-64,1,Smear Positive
Netherlands Antilles,2001,sp,f,65+,0,Smear Positive
Netherlands Antilles,2002,sp,m,0-14,0,Smear Positive
Netherlands Antilles,2002,sp,m,15-24,1,Smear Positive
Netherlands Antilles,2002,sp,m,25-34,1,Smear Positive
Netherlands Antilles,2002,sp,m,35-44,3,Smear Positive
Netherlands Antilles,2002,sp,m,45-54,2,Smear Positive
Netherlands Antilles,2002,sp,m,55-64,3,Smear Positive
Netherlands Antilles,2002,sp,m,65+,1,Smear Positive
Netherlands Antilles,2002,sp,f,0-14,0,Smear Positive
Netherlands Antilles,2002,sp,f,15-24,1,Smear Positive
Netherlands Antilles,2002,sp,f,25-34,0,Smear Positive
Netherlands Antilles,2002,sp,f,35-44,0,Smear Positive
Netherlands Antilles,2002,sp,f,45-54,1,Smear Positive
Netherlands Antilles,2002,sp,f,55-64,0,Smear Positive
Netherlands Antilles,2002,sp,f,65+,1,Smear Positive
Netherlands Antilles,2003,sp,m,0-14,0,Smear Positive
Netherlands Antilles,2003,sp,m,15-24,0,Smear Positive
Netherlands Antilles,2003,sp,m,25-34,2,Smear Positive
Netherlands Antilles,2003,sp,m,35-44,1,Smear Positive
Netherlands Antilles,2003,sp,m,45-54,0,Smear Positive
Netherlands Antilles,2003,sp,m,55-64,0,Smear Positive
Netherlands Antilles,2003,sp,m,65+,3,Smear Positive
Netherlands Antilles,2003,sp,f,0-14,0,Smear Positive
Netherlands Antilles,2003,sp,f,15-24,0,Smear Positive
Netherlands Antilles,2003,sp,f,25-34,1,Smear Positive
Netherlands Antilles,2003,sp,f,35-44,1,Smear Positive
Netherlands Antilles,2003,sp,f,45-54,0,Smear Positive
Netherlands Antilles,2003,sp,f,55-64,1,Smear Positive
Netherlands Antilles,2003,sp,f,65+,0,Smear Positive
Netherlands Antilles,2004,sp,m,0-14,1,Smear Positive
Netherlands Antilles,2004,sp,m,15-24,1,Smear Positive
Netherlands Antilles,2004,sp,m,25-34,0,Smear Positive
Netherlands Antilles,2004,sp,m,35-44,4,Smear Positive
Netherlands Antilles,2004,sp,m,45-54,3,Smear Positive
Netherlands Antilles,2004,sp,m,55-64,0,Smear Positive
Netherlands Antilles,2004,sp,m,65+,1,Smear Positive
Netherlands Antilles,2004,sp,f,0-14,0,Smear Positive
Netherlands Antilles,2004,sp,f,15-24,0,Smear Positive
Netherlands Antilles,2004,sp,f,35-44,1,Smear Positive
Netherlands Antilles,2004,sp,f,45-54,0,Smear Positive
Netherlands Antilles,2004,sp,f,55-64,0,Smear Positive
Netherlands Antilles,2004,sp,f,65+,0,Smear Positive
Netherlands Antilles,2006,sp,m,0-14,0,Smear Positive
Netherlands Antilles,2006,sp,m,15-24,0,Smear Positive
Netherlands Antilles,2006,sp,m,25-34,0,Smear Positive
Netherlands Antilles,2006,sp,m,35-44,2,Smear Positive
Netherlands Antilles,2006,sp,m,45-54,1,Smear Positive
Netherlands Antilles,2006,sp,m,55-64,1,Smear Positive
Netherlands Antilles,2006,sp,m,65+,0,Smear Positive
Netherlands Antilles,2006,sp,f,0-14,1,Smear Positive
Netherlands Antilles,2006,sp,f,15-24,0,Smear Positive
Netherlands Antilles,2006,sp,f,25-34,0,Smear Positive
Netherlands Antilles,2006,sp,f,35-44,0,Smear Positive
Netherlands Antilles,2006,sp,f,45-54,0,Smear Positive
Netherlands Antilles,2006,sp,f,55-64,0,Smear Positive
Netherlands Antilles,2006,sp,f,65+,0,Smear Positive
Netherlands Antilles,2006,sn,m,0-14,0,Smear Negative
Netherlands Antilles,2006,sn,m,15-24,0,Smear Negative
Netherlands Antilles,2006,sn,m,25-34,0,Smear Negative
Netherlands Antilles,2006,sn,m,35-44,0,Smear Negative
Netherlands Antilles,2006,sn,m,45-54,0,Smear Negative
Netherlands Antilles,2006,sn,m,55-64,0,Smear Negative
Netherlands Antilles,2006,sn,m,65+,0,Smear Negative
Netherlands Antilles,2006,sn,f,0-14,0,Smear Negative
Netherlands Antilles,2006,sn,f,15-24,0,Smear Negative
Netherlands Antilles,2006,sn,f,25-34,0,Smear Negative
Netherlands Antilles,2006,sn,f,35-44,0,Smear Negative
Netherlands Antilles,2006,sn,f,45-54,0,Smear Negative
Netherlands Antilles,2006,sn,f,55-64,0,Smear Negative
Netherlands Antilles,2006,sn,f,65+,0,Smear Negative
Netherlands Antilles,2006,ep,m,0-14,0,Extrapulmonary
Netherlands Antilles,2006,ep,m,15-24,0,Extrapulmonary
Netherlands Antilles,2006,ep,m,25-34,0,Extrapulmonary
Netherlands Antilles,2006,ep,m,35-44,0,Extrapulmonary
Netherlands Antilles,2006,ep,m,45-54,0,Extrapulmonary
Netherlands Antilles,2006,ep,m,55-64,0,Extrapulmonary
Netherlands Antilles,2006,ep,m,65+,0,Extrapulmonary
Netherlands Antilles,2006,ep,f,0-14,0,Extrapulmonary
Netherlands Antilles,2006,ep,f,15-24,0,Extrapulmonary
Netherlands Antilles,2006,ep,f,25-34,0,Extrapulmonary
Netherlands Antilles,2006,ep,f,35-44,0,Extrapulmonary
Netherlands Antilles,2006,ep,f,45-54,0,Extrapulmonary
Netherlands Antilles,2006,ep,f,55-64,0,Extrapulmonary
Netherlands Antilles,2006,ep,f,65+,0,Extrapulmonary
New Caledonia,1995,sp,m,0-14,3,Smear Positive
New Caledonia,1995,sp,m,15-24,2,Smear Positive
New Caledonia,1995,sp,m,25-34,3,Smear Positive
New Caledonia,1995,sp,m,35-44,4,Smear Positive
New Caledonia,1995,sp,m,45-54,2,Smear Positive
New Caledonia,1995,sp,m,55-64,2,Smear Positive
New Caledonia,1995,sp,m,65+,3,Smear Positive
New Caledonia,1995,sp,f,0-14,2,Smear Positive
New Caledonia,1995,sp,f,15-24,1,Smear Positive
New Caledonia,1995,sp,f,25-34,1,Smear Positive
New Caledonia,1995,sp,f,35-44,3,Smear Positive
New Caledonia,1995,sp,f,45-54,3,Smear Positive
New Caledonia,1995,sp,f,55-64,0,Smear Positive
New Caledonia,1995,sp,f,65+,1,Smear Positive
New Caledonia,1996,sp,m,0-14,1,Smear Positive
New Caledonia,1996,sp,m,15-24,3,Smear Positive
New Caledonia,1996,sp,m,25-34,1,Smear Positive
New Caledonia,1996,sp,m,35-44,3,Smear Positive
New Caledonia,1996,sp,m,45-54,5,Smear Positive
New Caledonia,1996,sp,m,55-64,8,Smear Positive
New Caledonia,1996,sp,m,65+,3,Smear Positive
New Caledonia,1996,sp,f,0-14,0,Smear Positive
New Caledonia,1996,sp,f,15-24,2,Smear Positive
New Caledonia,1996,sp,f,25-34,2,Smear Positive
New Caledonia,1996,sp,f,35-44,1,Smear Positive
New Caledonia,1996,sp,f,45-54,2,Smear Positive
New Caledonia,1996,sp,f,55-64,1,Smear Positive
New Caledonia,1996,sp,f,65+,1,Smear Positive
New Caledonia,1999,sp,m,0-14,0,Smear Positive
New Caledonia,1999,sp,m,15-24,0,Smear Positive
New Caledonia,1999,sp,m,25-34,6,Smear Positive
New Caledonia,1999,sp,m,35-44,1,Smear Positive
New Caledonia,1999,sp,m,45-54,2,Smear Positive
New Caledonia,1999,sp,m,55-64,1,Smear Positive
New Caledonia,1999,sp,m,65+,7,Smear Positive
New Caledonia,1999,sp,f,0-14,0,Smear Positive
New Caledonia,1999,sp,f,15-24,0,Smear Positive
New Caledonia,1999,sp,f,25-34,4,Smear Positive
New Caledonia,1999,sp,f,35-44,1,Smear Positive
New Caledonia,1999,sp,f,45-54,0,Smear Positive
New Caledonia,1999,sp,f,55-64,2,Smear Positive
New Caledonia,1999,sp,f,65+,3,Smear Positive
New Caledonia,2000,sp,m,0-14,1,Smear Positive
New Caledonia,2000,sp,m,15-24,1,Smear Positive
New Caledonia,2000,sp,m,25-34,3,Smear Positive
New Caledonia,2000,sp,m,35-44,4,Smear Positive
New Caledonia,2000,sp,m,45-54,2,Smear Positive
New Caledonia,2000,sp,m,55-64,3,Smear Positive
New Caledonia,2000,sp,m,65+,4,Smear Positive
New Caledonia,2000,sp,f,0-14,1,Smear Positive
New Caledonia,2000,sp,f,15-24,8,Smear Positive
New Caledonia,2000,sp,f,25-34,1,Smear Positive
New Caledonia,2000,sp,f,35-44,1,Smear Positive
New Caledonia,2000,sp,f,45-54,3,Smear Positive
New Caledonia,2000,sp,f,55-64,2,Smear Positive
New Caledonia,2000,sp,f,65+,4,Smear Positive
New Caledonia,2001,sp,m,0-14,0,Smear Positive
New Caledonia,2001,sp,m,15-24,1,Smear Positive
New Caledonia,2001,sp,m,25-34,8,Smear Positive
New Caledonia,2001,sp,m,35-44,1,Smear Positive
New Caledonia,2001,sp,m,45-54,5,Smear Positive
New Caledonia,2001,sp,m,55-64,6,Smear Positive
New Caledonia,2001,sp,m,65+,6,Smear Positive
New Caledonia,2001,sp,f,0-14,1,Smear Positive
New Caledonia,2001,sp,f,15-24,1,Smear Positive
New Caledonia,2001,sp,f,25-34,2,Smear Positive
New Caledonia,2001,sp,f,35-44,1,Smear Positive
New Caledonia,2001,sp,f,45-54,0,Smear Positive
New Caledonia,2001,sp,f,55-64,0,Smear Positive
New Caledonia,2001,sp,f,65+,3,Smear Positive
New Caledonia,2002,sp,m,0-14,0,Smear Positive
New Caledonia,2002,sp,m,15-24,2,Smear Positive
New Caledonia,2002,sp,m,25-34,2,Smear Positive
New Caledonia,2002,sp,m,35-44,1,Smear Positive
New Caledonia,2002,sp,m,45-54,1,Smear Positive
New Caledonia,2002,sp,m,55-64,1,Smear Positive
New Caledonia,2002,sp,m,65+,3,Smear Positive
New Caledonia,2002,sp,f,0-14,0,Smear Positive
New Caledonia,2002,sp,f,15-24,4,Smear Positive
New Caledonia,2002,sp,f,25-34,2,Smear Positive
New Caledonia,2002,sp,f,35-44,2,Smear Positive
New Caledonia,2002,sp,f,45-54,3,Smear Positive
New Caledonia,2002,sp,f,55-64,0,Smear Positive
New Caledonia,2002,sp,f,65+,0,Smear Positive
New Caledonia,2003,sp,m,0-14,0,Smear Positive
New Caledonia,2003,sp,m,15-24,1,Smear Positive
New Caledonia,2003,sp,m,25-34,1,Smear Positive
New Caledonia,2003,sp,m,35-44,1,Smear Positive
New Caledonia,2003,sp,m,45-54,1,Smear Positive
New Caledonia,2003,sp,m,55-64,1,Smear Positive
New Caledonia,2003,sp,m,65+,3,Smear Positive
New Caledonia,2003,sp,f,0-14,0,Smear Positive
New Caledonia,2003,sp,f,15-24,0,Smear Positive
New Caledonia,2003,sp,f,25-34,2,Smear Positive
New Caledonia,2003,sp,f,35-44,2,Smear Positive
New Caledonia,2003,sp,f,45-54,0,Smear Positive
New Caledonia,2003,sp,f,55-64,0,Smear Positive
New Caledonia,2003,sp,f,65+,3,Smear Positive
New Caledonia,2004,sp,m,0-14,0,Smear Positive
New Caledonia,2004,sp,m,15-24,2,Smear Positive
New Caledonia,2004,sp,m,25-34,1,Smear Positive
New Caledonia,2004,sp,m,35-44,3,Smear Positive
New Caledonia,2004,sp,m,45-54,2,Smear Positive
New Caledonia,2004,sp,m,55-64,1,Smear Positive
New Caledonia,2004,sp,m,65+,2,Smear Positive
New Caledonia,2004,sp,f,0-14,0,Smear Positive
New Caledonia,2004,sp,f,15-24,2,Smear Positive
New Caledonia,2004,sp,f,25-34,1,Smear Positive
New Caledonia,2004,sp,f,35-44,0,Smear Positive
New Caledonia,2004,sp,f,45-54,0,Smear Positive
New Caledonia,2004,sp,f,55-64,1,Smear Positive
New Caledonia,2004,sp,f,65+,0,Smear Positive
New Caledonia,2005,sp,m,0-14,0,Smear Positive
New Caledonia,2005,sp,m,15-24,2,Smear Positive
New Caledonia,2005,sp,m,25-34,1,Smear Positive
New Caledonia,2005,sp,m,35-44,0,Smear Positive
New Caledonia,2005,sp,m,45-54,0,Smear Positive
New Caledonia,2005,sp,m,55-64,3,Smear Positive
New Caledonia,2005,sp,m,65+,0,Smear Positive
New Caledonia,2005,sp,f,0-14,0,Smear Positive
New Caledonia,2005,sp,f,15-24,1,Smear Positive
New Caledonia,2005,sp,f,25-34,2,Smear Positive
New Caledonia,2005,sp,f,35-44,1,Smear Positive
New Caledonia,2005,sp,f,45-54,2,Smear Positive
New Caledonia,2005,sp,f,55-64,0,Smear Positive
New Caledonia,2005,sp,f,65+,4,Smear Positive
New Caledonia,2006,sp,m,0-14,0,Smear Positive
New Caledonia,2006,sp,m,15-24,0,Smear Positive
New Caledonia,2006,sp,m,25-34,3,Smear Positive
New Caledonia,2006,sp,m,35-44,1,Smear Positive
New Caledonia,2006,sp,m,45-54,1,Smear Positive
New Caledonia,2006,sp,m,65+,1,Smear Positive
New Caledonia,2006,sp,f,0-14,0,Smear Positive
New Caledonia,2006,sp,f,15-24,1,Smear Positive
New Caledonia,2006,sp,f,25-34,0,Smear Positive
New Caledonia,2006,sp,f,35-44,0,Smear Positive
New Caledonia,2006,sp,f,45-54,0,Smear Positive
New Caledonia,2006,sp,f,55-64,0,Smear Positive
New Caledonia,2006,sp,f,65+,2,Smear Positive
New Caledonia,2006,sn,m,0-14,1,Smear Negative
New Caledonia,2006,sn,m,15-24,1,Smear Negative
New Caledonia,2006,sn,m,25-34,1,Smear Negative
New Caledonia,2006,sn,m,35-44,1,Smear Negative
New Caledonia,2006,sn,m,45-54,2,Smear Negative
New Caledonia,2006,sn,m,55-64,2,Smear Negative
New Caledonia,2006,sn,m,65+,5,Smear Negative
New Caledonia,2006,sn,f,0-14,0,Smear Negative
New Caledonia,2006,sn,f,15-24,0,Smear Negative
New Caledonia,2006,sn,f,25-34,0,Smear Negative
New Caledonia,2006,sn,f,35-44,2,Smear Negative
New Caledonia,2006,sn,f,45-54,1,Smear Negative
New Caledonia,2006,sn,f,55-64,2,Smear Negative
New Caledonia,2006,sn,f,65+,4,Smear Negative
New Caledonia,2006,ep,m,0-14,0,Extrapulmonary
New Caledonia,2006,ep,m,15-24,1,Extrapulmonary
New Caledonia,2006,ep,m,25-34,0,Extrapulmonary
New Caledonia,2006,ep,m,35-44,0,Extrapulmonary
New Caledonia,2006,ep,m,45-54,2,Extrapulmonary
New Caledonia,2006,ep,m,55-64,0,Extrapulmonary
New Caledonia,2006,ep,m,65+,0,Extrapulmonary
New Caledonia,2006,ep,f,0-14,0,Extrapulmonary
New Caledonia,2006,ep,f,15-24,1,Extrapulmonary
New Caledonia,2006,ep,f,25-34,0,Extrapulmonary
New Caledonia,2006,ep,f,35-44,0,Extrapulmonary
New Caledonia,2006,ep,f,45-54,3,Extrapulmonary
New Caledonia,2006,ep,f,55-64,1,Extrapulmonary
New Caledonia,2006,ep,f,65+,2,Extrapulmonary
New Caledonia,2007,sp,m,0-14,0,Smear Positive
New Caledonia,2007,sp,m,15-24,1,Smear Positive
New Caledonia,2007,sp,m,25-34,1,Smear Positive
New Caledonia,2007,sp,m,35-44,2,Smear Positive
New Caledonia,2007,sp,m,45-54,1,Smear Positive
New Caledonia,2007,sp,m,55-64,3,Smear Positive
New Caledonia,2007,sp,m,65+,2,Smear Positive
New Caledonia,2007,sp,f,0-14,0,Smear Positive
New Caledonia,2007,sp,f,15-24,0,Smear Positive
New Caledonia,2007,sp,f,25-34,0,Smear Positive
New Caledonia,2007,sp,f,35-44,1,Smear Positive
New Caledonia,2007,sp,f,45-54,0,Smear Positive
New Caledonia,2007,sp,f,55-64,0,Smear Positive
New Caledonia,2007,sp,f,65+,1,Smear Positive
New Caledonia,2007,sn,m,0-14,1,Smear Negative
New Caledonia,2007,sn,m,15-24,1,Smear Negative
New Caledonia,2007,sn,m,25-34,1,Smear Negative
New Caledonia,2007,sn,m,35-44,1,Smear Negative
New Caledonia,2007,sn,m,45-54,0,Smear Negative
New Caledonia,2007,sn,m,55-64,4,Smear Negative
New Caledonia,2007,sn,m,65+,3,Smear Negative
New Caledonia,2007,sn,f,0-14,0,Smear Negative
New Caledonia,2007,sn,f,15-24,1,Smear Negative
New Caledonia,2007,sn,f,25-34,0,Smear Negative
New Caledonia,2007,sn,f,35-44,0,Smear Negative
New Caledonia,2007,sn,f,45-54,0,Smear Negative
New Caledonia,2007,sn,f,55-64,1,Smear Negative
New Caledonia,2007,sn,f,65+,2,Smear Negative
New Caledonia,2007,ep,m,0-14,0,Extrapulmonary
New Caledonia,2007,ep,m,15-24,2,Extrapulmonary
New Caledonia,2007,ep,m,25-34,1,Extrapulmonary
New Caledonia,2007,ep,m,35-44,0,Extrapulmonary
New Caledonia,2007,ep,m,45-54,1,Extrapulmonary
New Caledonia,2007,ep,m,55-64,3,Extrapulmonary
New Caledonia,2007,ep,m,65+,3,Extrapulmonary
New Caledonia,2007,ep,f,0-14,0,Extrapulmonary
New Caledonia,2007,ep,f,15-24,0,Extrapulmonary
New Caledonia,2007,ep,f,25-34,0,Extrapulmonary
New Caledonia,2007,ep,f,35-44,0,Extrapulmonary
New Caledonia,2007,ep,f,45-54,3,Extrapulmonary
New Caledonia,2007,ep,f,55-64,2,Extrapulmonary
New Caledonia,2007,ep,f,65+,1,Extrapulmonary
New Caledonia,2008,sp,m,0-14,0,Smear Positive
New Caledonia,2008,sp,m,15-24,1,Smear Positive
New Caledonia,2008,sp,m,25-34,1,Smear Positive
New Caledonia,2008,sp,m,35-44,0,Smear Positive
New Caledonia,2008,sp,m,45-54,2,Smear Positive
New Caledonia,2008,sp,m,55-64,1,Smear Positive
New Caledonia,2008,sp,m,65+,2,Smear Positive
New Caledonia,2008,sp,f,0-14,0,Smear Positive
New Caledonia,2008,sp,f,15-24,0,Smear Positive
New Caledonia,2008,sp,f,25-34,1,Smear Positive
New Caledonia,2008,sp,f,35-44,0,Smear Positive
New Caledonia,2008,sp,f,45-54,0,Smear Positive
New Caledonia,2008,sp,f,55-64,0,Smear Positive
New Caledonia,2008,sp,f,65+,1,Smear Positive
New Caledonia,2008,sn,m,0-14,0,Smear Negative
New Caledonia,2008,sn,m,15-24,0,Smear Negative
New Caledonia,2008,sn,m,25-34,1,Smear Negative
New Caledonia,2008,sn,m,35-44,0,Smear Negative
New Caledonia,2008,sn,m,45-54,4,Smear Negative
New Caledonia,2008,sn,m,55-64,3,Smear Negative
New Caledonia,2008,sn,m,65+,4,Smear Negative
New Caledonia,2008,sn,f,0-14,1,Smear Negative
New Caledonia,2008,sn,f,15-24,0,Smear Negative
New Caledonia,2008,sn,f,25-34,0,Smear Negative
New Caledonia,2008,sn,f,35-44,1,Smear Negative
New Caledonia,2008,sn,f,45-54,1,Smear Negative
New Caledonia,2008,sn,f,55-64,0,Smear Negative
New Caledonia,2008,sn,f,65+,4,Smear Negative
New Caledonia,2008,ep,m,0-14,0,Extrapulmonary
New Caledonia,2008,ep,m,15-24,0,Extrapulmonary
New Caledonia,2008,ep,m,25-34,0,Extrapulmonary
New Caledonia,2008,ep,m,35-44,1,Extrapulmonary
New Caledonia,2008,ep,m,45-54,0,Extrapulmonary
New Caledonia,2008,ep,m,55-64,3,Extrapulmonary
New Caledonia,2008,ep,m,65+,1,Extrapulmonary
New Caledonia,2008,ep,f,0-14,0,Extrapulmonary
New Caledonia,2008,ep,f,15-24,0,Extrapulmonary
New Caledonia,2008,ep,f,25-34,0,Extrapulmonary
New Caledonia,2008,ep,f,35-44,0,Extrapulmonary
New Caledonia,2008,ep,f,45-54,1,Extrapulmonary
New Caledonia,2008,ep,f,55-64,1,Extrapulmonary
New Caledonia,2008,ep,f,65+,2,Extrapulmonary
New Caledonia,2009,sp,m,0-14,0,Smear Positive
New Caledonia,2009,sp,m,15-24,0,Smear Positive
New Caledonia,2009,sp,m,25-34,0,Smear Positive
New Caledonia,2009,sp,m,35-44,0,Smear Positive
New Caledonia,2009,sp,m,45-54,1,Smear Positive
New Caledonia,2009,sp,m,55-64,0,Smear Positive
New Caledonia,2009,sp,m,65+,5,Smear Positive
New Caledonia,2009,sp,f,0-14,0,Smear Positive
New Caledonia,2009,sp,f,15-24,1,Smear Positive
New Caledonia,2009,sp,f,25-34,1,Smear Positive
New Caledonia,2009,sp,f,35-44,3,Smear Positive
New Caledonia,2009,sp,f,45-54,0,Smear Positive
New Caledonia,2009,sp,f,55-64,2,Smear Positive
New Caledonia,2009,sp,f,65+,2,Smear Positive
New Caledonia,2009,sn,m,0-14,3,Smear Negative
New Caledonia,2009,sn,m,15-24,2,Smear Negative
New Caledonia,2009,sn,m,25-34,0,Smear Negative
New Caledonia,2009,sn,m,35-44,3,Smear Negative
New Caledonia,2009,sn,m,45-54,0,Smear Negative
New Caledonia,2009,sn,m,55-64,4,Smear Negative
New Caledonia,2009,sn,m,65+,4,Smear Negative
New Caledonia,2009,sn,f,0-14,1,Smear Negative
New Caledonia,2009,sn,f,15-24,1,Smear Negative
New Caledonia,2009,sn,f,25-34,0,Smear Negative
New Caledonia,2009,sn,f,35-44,2,Smear Negative
New Caledonia,2009,sn,f,45-54,1,Smear Negative
New Caledonia,2009,sn,f,55-64,3,Smear Negative
New Caledonia,2009,sn,f,65+,2,Smear Negative
New Caledonia,2009,ep,m,0-14,2,Extrapulmonary
New Caledonia,2009,ep,m,15-24,0,Extrapulmonary
New Caledonia,2009,ep,m,25-34,0,Extrapulmonary
New Caledonia,2009,ep,m,35-44,1,Extrapulmonary
New Caledonia,2009,ep,m,45-54,1,Extrapulmonary
New Caledonia,2009,ep,m,55-64,0,Extrapulmonary
New Caledonia,2009,ep,m,65+,1,Extrapulmonary
New Caledonia,2009,ep,f,0-14,0,Extrapulmonary
New Caledonia,2009,ep,f,15-24,0,Extrapulmonary
New Caledonia,2009,ep,f,25-34,0,Extrapulmonary
New Caledonia,2009,ep,f,35-44,1,Extrapulmonary
New Caledonia,2009,ep,f,45-54,2,Extrapulmonary
New Caledonia,2009,ep,f,55-64,2,Extrapulmonary
New Caledonia,2009,ep,f,65+,3,Extrapulmonary
New Caledonia,2010,sp,m,0-14,0,Smear Positive
New Caledonia,2010,sp,m,15-24,1,Smear Positive
New Caledonia,2010,sp,m,25-34,2,Smear Positive
New Caledonia,2010,sp,m,35-44,3,Smear Positive
New Caledonia,2010,sp,m,45-54,1,Smear Positive
New Caledonia,2010,sp,m,55-64,4,Smear Positive
New Caledonia,2010,sp,m,65+,3,Smear Positive
New Caledonia,2010,sp,f,0-14,0,Smear Positive
New Caledonia,2010,sp,f,15-24,1,Smear Positive
New Caledonia,2010,sp,f,25-34,0,Smear Positive
New Caledonia,2010,sp,f,35-44,1,Smear Positive
New Caledonia,2010,sp,f,45-54,0,Smear Positive
New Caledonia,2010,sp,f,55-64,1,Smear Positive
New Caledonia,2010,sp,f,65+,3,Smear Positive
New Caledonia,2010,sn,m,0-14,0,Smear Negative
New Caledonia,2010,sn,m,15-24,1,Smear Negative
New Caledonia,2010,sn,m,25-34,1,Smear Negative
New Caledonia,2010,sn,m,35-44,3,Smear Negative
New Caledonia,2010,sn,m,45-54,0,Smear Negative
New Caledonia,2010,sn,m,55-64,1,Smear Negative
New Caledonia,2010,sn,m,65+,2,Smear Negative
New Caledonia,2010,sn,f,0-14,1,Smear Negative
New Caledonia,2010,sn,f,15-24,0,Smear Negative
New Caledonia,2010,sn,f,25-34,1,Smear Negative
New Caledonia,2010,sn,f,35-44,0,Smear Negative
New Caledonia,2010,sn,f,45-54,1,Smear Negative
New Caledonia,2010,sn,f,55-64,0,Smear Negative
New Caledonia,2010,sn,f,65+,5,Smear Negative
New Caledonia,2010,ep,m,0-14,1,Extrapulmonary
New Caledonia,2010,ep,m,15-24,0,Extrapulmonary
New Caledonia,2010,ep,m,25-34,0,Extrapulmonary
New Caledonia,2010,ep,m,35-44,0,Extrapulmonary
New Caledonia,2010,ep,m,45-54,2,Extrapulmonary
New Caledonia,2010,ep,m,55-64,2,Extrapulmonary
New Caledonia,2010,ep,m,65+,2,Extrapulmonary
New Caledonia,2010,ep,f,0-14,0,Extrapulmonary
New Caledonia,2010,ep,f,15-24,0,Extrapulmonary
New Caledonia,2010,ep,f,25-34,0,Extrapulmonary
New Caledonia,2010,ep,f,35-44,1,Extrapulmonary
New Caledonia,2010,ep,f,45-54,0,Extrapulmonary
New Caledonia,2010,ep,f,55-64,1,Extrapulmonary
New Caledonia,2010,ep,f,65+,4,Extrapulmonary
New Caledonia,2011,sp,m,0-14,0,Smear Positive
New Caledonia,2011,sp,m,15-24,0,Smear Positive
New Caledonia,2011,sp,m,25-34,0,Smear Positive
New Caledonia,2011,sp,m,35-44,3,Smear Positive
New Caledonia,2011,sp,m,45-54,1,Smear Positive
New Caledonia,2011,sp,m,55-64,2,Smear Positive
New Caledonia,2011,sp,m,65+,3,Smear Positive
New Caledonia,2011,sp,f,0-14,0,Smear Positive
New Caledonia,2011,sp,f,15-24,0,Smear Positive
New Caledonia,2011,sp,f,25-34,1,Smear Positive
New Caledonia,2011,sp,f,35-44,1,Smear Positive
New Caledonia,2011,sp,f,45-54,0,Smear Positive
New Caledonia,2011,sp,f,55-64,1,Smear Positive
New Caledonia,2011,sp,f,65+,1,Smear Positive
New Caledonia,2011,sn,m,0-14,5,Smear Negative
New Caledonia,2011,sn,m,15-24,0,Smear Negative
New Caledonia,2011,sn,m,25-34,0,Smear Negative
New Caledonia,2011,sn,m,35-44,2,Smear Negative
New Caledonia,2011,sn,m,45-54,1,Smear Negative
New Caledonia,2011,sn,m,55-64,1,Smear Negative
New Caledonia,2011,sn,m,65+,3,Smear Negative
New Caledonia,2011,sn,f,0-14,2,Smear Negative
New Caledonia,2011,sn,f,15-24,1,Smear Negative
New Caledonia,2011,sn,f,25-34,2,Smear Negative
New Caledonia,2011,sn,f,35-44,1,Smear Negative
New Caledonia,2011,sn,f,45-54,0,Smear Negative
New Caledonia,2011,sn,f,55-64,0,Smear Negative
New Caledonia,2011,sn,f,65+,0,Smear Negative
New Caledonia,2011,ep,m,0-14,0,Extrapulmonary
New Caledonia,2011,ep,m,15-24,2,Extrapulmonary
New Caledonia,2011,ep,m,25-34,2,Extrapulmonary
New Caledonia,2011,ep,m,35-44,2,Extrapulmonary
New Caledonia,2011,ep,m,45-54,2,Extrapulmonary
New Caledonia,2011,ep,m,55-64,3,Extrapulmonary
New Caledonia,2011,ep,m,65+,4,Extrapulmonary
New Caledonia,2011,ep,f,0-14,0,Extrapulmonary
New Caledonia,2011,ep,f,15-24,0,Extrapulmonary
New Caledonia,2011,ep,f,25-34,0,Extrapulmonary
New Caledonia,2011,ep,f,35-44,1,Extrapulmonary
New Caledonia,2011,ep,f,45-54,1,Extrapulmonary
New Caledonia,2011,ep,f,55-64,0,Extrapulmonary
New Caledonia,2011,ep,f,65+,2,Extrapulmonary
New Caledonia,2012,sp,m,25-34,2,Smear Positive
New Caledonia,2012,sp,m,45-54,3,Smear Positive
New Caledonia,2012,sp,m,55-64,2,Smear Positive
New Caledonia,2012,sp,m,65+,1,Smear Positive
New Caledonia,2012,sp,f,45-54,1,Smear Positive
New Caledonia,2012,sp,f,55-64,1,Smear Positive
New Caledonia,2012,sp,f,65+,1,Smear Positive
New Caledonia,2012,sn,m,15-24,1,Smear Negative
New Caledonia,2012,sn,m,35-44,1,Smear Negative
New Caledonia,2012,sn,m,45-54,1,Smear Negative
New Caledonia,2012,sn,m,55-64,2,Smear Negative
New Caledonia,2012,sn,m,65+,1,Smear Negative
New Caledonia,2012,sn,f,35-44,1,Smear Negative
New Caledonia,2012,sn,f,65+,3,Smear Negative
New Caledonia,2012,ep,m,65+,2,Extrapulmonary
New Caledonia,2012,ep,f,45-54,1,Extrapulmonary
New Caledonia,2012,ep,f,55-64,3,Extrapulmonary
New Zealand,1995,sp,m,0-14,0,Smear Positive
New Zealand,1995,sp,m,15-24,4,Smear Positive
New Zealand,1995,sp,m,25-34,3,Smear Positive
New Zealand,1995,sp,m,35-44,3,Smear Positive
New Zealand,1995,sp,m,45-54,5,Smear Positive
New Zealand,1995,sp,m,55-64,7,Smear Positive
New Zealand,1995,sp,m,65+,7,Smear Positive
New Zealand,1995,sp,f,0-14,1,Smear Positive
New Zealand,1995,sp,f,15-24,2,Smear Positive
New Zealand,1995,sp,f,25-34,3,Smear Positive
New Zealand,1995,sp,f,35-44,4,Smear Positive
New Zealand,1995,sp,f,45-54,2,Smear Positive
New Zealand,1995,sp,f,55-64,2,Smear Positive
New Zealand,1995,sp,f,65+,4,Smear Positive
New Zealand,1996,sp,m,0-14,2,Smear Positive
New Zealand,1996,sp,m,15-24,4,Smear Positive
New Zealand,1996,sp,m,25-34,3,Smear Positive
New Zealand,1996,sp,m,35-44,9,Smear Positive
New Zealand,1996,sp,m,45-54,10,Smear Positive
New Zealand,1996,sp,m,55-64,3,Smear Positive
New Zealand,1996,sp,m,65+,12,Smear Positive
New Zealand,1996,sp,f,0-14,2,Smear Positive
New Zealand,1996,sp,f,15-24,6,Smear Positive
New Zealand,1996,sp,f,25-34,9,Smear Positive
New Zealand,1996,sp,f,35-44,3,Smear Positive
New Zealand,1996,sp,f,45-54,6,Smear Positive
New Zealand,1996,sp,f,55-64,3,Smear Positive
New Zealand,1996,sp,f,65+,13,Smear Positive
New Zealand,1997,sp,m,0-14,0,Smear Positive
New Zealand,1997,sp,m,15-24,3,Smear Positive
New Zealand,1997,sp,m,25-34,6,Smear Positive
New Zealand,1997,sp,m,35-44,3,Smear Positive
New Zealand,1997,sp,m,45-54,4,Smear Positive
New Zealand,1997,sp,m,55-64,4,Smear Positive
New Zealand,1997,sp,m,65+,7,Smear Positive
New Zealand,1997,sp,f,0-14,0,Smear Positive
New Zealand,1997,sp,f,15-24,4,Smear Positive
New Zealand,1997,sp,f,25-34,6,Smear Positive
New Zealand,1997,sp,f,35-44,5,Smear Positive
New Zealand,1997,sp,f,45-54,2,Smear Positive
New Zealand,1997,sp,f,55-64,5,Smear Positive
New Zealand,1997,sp,f,65+,7,Smear Positive
New Zealand,1998,sp,m,0-14,1,Smear Positive
New Zealand,1998,sp,m,15-24,8,Smear Positive
New Zealand,1998,sp,m,25-34,10,Smear Positive
New Zealand,1998,sp,m,35-44,8,Smear Positive
New Zealand,1998,sp,m,45-54,7,Smear Positive
New Zealand,1998,sp,m,55-64,7,Smear Positive
New Zealand,1998,sp,m,65+,4,Smear Positive
New Zealand,1998,sp,f,0-14,0,Smear Positive
New Zealand,1998,sp,f,15-24,11,Smear Positive
New Zealand,1998,sp,f,25-34,6,Smear Positive
New Zealand,1998,sp,f,35-44,8,Smear Positive
New Zealand,1998,sp,f,45-54,2,Smear Positive
New Zealand,1998,sp,f,55-64,4,Smear Positive
New Zealand,1998,sp,f,65+,5,Smear Positive
New Zealand,1999,sp,m,0-14,1,Smear Positive
New Zealand,1999,sp,m,15-24,10,Smear Positive
New Zealand,1999,sp,m,25-34,8,Smear Positive
New Zealand,1999,sp,m,35-44,4,Smear Positive
New Zealand,1999,sp,m,45-54,3,Smear Positive
New Zealand,1999,sp,m,55-64,8,Smear Positive
New Zealand,1999,sp,m,65+,15,Smear Positive
New Zealand,1999,sp,f,0-14,1,Smear Positive
New Zealand,1999,sp,f,15-24,6,Smear Positive
New Zealand,1999,sp,f,25-34,7,Smear Positive
New Zealand,1999,sp,f,35-44,2,Smear Positive
New Zealand,1999,sp,f,45-54,3,Smear Positive
New Zealand,1999,sp,f,55-64,0,Smear Positive
New Zealand,1999,sp,f,65+,1,Smear Positive
New Zealand,2000,sp,m,0-14,0,Smear Positive
New Zealand,2000,sp,m,15-24,6,Smear Positive
New Zealand,2000,sp,m,25-34,5,Smear Positive
New Zealand,2000,sp,m,35-44,6,Smear Positive
New Zealand,2000,sp,m,45-54,8,Smear Positive
New Zealand,2000,sp,m,55-64,10,Smear Positive
New Zealand,2000,sp,m,65+,7,Smear Positive
New Zealand,2000,sp,f,0-14,1,Smear Positive
New Zealand,2000,sp,f,15-24,6,Smear Positive
New Zealand,2000,sp,f,25-34,6,Smear Positive
New Zealand,2000,sp,f,35-44,5,Smear Positive
New Zealand,2000,sp,f,45-54,0,Smear Positive
New Zealand,2000,sp,f,55-64,4,Smear Positive
New Zealand,2000,sp,f,65+,10,Smear Positive
New Zealand,2001,sp,m,0-14,1,Smear Positive
New Zealand,2001,sp,m,15-24,7,Smear Positive
New Zealand,2001,sp,m,25-34,2,Smear Positive
New Zealand,2001,sp,m,35-44,7,Smear Positive
New Zealand,2001,sp,m,45-54,4,Smear Positive
New Zealand,2001,sp,m,55-64,2,Smear Positive
New Zealand,2001,sp,m,65+,12,Smear Positive
New Zealand,2001,sp,f,0-14,3,Smear Positive
New Zealand,2001,sp,f,15-24,9,Smear Positive
New Zealand,2001,sp,f,25-34,14,Smear Positive
New Zealand,2001,sp,f,35-44,3,Smear Positive
New Zealand,2001,sp,f,45-54,1,Smear Positive
New Zealand,2001,sp,f,55-64,3,Smear Positive
New Zealand,2001,sp,f,65+,5,Smear Positive
New Zealand,2002,sp,m,0-14,0,Smear Positive
New Zealand,2002,sp,m,15-24,10,Smear Positive
New Zealand,2002,sp,m,25-34,14,Smear Positive
New Zealand,2002,sp,m,35-44,5,Smear Positive
New Zealand,2002,sp,m,45-54,6,Smear Positive
New Zealand,2002,sp,m,55-64,4,Smear Positive
New Zealand,2002,sp,m,65+,10,Smear Positive
New Zealand,2002,sp,f,0-14,1,Smear Positive
New Zealand,2002,sp,f,15-24,15,Smear Positive
New Zealand,2002,sp,f,25-34,8,Smear Positive
New Zealand,2002,sp,f,35-44,4,Smear Positive
New Zealand,2002,sp,f,45-54,3,Smear Positive
New Zealand,2002,sp,f,55-64,5,Smear Positive
New Zealand,2002,sp,f,65+,3,Smear Positive
New Zealand,2003,sp,m,0-14,5,Smear Positive
New Zealand,2003,sp,m,15-24,9,Smear Positive
New Zealand,2003,sp,m,25-34,10,Smear Positive
New Zealand,2003,sp,m,35-44,6,Smear Positive
New Zealand,2003,sp,m,45-54,6,Smear Positive
New Zealand,2003,sp,m,55-64,8,Smear Positive
New Zealand,2003,sp,m,65+,9,Smear Positive
New Zealand,2003,sp,f,0-14,7,Smear Positive
New Zealand,2003,sp,f,15-24,18,Smear Positive
New Zealand,2003,sp,f,25-34,8,Smear Positive
New Zealand,2003,sp,f,35-44,1,Smear Positive
New Zealand,2003,sp,f,45-54,10,Smear Positive
New Zealand,2003,sp,f,55-64,4,Smear Positive
New Zealand,2003,sp,f,65+,5,Smear Positive
New Zealand,2004,sp,m,0-14,3,Smear Positive
New Zealand,2004,sp,m,15-24,10,Smear Positive
New Zealand,2004,sp,m,25-34,13,Smear Positive
New Zealand,2004,sp,m,35-44,10,Smear Positive
New Zealand,2004,sp,m,45-54,6,Smear Positive
New Zealand,2004,sp,m,55-64,5,Smear Positive
New Zealand,2004,sp,m,65+,16,Smear Positive
New Zealand,2004,sp,f,0-14,0,Smear Positive
New Zealand,2004,sp,f,15-24,10,Smear Positive
New Zealand,2004,sp,f,25-34,15,Smear Positive
New Zealand,2004,sp,f,35-44,4,Smear Positive
New Zealand,2004,sp,f,45-54,4,Smear Positive
New Zealand,2004,sp,f,55-64,1,Smear Positive
New Zealand,2004,sp,f,65+,13,Smear Positive
New Zealand,2005,sp,m,0-14,4,Smear Positive
New Zealand,2005,sp,m,15-24,6,Smear Positive
New Zealand,2005,sp,m,25-34,10,Smear Positive
New Zealand,2005,sp,m,35-44,6,Smear Positive
New Zealand,2005,sp,m,45-54,6,Smear Positive
New Zealand,2005,sp,m,55-64,5,Smear Positive
New Zealand,2005,sp,m,65+,10,Smear Positive
New Zealand,2005,sp,f,0-14,1,Smear Positive
New Zealand,2005,sp,f,15-24,11,Smear Positive
New Zealand,2005,sp,f,25-34,9,Smear Positive
New Zealand,2005,sp,f,35-44,6,Smear Positive
New Zealand,2005,sp,f,45-54,6,Smear Positive
New Zealand,2005,sp,f,55-64,1,Smear Positive
New Zealand,2005,sp,f,65+,2,Smear Positive
New Zealand,2006,sp,m,0-14,5,Smear Positive
New Zealand,2006,sp,m,15-24,14,Smear Positive
New Zealand,2006,sp,m,25-34,5,Smear Positive
New Zealand,2006,sp,m,35-44,8,Smear Positive
New Zealand,2006,sp,m,45-54,4,Smear Positive
New Zealand,2006,sp,m,55-64,3,Smear Positive
New Zealand,2006,sp,m,65+,7,Smear Positive
New Zealand,2006,sp,f,0-14,1,Smear Positive
New Zealand,2006,sp,f,15-24,12,Smear Positive
New Zealand,2006,sp,f,25-34,12,Smear Positive
New Zealand,2006,sp,f,35-44,12,Smear Positive
New Zealand,2006,sp,f,45-54,3,Smear Positive
New Zealand,2006,sp,f,55-64,6,Smear Positive
New Zealand,2006,sp,f,65+,4,Smear Positive
New Zealand,2006,sn,m,0-14,13,Smear Negative
New Zealand,2006,sn,m,15-24,13,Smear Negative
New Zealand,2006,sn,m,25-34,6,Smear Negative
New Zealand,2006,sn,m,35-44,6,Smear Negative
New Zealand,2006,sn,m,45-54,6,Smear Negative
New Zealand,2006,sn,m,55-64,8,Smear Negative
New Zealand,2006,sn,m,65+,12,Smear Negative
New Zealand,2006,sn,f,0-14,7,Smear Negative
New Zealand,2006,sn,f,15-24,7,Smear Negative
New Zealand,2006,sn,f,25-34,9,Smear Negative
New Zealand,2006,sn,f,35-44,5,Smear Negative
New Zealand,2006,sn,f,45-54,5,Smear Negative
New Zealand,2006,sn,f,55-64,0,Smear Negative
New Zealand,2006,sn,f,65+,3,Smear Negative
New Zealand,2006,ep,m,0-14,2,Extrapulmonary
New Zealand,2006,ep,m,15-24,10,Extrapulmonary
New Zealand,2006,ep,m,25-34,7,Extrapulmonary
New Zealand,2006,ep,m,35-44,6,Extrapulmonary
New Zealand,2006,ep,m,45-54,5,Extrapulmonary
New Zealand,2006,ep,m,55-64,3,Extrapulmonary
New Zealand,2006,ep,m,65+,5,Extrapulmonary
New Zealand,2006,ep,f,0-14,1,Extrapulmonary
New Zealand,2006,ep,f,15-24,6,Extrapulmonary
New Zealand,2006,ep,f,25-34,20,Extrapulmonary
New Zealand,2006,ep,f,35-44,11,Extrapulmonary
New Zealand,2006,ep,f,45-54,8,Extrapulmonary
New Zealand,2006,ep,f,55-64,7,Extrapulmonary
New Zealand,2006,ep,f,65+,13,Extrapulmonary
New Zealand,2007,sp,m,0-14,0,Smear Positive
New Zealand,2007,sp,m,15-24,11,Smear Positive
New Zealand,2007,sp,m,25-34,1,Smear Positive
New Zealand,2007,sp,m,35-44,7,Smear Positive
New Zealand,2007,sp,m,45-54,4,Smear Positive
New Zealand,2007,sp,m,55-64,4,Smear Positive
New Zealand,2007,sp,m,65+,8,Smear Positive
New Zealand,2007,sp,f,0-14,1,Smear Positive
New Zealand,2007,sp,f,15-24,14,Smear Positive
New Zealand,2007,sp,f,25-34,7,Smear Positive
New Zealand,2007,sp,f,35-44,8,Smear Positive
New Zealand,2007,sp,f,45-54,6,Smear Positive
New Zealand,2007,sp,f,55-64,6,Smear Positive
New Zealand,2007,sp,f,65+,4,Smear Positive
New Zealand,2007,sn,m,0-14,10,Smear Negative
New Zealand,2007,sn,m,15-24,6,Smear Negative
New Zealand,2007,sn,m,25-34,10,Smear Negative
New Zealand,2007,sn,m,35-44,5,Smear Negative
New Zealand,2007,sn,m,45-54,5,Smear Negative
New Zealand,2007,sn,m,55-64,7,Smear Negative
New Zealand,2007,sn,m,65+,10,Smear Negative
New Zealand,2007,sn,f,0-14,9,Smear Negative
New Zealand,2007,sn,f,15-24,9,Smear Negative
New Zealand,2007,sn,f,25-34,10,Smear Negative
New Zealand,2007,sn,f,35-44,9,Smear Negative
New Zealand,2007,sn,f,45-54,6,Smear Negative
New Zealand,2007,sn,f,55-64,2,Smear Negative
New Zealand,2007,sn,f,65+,10,Smear Negative
New Zealand,2007,ep,m,0-14,0,Extrapulmonary
New Zealand,2007,ep,m,15-24,5,Extrapulmonary
New Zealand,2007,ep,m,25-34,8,Extrapulmonary
New Zealand,2007,ep,m,35-44,5,Extrapulmonary
New Zealand,2007,ep,m,45-54,3,Extrapulmonary
New Zealand,2007,ep,m,55-64,6,Extrapulmonary
New Zealand,2007,ep,m,65+,5,Extrapulmonary
New Zealand,2007,ep,f,0-14,2,Extrapulmonary
New Zealand,2007,ep,f,15-24,5,Extrapulmonary
New Zealand,2007,ep,f,25-34,10,Extrapulmonary
New Zealand,2007,ep,f,35-44,7,Extrapulmonary
New Zealand,2007,ep,f,45-54,6,Extrapulmonary
New Zealand,2007,ep,f,55-64,7,Extrapulmonary
New Zealand,2007,ep,f,65+,6,Extrapulmonary
New Zealand,2008,sp,m,0-14,0,Smear Positive
New Zealand,2008,sp,m,15-24,9,Smear Positive
New Zealand,2008,sp,m,25-34,4,Smear Positive
New Zealand,2008,sp,m,35-44,9,Smear Positive
New Zealand,2008,sp,m,45-54,5,Smear Positive
New Zealand,2008,sp,m,55-64,10,Smear Positive
New Zealand,2008,sp,m,65+,18,Smear Positive
New Zealand,2008,sp,f,0-14,1,Smear Positive
New Zealand,2008,sp,f,15-24,8,Smear Positive
New Zealand,2008,sp,f,25-34,13,Smear Positive
New Zealand,2008,sp,f,35-44,9,Smear Positive
New Zealand,2008,sp,f,45-54,3,Smear Positive
New Zealand,2008,sp,f,55-64,3,Smear Positive
New Zealand,2008,sp,f,65+,9,Smear Positive
New Zealand,2008,sn,m,0-14,8,Smear Negative
New Zealand,2008,sn,m,15-24,7,Smear Negative
New Zealand,2008,sn,m,25-34,8,Smear Negative
New Zealand,2008,sn,m,35-44,4,Smear Negative
New Zealand,2008,sn,m,45-54,6,Smear Negative
New Zealand,2008,sn,m,55-64,10,Smear Negative
New Zealand,2008,sn,m,65+,8,Smear Negative
New Zealand,2008,sn,f,0-14,7,Smear Negative
New Zealand,2008,sn,f,15-24,11,Smear Negative
New Zealand,2008,sn,f,25-34,8,Smear Negative
New Zealand,2008,sn,f,35-44,3,Smear Negative
New Zealand,2008,sn,f,45-54,4,Smear Negative
New Zealand,2008,sn,f,55-64,1,Smear Negative
New Zealand,2008,sn,f,65+,6,Smear Negative
New Zealand,2008,ep,m,0-14,0,Extrapulmonary
New Zealand,2008,ep,m,15-24,4,Extrapulmonary
New Zealand,2008,ep,m,25-34,9,Extrapulmonary
New Zealand,2008,ep,m,35-44,11,Extrapulmonary
New Zealand,2008,ep,m,45-54,6,Extrapulmonary
New Zealand,2008,ep,m,55-64,6,Extrapulmonary
New Zealand,2008,ep,m,65+,9,Extrapulmonary
New Zealand,2008,ep,f,0-14,0,Extrapulmonary
New Zealand,2008,ep,f,15-24,4,Extrapulmonary
New Zealand,2008,ep,f,25-34,15,Extrapulmonary
New Zealand,2008,ep,f,35-44,9,Extrapulmonary
New Zealand,2008,ep,f,45-54,4,Extrapulmonary
New Zealand,2008,ep,f,55-64,7,Extrapulmonary
New Zealand,2008,ep,f,65+,8,Extrapulmonary
New Zealand,2009,sp,m,0-14,1,Smear Positive
New Zealand,2009,sp,m,15-24,8,Smear Positive
New Zealand,2009,sp,m,25-34,11,Smear Positive
New Zealand,2009,sp,m,35-44,10,Smear Positive
New Zealand,2009,sp,m,45-54,5,Smear Positive
New Zealand,2009,sp,m,55-64,7,Smear Positive
New Zealand,2009,sp,m,65+,10,Smear Positive
New Zealand,2009,sp,f,0-14,0,Smear Positive
New Zealand,2009,sp,f,15-24,6,Smear Positive
New Zealand,2009,sp,f,25-34,10,Smear Positive
New Zealand,2009,sp,f,35-44,5,Smear Positive
New Zealand,2009,sp,f,45-54,5,Smear Positive
New Zealand,2009,sp,f,55-64,7,Smear Positive
New Zealand,2009,sp,f,65+,5,Smear Positive
New Zealand,2009,sn,m,0-14,5,Smear Negative
New Zealand,2009,sn,m,15-24,3,Smear Negative
New Zealand,2009,sn,m,25-34,10,Smear Negative
New Zealand,2009,sn,m,35-44,9,Smear Negative
New Zealand,2009,sn,m,45-54,4,Smear Negative
New Zealand,2009,sn,m,55-64,5,Smear Negative
New Zealand,2009,sn,m,65+,9,Smear Negative
New Zealand,2009,sn,f,0-14,8,Smear Negative
New Zealand,2009,sn,f,15-24,9,Smear Negative
New Zealand,2009,sn,f,25-34,7,Smear Negative
New Zealand,2009,sn,f,35-44,9,Smear Negative
New Zealand,2009,sn,f,45-54,4,Smear Negative
New Zealand,2009,sn,f,55-64,4,Smear Negative
New Zealand,2009,sn,f,65+,4,Smear Negative
New Zealand,2009,ep,m,0-14,3,Extrapulmonary
New Zealand,2009,ep,m,15-24,4,Extrapulmonary
New Zealand,2009,ep,m,25-34,7,Extrapulmonary
New Zealand,2009,ep,m,35-44,8,Extrapulmonary
New Zealand,2009,ep,m,45-54,12,Extrapulmonary
New Zealand,2009,ep,m,55-64,7,Extrapulmonary
New Zealand,2009,ep,m,65+,5,Extrapulmonary
New Zealand,2009,ep,f,0-14,2,Extrapulmonary
New Zealand,2009,ep,f,15-24,4,Extrapulmonary
New Zealand,2009,ep,f,25-34,16,Extrapulmonary
New Zealand,2009,ep,f,35-44,13,Extrapulmonary
New Zealand,2009,ep,f,45-54,7,Extrapulmonary
New Zealand,2009,ep,f,55-64,4,Extrapulmonary
New Zealand,2009,ep,f,65+,10,Extrapulmonary
New Zealand,2010,sp,m,0-14,0,Smear Positive
New Zealand,2010,sp,m,15-24,6,Smear Positive
New Zealand,2010,sp,m,25-34,13,Smear Positive
New Zealand,2010,sp,m,35-44,4,Smear Positive
New Zealand,2010,sp,m,45-54,6,Smear Positive
New Zealand,2010,sp,m,55-64,5,Smear Positive
New Zealand,2010,sp,m,65+,11,Smear Positive
New Zealand,2010,sp,f,0-14,2,Smear Positive
New Zealand,2010,sp,f,15-24,12,Smear Positive
New Zealand,2010,sp,f,25-34,7,Smear Positive
New Zealand,2010,sp,f,35-44,6,Smear Positive
New Zealand,2010,sp,f,45-54,5,Smear Positive
New Zealand,2010,sp,f,55-64,3,Smear Positive
New Zealand,2010,sp,f,65+,6,Smear Positive
New Zealand,2010,sn,m,0-14,3,Smear Negative
New Zealand,2010,sn,m,15-24,5,Smear Negative
New Zealand,2010,sn,m,25-34,3,Smear Negative
New Zealand,2010,sn,m,35-44,9,Smear Negative
New Zealand,2010,sn,m,45-54,3,Smear Negative
New Zealand,2010,sn,m,55-64,2,Smear Negative
New Zealand,2010,sn,m,65+,5,Smear Negative
New Zealand,2010,sn,f,0-14,3,Smear Negative
New Zealand,2010,sn,f,15-24,5,Smear Negative
New Zealand,2010,sn,f,25-34,7,Smear Negative
New Zealand,2010,sn,f,35-44,4,Smear Negative
New Zealand,2010,sn,f,45-54,3,Smear Negative
New Zealand,2010,sn,f,55-64,7,Smear Negative
New Zealand,2010,sn,f,65+,9,Smear Negative
New Zealand,2010,ep,m,0-14,4,Extrapulmonary
New Zealand,2010,ep,m,15-24,8,Extrapulmonary
New Zealand,2010,ep,m,25-34,19,Extrapulmonary
New Zealand,2010,ep,m,35-44,10,Extrapulmonary
New Zealand,2010,ep,m,45-54,12,Extrapulmonary
New Zealand,2010,ep,m,55-64,7,Extrapulmonary
New Zealand,2010,ep,m,65+,7,Extrapulmonary
New Zealand,2010,ep,f,0-14,1,Extrapulmonary
New Zealand,2010,ep,f,15-24,8,Extrapulmonary
New Zealand,2010,ep,f,25-34,23,Extrapulmonary
New Zealand,2010,ep,f,35-44,12,Extrapulmonary
New Zealand,2010,ep,f,45-54,9,Extrapulmonary
New Zealand,2010,ep,f,55-64,6,Extrapulmonary
New Zealand,2010,ep,f,65+,8,Extrapulmonary
New Zealand,2011,sp,m,0-14,1,Smear Positive
New Zealand,2011,sp,m,15-24,12,Smear Positive
New Zealand,2011,sp,m,25-34,5,Smear Positive
New Zealand,2011,sp,m,35-44,5,Smear Positive
New Zealand,2011,sp,m,45-54,7,Smear Positive
New Zealand,2011,sp,m,55-64,7,Smear Positive
New Zealand,2011,sp,m,65+,11,Smear Positive
New Zealand,2011,sp,f,0-14,4,Smear Positive
New Zealand,2011,sp,f,15-24,8,Smear Positive
New Zealand,2011,sp,f,25-34,8,Smear Positive
New Zealand,2011,sp,f,35-44,4,Smear Positive
New Zealand,2011,sp,f,45-54,5,Smear Positive
New Zealand,2011,sp,f,55-64,3,Smear Positive
New Zealand,2011,sp,f,65+,8,Smear Positive
New Zealand,2011,sn,m,0-14,3,Smear Negative
New Zealand,2011,sn,m,15-24,11,Smear Negative
New Zealand,2011,sn,m,25-34,8,Smear Negative
New Zealand,2011,sn,m,35-44,5,Smear Negative
New Zealand,2011,sn,m,45-54,3,Smear Negative
New Zealand,2011,sn,m,55-64,5,Smear Negative
New Zealand,2011,sn,m,65+,8,Smear Negative
New Zealand,2011,sn,f,0-14,7,Smear Negative
New Zealand,2011,sn,f,15-24,5,Smear Negative
New Zealand,2011,sn,f,25-34,7,Smear Negative
New Zealand,2011,sn,f,35-44,6,Smear Negative
New Zealand,2011,sn,f,45-54,1,Smear Negative
New Zealand,2011,sn,f,55-64,7,Smear Negative
New Zealand,2011,sn,f,65+,5,Smear Negative
New Zealand,2011,ep,m,0-14,2,Extrapulmonary
New Zealand,2011,ep,m,15-24,10,Extrapulmonary
New Zealand,2011,ep,m,25-34,16,Extrapulmonary
New Zealand,2011,ep,m,35-44,12,Extrapulmonary
New Zealand,2011,ep,m,45-54,3,Extrapulmonary
New Zealand,2011,ep,m,55-64,5,Extrapulmonary
New Zealand,2011,ep,m,65+,6,Extrapulmonary
New Zealand,2011,ep,f,0-14,3,Extrapulmonary
New Zealand,2011,ep,f,15-24,13,Extrapulmonary
New Zealand,2011,ep,f,25-34,13,Extrapulmonary
New Zealand,2011,ep,f,35-44,13,Extrapulmonary
New Zealand,2011,ep,f,45-54,9,Extrapulmonary
New Zealand,2011,ep,f,55-64,10,Extrapulmonary
New Zealand,2011,ep,f,65+,6,Extrapulmonary
New Zealand,2012,sp,m,0-14,0,Smear Positive
New Zealand,2012,sp,m,15-24,7,Smear Positive
New Zealand,2012,sp,m,25-34,9,Smear Positive
New Zealand,2012,sp,m,35-44,2,Smear Positive
New Zealand,2012,sp,m,45-54,4,Smear Positive
New Zealand,2012,sp,m,55-64,6,Smear Positive
New Zealand,2012,sp,m,65+,14,Smear Positive
New Zealand,2012,sp,f,0-14,3,Smear Positive
New Zealand,2012,sp,f,15-24,4,Smear Positive
New Zealand,2012,sp,f,25-34,8,Smear Positive
New Zealand,2012,sp,f,35-44,2,Smear Positive
New Zealand,2012,sp,f,45-54,3,Smear Positive
New Zealand,2012,sp,f,55-64,1,Smear Positive
New Zealand,2012,sp,f,65+,5,Smear Positive
New Zealand,2012,sn,m,0-14,5,Smear Negative
New Zealand,2012,sn,m,15-24,6,Smear Negative
New Zealand,2012,sn,m,25-34,7,Smear Negative
New Zealand,2012,sn,m,35-44,7,Smear Negative
New Zealand,2012,sn,m,45-54,7,Smear Negative
New Zealand,2012,sn,m,55-64,6,Smear Negative
New Zealand,2012,sn,m,65+,15,Smear Negative
New Zealand,2012,sn,f,0-14,3,Smear Negative
New Zealand,2012,sn,f,15-24,11,Smear Negative
New Zealand,2012,sn,f,25-34,10,Smear Negative
New Zealand,2012,sn,f,35-44,3,Smear Negative
New Zealand,2012,sn,f,45-54,3,Smear Negative
New Zealand,2012,sn,f,55-64,4,Smear Negative
New Zealand,2012,sn,f,65+,11,Smear Negative
New Zealand,2012,ep,m,0-14,1,Extrapulmonary
New Zealand,2012,ep,m,15-24,7,Extrapulmonary
New Zealand,2012,ep,m,25-34,14,Extrapulmonary
New Zealand,2012,ep,m,35-44,19,Extrapulmonary
New Zealand,2012,ep,m,45-54,2,Extrapulmonary
New Zealand,2012,ep,m,55-64,5,Extrapulmonary
New Zealand,2012,ep,m,65+,3,Extrapulmonary
New Zealand,2012,ep,f,0-14,1,Extrapulmonary
New Zealand,2012,ep,f,15-24,11,Extrapulmonary
New Zealand,2012,ep,f,25-34,23,Extrapulmonary
New Zealand,2012,ep,f,35-44,9,Extrapulmonary
New Zealand,2012,ep,f,45-54,6,Extrapulmonary
New Zealand,2012,ep,f,55-64,3,Extrapulmonary
New Zealand,2012,ep,f,65+,8,Extrapulmonary
New Zealand,2013,rel,m,0-14,6,Relapse
New Zealand,2013,rel,m,15-24,16,Relapse
New Zealand,2013,rel,m,25-34,40,Relapse
New Zealand,2013,rel,m,35-44,23,Relapse
New Zealand,2013,rel,m,45-54,18,Relapse
New Zealand,2013,rel,m,55-64,13,Relapse
New Zealand,2013,rel,m,65+,29,Relapse
New Zealand,2013,rel,f,0-14,4,Relapse
New Zealand,2013,rel,f,15-24,19,Relapse
New Zealand,2013,rel,f,25-34,32,Relapse
New Zealand,2013,rel,f,35-44,17,Relapse
New Zealand,2013,rel,f,45-54,17,Relapse
New Zealand,2013,rel,f,55-64,14,Relapse
New Zealand,2013,rel,f,65+,24,Relapse
Nicaragua,1995,sp,m,0-14,23,Smear Positive
Nicaragua,1995,sp,m,15-24,178,Smear Positive
Nicaragua,1995,sp,m,25-34,172,Smear Positive
Nicaragua,1995,sp,m,35-44,175,Smear Positive
Nicaragua,1995,sp,m,45-54,126,Smear Positive
Nicaragua,1995,sp,m,55-64,96,Smear Positive
Nicaragua,1995,sp,m,65+,92,Smear Positive
Nicaragua,1995,sp,f,0-14,24,Smear Positive
Nicaragua,1995,sp,f,15-24,176,Smear Positive
Nicaragua,1995,sp,f,25-34,215,Smear Positive
Nicaragua,1995,sp,f,35-44,98,Smear Positive
Nicaragua,1995,sp,f,45-54,83,Smear Positive
Nicaragua,1995,sp,f,55-64,64,Smear Positive
Nicaragua,1995,sp,f,65+,46,Smear Positive
Nicaragua,1996,sp,m,0-14,27,Smear Positive
Nicaragua,1996,sp,m,15-24,231,Smear Positive
Nicaragua,1996,sp,m,25-34,200,Smear Positive
Nicaragua,1996,sp,m,35-44,191,Smear Positive
Nicaragua,1996,sp,m,45-54,120,Smear Positive
Nicaragua,1996,sp,m,55-64,94,Smear Positive
Nicaragua,1996,sp,m,65+,94,Smear Positive
Nicaragua,1996,sp,f,0-14,33,Smear Positive
Nicaragua,1996,sp,f,15-24,200,Smear Positive
Nicaragua,1996,sp,f,25-34,199,Smear Positive
Nicaragua,1996,sp,f,35-44,137,Smear Positive
Nicaragua,1996,sp,f,45-54,77,Smear Positive
Nicaragua,1996,sp,f,55-64,63,Smear Positive
Nicaragua,1996,sp,f,65+,56,Smear Positive
Nicaragua,1997,sp,m,0-14,18,Smear Positive
Nicaragua,1997,sp,m,15-24,211,Smear Positive
Nicaragua,1997,sp,m,25-34,210,Smear Positive
Nicaragua,1997,sp,m,35-44,163,Smear Positive
Nicaragua,1997,sp,m,45-54,115,Smear Positive
Nicaragua,1997,sp,m,55-64,90,Smear Positive
Nicaragua,1997,sp,m,65+,83,Smear Positive
Nicaragua,1997,sp,f,0-14,37,Smear Positive
Nicaragua,1997,sp,f,15-24,212,Smear Positive
Nicaragua,1997,sp,f,25-34,223,Smear Positive
Nicaragua,1997,sp,f,35-44,117,Smear Positive
Nicaragua,1997,sp,f,45-54,77,Smear Positive
Nicaragua,1997,sp,f,55-64,61,Smear Positive
Nicaragua,1997,sp,f,65+,53,Smear Positive
Nicaragua,1998,sp,m,0-14,24,Smear Positive
Nicaragua,1998,sp,m,15-24,221,Smear Positive
Nicaragua,1998,sp,m,25-34,193,Smear Positive
Nicaragua,1998,sp,m,35-44,155,Smear Positive
Nicaragua,1998,sp,m,45-54,106,Smear Positive
Nicaragua,1998,sp,m,55-64,94,Smear Positive
Nicaragua,1998,sp,m,65+,110,Smear Positive
Nicaragua,1998,sp,f,0-14,34,Smear Positive
Nicaragua,1998,sp,f,15-24,202,Smear Positive
Nicaragua,1998,sp,f,25-34,215,Smear Positive
Nicaragua,1998,sp,f,35-44,114,Smear Positive
Nicaragua,1998,sp,f,45-54,64,Smear Positive
Nicaragua,1998,sp,f,55-64,61,Smear Positive
Nicaragua,1998,sp,f,65+,55,Smear Positive
Nicaragua,1999,sp,m,0-14,26,Smear Positive
Nicaragua,1999,sp,m,15-24,217,Smear Positive
Nicaragua,1999,sp,m,25-34,212,Smear Positive
Nicaragua,1999,sp,m,35-44,167,Smear Positive
Nicaragua,1999,sp,m,45-54,125,Smear Positive
Nicaragua,1999,sp,m,55-64,75,Smear Positive
Nicaragua,1999,sp,m,65+,85,Smear Positive
Nicaragua,1999,sp,f,0-14,27,Smear Positive
Nicaragua,1999,sp,f,15-24,194,Smear Positive
Nicaragua,1999,sp,f,25-34,168,Smear Positive
Nicaragua,1999,sp,f,35-44,108,Smear Positive
Nicaragua,1999,sp,f,45-54,73,Smear Positive
Nicaragua,1999,sp,f,55-64,42,Smear Positive
Nicaragua,1999,sp,f,65+,45,Smear Positive
Nicaragua,2000,sp,m,0-14,18,Smear Positive
Nicaragua,2000,sp,m,15-24,194,Smear Positive
Nicaragua,2000,sp,m,25-34,174,Smear Positive
Nicaragua,2000,sp,m,35-44,147,Smear Positive
Nicaragua,2000,sp,m,45-54,108,Smear Positive
Nicaragua,2000,sp,m,55-64,64,Smear Positive
Nicaragua,2000,sp,m,65+,90,Smear Positive
Nicaragua,2000,sp,f,0-14,34,Smear Positive
Nicaragua,2000,sp,f,15-24,188,Smear Positive
Nicaragua,2000,sp,f,25-34,173,Smear Positive
Nicaragua,2000,sp,f,35-44,98,Smear Positive
Nicaragua,2000,sp,f,45-54,76,Smear Positive
Nicaragua,2000,sp,f,55-64,46,Smear Positive
Nicaragua,2000,sp,f,65+,61,Smear Positive
Nicaragua,2001,sp,m,0-14,24,Smear Positive
Nicaragua,2001,sp,m,15-24,213,Smear Positive
Nicaragua,2001,sp,m,25-34,203,Smear Positive
Nicaragua,2001,sp,m,35-44,139,Smear Positive
Nicaragua,2001,sp,m,45-54,93,Smear Positive
Nicaragua,2001,sp,m,55-64,75,Smear Positive
Nicaragua,2001,sp,m,65+,95,Smear Positive
Nicaragua,2001,sp,f,0-14,32,Smear Positive
Nicaragua,2001,sp,f,15-24,188,Smear Positive
Nicaragua,2001,sp,f,25-34,173,Smear Positive
Nicaragua,2001,sp,f,35-44,92,Smear Positive
Nicaragua,2001,sp,f,45-54,67,Smear Positive
Nicaragua,2001,sp,f,55-64,52,Smear Positive
Nicaragua,2001,sp,f,65+,64,Smear Positive
Nicaragua,2002,sp,m,0-14,22,Smear Positive
Nicaragua,2002,sp,m,15-24,168,Smear Positive
Nicaragua,2002,sp,m,25-34,180,Smear Positive
Nicaragua,2002,sp,m,35-44,140,Smear Positive
Nicaragua,2002,sp,m,45-54,101,Smear Positive
Nicaragua,2002,sp,m,55-64,73,Smear Positive
Nicaragua,2002,sp,m,65+,74,Smear Positive
Nicaragua,2002,sp,f,0-14,26,Smear Positive
Nicaragua,2002,sp,f,15-24,149,Smear Positive
Nicaragua,2002,sp,f,25-34,135,Smear Positive
Nicaragua,2002,sp,f,35-44,91,Smear Positive
Nicaragua,2002,sp,f,45-54,72,Smear Positive
Nicaragua,2002,sp,f,55-64,45,Smear Positive
Nicaragua,2002,sp,f,65+,44,Smear Positive
Nicaragua,2003,sp,m,0-14,14,Smear Positive
Nicaragua,2003,sp,m,15-24,179,Smear Positive
Nicaragua,2003,sp,m,25-34,210,Smear Positive
Nicaragua,2003,sp,m,35-44,135,Smear Positive
Nicaragua,2003,sp,m,45-54,103,Smear Positive
Nicaragua,2003,sp,m,55-64,68,Smear Positive
Nicaragua,2003,sp,m,65+,65,Smear Positive
Nicaragua,2003,sp,f,0-14,42,Smear Positive
Nicaragua,2003,sp,f,15-24,174,Smear Positive
Nicaragua,2003,sp,f,25-34,150,Smear Positive
Nicaragua,2003,sp,f,35-44,91,Smear Positive
Nicaragua,2003,sp,f,45-54,71,Smear Positive
Nicaragua,2003,sp,f,55-64,54,Smear Positive
Nicaragua,2003,sp,f,65+,48,Smear Positive
Nicaragua,2004,sp,m,0-14,24,Smear Positive
Nicaragua,2004,sp,m,15-24,161,Smear Positive
Nicaragua,2004,sp,m,25-34,179,Smear Positive
Nicaragua,2004,sp,m,35-44,105,Smear Positive
Nicaragua,2004,sp,m,45-54,104,Smear Positive
Nicaragua,2004,sp,m,55-64,87,Smear Positive
Nicaragua,2004,sp,m,65+,72,Smear Positive
Nicaragua,2004,sp,f,0-14,23,Smear Positive
Nicaragua,2004,sp,f,15-24,159,Smear Positive
Nicaragua,2004,sp,f,25-34,154,Smear Positive
Nicaragua,2004,sp,f,35-44,90,Smear Positive
Nicaragua,2004,sp,f,45-54,75,Smear Positive
Nicaragua,2004,sp,f,55-64,44,Smear Positive
Nicaragua,2004,sp,f,65+,50,Smear Positive
Nicaragua,2005,sp,m,0-14,17,Smear Positive
Nicaragua,2005,sp,m,15-24,163,Smear Positive
Nicaragua,2005,sp,m,25-34,159,Smear Positive
Nicaragua,2005,sp,m,35-44,116,Smear Positive
Nicaragua,2005,sp,m,45-54,106,Smear Positive
Nicaragua,2005,sp,m,55-64,61,Smear Positive
Nicaragua,2005,sp,m,65+,79,Smear Positive
Nicaragua,2005,sp,f,0-14,23,Smear Positive
Nicaragua,2005,sp,f,15-24,135,Smear Positive
Nicaragua,2005,sp,f,25-34,122,Smear Positive
Nicaragua,2005,sp,f,35-44,103,Smear Positive
Nicaragua,2005,sp,f,45-54,61,Smear Positive
Nicaragua,2005,sp,f,55-64,54,Smear Positive
Nicaragua,2005,sp,f,65+,47,Smear Positive
Nicaragua,2006,sp,m,0-14,15,Smear Positive
Nicaragua,2006,sp,m,15-24,162,Smear Positive
Nicaragua,2006,sp,m,25-34,151,Smear Positive
Nicaragua,2006,sp,m,35-44,129,Smear Positive
Nicaragua,2006,sp,m,45-54,98,Smear Positive
Nicaragua,2006,sp,m,55-64,90,Smear Positive
Nicaragua,2006,sp,m,65+,72,Smear Positive
Nicaragua,2006,sp,f,0-14,25,Smear Positive
Nicaragua,2006,sp,f,15-24,168,Smear Positive
Nicaragua,2006,sp,f,25-34,144,Smear Positive
Nicaragua,2006,sp,f,35-44,90,Smear Positive
Nicaragua,2006,sp,f,45-54,65,Smear Positive
Nicaragua,2006,sp,f,55-64,38,Smear Positive
Nicaragua,2006,sp,f,65+,38,Smear Positive
Nicaragua,2006,sn,m,0-14,0,Smear Negative
Nicaragua,2006,sn,m,15-24,0,Smear Negative
Nicaragua,2006,sn,m,25-34,0,Smear Negative
Nicaragua,2006,sn,m,35-44,0,Smear Negative
Nicaragua,2006,sn,m,45-54,0,Smear Negative
Nicaragua,2006,sn,m,55-64,0,Smear Negative
Nicaragua,2006,sn,m,65+,0,Smear Negative
Nicaragua,2006,sn,f,0-14,0,Smear Negative
Nicaragua,2006,sn,f,15-24,0,Smear Negative
Nicaragua,2006,sn,f,25-34,0,Smear Negative
Nicaragua,2006,sn,f,35-44,0,Smear Negative
Nicaragua,2006,sn,f,45-54,0,Smear Negative
Nicaragua,2006,sn,f,55-64,0,Smear Negative
Nicaragua,2006,sn,f,65+,0,Smear Negative
Nicaragua,2006,ep,m,0-14,0,Extrapulmonary
Nicaragua,2006,ep,m,15-24,0,Extrapulmonary
Nicaragua,2006,ep,m,25-34,0,Extrapulmonary
Nicaragua,2006,ep,m,35-44,0,Extrapulmonary
Nicaragua,2006,ep,m,45-54,0,Extrapulmonary
Nicaragua,2006,ep,m,55-64,0,Extrapulmonary
Nicaragua,2006,ep,m,65+,0,Extrapulmonary
Nicaragua,2006,ep,f,0-14,0,Extrapulmonary
Nicaragua,2006,ep,f,15-24,0,Extrapulmonary
Nicaragua,2006,ep,f,25-34,0,Extrapulmonary
Nicaragua,2006,ep,f,35-44,0,Extrapulmonary
Nicaragua,2006,ep,f,45-54,0,Extrapulmonary
Nicaragua,2006,ep,f,55-64,0,Extrapulmonary
Nicaragua,2006,ep,f,65+,0,Extrapulmonary
Nicaragua,2007,sp,m,0-14,16,Smear Positive
Nicaragua,2007,sp,m,15-24,172,Smear Positive
Nicaragua,2007,sp,m,25-34,194,Smear Positive
Nicaragua,2007,sp,m,35-44,144,Smear Positive
Nicaragua,2007,sp,m,45-54,130,Smear Positive
Nicaragua,2007,sp,m,55-64,77,Smear Positive
Nicaragua,2007,sp,m,65+,91,Smear Positive
Nicaragua,2007,sp,f,0-14,27,Smear Positive
Nicaragua,2007,sp,f,15-24,158,Smear Positive
Nicaragua,2007,sp,f,25-34,168,Smear Positive
Nicaragua,2007,sp,f,35-44,100,Smear Positive
Nicaragua,2007,sp,f,45-54,76,Smear Positive
Nicaragua,2007,sp,f,55-64,45,Smear Positive
Nicaragua,2007,sp,f,65+,55,Smear Positive
Nicaragua,2007,sn,m,0-14,0,Smear Negative
Nicaragua,2007,sn,m,15-24,0,Smear Negative
Nicaragua,2007,sn,m,25-34,0,Smear Negative
Nicaragua,2007,sn,m,35-44,0,Smear Negative
Nicaragua,2007,sn,m,45-54,0,Smear Negative
Nicaragua,2007,sn,m,55-64,0,Smear Negative
Nicaragua,2007,sn,m,65+,0,Smear Negative
Nicaragua,2007,sn,f,0-14,0,Smear Negative
Nicaragua,2007,sn,f,15-24,0,Smear Negative
Nicaragua,2007,sn,f,25-34,0,Smear Negative
Nicaragua,2007,sn,f,35-44,0,Smear Negative
Nicaragua,2007,sn,f,45-54,0,Smear Negative
Nicaragua,2007,sn,f,55-64,0,Smear Negative
Nicaragua,2007,sn,f,65+,0,Smear Negative
Nicaragua,2007,ep,m,0-14,0,Extrapulmonary
Nicaragua,2007,ep,m,15-24,30,Extrapulmonary
Nicaragua,2007,ep,m,25-34,40,Extrapulmonary
Nicaragua,2007,ep,m,35-44,30,Extrapulmonary
Nicaragua,2007,ep,m,45-54,10,Extrapulmonary
Nicaragua,2007,ep,m,55-64,10,Extrapulmonary
Nicaragua,2007,ep,m,65+,5,Extrapulmonary
Nicaragua,2007,ep,f,0-14,0,Extrapulmonary
Nicaragua,2007,ep,f,15-24,20,Extrapulmonary
Nicaragua,2007,ep,f,25-34,52,Extrapulmonary
Nicaragua,2007,ep,f,35-44,20,Extrapulmonary
Nicaragua,2007,ep,f,45-54,5,Extrapulmonary
Nicaragua,2007,ep,f,55-64,10,Extrapulmonary
Nicaragua,2007,ep,f,65+,5,Extrapulmonary
Nicaragua,2008,sp,m,0-14,20,Smear Positive
Nicaragua,2008,sp,m,15-24,174,Smear Positive
Nicaragua,2008,sp,m,25-34,190,Smear Positive
Nicaragua,2008,sp,m,35-44,130,Smear Positive
Nicaragua,2008,sp,m,45-54,108,Smear Positive
Nicaragua,2008,sp,m,55-64,90,Smear Positive
Nicaragua,2008,sp,m,65+,67,Smear Positive
Nicaragua,2008,sp,f,0-14,38,Smear Positive
Nicaragua,2008,sp,f,15-24,165,Smear Positive
Nicaragua,2008,sp,f,25-34,164,Smear Positive
Nicaragua,2008,sp,f,35-44,93,Smear Positive
Nicaragua,2008,sp,f,45-54,54,Smear Positive
Nicaragua,2008,sp,f,55-64,54,Smear Positive
Nicaragua,2008,sp,f,65+,55,Smear Positive
Nicaragua,2008,sn,m,0-14,0,Smear Negative
Nicaragua,2008,sn,m,15-24,0,Smear Negative
Nicaragua,2008,sn,m,25-34,0,Smear Negative
Nicaragua,2008,sn,m,35-44,0,Smear Negative
Nicaragua,2008,sn,m,45-54,0,Smear Negative
Nicaragua,2008,sn,m,55-64,0,Smear Negative
Nicaragua,2008,sn,m,65+,0,Smear Negative
Nicaragua,2008,sn,f,0-14,0,Smear Negative
Nicaragua,2008,sn,f,15-24,0,Smear Negative
Nicaragua,2008,sn,f,25-34,0,Smear Negative
Nicaragua,2008,sn,f,35-44,0,Smear Negative
Nicaragua,2008,sn,f,45-54,0,Smear Negative
Nicaragua,2008,sn,f,55-64,0,Smear Negative
Nicaragua,2008,sn,f,65+,0,Smear Negative
Nicaragua,2008,ep,m,0-14,0,Extrapulmonary
Nicaragua,2008,ep,m,15-24,30,Extrapulmonary
Nicaragua,2008,ep,m,25-34,20,Extrapulmonary
Nicaragua,2008,ep,m,35-44,10,Extrapulmonary
Nicaragua,2008,ep,m,45-54,20,Extrapulmonary
Nicaragua,2008,ep,m,55-64,10,Extrapulmonary
Nicaragua,2008,ep,m,65+,20,Extrapulmonary
Nicaragua,2008,ep,f,0-14,0,Extrapulmonary
Nicaragua,2008,ep,f,15-24,10,Extrapulmonary
Nicaragua,2008,ep,f,25-34,10,Extrapulmonary
Nicaragua,2008,ep,f,35-44,10,Extrapulmonary
Nicaragua,2008,ep,f,45-54,10,Extrapulmonary
Nicaragua,2008,ep,f,55-64,10,Extrapulmonary
Nicaragua,2008,ep,f,65+,15,Extrapulmonary
Nicaragua,2009,sn,m,0-14,33,Smear Negative
Nicaragua,2009,sn,m,15-24,166,Smear Negative
Nicaragua,2009,sn,m,25-34,168,Smear Negative
Nicaragua,2009,sn,m,35-44,121,Smear Negative
Nicaragua,2009,sn,m,45-54,98,Smear Negative
Nicaragua,2009,sn,m,55-64,79,Smear Negative
Nicaragua,2009,sn,m,65+,77,Smear Negative
Nicaragua,2009,sn,f,0-14,35,Smear Negative
Nicaragua,2009,sn,f,15-24,122,Smear Negative
Nicaragua,2009,sn,f,25-34,139,Smear Negative
Nicaragua,2009,sn,f,35-44,80,Smear Negative
Nicaragua,2009,sn,f,45-54,60,Smear Negative
Nicaragua,2009,sn,f,55-64,52,Smear Negative
Nicaragua,2009,sn,f,65+,47,Smear Negative
Nicaragua,2009,ep,m,0-14,33,Extrapulmonary
Nicaragua,2009,ep,m,15-24,166,Extrapulmonary
Nicaragua,2009,ep,m,25-34,168,Extrapulmonary
Nicaragua,2009,ep,m,35-44,121,Extrapulmonary
Nicaragua,2009,ep,m,45-54,98,Extrapulmonary
Nicaragua,2009,ep,m,55-64,79,Extrapulmonary
Nicaragua,2009,ep,m,65+,77,Extrapulmonary
Nicaragua,2009,ep,f,0-14,35,Extrapulmonary
Nicaragua,2009,ep,f,15-24,122,Extrapulmonary
Nicaragua,2009,ep,f,25-34,139,Extrapulmonary
Nicaragua,2009,ep,f,35-44,80,Extrapulmonary
Nicaragua,2009,ep,f,45-54,60,Extrapulmonary
Nicaragua,2009,ep,f,55-64,52,Extrapulmonary
Nicaragua,2009,ep,f,65+,47,Extrapulmonary
Nicaragua,2010,sp,m,0-14,22,Smear Positive
Nicaragua,2010,sp,m,15-24,157,Smear Positive
Nicaragua,2010,sp,m,25-34,189,Smear Positive
Nicaragua,2010,sp,m,35-44,141,Smear Positive
Nicaragua,2010,sp,m,45-54,115,Smear Positive
Nicaragua,2010,sp,m,55-64,82,Smear Positive
Nicaragua,2010,sp,m,65+,108,Smear Positive
Nicaragua,2010,sp,f,0-14,27,Smear Positive
Nicaragua,2010,sp,f,15-24,154,Smear Positive
Nicaragua,2010,sp,f,25-34,149,Smear Positive
Nicaragua,2010,sp,f,35-44,92,Smear Positive
Nicaragua,2010,sp,f,45-54,75,Smear Positive
Nicaragua,2010,sp,f,55-64,50,Smear Positive
Nicaragua,2010,sp,f,65+,79,Smear Positive
Nicaragua,2011,sp,m,0-14,10,Smear Positive
Nicaragua,2011,sp,m,15-24,273,Smear Positive
Nicaragua,2011,sp,m,25-34,235,Smear Positive
Nicaragua,2011,sp,m,35-44,156,Smear Positive
Nicaragua,2011,sp,m,45-54,108,Smear Positive
Nicaragua,2011,sp,m,55-64,61,Smear Positive
Nicaragua,2011,sp,m,65+,94,Smear Positive
Nicaragua,2011,sp,f,0-14,4,Smear Positive
Nicaragua,2011,sp,f,15-24,61,Smear Positive
Nicaragua,2011,sp,f,25-34,145,Smear Positive
Nicaragua,2011,sp,f,35-44,161,Smear Positive
Nicaragua,2011,sp,f,45-54,108,Smear Positive
Nicaragua,2011,sp,f,55-64,64,Smear Positive
Nicaragua,2011,sp,f,65+,72,Smear Positive
Nicaragua,2012,sp,m,0-14,0,Smear Positive
Nicaragua,2012,sp,m,15-24,0,Smear Positive
Nicaragua,2012,sp,m,25-34,0,Smear Positive
Nicaragua,2012,sp,m,35-44,0,Smear Positive
Nicaragua,2012,sp,m,45-54,0,Smear Positive
Nicaragua,2012,sp,m,55-64,0,Smear Positive
Nicaragua,2012,sp,m,65+,0,Smear Positive
Nicaragua,2012,sp,f,0-14,0,Smear Positive
Nicaragua,2012,sp,f,15-24,0,Smear Positive
Nicaragua,2012,sp,f,25-34,0,Smear Positive
Nicaragua,2012,sp,f,35-44,0,Smear Positive
Nicaragua,2012,sp,f,45-54,0,Smear Positive
Nicaragua,2012,sp,f,55-64,0,Smear Positive
Nicaragua,2012,sp,f,65+,0,Smear Positive
Nicaragua,2012,sn,m,0-14,0,Smear Negative
Nicaragua,2012,sn,m,15-24,0,Smear Negative
Nicaragua,2012,sn,m,25-34,0,Smear Negative
Nicaragua,2012,sn,m,35-44,0,Smear Negative
Nicaragua,2012,sn,m,45-54,0,Smear Negative
Nicaragua,2012,sn,m,55-64,0,Smear Negative
Nicaragua,2012,sn,m,65+,0,Smear Negative
Nicaragua,2012,sn,f,0-14,0,Smear Negative
Nicaragua,2012,sn,f,15-24,0,Smear Negative
Nicaragua,2012,sn,f,25-34,0,Smear Negative
Nicaragua,2012,sn,f,35-44,0,Smear Negative
Nicaragua,2012,sn,f,45-54,0,Smear Negative
Nicaragua,2012,sn,f,55-64,0,Smear Negative
Nicaragua,2012,sn,f,65+,0,Smear Negative
Nicaragua,2013,rel,m,0-14,28,Relapse
Nicaragua,2013,rel,m,15-24,206,Relapse
Nicaragua,2013,rel,m,25-34,171,Relapse
Nicaragua,2013,rel,m,35-44,143,Relapse
Nicaragua,2013,rel,m,45-54,116,Relapse
Nicaragua,2013,rel,m,55-64,52,Relapse
Nicaragua,2013,rel,m,65+,38,Relapse
Nicaragua,2013,rel,f,0-14,31,Relapse
Nicaragua,2013,rel,f,15-24,203,Relapse
Nicaragua,2013,rel,f,25-34,161,Relapse
Nicaragua,2013,rel,f,35-44,146,Relapse
Nicaragua,2013,rel,f,45-54,121,Relapse
Nicaragua,2013,rel,f,55-64,85,Relapse
Nicaragua,2013,rel,f,65+,39,Relapse
Niger,1997,sp,m,0-14,4,Smear Positive
Niger,1997,sp,m,15-24,148,Smear Positive
Niger,1997,sp,m,25-34,395,Smear Positive
Niger,1997,sp,m,35-44,215,Smear Positive
Niger,1997,sp,m,45-54,92,Smear Positive
Niger,1997,sp,m,55-64,58,Smear Positive
Niger,1997,sp,m,65+,25,Smear Positive
Niger,1997,sp,f,0-14,7,Smear Positive
Niger,1997,sp,f,15-24,70,Smear Positive
Niger,1997,sp,f,25-34,112,Smear Positive
Niger,1997,sp,f,35-44,67,Smear Positive
Niger,1997,sp,f,45-54,58,Smear Positive
Niger,1997,sp,f,55-64,14,Smear Positive
Niger,1997,sp,f,65+,8,Smear Positive
Niger,1998,sp,m,0-14,4,Smear Positive
Niger,1998,sp,m,15-24,218,Smear Positive
Niger,1998,sp,m,25-34,511,Smear Positive
Niger,1998,sp,m,35-44,399,Smear Positive
Niger,1998,sp,m,45-54,234,Smear Positive
Niger,1998,sp,m,55-64,159,Smear Positive
Niger,1998,sp,m,65+,61,Smear Positive
Niger,1998,sp,f,0-14,14,Smear Positive
Niger,1998,sp,f,15-24,92,Smear Positive
Niger,1998,sp,f,25-34,160,Smear Positive
Niger,1998,sp,f,35-44,126,Smear Positive
Niger,1998,sp,f,45-54,86,Smear Positive
Niger,1998,sp,f,55-64,46,Smear Positive
Niger,1998,sp,f,65+,15,Smear Positive
Niger,2000,sp,m,0-14,29,Smear Positive
Niger,2000,sp,m,15-24,270,Smear Positive
Niger,2000,sp,m,25-34,174,Smear Positive
Niger,2000,sp,m,35-44,441,Smear Positive
Niger,2000,sp,m,45-54,252,Smear Positive
Niger,2000,sp,m,55-64,151,Smear Positive
Niger,2000,sp,m,65+,78,Smear Positive
Niger,2000,sp,f,0-14,31,Smear Positive
Niger,2000,sp,f,15-24,123,Smear Positive
Niger,2000,sp,f,25-34,206,Smear Positive
Niger,2000,sp,f,35-44,168,Smear Positive
Niger,2000,sp,f,45-54,151,Smear Positive
Niger,2000,sp,f,55-64,63,Smear Positive
Niger,2000,sp,f,65+,9,Smear Positive
Niger,2003,sp,m,0-14,41,Smear Positive
Niger,2003,sp,m,15-24,485,Smear Positive
Niger,2003,sp,m,25-34,1051,Smear Positive
Niger,2003,sp,m,35-44,779,Smear Positive
Niger,2003,sp,m,45-54,512,Smear Positive
Niger,2003,sp,m,55-64,299,Smear Positive
Niger,2003,sp,m,65+,169,Smear Positive
Niger,2003,sp,f,0-14,30,Smear Positive
Niger,2003,sp,f,15-24,201,Smear Positive
Niger,2003,sp,f,25-34,356,Smear Positive
Niger,2003,sp,f,35-44,279,Smear Positive
Niger,2003,sp,f,45-54,177,Smear Positive
Niger,2003,sp,f,55-64,83,Smear Positive
Niger,2003,sp,f,65+,42,Smear Positive
Niger,2005,sp,m,0-14,35,Smear Positive
Niger,2005,sp,m,15-24,557,Smear Positive
Niger,2005,sp,m,25-34,1204,Smear Positive
Niger,2005,sp,m,35-44,819,Smear Positive
Niger,2005,sp,m,45-54,497,Smear Positive
Niger,2005,sp,m,55-64,350,Smear Positive
Niger,2005,sp,m,65+,198,Smear Positive
Niger,2005,sp,f,0-14,34,Smear Positive
Niger,2005,sp,f,15-24,214,Smear Positive
Niger,2005,sp,f,25-34,388,Smear Positive
Niger,2005,sp,f,35-44,330,Smear Positive
Niger,2005,sp,f,45-54,223,Smear Positive
Niger,2005,sp,f,55-64,131,Smear Positive
Niger,2005,sp,f,65+,70,Smear Positive
Niger,2006,sp,m,0-14,25,Smear Positive
Niger,2006,sp,m,15-24,537,Smear Positive
Niger,2006,sp,m,25-34,1265,Smear Positive
Niger,2006,sp,m,35-44,909,Smear Positive
Niger,2006,sp,m,45-54,487,Smear Positive
Niger,2006,sp,m,55-64,359,Smear Positive
Niger,2006,sp,m,65+,217,Smear Positive
Niger,2006,sp,f,0-14,37,Smear Positive
Niger,2006,sp,f,15-24,270,Smear Positive
Niger,2006,sp,f,25-34,427,Smear Positive
Niger,2006,sp,f,35-44,306,Smear Positive
Niger,2006,sp,f,45-54,207,Smear Positive
Niger,2006,sp,f,55-64,149,Smear Positive
Niger,2006,sp,f,65+,84,Smear Positive
Niger,2007,sp,m,0-14,40,Smear Positive
Niger,2007,sp,m,15-24,571,Smear Positive
Niger,2007,sp,m,25-34,1380,Smear Positive
Niger,2007,sp,m,35-44,958,Smear Positive
Niger,2007,sp,m,45-54,577,Smear Positive
Niger,2007,sp,m,55-64,405,Smear Positive
Niger,2007,sp,m,65+,249,Smear Positive
Niger,2007,sp,f,0-14,57,Smear Positive
Niger,2007,sp,f,15-24,287,Smear Positive
Niger,2007,sp,f,25-34,412,Smear Positive
Niger,2007,sp,f,35-44,323,Smear Positive
Niger,2007,sp,f,45-54,248,Smear Positive
Niger,2007,sp,f,55-64,157,Smear Positive
Niger,2007,sp,f,65+,109,Smear Positive
Niger,2008,sp,m,0-14,35,Smear Positive
Niger,2008,sp,m,15-24,659,Smear Positive
Niger,2008,sp,m,25-34,1453,Smear Positive
Niger,2008,sp,m,35-44,852,Smear Positive
Niger,2008,sp,m,45-54,562,Smear Positive
Niger,2008,sp,m,55-64,429,Smear Positive
Niger,2008,sp,m,65+,333,Smear Positive
Niger,2008,sp,f,0-14,57,Smear Positive
Niger,2008,sp,f,15-24,259,Smear Positive
Niger,2008,sp,f,25-34,414,Smear Positive
Niger,2008,sp,f,35-44,307,Smear Positive
Niger,2008,sp,f,45-54,237,Smear Positive
Niger,2008,sp,f,55-64,146,Smear Positive
Niger,2008,sp,f,65+,110,Smear Positive
Niger,2009,sp,m,0-14,52,Smear Positive
Niger,2009,sp,m,15-24,602,Smear Positive
Niger,2009,sp,m,25-34,1552,Smear Positive
Niger,2009,sp,m,35-44,1019,Smear Positive
Niger,2009,sp,m,45-54,654,Smear Positive
Niger,2009,sp,m,55-64,478,Smear Positive
Niger,2009,sp,m,65+,328,Smear Positive
Niger,2009,sp,f,0-14,36,Smear Positive
Niger,2009,sp,f,15-24,248,Smear Positive
Niger,2009,sp,f,25-34,464,Smear Positive
Niger,2009,sp,f,35-44,339,Smear Positive
Niger,2009,sp,f,45-54,239,Smear Positive
Niger,2009,sp,f,55-64,209,Smear Positive
Niger,2009,sp,f,65+,127,Smear Positive
Niger,2010,sp,m,0-14,44,Smear Positive
Niger,2010,sp,m,15-24,669,Smear Positive
Niger,2010,sp,m,25-34,1587,Smear Positive
Niger,2010,sp,m,35-44,988,Smear Positive
Niger,2010,sp,m,45-54,615,Smear Positive
Niger,2010,sp,m,55-64,415,Smear Positive
Niger,2010,sp,m,65+,342,Smear Positive
Niger,2010,sp,f,0-14,39,Smear Positive
Niger,2010,sp,f,15-24,272,Smear Positive
Niger,2010,sp,f,25-34,418,Smear Positive
Niger,2010,sp,f,35-44,347,Smear Positive
Niger,2010,sp,f,45-54,238,Smear Positive
Niger,2010,sp,f,55-64,174,Smear Positive
Niger,2010,sp,f,65+,135,Smear Positive
Niger,2011,sp,m,0-14,50,Smear Positive
Niger,2011,sp,m,15-24,709,Smear Positive
Niger,2011,sp,m,25-34,1673,Smear Positive
Niger,2011,sp,m,35-44,1025,Smear Positive
Niger,2011,sp,m,45-54,646,Smear Positive
Niger,2011,sp,m,55-64,436,Smear Positive
Niger,2011,sp,m,65+,347,Smear Positive
Niger,2011,sp,f,0-14,50,Smear Positive
Niger,2011,sp,f,15-24,285,Smear Positive
Niger,2011,sp,f,25-34,449,Smear Positive
Niger,2011,sp,f,35-44,323,Smear Positive
Niger,2011,sp,f,45-54,278,Smear Positive
Niger,2011,sp,f,55-64,189,Smear Positive
Niger,2011,sp,f,65+,147,Smear Positive
Niger,2012,sp,m,0-14,40,Smear Positive
Niger,2012,sp,m,15-24,702,Smear Positive
Niger,2012,sp,m,25-34,1752,Smear Positive
Niger,2012,sp,m,35-44,1133,Smear Positive
Niger,2012,sp,m,45-54,747,Smear Positive
Niger,2012,sp,m,55-64,444,Smear Positive
Niger,2012,sp,m,65+,360,Smear Positive
Niger,2012,sp,f,0-14,48,Smear Positive
Niger,2012,sp,f,15-24,260,Smear Positive
Niger,2012,sp,f,25-34,485,Smear Positive
Niger,2012,sp,f,35-44,302,Smear Positive
Niger,2012,sp,f,45-54,237,Smear Positive
Niger,2012,sp,f,55-64,214,Smear Positive
Niger,2012,sp,f,65+,124,Smear Positive
Niger,2013,rel,m,0-14,57,Relapse
Niger,2013,rel,m,15-24,749,Relapse
Niger,2013,rel,m,25-34,1834,Relapse
Niger,2013,rel,m,35-44,1151,Relapse
Niger,2013,rel,m,45-54,677,Relapse
Niger,2013,rel,m,55-64,515,Relapse
Niger,2013,rel,m,65+,405,Relapse
Niger,2013,rel,f,0-14,47,Relapse
Niger,2013,rel,f,15-24,287,Relapse
Niger,2013,rel,f,25-34,487,Relapse
Niger,2013,rel,f,35-44,353,Relapse
Niger,2013,rel,f,45-54,253,Relapse
Niger,2013,rel,f,55-64,216,Relapse
Niger,2013,rel,f,65+,151,Relapse
Nigeria,1995,sp,m,0-14,450,Smear Positive
Nigeria,1995,sp,m,15-24,845,Smear Positive
Nigeria,1995,sp,m,25-34,921,Smear Positive
Nigeria,1995,sp,m,35-44,937,Smear Positive
Nigeria,1995,sp,m,45-54,557,Smear Positive
Nigeria,1995,sp,m,55-64,611,Smear Positive
Nigeria,1995,sp,m,65+,515,Smear Positive
Nigeria,1995,sp,f,0-14,404,Smear Positive
Nigeria,1995,sp,f,15-24,842,Smear Positive
Nigeria,1995,sp,f,25-34,795,Smear Positive
Nigeria,1995,sp,f,35-44,770,Smear Positive
Nigeria,1995,sp,f,45-54,724,Smear Positive
Nigeria,1995,sp,f,55-64,654,Smear Positive
Nigeria,1995,sp,f,65+,451,Smear Positive
Nigeria,1996,sp,m,0-14,234,Smear Positive
Nigeria,1996,sp,m,15-24,2097,Smear Positive
Nigeria,1996,sp,m,25-34,2557,Smear Positive
Nigeria,1996,sp,m,35-44,1791,Smear Positive
Nigeria,1996,sp,m,45-54,853,Smear Positive
Nigeria,1996,sp,m,55-64,486,Smear Positive
Nigeria,1996,sp,m,65+,309,Smear Positive
Nigeria,1996,sp,f,0-14,411,Smear Positive
Nigeria,1996,sp,f,15-24,1954,Smear Positive
Nigeria,1996,sp,f,25-34,2175,Smear Positive
Nigeria,1996,sp,f,35-44,1253,Smear Positive
Nigeria,1996,sp,f,45-54,871,Smear Positive
Nigeria,1996,sp,f,55-64,458,Smear Positive
Nigeria,1996,sp,f,65+,215,Smear Positive
Nigeria,1997,sp,m,0-14,116,Smear Positive
Nigeria,1997,sp,m,15-24,1518,Smear Positive
Nigeria,1997,sp,m,25-34,2095,Smear Positive
Nigeria,1997,sp,m,35-44,1177,Smear Positive
Nigeria,1997,sp,m,45-54,734,Smear Positive
Nigeria,1997,sp,m,55-64,436,Smear Positive
Nigeria,1997,sp,m,65+,338,Smear Positive
Nigeria,1997,sp,f,0-14,156,Smear Positive
Nigeria,1997,sp,f,15-24,1556,Smear Positive
Nigeria,1997,sp,f,25-34,1517,Smear Positive
Nigeria,1997,sp,f,35-44,753,Smear Positive
Nigeria,1997,sp,f,45-54,458,Smear Positive
Nigeria,1997,sp,f,55-64,261,Smear Positive
Nigeria,1997,sp,f,65+,120,Smear Positive
Nigeria,1998,sp,m,0-14,125,Smear Positive
Nigeria,1998,sp,m,15-24,1798,Smear Positive
Nigeria,1998,sp,m,25-34,2543,Smear Positive
Nigeria,1998,sp,m,35-44,1282,Smear Positive
Nigeria,1998,sp,m,45-54,889,Smear Positive
Nigeria,1998,sp,m,55-64,451,Smear Positive
Nigeria,1998,sp,m,65+,369,Smear Positive
Nigeria,1998,sp,f,0-14,169,Smear Positive
Nigeria,1998,sp,f,15-24,1856,Smear Positive
Nigeria,1998,sp,f,25-34,1808,Smear Positive
Nigeria,1998,sp,f,35-44,881,Smear Positive
Nigeria,1998,sp,f,45-54,560,Smear Positive
Nigeria,1998,sp,f,55-64,298,Smear Positive
Nigeria,1998,sp,f,65+,132,Smear Positive
Nigeria,2000,sp,m,0-14,157,Smear Positive
Nigeria,2000,sp,m,15-24,2173,Smear Positive
Nigeria,2000,sp,m,25-34,3164,Smear Positive
Nigeria,2000,sp,m,35-44,1836,Smear Positive
Nigeria,2000,sp,m,45-54,1091,Smear Positive
Nigeria,2000,sp,m,55-64,566,Smear Positive
Nigeria,2000,sp,m,65+,463,Smear Positive
Nigeria,2000,sp,f,0-14,239,Smear Positive
Nigeria,2000,sp,f,15-24,2934,Smear Positive
Nigeria,2000,sp,f,25-34,2434,Smear Positive
Nigeria,2000,sp,f,35-44,1110,Smear Positive
Nigeria,2000,sp,f,45-54,676,Smear Positive
Nigeria,2000,sp,f,55-64,344,Smear Positive
Nigeria,2000,sp,f,65+,231,Smear Positive
Nigeria,2001,sp,m,0-14,164,Smear Positive
Nigeria,2001,sp,m,15-24,2196,Smear Positive
Nigeria,2001,sp,m,25-34,3281,Smear Positive
Nigeria,2001,sp,m,35-44,2076,Smear Positive
Nigeria,2001,sp,m,45-54,1283,Smear Positive
Nigeria,2001,sp,m,55-64,654,Smear Positive
Nigeria,2001,sp,m,65+,488,Smear Positive
Nigeria,2001,sp,f,0-14,272,Smear Positive
Nigeria,2001,sp,f,15-24,2619,Smear Positive
Nigeria,2001,sp,f,25-34,2510,Smear Positive
Nigeria,2001,sp,f,35-44,1201,Smear Positive
Nigeria,2001,sp,f,45-54,715,Smear Positive
Nigeria,2001,sp,f,55-64,387,Smear Positive
Nigeria,2001,sp,f,65+,251,Smear Positive
Nigeria,2002,sp,m,0-14,163,Smear Positive
Nigeria,2002,sp,m,15-24,2274,Smear Positive
Nigeria,2002,sp,m,25-34,3719,Smear Positive
Nigeria,2002,sp,m,35-44,2283,Smear Positive
Nigeria,2002,sp,m,45-54,1352,Smear Positive
Nigeria,2002,sp,m,55-64,696,Smear Positive
Nigeria,2002,sp,m,65+,534,Smear Positive
Nigeria,2002,sp,f,0-14,242,Smear Positive
Nigeria,2002,sp,f,15-24,2633,Smear Positive
Nigeria,2002,sp,f,25-34,2884,Smear Positive
Nigeria,2002,sp,f,35-44,1368,Smear Positive
Nigeria,2002,sp,f,45-54,787,Smear Positive
Nigeria,2002,sp,f,55-64,420,Smear Positive
Nigeria,2002,sp,f,65+,241,Smear Positive
Nigeria,2003,sp,m,0-14,267,Smear Positive
Nigeria,2003,sp,m,15-24,3263,Smear Positive
Nigeria,2003,sp,m,25-34,5388,Smear Positive
Nigeria,2003,sp,m,35-44,3590,Smear Positive
Nigeria,2003,sp,m,45-54,2106,Smear Positive
Nigeria,2003,sp,m,55-64,1139,Smear Positive
Nigeria,2003,sp,m,65+,719,Smear Positive
Nigeria,2003,sp,f,0-14,356,Smear Positive
Nigeria,2003,sp,f,15-24,3394,Smear Positive
Nigeria,2003,sp,f,25-34,3956,Smear Positive
Nigeria,2003,sp,f,35-44,1973,Smear Positive
Nigeria,2003,sp,f,45-54,1159,Smear Positive
Nigeria,2003,sp,f,55-64,536,Smear Positive
Nigeria,2003,sp,f,65+,327,Smear Positive
Nigeria,2004,sp,m,0-14,408,Smear Positive
Nigeria,2004,sp,m,15-24,3679,Smear Positive
Nigeria,2004,sp,m,25-34,6252,Smear Positive
Nigeria,2004,sp,m,35-44,4262,Smear Positive
Nigeria,2004,sp,m,45-54,2614,Smear Positive
Nigeria,2004,sp,m,55-64,1310,Smear Positive
Nigeria,2004,sp,m,65+,1267,Smear Positive
Nigeria,2004,sp,f,0-14,469,Smear Positive
Nigeria,2004,sp,f,15-24,3768,Smear Positive
Nigeria,2004,sp,f,25-34,4463,Smear Positive
Nigeria,2004,sp,f,35-44,2220,Smear Positive
Nigeria,2004,sp,f,45-54,1495,Smear Positive
Nigeria,2004,sp,f,55-64,981,Smear Positive
Nigeria,2004,sp,f,65+,567,Smear Positive
Nigeria,2005,sp,m,0-14,325,Smear Positive
Nigeria,2005,sp,m,15-24,3824,Smear Positive
Nigeria,2005,sp,m,25-34,6758,Smear Positive
Nigeria,2005,sp,m,35-44,4544,Smear Positive
Nigeria,2005,sp,m,45-54,2863,Smear Positive
Nigeria,2005,sp,m,55-64,1464,Smear Positive
Nigeria,2005,sp,m,65+,950,Smear Positive
Nigeria,2005,sp,f,0-14,482,Smear Positive
Nigeria,2005,sp,f,15-24,3996,Smear Positive
Nigeria,2005,sp,f,25-34,4884,Smear Positive
Nigeria,2005,sp,f,35-44,2448,Smear Positive
Nigeria,2005,sp,f,45-54,1350,Smear Positive
Nigeria,2005,sp,f,55-64,745,Smear Positive
Nigeria,2005,sp,f,65+,415,Smear Positive
Nigeria,2006,sp,m,0-14,247,Smear Positive
Nigeria,2006,sp,m,15-24,4488,Smear Positive
Nigeria,2006,sp,m,25-34,8145,Smear Positive
Nigeria,2006,sp,m,35-44,5517,Smear Positive
Nigeria,2006,sp,m,45-54,3330,Smear Positive
Nigeria,2006,sp,m,55-64,1431,Smear Positive
Nigeria,2006,sp,m,65+,897,Smear Positive
Nigeria,2006,sp,f,0-14,385,Smear Positive
Nigeria,2006,sp,f,15-24,4029,Smear Positive
Nigeria,2006,sp,f,25-34,5430,Smear Positive
Nigeria,2006,sp,f,35-44,2516,Smear Positive
Nigeria,2006,sp,f,45-54,1894,Smear Positive
Nigeria,2006,sp,f,55-64,1049,Smear Positive
Nigeria,2006,sp,f,65+,545,Smear Positive
Nigeria,2007,sp,m,0-14,503,Smear Positive
Nigeria,2007,sp,m,15-24,4251,Smear Positive
Nigeria,2007,sp,m,25-34,8541,Smear Positive
Nigeria,2007,sp,m,35-44,5776,Smear Positive
Nigeria,2007,sp,m,45-54,3767,Smear Positive
Nigeria,2007,sp,m,55-64,1853,Smear Positive
Nigeria,2007,sp,m,65+,1341,Smear Positive
Nigeria,2007,sp,f,0-14,685,Smear Positive
Nigeria,2007,sp,f,15-24,4522,Smear Positive
Nigeria,2007,sp,f,25-34,5944,Smear Positive
Nigeria,2007,sp,f,35-44,3088,Smear Positive
Nigeria,2007,sp,f,45-54,1926,Smear Positive
Nigeria,2007,sp,f,55-64,1194,Smear Positive
Nigeria,2007,sp,f,65+,625,Smear Positive
Nigeria,2008,sp,m,0-14,579,Smear Positive
Nigeria,2008,sp,m,15-24,4518,Smear Positive
Nigeria,2008,sp,m,25-34,8910,Smear Positive
Nigeria,2008,sp,m,35-44,6210,Smear Positive
Nigeria,2008,sp,m,45-54,3821,Smear Positive
Nigeria,2008,sp,m,55-64,1987,Smear Positive
Nigeria,2008,sp,m,65+,1267,Smear Positive
Nigeria,2008,sp,f,0-14,745,Smear Positive
Nigeria,2008,sp,f,15-24,4431,Smear Positive
Nigeria,2008,sp,f,25-34,6391,Smear Positive
Nigeria,2008,sp,f,35-44,3351,Smear Positive
Nigeria,2008,sp,f,45-54,2057,Smear Positive
Nigeria,2008,sp,f,55-64,1099,Smear Positive
Nigeria,2008,sp,f,65+,660,Smear Positive
Nigeria,2009,sp,m,0-14,711,Smear Positive
Nigeria,2009,sp,m,15-24,4342,Smear Positive
Nigeria,2009,sp,m,25-34,8649,Smear Positive
Nigeria,2009,sp,m,35-44,5975,Smear Positive
Nigeria,2009,sp,m,45-54,3766,Smear Positive
Nigeria,2009,sp,m,55-64,2057,Smear Positive
Nigeria,2009,sp,m,65+,1269,Smear Positive
Nigeria,2009,sp,f,0-14,804,Smear Positive
Nigeria,2009,sp,f,15-24,4199,Smear Positive
Nigeria,2009,sp,f,25-34,6100,Smear Positive
Nigeria,2009,sp,f,35-44,3473,Smear Positive
Nigeria,2009,sp,f,45-54,1872,Smear Positive
Nigeria,2009,sp,f,55-64,1023,Smear Positive
Nigeria,2009,sp,f,65+,623,Smear Positive
Nigeria,2010,sp,m,0-14,521,Smear Positive
Nigeria,2010,sp,m,15-24,4457,Smear Positive
Nigeria,2010,sp,m,25-34,9186,Smear Positive
Nigeria,2010,sp,m,35-44,6218,Smear Positive
Nigeria,2010,sp,m,45-54,3804,Smear Positive
Nigeria,2010,sp,m,55-64,1974,Smear Positive
Nigeria,2010,sp,m,65+,1363,Smear Positive
Nigeria,2010,sp,f,0-14,595,Smear Positive
Nigeria,2010,sp,f,15-24,4182,Smear Positive
Nigeria,2010,sp,f,25-34,6117,Smear Positive
Nigeria,2010,sp,f,35-44,3431,Smear Positive
Nigeria,2010,sp,f,45-54,1846,Smear Positive
Nigeria,2010,sp,f,55-64,1040,Smear Positive
Nigeria,2010,sp,f,65+,682,Smear Positive
Nigeria,2011,sp,m,0-14,529,Smear Positive
Nigeria,2011,sp,m,15-24,4549,Smear Positive
Nigeria,2011,sp,m,25-34,9520,Smear Positive
Nigeria,2011,sp,m,35-44,6550,Smear Positive
Nigeria,2011,sp,m,45-54,4230,Smear Positive
Nigeria,2011,sp,m,55-64,2248,Smear Positive
Nigeria,2011,sp,m,65+,1443,Smear Positive
Nigeria,2011,sp,f,0-14,578,Smear Positive
Nigeria,2011,sp,f,15-24,4198,Smear Positive
Nigeria,2011,sp,f,25-34,6168,Smear Positive
Nigeria,2011,sp,f,35-44,3574,Smear Positive
Nigeria,2011,sp,f,45-54,2014,Smear Positive
Nigeria,2011,sp,f,55-64,1112,Smear Positive
Nigeria,2011,sp,f,65+,724,Smear Positive
Nigeria,2012,sp,m,0-14,538,Smear Positive
Nigeria,2012,sp,m,15-24,5026,Smear Positive
Nigeria,2012,sp,m,25-34,10382,Smear Positive
Nigeria,2012,sp,m,35-44,7684,Smear Positive
Nigeria,2012,sp,m,45-54,4589,Smear Positive
Nigeria,2012,sp,m,55-64,2449,Smear Positive
Nigeria,2012,sp,m,65+,1686,Smear Positive
Nigeria,2012,sp,f,0-14,649,Smear Positive
Nigeria,2012,sp,f,15-24,4652,Smear Positive
Nigeria,2012,sp,f,25-34,6762,Smear Positive
Nigeria,2012,sp,f,35-44,4084,Smear Positive
Nigeria,2012,sp,f,45-54,2243,Smear Positive
Nigeria,2012,sp,f,55-64,1290,Smear Positive
Nigeria,2012,sp,f,65+,867,Smear Positive
Nigeria,2013,rel,m,0-14,3008,Relapse
Nigeria,2013,rel,m,15-24,7843,Relapse
Nigeria,2013,rel,m,25-34,16463,Relapse
Nigeria,2013,rel,m,35-44,13958,Relapse
Nigeria,2013,rel,m,45-54,8853,Relapse
Nigeria,2013,rel,m,55-64,5140,Relapse
Nigeria,2013,rel,m,65+,4256,Relapse
Nigeria,2013,rel,f,0-14,2768,Relapse
Nigeria,2013,rel,f,15-24,7278,Relapse
Nigeria,2013,rel,f,25-34,11994,Relapse
Nigeria,2013,rel,f,35-44,8295,Relapse
Nigeria,2013,rel,f,45-54,5172,Relapse
Nigeria,2013,rel,f,55-64,2939,Relapse
Nigeria,2013,rel,f,65+,2434,Relapse
Niue,1999,sp,m,15-24,1,Smear Positive
Niue,2002,sp,f,0-14,0,Smear Positive
Niue,2002,sp,f,15-24,1,Smear Positive
Niue,2004,sp,m,0-14,0,Smear Positive
Niue,2004,sp,m,15-24,0,Smear Positive
Niue,2004,sp,m,25-34,0,Smear Positive
Niue,2004,sp,m,35-44,0,Smear Positive
Niue,2004,sp,m,45-54,0,Smear Positive
Niue,2004,sp,m,55-64,0,Smear Positive
Niue,2004,sp,m,65+,0,Smear Positive
Niue,2004,sp,f,0-14,0,Smear Positive
Niue,2004,sp,f,15-24,0,Smear Positive
Niue,2004,sp,f,25-34,0,Smear Positive
Niue,2004,sp,f,35-44,0,Smear Positive
Niue,2004,sp,f,45-54,0,Smear Positive
Niue,2004,sp,f,55-64,0,Smear Positive
Niue,2004,sp,f,65+,0,Smear Positive
Niue,2005,sp,m,0-14,0,Smear Positive
Niue,2005,sp,m,15-24,0,Smear Positive
Niue,2005,sp,m,25-34,0,Smear Positive
Niue,2005,sp,m,35-44,0,Smear Positive
Niue,2005,sp,m,45-54,0,Smear Positive
Niue,2005,sp,m,55-64,0,Smear Positive
Niue,2005,sp,m,65+,0,Smear Positive
Niue,2005,sp,f,0-14,0,Smear Positive
Niue,2005,sp,f,15-24,0,Smear Positive
Niue,2005,sp,f,25-34,0,Smear Positive
Niue,2005,sp,f,35-44,0,Smear Positive
Niue,2005,sp,f,45-54,0,Smear Positive
Niue,2005,sp,f,55-64,0,Smear Positive
Niue,2005,sp,f,65+,0,Smear Positive
Niue,2006,sp,m,0-14,0,Smear Positive
Niue,2006,sp,m,15-24,0,Smear Positive
Niue,2006,sp,m,25-34,0,Smear Positive
Niue,2006,sp,m,35-44,0,Smear Positive
Niue,2006,sp,m,45-54,0,Smear Positive
Niue,2006,sp,m,55-64,0,Smear Positive
Niue,2006,sp,m,65+,0,Smear Positive
Niue,2006,sp,f,0-14,0,Smear Positive
Niue,2006,sp,f,15-24,0,Smear Positive
Niue,2006,sp,f,25-34,0,Smear Positive
Niue,2006,sp,f,35-44,0,Smear Positive
Niue,2006,sp,f,45-54,0,Smear Positive
Niue,2006,sp,f,55-64,0,Smear Positive
Niue,2006,sp,f,65+,0,Smear Positive
Niue,2006,sn,m,0-14,0,Smear Negative
Niue,2006,sn,m,15-24,0,Smear Negative
Niue,2006,sn,m,25-34,0,Smear Negative
Niue,2006,sn,m,35-44,0,Smear Negative
Niue,2006,sn,m,45-54,0,Smear Negative
Niue,2006,sn,m,55-64,0,Smear Negative
Niue,2006,sn,m,65+,0,Smear Negative
Niue,2006,sn,f,0-14,0,Smear Negative
Niue,2006,sn,f,15-24,0,Smear Negative
Niue,2006,sn,f,25-34,0,Smear Negative
Niue,2006,sn,f,35-44,0,Smear Negative
Niue,2006,sn,f,45-54,0,Smear Negative
Niue,2006,sn,f,55-64,0,Smear Negative
Niue,2006,sn,f,65+,0,Smear Negative
Niue,2006,ep,m,0-14,0,Extrapulmonary
Niue,2006,ep,m,15-24,0,Extrapulmonary
Niue,2006,ep,m,25-34,0,Extrapulmonary
Niue,2006,ep,m,35-44,0,Extrapulmonary
Niue,2006,ep,m,45-54,0,Extrapulmonary
Niue,2006,ep,m,55-64,0,Extrapulmonary
Niue,2006,ep,m,65+,0,Extrapulmonary
Niue,2006,ep,f,0-14,0,Extrapulmonary
Niue,2006,ep,f,15-24,0,Extrapulmonary
Niue,2006,ep,f,25-34,0,Extrapulmonary
Niue,2006,ep,f,35-44,0,Extrapulmonary
Niue,2006,ep,f,45-54,0,Extrapulmonary
Niue,2006,ep,f,55-64,0,Extrapulmonary
Niue,2006,ep,f,65+,0,Extrapulmonary
Niue,2007,sp,m,0-14,0,Smear Positive
Niue,2007,sp,m,15-24,0,Smear Positive
Niue,2007,sp,m,25-34,0,Smear Positive
Niue,2007,sp,m,35-44,0,Smear Positive
Niue,2007,sp,m,45-54,0,Smear Positive
Niue,2007,sp,m,55-64,0,Smear Positive
Niue,2007,sp,m,65+,0,Smear Positive
Niue,2007,sp,f,0-14,0,Smear Positive
Niue,2007,sp,f,15-24,0,Smear Positive
Niue,2007,sp,f,25-34,0,Smear Positive
Niue,2007,sp,f,35-44,0,Smear Positive
Niue,2007,sp,f,45-54,0,Smear Positive
Niue,2007,sp,f,55-64,0,Smear Positive
Niue,2007,sp,f,65+,0,Smear Positive
Niue,2008,sp,m,0-14,0,Smear Positive
Niue,2008,sp,m,15-24,0,Smear Positive
Niue,2008,sp,m,25-34,0,Smear Positive
Niue,2008,sp,m,35-44,0,Smear Positive
Niue,2008,sp,m,45-54,0,Smear Positive
Niue,2008,sp,m,55-64,0,Smear Positive
Niue,2008,sp,m,65+,0,Smear Positive
Niue,2008,sp,f,0-14,0,Smear Positive
Niue,2008,sp,f,15-24,0,Smear Positive
Niue,2008,sp,f,25-34,0,Smear Positive
Niue,2008,sp,f,35-44,0,Smear Positive
Niue,2008,sp,f,45-54,0,Smear Positive
Niue,2008,sp,f,55-64,0,Smear Positive
Niue,2008,sp,f,65+,0,Smear Positive
Niue,2008,sn,m,0-14,0,Smear Negative
Niue,2008,sn,m,15-24,0,Smear Negative
Niue,2008,sn,m,25-34,0,Smear Negative
Niue,2008,sn,m,35-44,0,Smear Negative
Niue,2008,sn,m,45-54,0,Smear Negative
Niue,2008,sn,m,55-64,0,Smear Negative
Niue,2008,sn,m,65+,0,Smear Negative
Niue,2008,sn,f,0-14,0,Smear Negative
Niue,2008,sn,f,15-24,0,Smear Negative
Niue,2008,sn,f,25-34,0,Smear Negative
Niue,2008,sn,f,35-44,0,Smear Negative
Niue,2008,sn,f,45-54,0,Smear Negative
Niue,2008,sn,f,55-64,0,Smear Negative
Niue,2008,sn,f,65+,0,Smear Negative
Niue,2008,ep,m,0-14,0,Extrapulmonary
Niue,2008,ep,m,15-24,0,Extrapulmonary
Niue,2008,ep,m,25-34,0,Extrapulmonary
Niue,2008,ep,m,35-44,0,Extrapulmonary
Niue,2008,ep,m,45-54,0,Extrapulmonary
Niue,2008,ep,m,55-64,0,Extrapulmonary
Niue,2008,ep,m,65+,0,Extrapulmonary
Niue,2008,ep,f,0-14,0,Extrapulmonary
Niue,2008,ep,f,15-24,0,Extrapulmonary
Niue,2008,ep,f,25-34,0,Extrapulmonary
Niue,2008,ep,f,35-44,0,Extrapulmonary
Niue,2008,ep,f,45-54,0,Extrapulmonary
Niue,2008,ep,f,55-64,0,Extrapulmonary
Niue,2008,ep,f,65+,0,Extrapulmonary
Niue,2011,sn,m,25-34,1,Smear Negative
Niue,2012,sp,m,0-14,0,Smear Positive
Niue,2012,sp,m,15-24,0,Smear Positive
Niue,2012,sp,m,25-34,0,Smear Positive
Niue,2012,sp,m,35-44,0,Smear Positive
Niue,2012,sp,m,45-54,0,Smear Positive
Niue,2012,sp,m,55-64,0,Smear Positive
Niue,2012,sp,m,65+,0,Smear Positive
Niue,2012,sp,f,0-14,0,Smear Positive
Niue,2012,sp,f,15-24,0,Smear Positive
Niue,2012,sp,f,25-34,0,Smear Positive
Niue,2012,sp,f,35-44,0,Smear Positive
Niue,2012,sp,f,45-54,0,Smear Positive
Niue,2012,sp,f,55-64,0,Smear Positive
Niue,2012,sp,f,65+,0,Smear Positive
Niue,2012,sn,m,0-14,0,Smear Negative
Niue,2012,sn,m,15-24,0,Smear Negative
Niue,2012,sn,m,25-34,0,Smear Negative
Niue,2012,sn,m,35-44,0,Smear Negative
Niue,2012,sn,m,45-54,0,Smear Negative
Niue,2012,sn,m,55-64,0,Smear Negative
Niue,2012,sn,m,65+,0,Smear Negative
Niue,2012,sn,f,0-14,0,Smear Negative
Niue,2012,sn,f,15-24,0,Smear Negative
Niue,2012,sn,f,25-34,0,Smear Negative
Niue,2012,sn,f,35-44,0,Smear Negative
Niue,2012,sn,f,45-54,0,Smear Negative
Niue,2012,sn,f,55-64,0,Smear Negative
Niue,2012,sn,f,65+,0,Smear Negative
Niue,2012,ep,m,0-14,0,Extrapulmonary
Niue,2012,ep,m,15-24,0,Extrapulmonary
Niue,2012,ep,m,25-34,0,Extrapulmonary
Niue,2012,ep,m,35-44,0,Extrapulmonary
Niue,2012,ep,m,45-54,0,Extrapulmonary
Niue,2012,ep,m,55-64,0,Extrapulmonary
Niue,2012,ep,m,65+,0,Extrapulmonary
Niue,2012,ep,f,0-14,0,Extrapulmonary
Niue,2012,ep,f,15-24,0,Extrapulmonary
Niue,2012,ep,f,25-34,0,Extrapulmonary
Niue,2012,ep,f,35-44,0,Extrapulmonary
Niue,2012,ep,f,45-54,0,Extrapulmonary
Niue,2012,ep,f,55-64,0,Extrapulmonary
Niue,2012,ep,f,65+,0,Extrapulmonary
Northern Mariana Islands,1995,sp,m,0-14,1,Smear Positive
Northern Mariana Islands,1995,sp,m,15-24,1,Smear Positive
Northern Mariana Islands,1995,sp,m,25-34,3,Smear Positive
Northern Mariana Islands,1995,sp,m,35-44,5,Smear Positive
Northern Mariana Islands,1995,sp,m,45-54,10,Smear Positive
Northern Mariana Islands,1995,sp,m,55-64,3,Smear Positive
Northern Mariana Islands,1995,sp,m,65+,3,Smear Positive
Northern Mariana Islands,1995,sp,f,0-14,0,Smear Positive
Northern Mariana Islands,1995,sp,f,15-24,0,Smear Positive
Northern Mariana Islands,1995,sp,f,25-34,2,Smear Positive
Northern Mariana Islands,1995,sp,f,35-44,6,Smear Positive
Northern Mariana Islands,1995,sp,f,45-54,4,Smear Positive
Northern Mariana Islands,1995,sp,f,55-64,1,Smear Positive
Northern Mariana Islands,1995,sp,f,65+,1,Smear Positive
Northern Mariana Islands,1996,sp,m,0-14,0,Smear Positive
Northern Mariana Islands,1996,sp,m,15-24,2,Smear Positive
Northern Mariana Islands,1996,sp,m,25-34,8,Smear Positive
Northern Mariana Islands,1996,sp,m,35-44,5,Smear Positive
Northern Mariana Islands,1996,sp,m,45-54,3,Smear Positive
Northern Mariana Islands,1996,sp,m,55-64,1,Smear Positive
Northern Mariana Islands,1996,sp,m,65+,1,Smear Positive
Northern Mariana Islands,1996,sp,f,0-14,1,Smear Positive
Northern Mariana Islands,1996,sp,f,15-24,1,Smear Positive
Northern Mariana Islands,1996,sp,f,25-34,1,Smear Positive
Northern Mariana Islands,1996,sp,f,35-44,0,Smear Positive
Northern Mariana Islands,1996,sp,f,45-54,1,Smear Positive
Northern Mariana Islands,1996,sp,f,55-64,1,Smear Positive
Northern Mariana Islands,1996,sp,f,65+,1,Smear Positive
Northern Mariana Islands,1998,sp,m,0-14,0,Smear Positive
Northern Mariana Islands,1998,sp,m,15-24,0,Smear Positive
Northern Mariana Islands,1998,sp,m,25-34,6,Smear Positive
Northern Mariana Islands,1998,sp,m,35-44,3,Smear Positive
Northern Mariana Islands,1998,sp,m,45-54,5,Smear Positive
Northern Mariana Islands,1998,sp,m,55-64,2,Smear Positive
Northern Mariana Islands,1998,sp,m,65+,2,Smear Positive
Northern Mariana Islands,1998,sp,f,0-14,0,Smear Positive
Northern Mariana Islands,1998,sp,f,15-24,3,Smear Positive
Northern Mariana Islands,1998,sp,f,25-34,4,Smear Positive
Northern Mariana Islands,1998,sp,f,35-44,1,Smear Positive
Northern Mariana Islands,1998,sp,f,45-54,0,Smear Positive
Northern Mariana Islands,1998,sp,f,55-64,0,Smear Positive
Northern Mariana Islands,1998,sp,f,65+,0,Smear Positive
Northern Mariana Islands,2000,sp,m,0-14,1,Smear Positive
Northern Mariana Islands,2000,sp,m,15-24,4,Smear Positive
Northern Mariana Islands,2000,sp,m,25-34,8,Smear Positive
Northern Mariana Islands,2000,sp,m,35-44,9,Smear Positive
Northern Mariana Islands,2000,sp,m,45-54,9,Smear Positive
Northern Mariana Islands,2000,sp,m,55-64,3,Smear Positive
Northern Mariana Islands,2000,sp,m,65+,2,Smear Positive
Northern Mariana Islands,2000,sp,f,0-14,0,Smear Positive
Northern Mariana Islands,2000,sp,f,15-24,10,Smear Positive
Northern Mariana Islands,2000,sp,f,25-34,17,Smear Positive
Northern Mariana Islands,2000,sp,f,35-44,7,Smear Positive
Northern Mariana Islands,2000,sp,f,45-54,3,Smear Positive
Northern Mariana Islands,2000,sp,f,55-64,1,Smear Positive
Northern Mariana Islands,2000,sp,f,65+,1,Smear Positive
Northern Mariana Islands,2001,sp,m,0-14,0,Smear Positive
Northern Mariana Islands,2001,sp,m,15-24,1,Smear Positive
Northern Mariana Islands,2001,sp,m,25-34,3,Smear Positive
Northern Mariana Islands,2001,sp,m,35-44,0,Smear Positive
Northern Mariana Islands,2001,sp,m,45-54,4,Smear Positive
Northern Mariana Islands,2001,sp,m,55-64,2,Smear Positive
Northern Mariana Islands,2001,sp,m,65+,0,Smear Positive
Northern Mariana Islands,2001,sp,f,0-14,0,Smear Positive
Northern Mariana Islands,2001,sp,f,15-24,5,Smear Positive
Northern Mariana Islands,2001,sp,f,25-34,4,Smear Positive
Northern Mariana Islands,2001,sp,f,35-44,0,Smear Positive
Northern Mariana Islands,2001,sp,f,45-54,0,Smear Positive
Northern Mariana Islands,2001,sp,f,55-64,0,Smear Positive
Northern Mariana Islands,2001,sp,f,65+,0,Smear Positive
Northern Mariana Islands,2002,sp,m,0-14,1,Smear Positive
Northern Mariana Islands,2002,sp,m,15-24,2,Smear Positive
Northern Mariana Islands,2002,sp,m,25-34,3,Smear Positive
Northern Mariana Islands,2002,sp,m,35-44,7,Smear Positive
Northern Mariana Islands,2002,sp,m,45-54,10,Smear Positive
Northern Mariana Islands,2002,sp,m,55-64,5,Smear Positive
Northern Mariana Islands,2002,sp,m,65+,2,Smear Positive
Northern Mariana Islands,2002,sp,f,0-14,0,Smear Positive
Northern Mariana Islands,2002,sp,f,15-24,9,Smear Positive
Northern Mariana Islands,2002,sp,f,25-34,10,Smear Positive
Northern Mariana Islands,2002,sp,f,35-44,3,Smear Positive
Northern Mariana Islands,2002,sp,f,45-54,1,Smear Positive
Northern Mariana Islands,2002,sp,f,55-64,0,Smear Positive
Northern Mariana Islands,2002,sp,f,65+,0,Smear Positive
Northern Mariana Islands,2003,sp,m,0-14,0,Smear Positive
Northern Mariana Islands,2003,sp,m,15-24,2,Smear Positive
Northern Mariana Islands,2003,sp,m,25-34,2,Smear Positive
Northern Mariana Islands,2003,sp,m,35-44,2,Smear Positive
Northern Mariana Islands,2003,sp,m,45-54,1,Smear Positive
Northern Mariana Islands,2003,sp,m,55-64,0,Smear Positive
Northern Mariana Islands,2003,sp,m,65+,2,Smear Positive
Northern Mariana Islands,2003,sp,f,0-14,1,Smear Positive
Northern Mariana Islands,2003,sp,f,15-24,3,Smear Positive
Northern Mariana Islands,2003,sp,f,25-34,0,Smear Positive
Northern Mariana Islands,2003,sp,f,35-44,2,Smear Positive
Northern Mariana Islands,2003,sp,f,45-54,1,Smear Positive
Northern Mariana Islands,2003,sp,f,55-64,0,Smear Positive
Northern Mariana Islands,2003,sp,f,65+,0,Smear Positive
Northern Mariana Islands,2004,sp,m,0-14,0,Smear Positive
Northern Mariana Islands,2004,sp,m,15-24,0,Smear Positive
Northern Mariana Islands,2004,sp,m,25-34,2,Smear Positive
Northern Mariana Islands,2004,sp,m,35-44,2,Smear Positive
Northern Mariana Islands,2004,sp,m,45-54,4,Smear Positive
Northern Mariana Islands,2004,sp,m,55-64,1,Smear Positive
Northern Mariana Islands,2004,sp,m,65+,0,Smear Positive
Northern Mariana Islands,2004,sp,f,0-14,0,Smear Positive
Northern Mariana Islands,2004,sp,f,15-24,1,Smear Positive
Northern Mariana Islands,2004,sp,f,25-34,2,Smear Positive
Northern Mariana Islands,2004,sp,f,35-44,1,Smear Positive
Northern Mariana Islands,2004,sp,f,45-54,1,Smear Positive
Northern Mariana Islands,2004,sp,f,55-64,0,Smear Positive
Northern Mariana Islands,2004,sp,f,65+,0,Smear Positive
Northern Mariana Islands,2005,sp,m,0-14,0,Smear Positive
Northern Mariana Islands,2005,sp,m,15-24,0,Smear Positive
Northern Mariana Islands,2005,sp,m,25-34,1,Smear Positive
Northern Mariana Islands,2005,sp,m,35-44,3,Smear Positive
Northern Mariana Islands,2005,sp,m,45-54,4,Smear Positive
Northern Mariana Islands,2005,sp,m,55-64,1,Smear Positive
Northern Mariana Islands,2005,sp,m,65+,2,Smear Positive
Northern Mariana Islands,2005,sp,f,0-14,0,Smear Positive
Northern Mariana Islands,2005,sp,f,15-24,0,Smear Positive
Northern Mariana Islands,2005,sp,f,25-34,0,Smear Positive
Northern Mariana Islands,2005,sp,f,35-44,1,Smear Positive
Northern Mariana Islands,2005,sp,f,45-54,1,Smear Positive
Northern Mariana Islands,2005,sp,f,55-64,1,Smear Positive
Northern Mariana Islands,2005,sp,f,65+,1,Smear Positive
Northern Mariana Islands,2006,sp,m,0-14,0,Smear Positive
Northern Mariana Islands,2006,sp,m,15-24,0,Smear Positive
Northern Mariana Islands,2006,sp,m,25-34,2,Smear Positive
Northern Mariana Islands,2006,sp,m,35-44,3,Smear Positive
Northern Mariana Islands,2006,sp,m,45-54,1,Smear Positive
Northern Mariana Islands,2006,sp,m,55-64,0,Smear Positive
Northern Mariana Islands,2006,sp,m,65+,0,Smear Positive
Northern Mariana Islands,2006,sp,f,0-14,0,Smear Positive
Northern Mariana Islands,2006,sp,f,15-24,2,Smear Positive
Northern Mariana Islands,2006,sp,f,25-34,2,Smear Positive
Northern Mariana Islands,2006,sp,f,35-44,3,Smear Positive
Northern Mariana Islands,2006,sp,f,45-54,1,Smear Positive
Northern Mariana Islands,2006,sp,f,55-64,0,Smear Positive
Northern Mariana Islands,2006,sp,f,65+,1,Smear Positive
Northern Mariana Islands,2006,sn,m,0-14,1,Smear Negative
Northern Mariana Islands,2006,sn,m,15-24,0,Smear Negative
Northern Mariana Islands,2006,sn,m,25-34,1,Smear Negative
Northern Mariana Islands,2006,sn,m,35-44,7,Smear Negative
Northern Mariana Islands,2006,sn,m,45-54,5,Smear Negative
Northern Mariana Islands,2006,sn,m,55-64,2,Smear Negative
Northern Mariana Islands,2006,sn,m,65+,1,Smear Negative
Northern Mariana Islands,2006,sn,f,0-14,0,Smear Negative
Northern Mariana Islands,2006,sn,f,15-24,6,Smear Negative
Northern Mariana Islands,2006,sn,f,25-34,4,Smear Negative
Northern Mariana Islands,2006,sn,f,35-44,1,Smear Negative
Northern Mariana Islands,2006,sn,f,45-54,1,Smear Negative
Northern Mariana Islands,2006,sn,f,55-64,3,Smear Negative
Northern Mariana Islands,2006,sn,f,65+,0,Smear Negative
Northern Mariana Islands,2006,ep,m,0-14,0,Extrapulmonary
Northern Mariana Islands,2006,ep,m,15-24,0,Extrapulmonary
Northern Mariana Islands,2006,ep,m,25-34,0,Extrapulmonary
Northern Mariana Islands,2006,ep,m,35-44,0,Extrapulmonary
Northern Mariana Islands,2006,ep,m,45-54,1,Extrapulmonary
Northern Mariana Islands,2006,ep,m,55-64,0,Extrapulmonary
Northern Mariana Islands,2006,ep,m,65+,1,Extrapulmonary
Northern Mariana Islands,2006,ep,f,0-14,0,Extrapulmonary
Northern Mariana Islands,2006,ep,f,15-24,0,Extrapulmonary
Northern Mariana Islands,2006,ep,f,25-34,0,Extrapulmonary
Northern Mariana Islands,2006,ep,f,35-44,2,Extrapulmonary
Northern Mariana Islands,2006,ep,f,45-54,0,Extrapulmonary
Northern Mariana Islands,2006,ep,f,55-64,0,Extrapulmonary
Northern Mariana Islands,2006,ep,f,65+,0,Extrapulmonary
Northern Mariana Islands,2007,sp,m,0-14,0,Smear Positive
Northern Mariana Islands,2007,sp,m,15-24,0,Smear Positive
Northern Mariana Islands,2007,sp,m,25-34,0,Smear Positive
Northern Mariana Islands,2007,sp,m,35-44,3,Smear Positive
Northern Mariana Islands,2007,sp,m,45-54,4,Smear Positive
Northern Mariana Islands,2007,sp,m,55-64,0,Smear Positive
Northern Mariana Islands,2007,sp,m,65+,2,Smear Positive
Northern Mariana Islands,2007,sp,f,0-14,0,Smear Positive
Northern Mariana Islands,2007,sp,f,15-24,0,Smear Positive
Northern Mariana Islands,2007,sp,f,25-34,2,Smear Positive
Northern Mariana Islands,2007,sp,f,35-44,1,Smear Positive
Northern Mariana Islands,2007,sp,f,45-54,1,Smear Positive
Northern Mariana Islands,2007,sp,f,55-64,1,Smear Positive
Northern Mariana Islands,2007,sp,f,65+,2,Smear Positive
Northern Mariana Islands,2007,sn,m,0-14,1,Smear Negative
Northern Mariana Islands,2007,sn,m,15-24,1,Smear Negative
Northern Mariana Islands,2007,sn,m,25-34,3,Smear Negative
Northern Mariana Islands,2007,sn,m,35-44,8,Smear Negative
Northern Mariana Islands,2007,sn,m,45-54,0,Smear Negative
Northern Mariana Islands,2007,sn,m,55-64,4,Smear Negative
Northern Mariana Islands,2007,sn,m,65+,0,Smear Negative
Northern Mariana Islands,2007,sn,f,0-14,0,Smear Negative
Northern Mariana Islands,2007,sn,f,15-24,1,Smear Negative
Northern Mariana Islands,2007,sn,f,25-34,3,Smear Negative
Northern Mariana Islands,2007,sn,f,35-44,4,Smear Negative
Northern Mariana Islands,2007,sn,f,45-54,2,Smear Negative
Northern Mariana Islands,2007,sn,f,55-64,1,Smear Negative
Northern Mariana Islands,2007,sn,f,65+,0,Smear Negative
Northern Mariana Islands,2007,ep,m,0-14,0,Extrapulmonary
Northern Mariana Islands,2007,ep,m,15-24,0,Extrapulmonary
Northern Mariana Islands,2007,ep,m,25-34,0,Extrapulmonary
Northern Mariana Islands,2007,ep,m,35-44,0,Extrapulmonary
Northern Mariana Islands,2007,ep,m,45-54,1,Extrapulmonary
Northern Mariana Islands,2007,ep,m,55-64,0,Extrapulmonary
Northern Mariana Islands,2007,ep,m,65+,0,Extrapulmonary
Northern Mariana Islands,2007,ep,f,0-14,0,Extrapulmonary
Northern Mariana Islands,2007,ep,f,15-24,0,Extrapulmonary
Northern Mariana Islands,2007,ep,f,25-34,0,Extrapulmonary
Northern Mariana Islands,2007,ep,f,35-44,0,Extrapulmonary
Northern Mariana Islands,2007,ep,f,45-54,0,Extrapulmonary
Northern Mariana Islands,2007,ep,f,55-64,1,Extrapulmonary
Northern Mariana Islands,2007,ep,f,65+,0,Extrapulmonary
Northern Mariana Islands,2008,sp,m,0-14,0,Smear Positive
Northern Mariana Islands,2008,sp,m,15-24,1,Smear Positive
Northern Mariana Islands,2008,sp,m,25-34,0,Smear Positive
Northern Mariana Islands,2008,sp,m,35-44,1,Smear Positive
Northern Mariana Islands,2008,sp,m,45-54,5,Smear Positive
Northern Mariana Islands,2008,sp,m,55-64,0,Smear Positive
Northern Mariana Islands,2008,sp,m,65+,3,Smear Positive
Northern Mariana Islands,2008,sp,f,0-14,0,Smear Positive
Northern Mariana Islands,2008,sp,f,15-24,0,Smear Positive
Northern Mariana Islands,2008,sp,f,25-34,0,Smear Positive
Northern Mariana Islands,2008,sp,f,35-44,2,Smear Positive
Northern Mariana Islands,2008,sp,f,45-54,0,Smear Positive
Northern Mariana Islands,2008,sp,f,55-64,1,Smear Positive
Northern Mariana Islands,2008,sp,f,65+,0,Smear Positive
Northern Mariana Islands,2008,sn,m,0-14,0,Smear Negative
Northern Mariana Islands,2008,sn,m,15-24,0,Smear Negative
Northern Mariana Islands,2008,sn,m,25-34,0,Smear Negative
Northern Mariana Islands,2008,sn,m,35-44,5,Smear Negative
Northern Mariana Islands,2008,sn,m,45-54,2,Smear Negative
Northern Mariana Islands,2008,sn,m,55-64,1,Smear Negative
Northern Mariana Islands,2008,sn,m,65+,0,Smear Negative
Northern Mariana Islands,2008,sn,f,0-14,0,Smear Negative
Northern Mariana Islands,2008,sn,f,15-24,1,Smear Negative
Northern Mariana Islands,2008,sn,f,25-34,1,Smear Negative
Northern Mariana Islands,2008,sn,f,35-44,0,Smear Negative
Northern Mariana Islands,2008,sn,f,45-54,1,Smear Negative
Northern Mariana Islands,2008,sn,f,55-64,1,Smear Negative
Northern Mariana Islands,2008,sn,f,65+,0,Smear Negative
Northern Mariana Islands,2008,ep,m,0-14,0,Extrapulmonary
Northern Mariana Islands,2008,ep,m,15-24,0,Extrapulmonary
Northern Mariana Islands,2008,ep,m,25-34,0,Extrapulmonary
Northern Mariana Islands,2008,ep,m,35-44,0,Extrapulmonary
Northern Mariana Islands,2008,ep,m,45-54,2,Extrapulmonary
Northern Mariana Islands,2008,ep,m,55-64,0,Extrapulmonary
Northern Mariana Islands,2008,ep,m,65+,0,Extrapulmonary
Northern Mariana Islands,2008,ep,f,0-14,0,Extrapulmonary
Northern Mariana Islands,2008,ep,f,15-24,0,Extrapulmonary
Northern Mariana Islands,2008,ep,f,25-34,0,Extrapulmonary
Northern Mariana Islands,2008,ep,f,35-44,1,Extrapulmonary
Northern Mariana Islands,2008,ep,f,45-54,0,Extrapulmonary
Northern Mariana Islands,2008,ep,f,55-64,0,Extrapulmonary
Northern Mariana Islands,2008,ep,f,65+,0,Extrapulmonary
Northern Mariana Islands,2009,sp,m,0-14,0,Smear Positive
Northern Mariana Islands,2009,sp,m,15-24,0,Smear Positive
Northern Mariana Islands,2009,sp,m,25-34,1,Smear Positive
Northern Mariana Islands,2009,sp,m,35-44,4,Smear Positive
Northern Mariana Islands,2009,sp,m,45-54,4,Smear Positive
Northern Mariana Islands,2009,sp,m,55-64,3,Smear Positive
Northern Mariana Islands,2009,sp,m,65+,1,Smear Positive
Northern Mariana Islands,2009,sp,f,0-14,0,Smear Positive
Northern Mariana Islands,2009,sp,f,15-24,1,Smear Positive
Northern Mariana Islands,2009,sp,f,25-34,0,Smear Positive
Northern Mariana Islands,2009,sp,f,35-44,0,Smear Positive
Northern Mariana Islands,2009,sp,f,45-54,1,Smear Positive
Northern Mariana Islands,2009,sp,f,55-64,1,Smear Positive
Northern Mariana Islands,2009,sp,f,65+,0,Smear Positive
Northern Mariana Islands,2009,sn,m,0-14,0,Smear Negative
Northern Mariana Islands,2009,sn,m,15-24,0,Smear Negative
Northern Mariana Islands,2009,sn,m,25-34,1,Smear Negative
Northern Mariana Islands,2009,sn,m,35-44,1,Smear Negative
Northern Mariana Islands,2009,sn,m,45-54,2,Smear Negative
Northern Mariana Islands,2009,sn,m,55-64,5,Smear Negative
Northern Mariana Islands,2009,sn,m,65+,0,Smear Negative
Northern Mariana Islands,2009,sn,f,0-14,0,Smear Negative
Northern Mariana Islands,2009,sn,f,15-24,2,Smear Negative
Northern Mariana Islands,2009,sn,f,25-34,1,Smear Negative
Northern Mariana Islands,2009,sn,f,35-44,1,Smear Negative
Northern Mariana Islands,2009,sn,f,45-54,3,Smear Negative
Northern Mariana Islands,2009,sn,f,55-64,0,Smear Negative
Northern Mariana Islands,2009,sn,f,65+,0,Smear Negative
Northern Mariana Islands,2009,ep,m,0-14,0,Extrapulmonary
Northern Mariana Islands,2009,ep,m,15-24,0,Extrapulmonary
Northern Mariana Islands,2009,ep,m,25-34,0,Extrapulmonary
Northern Mariana Islands,2009,ep,m,35-44,1,Extrapulmonary
Northern Mariana Islands,2009,ep,m,45-54,1,Extrapulmonary
Northern Mariana Islands,2009,ep,m,55-64,0,Extrapulmonary
Northern Mariana Islands,2009,ep,m,65+,0,Extrapulmonary
Northern Mariana Islands,2009,ep,f,0-14,0,Extrapulmonary
Northern Mariana Islands,2009,ep,f,15-24,0,Extrapulmonary
Northern Mariana Islands,2009,ep,f,25-34,0,Extrapulmonary
Northern Mariana Islands,2009,ep,f,35-44,0,Extrapulmonary
Northern Mariana Islands,2009,ep,f,45-54,4,Extrapulmonary
Northern Mariana Islands,2009,ep,f,55-64,0,Extrapulmonary
Northern Mariana Islands,2009,ep,f,65+,0,Extrapulmonary
Northern Mariana Islands,2010,sp,m,0-14,0,Smear Positive
Northern Mariana Islands,2010,sp,m,15-24,2,Smear Positive
Northern Mariana Islands,2010,sp,m,25-34,0,Smear Positive
Northern Mariana Islands,2010,sp,m,35-44,0,Smear Positive
Northern Mariana Islands,2010,sp,m,45-54,3,Smear Positive
Northern Mariana Islands,2010,sp,m,55-64,3,Smear Positive
Northern Mariana Islands,2010,sp,m,65+,0,Smear Positive
Northern Mariana Islands,2010,sp,f,0-14,0,Smear Positive
Northern Mariana Islands,2010,sp,f,15-24,2,Smear Positive
Northern Mariana Islands,2010,sp,f,25-34,0,Smear Positive
Northern Mariana Islands,2010,sp,f,35-44,1,Smear Positive
Northern Mariana Islands,2010,sp,f,45-54,3,Smear Positive
Northern Mariana Islands,2010,sp,f,55-64,2,Smear Positive
Northern Mariana Islands,2010,sp,f,65+,1,Smear Positive
Northern Mariana Islands,2010,sn,m,0-14,0,Smear Negative
Northern Mariana Islands,2010,sn,m,15-24,1,Smear Negative
Northern Mariana Islands,2010,sn,m,25-34,1,Smear Negative
Northern Mariana Islands,2010,sn,m,35-44,1,Smear Negative
Northern Mariana Islands,2010,sn,m,45-54,2,Smear Negative
Northern Mariana Islands,2010,sn,m,55-64,2,Smear Negative
Northern Mariana Islands,2010,sn,m,65+,2,Smear Negative
Northern Mariana Islands,2010,sn,f,0-14,0,Smear Negative
Northern Mariana Islands,2010,sn,f,15-24,0,Smear Negative
Northern Mariana Islands,2010,sn,f,25-34,2,Smear Negative
Northern Mariana Islands,2010,sn,f,35-44,1,Smear Negative
Northern Mariana Islands,2010,sn,f,45-54,0,Smear Negative
Northern Mariana Islands,2010,sn,f,55-64,0,Smear Negative
Northern Mariana Islands,2010,sn,f,65+,1,Smear Negative
Northern Mariana Islands,2010,ep,m,0-14,0,Extrapulmonary
Northern Mariana Islands,2010,ep,m,15-24,0,Extrapulmonary
Northern Mariana Islands,2010,ep,m,25-34,0,Extrapulmonary
Northern Mariana Islands,2010,ep,m,35-44,1,Extrapulmonary
Northern Mariana Islands,2010,ep,m,45-54,0,Extrapulmonary
Northern Mariana Islands,2010,ep,m,55-64,0,Extrapulmonary
Northern Mariana Islands,2010,ep,m,65+,1,Extrapulmonary
Northern Mariana Islands,2010,ep,f,0-14,0,Extrapulmonary
Northern Mariana Islands,2010,ep,f,15-24,0,Extrapulmonary
Northern Mariana Islands,2010,ep,f,25-34,0,Extrapulmonary
Northern Mariana Islands,2010,ep,f,35-44,0,Extrapulmonary
Northern Mariana Islands,2010,ep,f,45-54,0,Extrapulmonary
Northern Mariana Islands,2010,ep,f,55-64,0,Extrapulmonary
Northern Mariana Islands,2010,ep,f,65+,0,Extrapulmonary
Northern Mariana Islands,2011,sp,m,0-14,0,Smear Positive
Northern Mariana Islands,2011,sp,m,15-24,0,Smear Positive
Northern Mariana Islands,2011,sp,m,25-34,0,Smear Positive
Northern Mariana Islands,2011,sp,m,35-44,0,Smear Positive
Northern Mariana Islands,2011,sp,m,45-54,1,Smear Positive
Northern Mariana Islands,2011,sp,m,55-64,5,Smear Positive
Northern Mariana Islands,2011,sp,m,65+,3,Smear Positive
Northern Mariana Islands,2011,sp,f,0-14,0,Smear Positive
Northern Mariana Islands,2011,sp,f,15-24,0,Smear Positive
Northern Mariana Islands,2011,sp,f,25-34,1,Smear Positive
Northern Mariana Islands,2011,sp,f,35-44,0,Smear Positive
Northern Mariana Islands,2011,sp,f,45-54,2,Smear Positive
Northern Mariana Islands,2011,sp,f,55-64,3,Smear Positive
Northern Mariana Islands,2011,sp,f,65+,0,Smear Positive
Northern Mariana Islands,2011,sn,m,0-14,0,Smear Negative
Northern Mariana Islands,2011,sn,m,15-24,0,Smear Negative
Northern Mariana Islands,2011,sn,m,25-34,0,Smear Negative
Northern Mariana Islands,2011,sn,m,35-44,2,Smear Negative
Northern Mariana Islands,2011,sn,m,45-54,3,Smear Negative
Northern Mariana Islands,2011,sn,m,55-64,6,Smear Negative
Northern Mariana Islands,2011,sn,m,65+,0,Smear Negative
Northern Mariana Islands,2011,sn,f,0-14,0,Smear Negative
Northern Mariana Islands,2011,sn,f,15-24,1,Smear Negative
Northern Mariana Islands,2011,sn,f,25-34,0,Smear Negative
Northern Mariana Islands,2011,sn,f,35-44,1,Smear Negative
Northern Mariana Islands,2011,sn,f,45-54,2,Smear Negative
Northern Mariana Islands,2011,sn,f,55-64,1,Smear Negative
Northern Mariana Islands,2011,sn,f,65+,0,Smear Negative
Northern Mariana Islands,2011,ep,m,0-14,0,Extrapulmonary
Northern Mariana Islands,2011,ep,m,15-24,0,Extrapulmonary
Northern Mariana Islands,2011,ep,m,25-34,0,Extrapulmonary
Northern Mariana Islands,2011,ep,m,35-44,0,Extrapulmonary
Northern Mariana Islands,2011,ep,m,45-54,0,Extrapulmonary
Northern Mariana Islands,2011,ep,m,55-64,0,Extrapulmonary
Northern Mariana Islands,2011,ep,m,65+,0,Extrapulmonary
Northern Mariana Islands,2011,ep,f,0-14,0,Extrapulmonary
Northern Mariana Islands,2011,ep,f,15-24,1,Extrapulmonary
Northern Mariana Islands,2011,ep,f,25-34,1,Extrapulmonary
Northern Mariana Islands,2011,ep,f,35-44,0,Extrapulmonary
Northern Mariana Islands,2011,ep,f,45-54,0,Extrapulmonary
Northern Mariana Islands,2011,ep,f,55-64,0,Extrapulmonary
Northern Mariana Islands,2011,ep,f,65+,0,Extrapulmonary
Northern Mariana Islands,2012,sp,m,0-14,0,Smear Positive
Northern Mariana Islands,2012,sp,m,15-24,0,Smear Positive
Northern Mariana Islands,2012,sp,m,25-34,0,Smear Positive
Northern Mariana Islands,2012,sp,m,35-44,3,Smear Positive
Northern Mariana Islands,2012,sp,m,45-54,1,Smear Positive
Northern Mariana Islands,2012,sp,m,55-64,1,Smear Positive
Northern Mariana Islands,2012,sp,m,65+,0,Smear Positive
Northern Mariana Islands,2012,sp,f,0-14,0,Smear Positive
Northern Mariana Islands,2012,sp,f,15-24,0,Smear Positive
Northern Mariana Islands,2012,sp,f,25-34,3,Smear Positive
Northern Mariana Islands,2012,sp,f,35-44,1,Smear Positive
Northern Mariana Islands,2012,sp,f,45-54,0,Smear Positive
Northern Mariana Islands,2012,sp,f,55-64,0,Smear Positive
Northern Mariana Islands,2012,sp,f,65+,0,Smear Positive
Northern Mariana Islands,2012,sn,m,0-14,0,Smear Negative
Northern Mariana Islands,2012,sn,m,15-24,1,Smear Negative
Northern Mariana Islands,2012,sn,m,25-34,1,Smear Negative
Northern Mariana Islands,2012,sn,m,35-44,6,Smear Negative
Northern Mariana Islands,2012,sn,m,45-54,3,Smear Negative
Northern Mariana Islands,2012,sn,m,55-64,2,Smear Negative
Northern Mariana Islands,2012,sn,m,65+,2,Smear Negative
Northern Mariana Islands,2012,sn,f,0-14,0,Smear Negative
Northern Mariana Islands,2012,sn,f,15-24,0,Smear Negative
Northern Mariana Islands,2012,sn,f,25-34,4,Smear Negative
Northern Mariana Islands,2012,sn,f,35-44,3,Smear Negative
Northern Mariana Islands,2012,sn,f,45-54,1,Smear Negative
Northern Mariana Islands,2012,sn,f,55-64,0,Smear Negative
Northern Mariana Islands,2012,sn,f,65+,1,Smear Negative
Northern Mariana Islands,2012,ep,m,0-14,0,Extrapulmonary
Northern Mariana Islands,2012,ep,m,15-24,0,Extrapulmonary
Northern Mariana Islands,2012,ep,m,25-34,0,Extrapulmonary
Northern Mariana Islands,2012,ep,m,35-44,0,Extrapulmonary
Northern Mariana Islands,2012,ep,m,45-54,1,Extrapulmonary
Northern Mariana Islands,2012,ep,m,55-64,2,Extrapulmonary
Northern Mariana Islands,2012,ep,m,65+,0,Extrapulmonary
Northern Mariana Islands,2012,ep,f,0-14,0,Extrapulmonary
Northern Mariana Islands,2012,ep,f,15-24,0,Extrapulmonary
Northern Mariana Islands,2012,ep,f,25-34,0,Extrapulmonary
Northern Mariana Islands,2012,ep,f,35-44,0,Extrapulmonary
Northern Mariana Islands,2012,ep,f,45-54,0,Extrapulmonary
Northern Mariana Islands,2012,ep,f,55-64,0,Extrapulmonary
Northern Mariana Islands,2012,ep,f,65+,0,Extrapulmonary
Northern Mariana Islands,2013,rel,m,0-14,0,Relapse
Northern Mariana Islands,2013,rel,m,15-24,2,Relapse
Northern Mariana Islands,2013,rel,m,25-34,2,Relapse
Northern Mariana Islands,2013,rel,m,35-44,1,Relapse
Northern Mariana Islands,2013,rel,m,45-54,3,Relapse
Northern Mariana Islands,2013,rel,m,55-64,5,Relapse
Northern Mariana Islands,2013,rel,m,65+,2,Relapse
Northern Mariana Islands,2013,rel,f,0-14,0,Relapse
Northern Mariana Islands,2013,rel,f,15-24,1,Relapse
Northern Mariana Islands,2013,rel,f,25-34,4,Relapse
Northern Mariana Islands,2013,rel,f,35-44,2,Relapse
Northern Mariana Islands,2013,rel,f,45-54,6,Relapse
Northern Mariana Islands,2013,rel,f,55-64,4,Relapse
Northern Mariana Islands,2013,rel,f,65+,1,Relapse
Norway,1995,sp,m,0-14,0,Smear Positive
Norway,1995,sp,m,15-24,4,Smear Positive
Norway,1995,sp,m,25-34,8,Smear Positive
Norway,1995,sp,m,35-44,6,Smear Positive
Norway,1995,sp,m,45-54,3,Smear Positive
Norway,1995,sp,m,55-64,5,Smear Positive
Norway,1995,sp,m,65+,12,Smear Positive
Norway,1995,sp,f,0-14,0,Smear Positive
Norway,1995,sp,f,15-24,4,Smear Positive
Norway,1995,sp,f,25-34,7,Smear Positive
Norway,1995,sp,f,35-44,2,Smear Positive
Norway,1995,sp,f,45-54,0,Smear Positive
Norway,1995,sp,f,55-64,3,Smear Positive
Norway,1995,sp,f,65+,8,Smear Positive
Norway,1996,sp,m,0-14,3,Smear Positive
Norway,1996,sp,m,15-24,8,Smear Positive
Norway,1996,sp,m,25-34,7,Smear Positive
Norway,1996,sp,m,35-44,14,Smear Positive
Norway,1996,sp,m,45-54,6,Smear Positive
Norway,1996,sp,m,55-64,2,Smear Positive
Norway,1996,sp,m,65+,24,Smear Positive
Norway,1996,sp,f,0-14,1,Smear Positive
Norway,1996,sp,f,15-24,4,Smear Positive
Norway,1996,sp,f,25-34,10,Smear Positive
Norway,1996,sp,f,35-44,5,Smear Positive
Norway,1996,sp,f,45-54,2,Smear Positive
Norway,1996,sp,f,55-64,0,Smear Positive
Norway,1996,sp,f,65+,17,Smear Positive
Norway,1997,sp,m,0-14,3,Smear Positive
Norway,1997,sp,m,15-24,6,Smear Positive
Norway,1997,sp,m,25-34,10,Smear Positive
Norway,1997,sp,m,35-44,7,Smear Positive
Norway,1997,sp,m,45-54,6,Smear Positive
Norway,1997,sp,m,55-64,2,Smear Positive
Norway,1997,sp,m,65+,27,Smear Positive
Norway,1997,sp,f,0-14,0,Smear Positive
Norway,1997,sp,f,15-24,3,Smear Positive
Norway,1997,sp,f,25-34,4,Smear Positive
Norway,1997,sp,f,35-44,8,Smear Positive
Norway,1997,sp,f,45-54,4,Smear Positive
Norway,1997,sp,f,55-64,2,Smear Positive
Norway,1997,sp,f,65+,18,Smear Positive
Norway,1998,sp,m,0-14,0,Smear Positive
Norway,1998,sp,m,15-24,1,Smear Positive
Norway,1998,sp,m,25-34,4,Smear Positive
Norway,1998,sp,m,35-44,3,Smear Positive
Norway,1998,sp,m,45-54,1,Smear Positive
Norway,1998,sp,m,55-64,2,Smear Positive
Norway,1998,sp,m,65+,17,Smear Positive
Norway,1998,sp,f,0-14,0,Smear Positive
Norway,1998,sp,f,15-24,8,Smear Positive
Norway,1998,sp,f,25-34,2,Smear Positive
Norway,1998,sp,f,35-44,3,Smear Positive
Norway,1998,sp,f,45-54,1,Smear Positive
Norway,1998,sp,f,55-64,2,Smear Positive
Norway,1998,sp,f,65+,5,Smear Positive
Norway,1999,sp,m,0-14,0,Smear Positive
Norway,1999,sp,m,15-24,2,Smear Positive
Norway,1999,sp,m,25-34,5,Smear Positive
Norway,1999,sp,m,35-44,3,Smear Positive
Norway,1999,sp,m,45-54,2,Smear Positive
Norway,1999,sp,m,55-64,1,Smear Positive
Norway,1999,sp,m,65+,1,Smear Positive
Norway,1999,sp,f,0-14,0,Smear Positive
Norway,1999,sp,f,15-24,3,Smear Positive
Norway,1999,sp,f,25-34,2,Smear Positive
Norway,1999,sp,f,35-44,2,Smear Positive
Norway,1999,sp,f,45-54,0,Smear Positive
Norway,1999,sp,f,55-64,0,Smear Positive
Norway,1999,sp,f,65+,0,Smear Positive
Norway,2000,sp,m,0-14,0,Smear Positive
Norway,2000,sp,m,15-24,1,Smear Positive
Norway,2000,sp,m,25-34,9,Smear Positive
Norway,2000,sp,m,35-44,3,Smear Positive
Norway,2000,sp,m,45-54,6,Smear Positive
Norway,2000,sp,m,55-64,2,Smear Positive
Norway,2000,sp,m,65+,4,Smear Positive
Norway,2000,sp,f,0-14,1,Smear Positive
Norway,2000,sp,f,15-24,3,Smear Positive
Norway,2000,sp,f,25-34,1,Smear Positive
Norway,2000,sp,f,55-64,2,Smear Positive
Norway,2000,sp,f,65+,5,Smear Positive
Norway,2001,sp,m,0-14,0,Smear Positive
Norway,2001,sp,m,15-24,6,Smear Positive
Norway,2001,sp,m,25-34,8,Smear Positive
Norway,2001,sp,m,35-44,8,Smear Positive
Norway,2001,sp,m,45-54,4,Smear Positive
Norway,2001,sp,m,55-64,1,Smear Positive
Norway,2001,sp,m,65+,8,Smear Positive
Norway,2001,sp,f,0-14,1,Smear Positive
Norway,2001,sp,f,15-24,6,Smear Positive
Norway,2001,sp,f,25-34,9,Smear Positive
Norway,2001,sp,f,35-44,1,Smear Positive
Norway,2001,sp,f,45-54,1,Smear Positive
Norway,2001,sp,f,55-64,2,Smear Positive
Norway,2001,sp,f,65+,4,Smear Positive
Norway,2002,sp,m,0-14,0,Smear Positive
Norway,2002,sp,m,15-24,4,Smear Positive
Norway,2002,sp,m,25-34,4,Smear Positive
Norway,2002,sp,m,35-44,4,Smear Positive
Norway,2002,sp,m,45-54,2,Smear Positive
Norway,2002,sp,m,55-64,0,Smear Positive
Norway,2002,sp,m,65+,4,Smear Positive
Norway,2002,sp,f,0-14,0,Smear Positive
Norway,2002,sp,f,15-24,3,Smear Positive
Norway,2002,sp,f,25-34,5,Smear Positive
Norway,2002,sp,f,35-44,1,Smear Positive
Norway,2002,sp,f,45-54,2,Smear Positive
Norway,2002,sp,f,55-64,0,Smear Positive
Norway,2002,sp,f,65+,2,Smear Positive
Norway,2003,sp,m,0-14,0,Smear Positive
Norway,2003,sp,m,15-24,3,Smear Positive
Norway,2003,sp,m,25-34,3,Smear Positive
Norway,2003,sp,m,35-44,4,Smear Positive
Norway,2003,sp,m,45-54,4,Smear Positive
Norway,2003,sp,m,55-64,2,Smear Positive
Norway,2003,sp,m,65+,2,Smear Positive
Norway,2003,sp,f,0-14,0,Smear Positive
Norway,2003,sp,f,15-24,4,Smear Positive
Norway,2003,sp,f,25-34,9,Smear Positive
Norway,2003,sp,f,35-44,4,Smear Positive
Norway,2003,sp,f,45-54,2,Smear Positive
Norway,2003,sp,f,55-64,0,Smear Positive
Norway,2003,sp,f,65+,1,Smear Positive
Norway,2004,sp,m,0-14,1,Smear Positive
Norway,2004,sp,m,15-24,5,Smear Positive
Norway,2004,sp,m,25-34,6,Smear Positive
Norway,2004,sp,m,35-44,6,Smear Positive
Norway,2004,sp,m,45-54,1,Smear Positive
Norway,2004,sp,m,55-64,1,Smear Positive
Norway,2004,sp,m,65+,2,Smear Positive
Norway,2004,sp,f,0-14,0,Smear Positive
Norway,2004,sp,f,15-24,3,Smear Positive
Norway,2004,sp,f,25-34,8,Smear Positive
Norway,2004,sp,f,35-44,4,Smear Positive
Norway,2004,sp,f,45-54,2,Smear Positive
Norway,2004,sp,f,55-64,1,Smear Positive
Norway,2004,sp,f,65+,6,Smear Positive
Norway,2005,sp,m,0-14,0,Smear Positive
Norway,2005,sp,m,15-24,9,Smear Positive
Norway,2005,sp,m,25-34,4,Smear Positive
Norway,2005,sp,m,35-44,6,Smear Positive
Norway,2005,sp,m,45-54,4,Smear Positive
Norway,2005,sp,m,55-64,4,Smear Positive
Norway,2005,sp,m,65+,3,Smear Positive
Norway,2005,sp,f,0-14,0,Smear Positive
Norway,2005,sp,f,15-24,4,Smear Positive
Norway,2005,sp,f,25-34,7,Smear Positive
Norway,2005,sp,f,35-44,2,Smear Positive
Norway,2005,sp,f,45-54,1,Smear Positive
Norway,2005,sp,f,55-64,0,Smear Positive
Norway,2005,sp,f,65+,3,Smear Positive
Norway,2006,sp,m,0-14,0,Smear Positive
Norway,2006,sp,m,15-24,5,Smear Positive
Norway,2006,sp,m,25-34,10,Smear Positive
Norway,2006,sp,m,35-44,5,Smear Positive
Norway,2006,sp,m,45-54,3,Smear Positive
Norway,2006,sp,m,55-64,3,Smear Positive
Norway,2006,sp,m,65+,1,Smear Positive
Norway,2006,sp,f,0-14,1,Smear Positive
Norway,2006,sp,f,15-24,5,Smear Positive
Norway,2006,sp,f,25-34,5,Smear Positive
Norway,2006,sp,f,35-44,2,Smear Positive
Norway,2006,sp,f,45-54,2,Smear Positive
Norway,2006,sp,f,55-64,1,Smear Positive
Norway,2006,sp,f,65+,3,Smear Positive
Norway,2006,sn,m,0-14,6,Smear Negative
Norway,2006,sn,m,15-24,11,Smear Negative
Norway,2006,sn,m,25-34,10,Smear Negative
Norway,2006,sn,m,35-44,9,Smear Negative
Norway,2006,sn,m,45-54,7,Smear Negative
Norway,2006,sn,m,55-64,6,Smear Negative
Norway,2006,sn,m,65+,14,Smear Negative
Norway,2006,sn,f,0-14,8,Smear Negative
Norway,2006,sn,f,15-24,12,Smear Negative
Norway,2006,sn,f,25-34,24,Smear Negative
Norway,2006,sn,f,35-44,8,Smear Negative
Norway,2006,sn,f,45-54,4,Smear Negative
Norway,2006,sn,f,55-64,5,Smear Negative
Norway,2006,sn,f,65+,7,Smear Negative
Norway,2006,ep,m,0-14,2,Extrapulmonary
Norway,2006,ep,m,15-24,12,Extrapulmonary
Norway,2006,ep,m,25-34,13,Extrapulmonary
Norway,2006,ep,m,35-44,9,Extrapulmonary
Norway,2006,ep,m,45-54,4,Extrapulmonary
Norway,2006,ep,m,55-64,4,Extrapulmonary
Norway,2006,ep,m,65+,2,Extrapulmonary
Norway,2006,ep,f,0-14,5,Extrapulmonary
Norway,2006,ep,f,15-24,13,Extrapulmonary
Norway,2006,ep,f,25-34,12,Extrapulmonary
Norway,2006,ep,f,35-44,14,Extrapulmonary
Norway,2006,ep,f,45-54,5,Extrapulmonary
Norway,2006,ep,f,55-64,0,Extrapulmonary
Norway,2006,ep,f,65+,4,Extrapulmonary
Norway,2007,sp,m,15-24,4,Smear Positive
Norway,2007,sp,m,25-34,12,Smear Positive
Norway,2007,sp,m,35-44,2,Smear Positive
Norway,2007,sp,m,45-54,3,Smear Positive
Norway,2007,sp,m,55-64,1,Smear Positive
Norway,2007,sp,m,65+,2,Smear Positive
Norway,2007,sp,f,0-14,1,Smear Positive
Norway,2007,sp,f,15-24,4,Smear Positive
Norway,2007,sp,f,25-34,2,Smear Positive
Norway,2007,sp,f,35-44,5,Smear Positive
Norway,2007,sp,f,45-54,1,Smear Positive
Norway,2007,sp,f,65+,1,Smear Positive
Norway,2007,sn,m,0-14,5,Smear Negative
Norway,2007,sn,m,15-24,14,Smear Negative
Norway,2007,sn,m,25-34,17,Smear Negative
Norway,2007,sn,m,35-44,16,Smear Negative
Norway,2007,sn,m,45-54,3,Smear Negative
Norway,2007,sn,m,55-64,3,Smear Negative
Norway,2007,sn,m,65+,8,Smear Negative
Norway,2007,sn,f,0-14,4,Smear Negative
Norway,2007,sn,f,15-24,13,Smear Negative
Norway,2007,sn,f,25-34,20,Smear Negative
Norway,2007,sn,f,35-44,5,Smear Negative
Norway,2007,sn,f,45-54,5,Smear Negative
Norway,2007,sn,f,55-64,2,Smear Negative
Norway,2007,sn,f,65+,13,Smear Negative
Norway,2007,ep,m,0-14,2,Extrapulmonary
Norway,2007,ep,m,15-24,12,Extrapulmonary
Norway,2007,ep,m,25-34,11,Extrapulmonary
Norway,2007,ep,m,35-44,14,Extrapulmonary
Norway,2007,ep,m,45-54,6,Extrapulmonary
Norway,2007,ep,m,55-64,0,Extrapulmonary
Norway,2007,ep,m,65+,8,Extrapulmonary
Norway,2007,ep,f,0-14,7,Extrapulmonary
Norway,2007,ep,f,15-24,11,Extrapulmonary
Norway,2007,ep,f,25-34,19,Extrapulmonary
Norway,2007,ep,f,35-44,10,Extrapulmonary
Norway,2007,ep,f,45-54,4,Extrapulmonary
Norway,2007,ep,f,55-64,2,Extrapulmonary
Norway,2007,ep,f,65+,10,Extrapulmonary
Norway,2008,sp,m,0-14,1,Smear Positive
Norway,2008,sp,m,15-24,10,Smear Positive
Norway,2008,sp,m,25-34,8,Smear Positive
Norway,2008,sp,m,35-44,7,Smear Positive
Norway,2008,sp,m,45-54,2,Smear Positive
Norway,2008,sp,m,55-64,4,Smear Positive
Norway,2008,sp,m,65+,3,Smear Positive
Norway,2008,sp,f,0-14,0,Smear Positive
Norway,2008,sp,f,15-24,1,Smear Positive
Norway,2008,sp,f,25-34,6,Smear Positive
Norway,2008,sp,f,35-44,4,Smear Positive
Norway,2008,sp,f,45-54,0,Smear Positive
Norway,2008,sp,f,55-64,1,Smear Positive
Norway,2008,sp,f,65+,6,Smear Positive
Norway,2008,sn,m,0-14,1,Smear Negative
Norway,2008,sn,m,15-24,14,Smear Negative
Norway,2008,sn,m,25-34,13,Smear Negative
Norway,2008,sn,m,35-44,3,Smear Negative
Norway,2008,sn,m,45-54,4,Smear Negative
Norway,2008,sn,m,55-64,2,Smear Negative
Norway,2008,sn,m,65+,8,Smear Negative
Norway,2008,sn,f,0-14,6,Smear Negative
Norway,2008,sn,f,15-24,10,Smear Negative
Norway,2008,sn,f,25-34,12,Smear Negative
Norway,2008,sn,f,35-44,12,Smear Negative
Norway,2008,sn,f,45-54,3,Smear Negative
Norway,2008,sn,f,55-64,1,Smear Negative
Norway,2008,sn,f,65+,2,Smear Negative
Norway,2008,ep,m,0-14,7,Extrapulmonary
Norway,2008,ep,m,15-24,5,Extrapulmonary
Norway,2008,ep,m,25-34,22,Extrapulmonary
Norway,2008,ep,m,35-44,5,Extrapulmonary
Norway,2008,ep,m,45-54,4,Extrapulmonary
Norway,2008,ep,m,55-64,3,Extrapulmonary
Norway,2008,ep,m,65+,6,Extrapulmonary
Norway,2008,ep,f,0-14,5,Extrapulmonary
Norway,2008,ep,f,15-24,5,Extrapulmonary
Norway,2008,ep,f,25-34,23,Extrapulmonary
Norway,2008,ep,f,35-44,8,Extrapulmonary
Norway,2008,ep,f,45-54,3,Extrapulmonary
Norway,2008,ep,f,55-64,2,Extrapulmonary
Norway,2008,ep,f,65+,10,Extrapulmonary
Norway,2009,sp,m,0-14,0,Smear Positive
Norway,2009,sp,m,15-24,6,Smear Positive
Norway,2009,sp,m,25-34,14,Smear Positive
Norway,2009,sp,m,35-44,5,Smear Positive
Norway,2009,sp,m,45-54,1,Smear Positive
Norway,2009,sp,m,55-64,2,Smear Positive
Norway,2009,sp,m,65+,0,Smear Positive
Norway,2009,sp,f,0-14,1,Smear Positive
Norway,2009,sp,f,15-24,2,Smear Positive
Norway,2009,sp,f,25-34,5,Smear Positive
Norway,2009,sp,f,35-44,4,Smear Positive
Norway,2009,sp,f,45-54,1,Smear Positive
Norway,2009,sp,f,55-64,1,Smear Positive
Norway,2009,sp,f,65+,3,Smear Positive
Norway,2009,sn,m,0-14,6,Smear Negative
Norway,2009,sn,m,15-24,24,Smear Negative
Norway,2009,sn,m,25-34,25,Smear Negative
Norway,2009,sn,m,35-44,9,Smear Negative
Norway,2009,sn,m,45-54,5,Smear Negative
Norway,2009,sn,m,55-64,4,Smear Negative
Norway,2009,sn,m,65+,6,Smear Negative
Norway,2009,sn,f,0-14,4,Smear Negative
Norway,2009,sn,f,15-24,10,Smear Negative
Norway,2009,sn,f,25-34,20,Smear Negative
Norway,2009,sn,f,35-44,8,Smear Negative
Norway,2009,sn,f,45-54,1,Smear Negative
Norway,2009,sn,f,55-64,3,Smear Negative
Norway,2009,sn,f,65+,4,Smear Negative
Norway,2009,ep,m,0-14,1,Extrapulmonary
Norway,2009,ep,m,15-24,11,Extrapulmonary
Norway,2009,ep,m,25-34,21,Extrapulmonary
Norway,2009,ep,m,35-44,12,Extrapulmonary
Norway,2009,ep,m,45-54,1,Extrapulmonary
Norway,2009,ep,m,55-64,3,Extrapulmonary
Norway,2009,ep,m,65+,2,Extrapulmonary
Norway,2009,ep,f,0-14,1,Extrapulmonary
Norway,2009,ep,f,15-24,16,Extrapulmonary
Norway,2009,ep,f,25-34,13,Extrapulmonary
Norway,2009,ep,f,35-44,12,Extrapulmonary
Norway,2009,ep,f,45-54,4,Extrapulmonary
Norway,2009,ep,f,55-64,1,Extrapulmonary
Norway,2009,ep,f,65+,3,Extrapulmonary
Norway,2010,sp,m,0-14,0,Smear Positive
Norway,2010,sp,m,15-24,9,Smear Positive
Norway,2010,sp,m,25-34,9,Smear Positive
Norway,2010,sp,m,35-44,7,Smear Positive
Norway,2010,sp,m,45-54,1,Smear Positive
Norway,2010,sp,m,55-64,4,Smear Positive
Norway,2010,sp,m,65+,2,Smear Positive
Norway,2010,sp,f,0-14,0,Smear Positive
Norway,2010,sp,f,15-24,5,Smear Positive
Norway,2010,sp,f,25-34,7,Smear Positive
Norway,2010,sp,f,35-44,3,Smear Positive
Norway,2010,sp,f,45-54,2,Smear Positive
Norway,2010,sp,f,55-64,0,Smear Positive
Norway,2010,sp,f,65+,1,Smear Positive
Norway,2010,sn,m,0-14,4,Smear Negative
Norway,2010,sn,m,15-24,15,Smear Negative
Norway,2010,sn,m,25-34,20,Smear Negative
Norway,2010,sn,m,35-44,10,Smear Negative
Norway,2010,sn,m,45-54,3,Smear Negative
Norway,2010,sn,m,55-64,2,Smear Negative
Norway,2010,sn,m,65+,7,Smear Negative
Norway,2010,sn,f,0-14,1,Smear Negative
Norway,2010,sn,f,15-24,8,Smear Negative
Norway,2010,sn,f,25-34,19,Smear Negative
Norway,2010,sn,f,35-44,10,Smear Negative
Norway,2010,sn,f,45-54,2,Smear Negative
Norway,2010,sn,f,55-64,6,Smear Negative
Norway,2010,sn,f,65+,3,Smear Negative
Norway,2010,ep,m,0-14,2,Extrapulmonary
Norway,2010,ep,m,15-24,11,Extrapulmonary
Norway,2010,ep,m,25-34,27,Extrapulmonary
Norway,2010,ep,m,35-44,10,Extrapulmonary
Norway,2010,ep,m,45-54,4,Extrapulmonary
Norway,2010,ep,m,55-64,4,Extrapulmonary
Norway,2010,ep,m,65+,1,Extrapulmonary
Norway,2010,ep,f,0-14,5,Extrapulmonary
Norway,2010,ep,f,15-24,8,Extrapulmonary
Norway,2010,ep,f,25-34,22,Extrapulmonary
Norway,2010,ep,f,35-44,12,Extrapulmonary
Norway,2010,ep,f,45-54,5,Extrapulmonary
Norway,2010,ep,f,55-64,4,Extrapulmonary
Norway,2010,ep,f,65+,1,Extrapulmonary
Norway,2011,sp,m,0-14,0,Smear Positive
Norway,2011,sp,m,15-24,3,Smear Positive
Norway,2011,sp,m,25-34,7,Smear Positive
Norway,2011,sp,m,35-44,3,Smear Positive
Norway,2011,sp,m,45-54,3,Smear Positive
Norway,2011,sp,m,55-64,1,Smear Positive
Norway,2011,sp,m,65+,1,Smear Positive
Norway,2011,sp,f,0-14,0,Smear Positive
Norway,2011,sp,f,15-24,14,Smear Positive
Norway,2011,sp,f,25-34,7,Smear Positive
Norway,2011,sp,f,35-44,0,Smear Positive
Norway,2011,sp,f,45-54,1,Smear Positive
Norway,2011,sp,f,55-64,0,Smear Positive
Norway,2011,sp,f,65+,1,Smear Positive
Norway,2011,sn,m,0-14,5,Smear Negative
Norway,2011,sn,m,15-24,23,Smear Negative
Norway,2011,sn,m,25-34,20,Smear Negative
Norway,2011,sn,m,35-44,10,Smear Negative
Norway,2011,sn,m,45-54,7,Smear Negative
Norway,2011,sn,m,55-64,4,Smear Negative
Norway,2011,sn,m,65+,10,Smear Negative
Norway,2011,sn,f,0-14,4,Smear Negative
Norway,2011,sn,f,15-24,12,Smear Negative
Norway,2011,sn,f,25-34,25,Smear Negative
Norway,2011,sn,f,35-44,4,Smear Negative
Norway,2011,sn,f,45-54,3,Smear Negative
Norway,2011,sn,f,55-64,1,Smear Negative
Norway,2011,sn,f,65+,4,Smear Negative
Norway,2011,ep,m,0-14,1,Extrapulmonary
Norway,2011,ep,m,15-24,21,Extrapulmonary
Norway,2011,ep,m,25-34,26,Extrapulmonary
Norway,2011,ep,m,35-44,7,Extrapulmonary
Norway,2011,ep,m,45-54,8,Extrapulmonary
Norway,2011,ep,m,55-64,2,Extrapulmonary
Norway,2011,ep,m,65+,3,Extrapulmonary
Norway,2011,ep,f,0-14,6,Extrapulmonary
Norway,2011,ep,f,15-24,14,Extrapulmonary
Norway,2011,ep,f,25-34,26,Extrapulmonary
Norway,2011,ep,f,35-44,11,Extrapulmonary
Norway,2011,ep,f,45-54,5,Extrapulmonary
Norway,2011,ep,f,55-64,4,Extrapulmonary
Norway,2011,ep,f,65+,3,Extrapulmonary
Norway,2012,sp,m,0-14,1,Smear Positive
Norway,2012,sp,m,15-24,8,Smear Positive
Norway,2012,sp,m,25-34,15,Smear Positive
Norway,2012,sp,m,35-44,5,Smear Positive
Norway,2012,sp,m,45-54,8,Smear Positive
Norway,2012,sp,m,55-64,5,Smear Positive
Norway,2012,sp,m,65+,2,Smear Positive
Norway,2012,sp,f,0-14,0,Smear Positive
Norway,2012,sp,f,15-24,2,Smear Positive
Norway,2012,sp,f,25-34,8,Smear Positive
Norway,2012,sp,f,35-44,1,Smear Positive
Norway,2012,sp,f,45-54,4,Smear Positive
Norway,2012,sp,f,55-64,1,Smear Positive
Norway,2012,sp,f,65+,1,Smear Positive
Norway,2012,sn,m,0-14,5,Smear Negative
Norway,2012,sn,m,15-24,25,Smear Negative
Norway,2012,sn,m,25-34,15,Smear Negative
Norway,2012,sn,m,35-44,10,Smear Negative
Norway,2012,sn,m,45-54,8,Smear Negative
Norway,2012,sn,m,55-64,5,Smear Negative
Norway,2012,sn,m,65+,7,Smear Negative
Norway,2012,sn,f,0-14,5,Smear Negative
Norway,2012,sn,f,15-24,12,Smear Negative
Norway,2012,sn,f,25-34,22,Smear Negative
Norway,2012,sn,f,35-44,11,Smear Negative
Norway,2012,sn,f,45-54,4,Smear Negative
Norway,2012,sn,f,55-64,4,Smear Negative
Norway,2012,sn,f,65+,7,Smear Negative
Norway,2012,ep,m,0-14,3,Extrapulmonary
Norway,2012,ep,m,15-24,10,Extrapulmonary
Norway,2012,ep,m,25-34,23,Extrapulmonary
Norway,2012,ep,m,35-44,11,Extrapulmonary
Norway,2012,ep,m,45-54,3,Extrapulmonary
Norway,2012,ep,m,55-64,1,Extrapulmonary
Norway,2012,ep,m,65+,3,Extrapulmonary
Norway,2012,ep,f,0-14,4,Extrapulmonary
Norway,2012,ep,f,15-24,14,Extrapulmonary
Norway,2012,ep,f,25-34,25,Extrapulmonary
Norway,2012,ep,f,35-44,17,Extrapulmonary
Norway,2012,ep,f,45-54,6,Extrapulmonary
Norway,2012,ep,f,55-64,3,Extrapulmonary
Norway,2012,ep,f,65+,5,Extrapulmonary
Norway,2013,rel,m,0-14,7,Relapse
Norway,2013,rel,m,15-24,54,Relapse
Norway,2013,rel,m,25-34,57,Relapse
Norway,2013,rel,m,35-44,30,Relapse
Norway,2013,rel,m,45-54,13,Relapse
Norway,2013,rel,m,55-64,14,Relapse
Norway,2013,rel,m,65+,11,Relapse
Norway,2013,rel,f,0-14,10,Relapse
Norway,2013,rel,f,15-24,46,Relapse
Norway,2013,rel,f,25-34,60,Relapse
Norway,2013,rel,f,35-44,26,Relapse
Norway,2013,rel,f,45-54,10,Relapse
Norway,2013,rel,f,55-64,8,Relapse
Norway,2013,rel,f,65+,16,Relapse
Oman,1995,sp,m,0-14,1,Smear Positive
Oman,1995,sp,m,15-24,7,Smear Positive
Oman,1995,sp,m,25-34,12,Smear Positive
Oman,1995,sp,m,35-44,7,Smear Positive
Oman,1995,sp,m,45-54,7,Smear Positive
Oman,1995,sp,m,55-64,10,Smear Positive
Oman,1995,sp,m,65+,11,Smear Positive
Oman,1995,sp,f,0-14,2,Smear Positive
Oman,1995,sp,f,15-24,18,Smear Positive
Oman,1995,sp,f,25-34,13,Smear Positive
Oman,1995,sp,f,35-44,5,Smear Positive
Oman,1995,sp,f,45-54,5,Smear Positive
Oman,1995,sp,f,55-64,6,Smear Positive
Oman,1995,sp,f,65+,3,Smear Positive
Oman,1996,sp,m,0-14,0,Smear Positive
Oman,1996,sp,m,15-24,15,Smear Positive
Oman,1996,sp,m,25-34,14,Smear Positive
Oman,1996,sp,m,35-44,8,Smear Positive
Oman,1996,sp,m,45-54,11,Smear Positive
Oman,1996,sp,m,55-64,8,Smear Positive
Oman,1996,sp,m,65+,11,Smear Positive
Oman,1996,sp,f,0-14,3,Smear Positive
Oman,1996,sp,f,15-24,18,Smear Positive
Oman,1996,sp,f,25-34,4,Smear Positive
Oman,1996,sp,f,35-44,3,Smear Positive
Oman,1996,sp,f,45-54,5,Smear Positive
Oman,1996,sp,f,55-64,1,Smear Positive
Oman,1996,sp,f,65+,7,Smear Positive
Oman,1997,sp,m,0-14,0,Smear Positive
Oman,1997,sp,m,15-24,18,Smear Positive
Oman,1997,sp,m,25-34,16,Smear Positive
Oman,1997,sp,m,35-44,14,Smear Positive
Oman,1997,sp,m,45-54,10,Smear Positive
Oman,1997,sp,m,55-64,11,Smear Positive
Oman,1997,sp,m,65+,10,Smear Positive
Oman,1997,sp,f,0-14,2,Smear Positive
Oman,1997,sp,f,15-24,14,Smear Positive
Oman,1997,sp,f,25-34,7,Smear Positive
Oman,1997,sp,f,35-44,4,Smear Positive
Oman,1997,sp,f,45-54,5,Smear Positive
Oman,1997,sp,f,55-64,4,Smear Positive
Oman,1997,sp,f,65+,5,Smear Positive
Oman,1998,sp,m,0-14,0,Smear Positive
Oman,1998,sp,m,15-24,18,Smear Positive
Oman,1998,sp,m,25-34,9,Smear Positive
Oman,1998,sp,m,35-44,8,Smear Positive
Oman,1998,sp,m,45-54,14,Smear Positive
Oman,1998,sp,m,55-64,9,Smear Positive
Oman,1998,sp,m,65+,12,Smear Positive
Oman,1998,sp,f,0-14,3,Smear Positive
Oman,1998,sp,f,15-24,14,Smear Positive
Oman,1998,sp,f,25-34,6,Smear Positive
Oman,1998,sp,f,35-44,6,Smear Positive
Oman,1998,sp,f,45-54,5,Smear Positive
Oman,1998,sp,f,55-64,3,Smear Positive
Oman,1998,sp,f,65+,2,Smear Positive
Oman,1999,sp,m,0-14,2,Smear Positive
Oman,1999,sp,m,15-24,10,Smear Positive
Oman,1999,sp,m,25-34,11,Smear Positive
Oman,1999,sp,m,35-44,23,Smear Positive
Oman,1999,sp,m,45-54,15,Smear Positive
Oman,1999,sp,m,55-64,7,Smear Positive
Oman,1999,sp,m,65+,10,Smear Positive
Oman,1999,sp,f,0-14,3,Smear Positive
Oman,1999,sp,f,15-24,16,Smear Positive
Oman,1999,sp,f,25-34,4,Smear Positive
Oman,1999,sp,f,35-44,6,Smear Positive
Oman,1999,sp,f,45-54,1,Smear Positive
Oman,1999,sp,f,55-64,4,Smear Positive
Oman,1999,sp,f,65+,8,Smear Positive
Oman,2000,sp,m,0-14,1,Smear Positive
Oman,2000,sp,m,15-24,8,Smear Positive
Oman,2000,sp,m,25-34,9,Smear Positive
Oman,2000,sp,m,35-44,11,Smear Positive
Oman,2000,sp,m,45-54,12,Smear Positive
Oman,2000,sp,m,55-64,9,Smear Positive
Oman,2000,sp,m,65+,11,Smear Positive
Oman,2000,sp,f,0-14,2,Smear Positive
Oman,2000,sp,f,15-24,17,Smear Positive
Oman,2000,sp,f,25-34,5,Smear Positive
Oman,2000,sp,f,35-44,7,Smear Positive
Oman,2000,sp,f,45-54,5,Smear Positive
Oman,2000,sp,f,55-64,11,Smear Positive
Oman,2000,sp,f,65+,6,Smear Positive
Oman,2001,sp,m,0-14,1,Smear Positive
Oman,2001,sp,m,15-24,10,Smear Positive
Oman,2001,sp,m,25-34,8,Smear Positive
Oman,2001,sp,m,35-44,12,Smear Positive
Oman,2001,sp,m,45-54,6,Smear Positive
Oman,2001,sp,m,55-64,8,Smear Positive
Oman,2001,sp,m,65+,8,Smear Positive
Oman,2001,sp,f,0-14,4,Smear Positive
Oman,2001,sp,f,15-24,17,Smear Positive
Oman,2001,sp,f,25-34,8,Smear Positive
Oman,2001,sp,f,35-44,5,Smear Positive
Oman,2001,sp,f,45-54,9,Smear Positive
Oman,2001,sp,f,55-64,5,Smear Positive
Oman,2001,sp,f,65+,8,Smear Positive
Oman,2002,sp,m,0-14,7,Smear Positive
Oman,2002,sp,m,15-24,22,Smear Positive
Oman,2002,sp,m,25-34,18,Smear Positive
Oman,2002,sp,m,35-44,20,Smear Positive
Oman,2002,sp,m,45-54,16,Smear Positive
Oman,2002,sp,m,55-64,26,Smear Positive
Oman,2002,sp,m,65+,20,Smear Positive
Oman,2002,sp,f,0-14,16,Smear Positive
Oman,2002,sp,f,15-24,41,Smear Positive
Oman,2002,sp,f,25-34,15,Smear Positive
Oman,2002,sp,f,35-44,12,Smear Positive
Oman,2002,sp,f,45-54,13,Smear Positive
Oman,2002,sp,f,55-64,7,Smear Positive
Oman,2002,sp,f,65+,7,Smear Positive
Oman,2003,sp,m,0-14,5,Smear Positive
Oman,2003,sp,m,15-24,28,Smear Positive
Oman,2003,sp,m,25-34,32,Smear Positive
Oman,2003,sp,m,35-44,31,Smear Positive
Oman,2003,sp,m,45-54,29,Smear Positive
Oman,2003,sp,m,55-64,13,Smear Positive
Oman,2003,sp,m,65+,15,Smear Positive
Oman,2003,sp,f,0-14,10,Smear Positive
Oman,2003,sp,f,15-24,26,Smear Positive
Oman,2003,sp,f,25-34,18,Smear Positive
Oman,2003,sp,f,35-44,12,Smear Positive
Oman,2003,sp,f,45-54,13,Smear Positive
Oman,2003,sp,f,55-64,11,Smear Positive
Oman,2003,sp,f,65+,7,Smear Positive
Oman,2004,sp,m,0-14,1,Smear Positive
Oman,2004,sp,m,15-24,15,Smear Positive
Oman,2004,sp,m,25-34,12,Smear Positive
Oman,2004,sp,m,35-44,23,Smear Positive
Oman,2004,sp,m,45-54,30,Smear Positive
Oman,2004,sp,m,55-64,12,Smear Positive
Oman,2004,sp,m,65+,14,Smear Positive
Oman,2004,sp,f,0-14,0,Smear Positive
Oman,2004,sp,f,15-24,0,Smear Positive
Oman,2004,sp,f,25-34,9,Smear Positive
Oman,2004,sp,f,35-44,1,Smear Positive
Oman,2004,sp,f,45-54,0,Smear Positive
Oman,2004,sp,f,55-64,0,Smear Positive
Oman,2004,sp,f,65+,0,Smear Positive
Oman,2005,sp,m,0-14,1,Smear Positive
Oman,2005,sp,m,15-24,21,Smear Positive
Oman,2005,sp,m,25-34,11,Smear Positive
Oman,2005,sp,m,35-44,24,Smear Positive
Oman,2005,sp,m,45-54,15,Smear Positive
Oman,2005,sp,m,55-64,19,Smear Positive
Oman,2005,sp,m,65+,5,Smear Positive
Oman,2005,sp,f,0-14,2,Smear Positive
Oman,2005,sp,f,15-24,13,Smear Positive
Oman,2005,sp,f,25-34,5,Smear Positive
Oman,2005,sp,f,35-44,3,Smear Positive
Oman,2005,sp,f,45-54,4,Smear Positive
Oman,2005,sp,f,55-64,5,Smear Positive
Oman,2005,sp,f,65+,3,Smear Positive
Oman,2006,sp,m,0-14,6,Smear Positive
Oman,2006,sp,m,15-24,18,Smear Positive
Oman,2006,sp,m,25-34,19,Smear Positive
Oman,2006,sp,m,35-44,18,Smear Positive
Oman,2006,sp,m,45-54,18,Smear Positive
Oman,2006,sp,m,55-64,12,Smear Positive
Oman,2006,sp,m,65+,2,Smear Positive
Oman,2006,sp,f,0-14,2,Smear Positive
Oman,2006,sp,f,15-24,21,Smear Positive
Oman,2006,sp,f,25-34,22,Smear Positive
Oman,2006,sp,f,35-44,7,Smear Positive
Oman,2006,sp,f,45-54,13,Smear Positive
Oman,2006,sp,f,55-64,12,Smear Positive
Oman,2006,sp,f,65+,14,Smear Positive
Oman,2006,sn,m,0-14,10,Smear Negative
Oman,2006,sn,m,15-24,17,Smear Negative
Oman,2006,sn,m,25-34,23,Smear Negative
Oman,2006,sn,m,35-44,14,Smear Negative
Oman,2006,sn,m,45-54,8,Smear Negative
Oman,2006,sn,m,55-64,6,Smear Negative
Oman,2006,sn,m,65+,9,Smear Negative
Oman,2006,sn,f,0-14,11,Smear Negative
Oman,2006,sn,f,15-24,19,Smear Negative
Oman,2006,sn,f,25-34,7,Smear Negative
Oman,2006,sn,f,35-44,3,Smear Negative
Oman,2006,sn,f,45-54,8,Smear Negative
Oman,2006,sn,f,55-64,8,Smear Negative
Oman,2006,sn,f,65+,7,Smear Negative
Oman,2006,ep,m,0-14,7,Extrapulmonary
Oman,2006,ep,m,15-24,11,Extrapulmonary
Oman,2006,ep,m,25-34,16,Extrapulmonary
Oman,2006,ep,m,35-44,9,Extrapulmonary
Oman,2006,ep,m,45-54,4,Extrapulmonary
Oman,2006,ep,m,55-64,4,Extrapulmonary
Oman,2006,ep,m,65+,5,Extrapulmonary
Oman,2006,ep,f,0-14,6,Extrapulmonary
Oman,2006,ep,f,15-24,17,Extrapulmonary
Oman,2006,ep,f,25-34,8,Extrapulmonary
Oman,2006,ep,f,35-44,4,Extrapulmonary
Oman,2006,ep,f,45-54,8,Extrapulmonary
Oman,2006,ep,f,55-64,5,Extrapulmonary
Oman,2006,ep,f,65+,4,Extrapulmonary
Oman,2007,sp,m,0-14,0,Smear Positive
Oman,2007,sp,m,15-24,16,Smear Positive
Oman,2007,sp,m,25-34,25,Smear Positive
Oman,2007,sp,m,35-44,25,Smear Positive
Oman,2007,sp,m,45-54,20,Smear Positive
Oman,2007,sp,m,55-64,13,Smear Positive
Oman,2007,sp,m,65+,8,Smear Positive
Oman,2007,sp,f,0-14,3,Smear Positive
Oman,2007,sp,f,15-24,22,Smear Positive
Oman,2007,sp,f,25-34,13,Smear Positive
Oman,2007,sp,f,35-44,11,Smear Positive
Oman,2007,sp,f,45-54,10,Smear Positive
Oman,2007,sp,f,55-64,7,Smear Positive
Oman,2007,sp,f,65+,14,Smear Positive
Oman,2007,sn,m,0-14,6,Smear Negative
Oman,2007,sn,m,15-24,3,Smear Negative
Oman,2007,sn,m,25-34,4,Smear Negative
Oman,2007,sn,m,35-44,1,Smear Negative
Oman,2007,sn,m,45-54,1,Smear Negative
Oman,2007,sn,m,55-64,2,Smear Negative
Oman,2007,sn,m,65+,5,Smear Negative
Oman,2007,sn,f,0-14,1,Smear Negative
Oman,2007,sn,f,15-24,4,Smear Negative
Oman,2007,sn,f,25-34,2,Smear Negative
Oman,2007,sn,f,35-44,0,Smear Negative
Oman,2007,sn,f,45-54,2,Smear Negative
Oman,2007,sn,f,55-64,1,Smear Negative
Oman,2007,sn,f,65+,1,Smear Negative
Oman,2007,ep,m,0-14,3,Extrapulmonary
Oman,2007,ep,m,15-24,9,Extrapulmonary
Oman,2007,ep,m,25-34,8,Extrapulmonary
Oman,2007,ep,m,35-44,10,Extrapulmonary
Oman,2007,ep,m,45-54,6,Extrapulmonary
Oman,2007,ep,m,55-64,2,Extrapulmonary
Oman,2007,ep,m,65+,4,Extrapulmonary
Oman,2007,ep,f,0-14,7,Extrapulmonary
Oman,2007,ep,f,15-24,17,Extrapulmonary
Oman,2007,ep,f,25-34,8,Extrapulmonary
Oman,2007,ep,f,35-44,8,Extrapulmonary
Oman,2007,ep,f,45-54,5,Extrapulmonary
Oman,2007,ep,f,55-64,10,Extrapulmonary
Oman,2007,ep,f,65+,5,Extrapulmonary
Oman,2008,sp,m,0-14,0,Smear Positive
Oman,2008,sp,m,15-24,18,Smear Positive
Oman,2008,sp,m,25-34,28,Smear Positive
Oman,2008,sp,m,35-44,28,Smear Positive
Oman,2008,sp,m,45-54,28,Smear Positive
Oman,2008,sp,m,55-64,14,Smear Positive
Oman,2008,sp,m,65+,10,Smear Positive
Oman,2008,sp,f,0-14,1,Smear Positive
Oman,2008,sp,f,15-24,20,Smear Positive
Oman,2008,sp,f,25-34,10,Smear Positive
Oman,2008,sp,f,35-44,4,Smear Positive
Oman,2008,sp,f,45-54,4,Smear Positive
Oman,2008,sp,f,55-64,5,Smear Positive
Oman,2008,sp,f,65+,1,Smear Positive
Oman,2008,sn,m,0-14,4,Smear Negative
Oman,2008,sn,m,15-24,5,Smear Negative
Oman,2008,sn,m,25-34,7,Smear Negative
Oman,2008,sn,m,35-44,9,Smear Negative
Oman,2008,sn,m,45-54,1,Smear Negative
Oman,2008,sn,m,55-64,3,Smear Negative
Oman,2008,sn,m,65+,4,Smear Negative
Oman,2008,sn,f,0-14,0,Smear Negative
Oman,2008,sn,f,15-24,6,Smear Negative
Oman,2008,sn,f,25-34,2,Smear Negative
Oman,2008,sn,f,35-44,2,Smear Negative
Oman,2008,sn,f,45-54,3,Smear Negative
Oman,2008,sn,f,55-64,0,Smear Negative
Oman,2008,sn,f,65+,2,Smear Negative
Oman,2008,ep,m,0-14,2,Extrapulmonary
Oman,2008,ep,m,15-24,14,Extrapulmonary
Oman,2008,ep,m,25-34,17,Extrapulmonary
Oman,2008,ep,m,35-44,10,Extrapulmonary
Oman,2008,ep,m,45-54,5,Extrapulmonary
Oman,2008,ep,m,55-64,6,Extrapulmonary
Oman,2008,ep,m,65+,1,Extrapulmonary
Oman,2008,ep,f,0-14,6,Extrapulmonary
Oman,2008,ep,f,15-24,26,Extrapulmonary
Oman,2008,ep,f,25-34,13,Extrapulmonary
Oman,2008,ep,f,35-44,7,Extrapulmonary
Oman,2008,ep,f,45-54,8,Extrapulmonary
Oman,2008,ep,f,55-64,12,Extrapulmonary
Oman,2008,ep,f,65+,2,Extrapulmonary
Oman,2009,sp,m,0-14,0,Smear Positive
Oman,2009,sp,m,15-24,28,Smear Positive
Oman,2009,sp,m,25-34,35,Smear Positive
Oman,2009,sp,m,35-44,23,Smear Positive
Oman,2009,sp,m,45-54,13,Smear Positive
Oman,2009,sp,m,55-64,10,Smear Positive
Oman,2009,sp,m,65+,11,Smear Positive
Oman,2009,sp,f,0-14,2,Smear Positive
Oman,2009,sp,f,15-24,11,Smear Positive
Oman,2009,sp,f,25-34,14,Smear Positive
Oman,2009,sp,f,35-44,4,Smear Positive
Oman,2009,sp,f,45-54,6,Smear Positive
Oman,2009,sp,f,55-64,1,Smear Positive
Oman,2009,sp,f,65+,6,Smear Positive
Oman,2009,sn,m,0-14,2,Smear Negative
Oman,2009,sn,m,15-24,6,Smear Negative
Oman,2009,sn,m,25-34,6,Smear Negative
Oman,2009,sn,m,35-44,4,Smear Negative
Oman,2009,sn,m,45-54,2,Smear Negative
Oman,2009,sn,m,55-64,6,Smear Negative
Oman,2009,sn,m,65+,4,Smear Negative
Oman,2009,sn,f,0-14,0,Smear Negative
Oman,2009,sn,f,15-24,2,Smear Negative
Oman,2009,sn,f,25-34,0,Smear Negative
Oman,2009,sn,f,35-44,0,Smear Negative
Oman,2009,sn,f,45-54,0,Smear Negative
Oman,2009,sn,f,55-64,2,Smear Negative
Oman,2009,sn,f,65+,2,Smear Negative
Oman,2009,ep,m,0-14,4,Extrapulmonary
Oman,2009,ep,m,15-24,11,Extrapulmonary
Oman,2009,ep,m,25-34,14,Extrapulmonary
Oman,2009,ep,m,35-44,11,Extrapulmonary
Oman,2009,ep,m,45-54,3,Extrapulmonary
Oman,2009,ep,m,55-64,8,Extrapulmonary
Oman,2009,ep,m,65+,7,Extrapulmonary
Oman,2009,ep,f,0-14,7,Extrapulmonary
Oman,2009,ep,f,15-24,12,Extrapulmonary
Oman,2009,ep,f,25-34,26,Extrapulmonary
Oman,2009,ep,f,35-44,6,Extrapulmonary
Oman,2009,ep,f,45-54,11,Extrapulmonary
Oman,2009,ep,f,55-64,3,Extrapulmonary
Oman,2009,ep,f,65+,4,Extrapulmonary
Oman,2010,sp,m,0-14,2,Smear Positive
Oman,2010,sp,m,15-24,12,Smear Positive
Oman,2010,sp,m,25-34,27,Smear Positive
Oman,2010,sp,m,35-44,15,Smear Positive
Oman,2010,sp,m,45-54,16,Smear Positive
Oman,2010,sp,m,55-64,8,Smear Positive
Oman,2010,sp,m,65+,10,Smear Positive
Oman,2010,sp,f,0-14,3,Smear Positive
Oman,2010,sp,f,15-24,18,Smear Positive
Oman,2010,sp,f,25-34,22,Smear Positive
Oman,2010,sp,f,35-44,6,Smear Positive
Oman,2010,sp,f,45-54,4,Smear Positive
Oman,2010,sp,f,55-64,4,Smear Positive
Oman,2010,sp,f,65+,5,Smear Positive
Oman,2010,sn,m,0-14,2,Smear Negative
Oman,2010,sn,m,15-24,1,Smear Negative
Oman,2010,sn,m,25-34,5,Smear Negative
Oman,2010,sn,m,35-44,2,Smear Negative
Oman,2010,sn,m,45-54,2,Smear Negative
Oman,2010,sn,m,55-64,3,Smear Negative
Oman,2010,sn,m,65+,5,Smear Negative
Oman,2010,sn,f,0-14,2,Smear Negative
Oman,2010,sn,f,15-24,3,Smear Negative
Oman,2010,sn,f,25-34,1,Smear Negative
Oman,2010,sn,f,35-44,0,Smear Negative
Oman,2010,sn,f,45-54,1,Smear Negative
Oman,2010,sn,f,55-64,0,Smear Negative
Oman,2010,sn,f,65+,1,Smear Negative
Oman,2010,ep,m,0-14,1,Extrapulmonary
Oman,2010,ep,m,15-24,8,Extrapulmonary
Oman,2010,ep,m,25-34,16,Extrapulmonary
Oman,2010,ep,m,35-44,7,Extrapulmonary
Oman,2010,ep,m,45-54,8,Extrapulmonary
Oman,2010,ep,m,55-64,8,Extrapulmonary
Oman,2010,ep,m,65+,6,Extrapulmonary
Oman,2010,ep,f,0-14,4,Extrapulmonary
Oman,2010,ep,f,15-24,18,Extrapulmonary
Oman,2010,ep,f,25-34,21,Extrapulmonary
Oman,2010,ep,f,35-44,9,Extrapulmonary
Oman,2010,ep,f,45-54,8,Extrapulmonary
Oman,2010,ep,f,55-64,4,Extrapulmonary
Oman,2010,ep,f,65+,6,Extrapulmonary
Oman,2011,sp,m,0-14,1,Smear Positive
Oman,2011,sp,m,15-24,17,Smear Positive
Oman,2011,sp,m,25-34,25,Smear Positive
Oman,2011,sp,m,35-44,12,Smear Positive
Oman,2011,sp,m,45-54,23,Smear Positive
Oman,2011,sp,m,55-64,10,Smear Positive
Oman,2011,sp,m,65+,11,Smear Positive
Oman,2011,sp,f,0-14,5,Smear Positive
Oman,2011,sp,f,15-24,20,Smear Positive
Oman,2011,sp,f,25-34,21,Smear Positive
Oman,2011,sp,f,35-44,9,Smear Positive
Oman,2011,sp,f,45-54,13,Smear Positive
Oman,2011,sp,f,55-64,7,Smear Positive
Oman,2011,sp,f,65+,6,Smear Positive
Oman,2011,sn,m,0-14,0,Smear Negative
Oman,2011,sn,m,15-24,3,Smear Negative
Oman,2011,sn,m,25-34,7,Smear Negative
Oman,2011,sn,m,35-44,3,Smear Negative
Oman,2011,sn,m,45-54,1,Smear Negative
Oman,2011,sn,m,55-64,1,Smear Negative
Oman,2011,sn,m,65+,4,Smear Negative
Oman,2011,sn,f,0-14,0,Smear Negative
Oman,2011,sn,f,15-24,3,Smear Negative
Oman,2011,sn,f,25-34,4,Smear Negative
Oman,2011,sn,f,35-44,2,Smear Negative
Oman,2011,sn,f,45-54,0,Smear Negative
Oman,2011,sn,f,55-64,1,Smear Negative
Oman,2011,sn,f,65+,3,Smear Negative
Oman,2011,ep,m,0-14,5,Extrapulmonary
Oman,2011,ep,m,15-24,11,Extrapulmonary
Oman,2011,ep,m,25-34,16,Extrapulmonary
Oman,2011,ep,m,35-44,9,Extrapulmonary
Oman,2011,ep,m,45-54,4,Extrapulmonary
Oman,2011,ep,m,55-64,6,Extrapulmonary
Oman,2011,ep,m,65+,4,Extrapulmonary
Oman,2011,ep,f,0-14,7,Extrapulmonary
Oman,2011,ep,f,15-24,17,Extrapulmonary
Oman,2011,ep,f,25-34,15,Extrapulmonary
Oman,2011,ep,f,35-44,9,Extrapulmonary
Oman,2011,ep,f,45-54,12,Extrapulmonary
Oman,2011,ep,f,55-64,6,Extrapulmonary
Oman,2011,ep,f,65+,1,Extrapulmonary
Oman,2012,sp,m,0-14,0,Smear Positive
Oman,2012,sp,m,15-24,18,Smear Positive
Oman,2012,sp,m,25-34,33,Smear Positive
Oman,2012,sp,m,35-44,23,Smear Positive
Oman,2012,sp,m,45-54,12,Smear Positive
Oman,2012,sp,m,55-64,8,Smear Positive
Oman,2012,sp,m,65+,19,Smear Positive
Oman,2012,sp,f,0-14,0,Smear Positive
Oman,2012,sp,f,15-24,20,Smear Positive
Oman,2012,sp,f,25-34,37,Smear Positive
Oman,2012,sp,f,35-44,10,Smear Positive
Oman,2012,sp,f,45-54,10,Smear Positive
Oman,2012,sp,f,55-64,9,Smear Positive
Oman,2012,sp,f,65+,6,Smear Positive
Oman,2012,sn,m,0-14,3,Smear Negative
Oman,2012,sn,m,15-24,6,Smear Negative
Oman,2012,sn,m,25-34,5,Smear Negative
Oman,2012,sn,m,35-44,3,Smear Negative
Oman,2012,sn,m,45-54,2,Smear Negative
Oman,2012,sn,m,55-64,2,Smear Negative
Oman,2012,sn,m,65+,1,Smear Negative
Oman,2012,sn,f,0-14,2,Smear Negative
Oman,2012,sn,f,15-24,3,Smear Negative
Oman,2012,sn,f,25-34,5,Smear Negative
Oman,2012,sn,f,35-44,2,Smear Negative
Oman,2012,sn,f,45-54,2,Smear Negative
Oman,2012,sn,f,55-64,1,Smear Negative
Oman,2012,sn,f,65+,2,Smear Negative
Oman,2012,ep,m,0-14,4,Extrapulmonary
Oman,2012,ep,m,15-24,12,Extrapulmonary
Oman,2012,ep,m,25-34,18,Extrapulmonary
Oman,2012,ep,m,35-44,11,Extrapulmonary
Oman,2012,ep,m,45-54,14,Extrapulmonary
Oman,2012,ep,m,55-64,5,Extrapulmonary
Oman,2012,ep,m,65+,9,Extrapulmonary
Oman,2012,ep,f,0-14,5,Extrapulmonary
Oman,2012,ep,f,15-24,9,Extrapulmonary
Oman,2012,ep,f,25-34,18,Extrapulmonary
Oman,2012,ep,f,35-44,7,Extrapulmonary
Oman,2012,ep,f,45-54,7,Extrapulmonary
Oman,2012,ep,f,55-64,6,Extrapulmonary
Oman,2012,ep,f,65+,6,Extrapulmonary
Oman,2013,rel,m,0-14,6,Relapse
Oman,2013,rel,m,15-24,32,Relapse
Oman,2013,rel,m,25-34,49,Relapse
Oman,2013,rel,m,35-44,44,Relapse
Oman,2013,rel,m,45-54,19,Relapse
Oman,2013,rel,m,55-64,20,Relapse
Oman,2013,rel,m,65+,21,Relapse
Oman,2013,rel,f,0-14,10,Relapse
Oman,2013,rel,f,15-24,41,Relapse
Oman,2013,rel,f,25-34,42,Relapse
Oman,2013,rel,f,35-44,14,Relapse
Oman,2013,rel,f,45-54,11,Relapse
Oman,2013,rel,f,55-64,12,Relapse
Oman,2013,rel,f,65+,9,Relapse
Pakistan,1995,sp,m,0-14,29,Smear Positive
Pakistan,1995,sp,m,15-24,274,Smear Positive
Pakistan,1995,sp,m,25-34,230,Smear Positive
Pakistan,1995,sp,m,35-44,178,Smear Positive
Pakistan,1995,sp,m,45-54,140,Smear Positive
Pakistan,1995,sp,m,55-64,124,Smear Positive
Pakistan,1995,sp,m,65+,95,Smear Positive
Pakistan,1995,sp,f,0-14,85,Smear Positive
Pakistan,1995,sp,f,15-24,375,Smear Positive
Pakistan,1995,sp,f,25-34,381,Smear Positive
Pakistan,1995,sp,f,35-44,267,Smear Positive
Pakistan,1995,sp,f,45-54,178,Smear Positive
Pakistan,1995,sp,f,55-64,143,Smear Positive
Pakistan,1995,sp,f,65+,79,Smear Positive
Pakistan,1998,sp,m,0-14,59,Smear Positive
Pakistan,1998,sp,m,15-24,633,Smear Positive
Pakistan,1998,sp,m,25-34,449,Smear Positive
Pakistan,1998,sp,m,35-44,328,Smear Positive
Pakistan,1998,sp,m,45-54,335,Smear Positive
Pakistan,1998,sp,m,55-64,194,Smear Positive
Pakistan,1998,sp,m,65+,137,Smear Positive
Pakistan,1998,sp,f,0-14,159,Smear Positive
Pakistan,1998,sp,f,15-24,735,Smear Positive
Pakistan,1998,sp,f,25-34,507,Smear Positive
Pakistan,1998,sp,f,35-44,260,Smear Positive
Pakistan,1998,sp,f,45-54,209,Smear Positive
Pakistan,1998,sp,f,55-64,90,Smear Positive
Pakistan,1998,sp,f,65+,50,Smear Positive
Pakistan,1999,sp,m,0-14,49,Smear Positive
Pakistan,1999,sp,m,15-24,229,Smear Positive
Pakistan,1999,sp,m,25-34,178,Smear Positive
Pakistan,1999,sp,m,35-44,65,Smear Positive
Pakistan,1999,sp,m,45-54,211,Smear Positive
Pakistan,1999,sp,m,55-64,162,Smear Positive
Pakistan,1999,sp,m,65+,113,Smear Positive
Pakistan,1999,sp,f,0-14,33,Smear Positive
Pakistan,1999,sp,f,15-24,259,Smear Positive
Pakistan,1999,sp,f,25-34,373,Smear Positive
Pakistan,1999,sp,f,35-44,97,Smear Positive
Pakistan,1999,sp,f,45-54,146,Smear Positive
Pakistan,1999,sp,f,55-64,243,Smear Positive
Pakistan,1999,sp,f,65+,114,Smear Positive
Pakistan,2000,sp,m,0-14,55,Smear Positive
Pakistan,2000,sp,m,15-24,498,Smear Positive
Pakistan,2000,sp,m,25-34,387,Smear Positive
Pakistan,2000,sp,m,35-44,256,Smear Positive
Pakistan,2000,sp,m,45-54,232,Smear Positive
Pakistan,2000,sp,m,55-64,153,Smear Positive
Pakistan,2000,sp,m,65+,130,Smear Positive
Pakistan,2000,sp,f,0-14,130,Smear Positive
Pakistan,2000,sp,f,15-24,591,Smear Positive
Pakistan,2000,sp,f,25-34,416,Smear Positive
Pakistan,2000,sp,f,35-44,274,Smear Positive
Pakistan,2000,sp,f,45-54,163,Smear Positive
Pakistan,2000,sp,f,55-64,103,Smear Positive
Pakistan,2000,sp,f,65+,56,Smear Positive
Pakistan,2001,sp,m,0-14,139,Smear Positive
Pakistan,2001,sp,m,15-24,1191,Smear Positive
Pakistan,2001,sp,m,25-34,891,Smear Positive
Pakistan,2001,sp,m,35-44,673,Smear Positive
Pakistan,2001,sp,m,45-54,664,Smear Positive
Pakistan,2001,sp,m,55-64,496,Smear Positive
Pakistan,2001,sp,m,65+,306,Smear Positive
Pakistan,2001,sp,f,0-14,241,Smear Positive
Pakistan,2001,sp,f,15-24,1007,Smear Positive
Pakistan,2001,sp,f,25-34,915,Smear Positive
Pakistan,2001,sp,f,35-44,650,Smear Positive
Pakistan,2001,sp,f,45-54,421,Smear Positive
Pakistan,2001,sp,f,55-64,252,Smear Positive
Pakistan,2001,sp,f,65+,142,Smear Positive
Pakistan,2002,sp,m,0-14,225,Smear Positive
Pakistan,2002,sp,m,15-24,1964,Smear Positive
Pakistan,2002,sp,m,25-34,1734,Smear Positive
Pakistan,2002,sp,m,35-44,1270,Smear Positive
Pakistan,2002,sp,m,45-54,1113,Smear Positive
Pakistan,2002,sp,m,55-64,864,Smear Positive
Pakistan,2002,sp,m,65+,554,Smear Positive
Pakistan,2002,sp,f,0-14,512,Smear Positive
Pakistan,2002,sp,f,15-24,2401,Smear Positive
Pakistan,2002,sp,f,25-34,1917,Smear Positive
Pakistan,2002,sp,f,35-44,1283,Smear Positive
Pakistan,2002,sp,f,45-54,809,Smear Positive
Pakistan,2002,sp,f,55-64,539,Smear Positive
Pakistan,2002,sp,f,65+,303,Smear Positive
Pakistan,2003,sp,m,0-14,284,Smear Positive
Pakistan,2003,sp,m,15-24,2605,Smear Positive
Pakistan,2003,sp,m,25-34,2346,Smear Positive
Pakistan,2003,sp,m,35-44,1851,Smear Positive
Pakistan,2003,sp,m,45-54,1652,Smear Positive
Pakistan,2003,sp,m,55-64,1288,Smear Positive
Pakistan,2003,sp,m,65+,870,Smear Positive
Pakistan,2003,sp,f,0-14,622,Smear Positive
Pakistan,2003,sp,f,15-24,3007,Smear Positive
Pakistan,2003,sp,f,25-34,2471,Smear Positive
Pakistan,2003,sp,f,35-44,1669,Smear Positive
Pakistan,2003,sp,f,45-54,1280,Smear Positive
Pakistan,2003,sp,f,55-64,845,Smear Positive
Pakistan,2003,sp,f,65+,503,Smear Positive
Pakistan,2004,sp,m,0-14,363,Smear Positive
Pakistan,2004,sp,m,15-24,3812,Smear Positive
Pakistan,2004,sp,m,25-34,3309,Smear Positive
Pakistan,2004,sp,m,35-44,2676,Smear Positive
Pakistan,2004,sp,m,45-54,2329,Smear Positive
Pakistan,2004,sp,m,55-64,2057,Smear Positive
Pakistan,2004,sp,m,65+,1581,Smear Positive
Pakistan,2004,sp,f,0-14,950,Smear Positive
Pakistan,2004,sp,f,15-24,4281,Smear Positive
Pakistan,2004,sp,f,25-34,3656,Smear Positive
Pakistan,2004,sp,f,35-44,2452,Smear Positive
Pakistan,2004,sp,f,45-54,1794,Smear Positive
Pakistan,2004,sp,f,55-64,1350,Smear Positive
Pakistan,2004,sp,f,65+,837,Smear Positive
Pakistan,2005,sp,m,0-14,621,Smear Positive
Pakistan,2005,sp,m,15-24,5278,Smear Positive
Pakistan,2005,sp,m,25-34,4759,Smear Positive
Pakistan,2005,sp,m,35-44,4263,Smear Positive
Pakistan,2005,sp,m,45-54,3834,Smear Positive
Pakistan,2005,sp,m,55-64,3332,Smear Positive
Pakistan,2005,sp,m,65+,2453,Smear Positive
Pakistan,2005,sp,f,0-14,1447,Smear Positive
Pakistan,2005,sp,f,15-24,6463,Smear Positive
Pakistan,2005,sp,f,25-34,5611,Smear Positive
Pakistan,2005,sp,f,35-44,3987,Smear Positive
Pakistan,2005,sp,f,45-54,2866,Smear Positive
Pakistan,2005,sp,f,55-64,2060,Smear Positive
Pakistan,2005,sp,f,65+,1338,Smear Positive
Pakistan,2006,sp,m,0-14,820,Smear Positive
Pakistan,2006,sp,m,15-24,7290,Smear Positive
Pakistan,2006,sp,m,25-34,6896,Smear Positive
Pakistan,2006,sp,m,35-44,5594,Smear Positive
Pakistan,2006,sp,m,45-54,5427,Smear Positive
Pakistan,2006,sp,m,55-64,4392,Smear Positive
Pakistan,2006,sp,m,65+,3439,Smear Positive
Pakistan,2006,sp,f,0-14,1941,Smear Positive
Pakistan,2006,sp,f,15-24,8410,Smear Positive
Pakistan,2006,sp,f,25-34,7030,Smear Positive
Pakistan,2006,sp,f,35-44,5404,Smear Positive
Pakistan,2006,sp,f,45-54,3913,Smear Positive
Pakistan,2006,sp,f,55-64,2802,Smear Positive
Pakistan,2006,sp,f,65+,1950,Smear Positive
Pakistan,2007,sp,m,0-14,1017,Smear Positive
Pakistan,2007,sp,m,15-24,9598,Smear Positive
Pakistan,2007,sp,m,25-34,8790,Smear Positive
Pakistan,2007,sp,m,35-44,7717,Smear Positive
Pakistan,2007,sp,m,45-54,7237,Smear Positive
Pakistan,2007,sp,m,55-64,6258,Smear Positive
Pakistan,2007,sp,m,65+,5156,Smear Positive
Pakistan,2007,sp,f,0-14,2443,Smear Positive
Pakistan,2007,sp,f,15-24,11522,Smear Positive
Pakistan,2007,sp,f,25-34,9162,Smear Positive
Pakistan,2007,sp,f,35-44,7352,Smear Positive
Pakistan,2007,sp,f,45-54,5496,Smear Positive
Pakistan,2007,sp,f,55-64,4065,Smear Positive
Pakistan,2007,sp,f,65+,2934,Smear Positive
Pakistan,2008,sp,m,0-14,1213,Smear Positive
Pakistan,2008,sp,m,15-24,10521,Smear Positive
Pakistan,2008,sp,m,25-34,9889,Smear Positive
Pakistan,2008,sp,m,35-44,8428,Smear Positive
Pakistan,2008,sp,m,45-54,8284,Smear Positive
Pakistan,2008,sp,m,55-64,6890,Smear Positive
Pakistan,2008,sp,m,65+,5959,Smear Positive
Pakistan,2008,sp,f,0-14,2696,Smear Positive
Pakistan,2008,sp,f,15-24,12838,Smear Positive
Pakistan,2008,sp,f,25-34,10489,Smear Positive
Pakistan,2008,sp,f,35-44,8146,Smear Positive
Pakistan,2008,sp,f,45-54,6387,Smear Positive
Pakistan,2008,sp,f,55-64,4750,Smear Positive
Pakistan,2008,sp,f,65+,3547,Smear Positive
Pakistan,2009,sp,m,0-14,1052,Smear Positive
Pakistan,2009,sp,m,15-24,11090,Smear Positive
Pakistan,2009,sp,m,25-34,10035,Smear Positive
Pakistan,2009,sp,m,35-44,8472,Smear Positive
Pakistan,2009,sp,m,45-54,8366,Smear Positive
Pakistan,2009,sp,m,55-64,7053,Smear Positive
Pakistan,2009,sp,m,65+,5981,Smear Positive
Pakistan,2009,sp,f,0-14,2595,Smear Positive
Pakistan,2009,sp,f,15-24,13734,Smear Positive
Pakistan,2009,sp,f,25-34,10512,Smear Positive
Pakistan,2009,sp,f,35-44,8174,Smear Positive
Pakistan,2009,sp,f,45-54,6332,Smear Positive
Pakistan,2009,sp,f,55-64,4786,Smear Positive
Pakistan,2009,sp,f,65+,3492,Smear Positive
Pakistan,2010,sp,m,0-14,1548,Smear Positive
Pakistan,2010,sp,m,15-24,11860,Smear Positive
Pakistan,2010,sp,m,25-34,10462,Smear Positive
Pakistan,2010,sp,m,35-44,8320,Smear Positive
Pakistan,2010,sp,m,45-54,7969,Smear Positive
Pakistan,2010,sp,m,55-64,6934,Smear Positive
Pakistan,2010,sp,m,65+,6066,Smear Positive
Pakistan,2010,sp,f,0-14,3212,Smear Positive
Pakistan,2010,sp,f,15-24,14481,Smear Positive
Pakistan,2010,sp,f,25-34,10513,Smear Positive
Pakistan,2010,sp,f,35-44,7749,Smear Positive
Pakistan,2010,sp,f,45-54,6410,Smear Positive
Pakistan,2010,sp,f,55-64,4879,Smear Positive
Pakistan,2010,sp,f,65+,4338,Smear Positive
Pakistan,2010,sn,m,0-14,5631,Smear Negative
Pakistan,2010,sn,m,15-24,0,Smear Negative
Pakistan,2010,sn,m,25-34,0,Smear Negative
Pakistan,2010,sn,m,35-44,0,Smear Negative
Pakistan,2010,sn,m,45-54,0,Smear Negative
Pakistan,2010,sn,m,55-64,0,Smear Negative
Pakistan,2010,sn,m,65+,0,Smear Negative
Pakistan,2010,sn,f,0-14,6562,Smear Negative
Pakistan,2010,sn,f,15-24,0,Smear Negative
Pakistan,2010,sn,f,25-34,0,Smear Negative
Pakistan,2010,sn,f,35-44,0,Smear Negative
Pakistan,2010,sn,f,45-54,0,Smear Negative
Pakistan,2010,sn,f,55-64,0,Smear Negative
Pakistan,2010,sn,f,65+,0,Smear Negative
Pakistan,2010,ep,m,0-14,3293,Extrapulmonary
Pakistan,2010,ep,m,15-24,0,Extrapulmonary
Pakistan,2010,ep,m,25-34,0,Extrapulmonary
Pakistan,2010,ep,m,35-44,0,Extrapulmonary
Pakistan,2010,ep,m,45-54,0,Extrapulmonary
Pakistan,2010,ep,m,55-64,0,Extrapulmonary
Pakistan,2010,ep,m,65+,0,Extrapulmonary
Pakistan,2010,ep,f,0-14,4228,Extrapulmonary
Pakistan,2010,ep,f,15-24,0,Extrapulmonary
Pakistan,2010,ep,f,25-34,0,Extrapulmonary
Pakistan,2010,ep,f,35-44,0,Extrapulmonary
Pakistan,2010,ep,f,45-54,0,Extrapulmonary
Pakistan,2010,ep,f,55-64,0,Extrapulmonary
Pakistan,2010,ep,f,65+,0,Extrapulmonary
Pakistan,2011,sp,m,0-14,1216,Smear Positive
Pakistan,2011,sp,m,15-24,12143,Smear Positive
Pakistan,2011,sp,m,25-34,10515,Smear Positive
Pakistan,2011,sp,m,35-44,8435,Smear Positive
Pakistan,2011,sp,m,45-54,8608,Smear Positive
Pakistan,2011,sp,m,55-64,7320,Smear Positive
Pakistan,2011,sp,m,65+,6323,Smear Positive
Pakistan,2011,sp,f,0-14,2679,Smear Positive
Pakistan,2011,sp,f,15-24,14652,Smear Positive
Pakistan,2011,sp,f,25-34,10684,Smear Positive
Pakistan,2011,sp,f,35-44,7880,Smear Positive
Pakistan,2011,sp,f,45-54,6590,Smear Positive
Pakistan,2011,sp,f,55-64,4977,Smear Positive
Pakistan,2011,sp,f,65+,3711,Smear Positive
Pakistan,2011,sn,m,0-14,7094,Smear Negative
Pakistan,2011,sn,f,0-14,7048,Smear Negative
Pakistan,2011,ep,m,0-14,3346,Extrapulmonary
Pakistan,2011,ep,f,0-14,4350,Extrapulmonary
Pakistan,2012,sp,m,0-14,1317,Smear Positive
Pakistan,2012,sp,m,15-24,12605,Smear Positive
Pakistan,2012,sp,m,25-34,10838,Smear Positive
Pakistan,2012,sp,m,35-44,8848,Smear Positive
Pakistan,2012,sp,m,45-54,9026,Smear Positive
Pakistan,2012,sp,m,55-64,7753,Smear Positive
Pakistan,2012,sp,m,65+,6492,Smear Positive
Pakistan,2012,sp,f,0-14,2630,Smear Positive
Pakistan,2012,sp,f,15-24,15445,Smear Positive
Pakistan,2012,sp,f,25-34,10902,Smear Positive
Pakistan,2012,sp,f,35-44,8263,Smear Positive
Pakistan,2012,sp,f,45-54,6876,Smear Positive
Pakistan,2012,sp,f,55-64,5494,Smear Positive
Pakistan,2012,sp,f,65+,4056,Smear Positive
Pakistan,2012,sn,m,0-14,6391,Smear Negative
Pakistan,2012,sn,f,0-14,7493,Smear Negative
Pakistan,2012,ep,m,0-14,3673,Extrapulmonary
Pakistan,2012,ep,f,0-14,4655,Extrapulmonary
Pakistan,2013,rel,m,0-14,12467,Relapse
Pakistan,2013,rel,f,0-14,15646,Relapse
Palau,1995,sp,m,0-14,0,Smear Positive
Palau,1995,sp,m,15-24,2,Smear Positive
Palau,1995,sp,m,25-34,3,Smear Positive
Palau,1995,sp,m,35-44,0,Smear Positive
Palau,1995,sp,m,45-54,2,Smear Positive
Palau,1995,sp,m,55-64,1,Smear Positive
Palau,1995,sp,m,65+,0,Smear Positive
Palau,1995,sp,f,0-14,0,Smear Positive
Palau,1995,sp,f,15-24,0,Smear Positive
Palau,1995,sp,f,25-34,0,Smear Positive
Palau,1995,sp,f,35-44,0,Smear Positive
Palau,1995,sp,f,45-54,1,Smear Positive
Palau,1995,sp,f,55-64,0,Smear Positive
Palau,1995,sp,f,65+,0,Smear Positive
Palau,1996,sp,m,0-14,0,Smear Positive
Palau,1996,sp,m,15-24,1,Smear Positive
Palau,1996,sp,m,25-34,0,Smear Positive
Palau,1996,sp,m,35-44,0,Smear Positive
Palau,1996,sp,m,45-54,0,Smear Positive
Palau,1996,sp,m,55-64,2,Smear Positive
Palau,1996,sp,m,65+,1,Smear Positive
Palau,1997,sp,m,0-14,0,Smear Positive
Palau,1997,sp,m,15-24,0,Smear Positive
Palau,1997,sp,m,25-34,1,Smear Positive
Palau,1997,sp,m,35-44,2,Smear Positive
Palau,1997,sp,m,45-54,0,Smear Positive
Palau,1997,sp,m,55-64,2,Smear Positive
Palau,1997,sp,m,65+,0,Smear Positive
Palau,1997,sp,f,0-14,0,Smear Positive
Palau,1997,sp,f,15-24,0,Smear Positive
Palau,1997,sp,f,25-34,0,Smear Positive
Palau,1997,sp,f,35-44,2,Smear Positive
Palau,1997,sp,f,45-54,0,Smear Positive
Palau,1997,sp,f,55-64,0,Smear Positive
Palau,1997,sp,f,65+,0,Smear Positive
Palau,1999,sp,m,0-14,0,Smear Positive
Palau,1999,sp,m,15-24,2,Smear Positive
Palau,1999,sp,m,25-34,2,Smear Positive
Palau,1999,sp,m,35-44,5,Smear Positive
Palau,1999,sp,m,45-54,1,Smear Positive
Palau,1999,sp,m,55-64,2,Smear Positive
Palau,1999,sp,m,65+,1,Smear Positive
Palau,1999,sp,f,0-14,0,Smear Positive
Palau,1999,sp,f,15-24,1,Smear Positive
Palau,1999,sp,f,25-34,3,Smear Positive
Palau,1999,sp,f,35-44,1,Smear Positive
Palau,1999,sp,f,45-54,0,Smear Positive
Palau,1999,sp,f,55-64,2,Smear Positive
Palau,1999,sp,f,65+,0,Smear Positive
Palau,2002,sp,m,0-14,1,Smear Positive
Palau,2002,sp,m,15-24,0,Smear Positive
Palau,2002,sp,m,25-34,1,Smear Positive
Palau,2002,sp,m,35-44,1,Smear Positive
Palau,2002,sp,m,45-54,2,Smear Positive
Palau,2002,sp,m,55-64,2,Smear Positive
Palau,2002,sp,m,65+,1,Smear Positive
Palau,2002,sp,f,0-14,0,Smear Positive
Palau,2002,sp,f,15-24,0,Smear Positive
Palau,2002,sp,f,25-34,3,Smear Positive
Palau,2002,sp,f,35-44,0,Smear Positive
Palau,2002,sp,f,45-54,0,Smear Positive
Palau,2002,sp,f,55-64,0,Smear Positive
Palau,2002,sp,f,65+,0,Smear Positive
Palau,2003,sp,m,0-14,0,Smear Positive
Palau,2003,sp,m,15-24,0,Smear Positive
Palau,2003,sp,m,25-34,1,Smear Positive
Palau,2003,sp,m,35-44,1,Smear Positive
Palau,2003,sp,m,45-54,1,Smear Positive
Palau,2003,sp,m,55-64,1,Smear Positive
Palau,2003,sp,m,65+,0,Smear Positive
Palau,2003,sp,f,0-14,1,Smear Positive
Palau,2003,sp,f,15-24,0,Smear Positive
Palau,2003,sp,f,25-34,0,Smear Positive
Palau,2003,sp,f,35-44,1,Smear Positive
Palau,2003,sp,f,45-54,0,Smear Positive
Palau,2003,sp,f,55-64,1,Smear Positive
Palau,2003,sp,f,65+,2,Smear Positive
Palau,2004,sp,m,45-54,1,Smear Positive
Palau,2004,sp,m,55-64,2,Smear Positive
Palau,2004,sp,f,35-44,1,Smear Positive
Palau,2004,sp,f,45-54,1,Smear Positive
Palau,2005,sp,m,25-34,2,Smear Positive
Palau,2005,sp,m,65+,1,Smear Positive
Palau,2006,sp,m,0-14,1,Smear Positive
Palau,2006,sp,m,15-24,0,Smear Positive
Palau,2006,sp,m,25-34,1,Smear Positive
Palau,2006,sp,m,35-44,2,Smear Positive
Palau,2006,sp,m,45-54,1,Smear Positive
Palau,2006,sp,m,55-64,0,Smear Positive
Palau,2006,sp,m,65+,0,Smear Positive
Palau,2006,sp,f,0-14,0,Smear Positive
Palau,2006,sp,f,15-24,0,Smear Positive
Palau,2006,sp,f,25-34,1,Smear Positive
Palau,2006,sp,f,35-44,0,Smear Positive
Palau,2006,sp,f,45-54,0,Smear Positive
Palau,2006,sp,f,55-64,0,Smear Positive
Palau,2006,sp,f,65+,0,Smear Positive
Palau,2006,sn,m,0-14,0,Smear Negative
Palau,2006,sn,m,15-24,0,Smear Negative
Palau,2006,sn,m,25-34,0,Smear Negative
Palau,2006,sn,m,35-44,1,Smear Negative
Palau,2006,sn,m,45-54,0,Smear Negative
Palau,2006,sn,m,55-64,0,Smear Negative
Palau,2006,sn,m,65+,0,Smear Negative
Palau,2006,sn,f,0-14,0,Smear Negative
Palau,2006,sn,f,15-24,0,Smear Negative
Palau,2006,sn,f,25-34,1,Smear Negative
Palau,2006,sn,f,35-44,0,Smear Negative
Palau,2006,sn,f,45-54,0,Smear Negative
Palau,2006,sn,f,55-64,0,Smear Negative
Palau,2006,sn,f,65+,0,Smear Negative
Palau,2006,ep,m,0-14,1,Extrapulmonary
Palau,2006,ep,m,15-24,0,Extrapulmonary
Palau,2006,ep,m,25-34,0,Extrapulmonary
Palau,2006,ep,m,35-44,0,Extrapulmonary
Palau,2006,ep,m,45-54,0,Extrapulmonary
Palau,2006,ep,m,55-64,0,Extrapulmonary
Palau,2006,ep,m,65+,0,Extrapulmonary
Palau,2006,ep,f,0-14,0,Extrapulmonary
Palau,2006,ep,f,15-24,0,Extrapulmonary
Palau,2006,ep,f,25-34,2,Extrapulmonary
Palau,2006,ep,f,35-44,0,Extrapulmonary
Palau,2006,ep,f,45-54,1,Extrapulmonary
Palau,2006,ep,f,55-64,0,Extrapulmonary
Palau,2006,ep,f,65+,0,Extrapulmonary
Palau,2007,sp,m,0-14,0,Smear Positive
Palau,2007,sp,m,15-24,0,Smear Positive
Palau,2007,sp,m,25-34,1,Smear Positive
Palau,2007,sp,m,35-44,0,Smear Positive
Palau,2007,sp,m,45-54,2,Smear Positive
Palau,2007,sp,m,55-64,1,Smear Positive
Palau,2007,sp,m,65+,0,Smear Positive
Palau,2007,sp,f,0-14,0,Smear Positive
Palau,2007,sp,f,15-24,0,Smear Positive
Palau,2007,sp,f,25-34,0,Smear Positive
Palau,2007,sp,f,35-44,0,Smear Positive
Palau,2007,sp,f,45-54,0,Smear Positive
Palau,2007,sp,f,55-64,1,Smear Positive
Palau,2007,sp,f,65+,0,Smear Positive
Palau,2007,sn,m,0-14,0,Smear Negative
Palau,2007,sn,m,15-24,0,Smear Negative
Palau,2007,sn,m,25-34,1,Smear Negative
Palau,2007,sn,m,35-44,0,Smear Negative
Palau,2007,sn,m,45-54,0,Smear Negative
Palau,2007,sn,m,55-64,0,Smear Negative
Palau,2007,sn,m,65+,0,Smear Negative
Palau,2007,sn,f,0-14,0,Smear Negative
Palau,2007,sn,f,15-24,0,Smear Negative
Palau,2007,sn,f,25-34,0,Smear Negative
Palau,2007,sn,f,35-44,0,Smear Negative
Palau,2007,sn,f,45-54,1,Smear Negative
Palau,2007,sn,f,55-64,1,Smear Negative
Palau,2007,sn,f,65+,0,Smear Negative
Palau,2007,ep,m,0-14,0,Extrapulmonary
Palau,2007,ep,m,15-24,0,Extrapulmonary
Palau,2007,ep,m,25-34,0,Extrapulmonary
Palau,2007,ep,m,35-44,1,Extrapulmonary
Palau,2007,ep,m,45-54,0,Extrapulmonary
Palau,2007,ep,m,55-64,0,Extrapulmonary
Palau,2007,ep,m,65+,2,Extrapulmonary
Palau,2007,ep,f,0-14,0,Extrapulmonary
Palau,2007,ep,f,15-24,0,Extrapulmonary
Palau,2007,ep,f,25-34,0,Extrapulmonary
Palau,2007,ep,f,35-44,0,Extrapulmonary
Palau,2007,ep,f,45-54,0,Extrapulmonary
Palau,2007,ep,f,55-64,0,Extrapulmonary
Palau,2007,ep,f,65+,0,Extrapulmonary
Palau,2009,sp,m,0-14,0,Smear Positive
Palau,2009,sp,m,15-24,0,Smear Positive
Palau,2009,sp,m,25-34,0,Smear Positive
Palau,2009,sp,m,35-44,0,Smear Positive
Palau,2009,sp,m,45-54,1,Smear Positive
Palau,2009,sp,m,55-64,1,Smear Positive
Palau,2009,sp,m,65+,1,Smear Positive
Palau,2009,sp,f,0-14,0,Smear Positive
Palau,2009,sp,f,15-24,0,Smear Positive
Palau,2009,sp,f,25-34,0,Smear Positive
Palau,2009,sp,f,35-44,0,Smear Positive
Palau,2009,sp,f,45-54,1,Smear Positive
Palau,2009,sp,f,55-64,0,Smear Positive
Palau,2009,sp,f,65+,2,Smear Positive
Palau,2009,sn,m,0-14,0,Smear Negative
Palau,2009,sn,m,15-24,0,Smear Negative
Palau,2009,sn,m,25-34,0,Smear Negative
Palau,2009,sn,m,35-44,0,Smear Negative
Palau,2009,sn,m,45-54,1,Smear Negative
Palau,2009,sn,m,55-64,1,Smear Negative
Palau,2009,sn,m,65+,1,Smear Negative
Palau,2009,sn,f,0-14,0,Smear Negative
Palau,2009,sn,f,15-24,0,Smear Negative
Palau,2009,sn,f,25-34,0,Smear Negative
Palau,2009,sn,f,35-44,0,Smear Negative
Palau,2009,sn,f,45-54,1,Smear Negative
Palau,2009,sn,f,55-64,0,Smear Negative
Palau,2009,sn,f,65+,2,Smear Negative
Palau,2009,ep,m,0-14,0,Extrapulmonary
Palau,2009,ep,m,15-24,0,Extrapulmonary
Palau,2009,ep,m,25-34,0,Extrapulmonary
Palau,2009,ep,m,35-44,1,Extrapulmonary
Palau,2009,ep,m,45-54,0,Extrapulmonary
Palau,2009,ep,m,55-64,2,Extrapulmonary
Palau,2009,ep,m,65+,1,Extrapulmonary
Palau,2009,ep,f,0-14,0,Extrapulmonary
Palau,2009,ep,f,15-24,0,Extrapulmonary
Palau,2009,ep,f,25-34,0,Extrapulmonary
Palau,2009,ep,f,35-44,0,Extrapulmonary
Palau,2009,ep,f,45-54,0,Extrapulmonary
Palau,2009,ep,f,55-64,0,Extrapulmonary
Palau,2009,ep,f,65+,0,Extrapulmonary
Palau,2010,sp,m,0-14,0,Smear Positive
Palau,2010,sp,m,15-24,1,Smear Positive
Palau,2010,sp,m,25-34,2,Smear Positive
Palau,2010,sp,m,35-44,1,Smear Positive
Palau,2010,sp,m,45-54,1,Smear Positive
Palau,2010,sp,m,55-64,1,Smear Positive
Palau,2010,sp,m,65+,1,Smear Positive
Palau,2010,sp,f,0-14,1,Smear Positive
Palau,2010,sp,f,15-24,0,Smear Positive
Palau,2010,sp,f,25-34,1,Smear Positive
Palau,2010,sp,f,35-44,1,Smear Positive
Palau,2010,sp,f,45-54,0,Smear Positive
Palau,2010,sp,f,55-64,0,Smear Positive
Palau,2010,sp,f,65+,0,Smear Positive
Palau,2010,sn,m,0-14,0,Smear Negative
Palau,2010,sn,m,15-24,1,Smear Negative
Palau,2010,sn,m,25-34,2,Smear Negative
Palau,2010,sn,m,35-44,1,Smear Negative
Palau,2010,sn,m,45-54,1,Smear Negative
Palau,2010,sn,m,55-64,1,Smear Negative
Palau,2010,sn,m,65+,1,Smear Negative
Palau,2010,sn,f,0-14,1,Smear Negative
Palau,2010,sn,f,15-24,0,Smear Negative
Palau,2010,sn,f,25-34,1,Smear Negative
Palau,2010,sn,f,35-44,1,Smear Negative
Palau,2010,sn,f,45-54,0,Smear Negative
Palau,2010,sn,f,55-64,0,Smear Negative
Palau,2010,sn,f,65+,0,Smear Negative
Palau,2010,ep,m,0-14,0,Extrapulmonary
Palau,2010,ep,m,15-24,0,Extrapulmonary
Palau,2010,ep,m,25-34,0,Extrapulmonary
Palau,2010,ep,m,35-44,0,Extrapulmonary
Palau,2010,ep,m,45-54,0,Extrapulmonary
Palau,2010,ep,m,55-64,0,Extrapulmonary
Palau,2010,ep,m,65+,0,Extrapulmonary
Palau,2010,ep,f,0-14,0,Extrapulmonary
Palau,2010,ep,f,15-24,0,Extrapulmonary
Palau,2010,ep,f,25-34,0,Extrapulmonary
Palau,2010,ep,f,35-44,0,Extrapulmonary
Palau,2010,ep,f,45-54,0,Extrapulmonary
Palau,2010,ep,f,55-64,0,Extrapulmonary
Palau,2010,ep,f,65+,0,Extrapulmonary
Palau,2011,sp,m,0-14,0,Smear Positive
Palau,2011,sp,m,15-24,0,Smear Positive
Palau,2011,sp,m,25-34,0,Smear Positive
Palau,2011,sp,m,35-44,1,Smear Positive
Palau,2011,sp,m,45-54,0,Smear Positive
Palau,2011,sp,m,55-64,2,Smear Positive
Palau,2011,sp,m,65+,0,Smear Positive
Palau,2011,sp,f,0-14,0,Smear Positive
Palau,2011,sp,f,15-24,0,Smear Positive
Palau,2011,sp,f,25-34,1,Smear Positive
Palau,2011,sp,f,35-44,0,Smear Positive
Palau,2011,sp,f,45-54,0,Smear Positive
Palau,2011,sp,f,55-64,0,Smear Positive
Palau,2011,sp,f,65+,0,Smear Positive
Palau,2011,sn,m,0-14,0,Smear Negative
Palau,2011,sn,m,15-24,0,Smear Negative
Palau,2011,sn,m,25-34,0,Smear Negative
Palau,2011,sn,m,35-44,0,Smear Negative
Palau,2011,sn,m,45-54,1,Smear Negative
Palau,2011,sn,m,55-64,1,Smear Negative
Palau,2011,sn,m,65+,0,Smear Negative
Palau,2011,sn,f,0-14,0,Smear Negative
Palau,2011,sn,f,15-24,0,Smear Negative
Palau,2011,sn,f,25-34,1,Smear Negative
Palau,2011,sn,f,35-44,0,Smear Negative
Palau,2011,sn,f,45-54,0,Smear Negative
Palau,2011,sn,f,55-64,2,Smear Negative
Palau,2011,sn,f,65+,1,Smear Negative
Palau,2011,ep,m,0-14,0,Extrapulmonary
Palau,2011,ep,m,15-24,0,Extrapulmonary
Palau,2011,ep,m,25-34,0,Extrapulmonary
Palau,2011,ep,m,35-44,0,Extrapulmonary
Palau,2011,ep,m,45-54,0,Extrapulmonary
Palau,2011,ep,m,55-64,0,Extrapulmonary
Palau,2011,ep,m,65+,0,Extrapulmonary
Palau,2011,ep,f,0-14,0,Extrapulmonary
Palau,2011,ep,f,15-24,0,Extrapulmonary
Palau,2011,ep,f,25-34,0,Extrapulmonary
Palau,2011,ep,f,35-44,0,Extrapulmonary
Palau,2011,ep,f,45-54,0,Extrapulmonary
Palau,2011,ep,f,55-64,1,Extrapulmonary
Palau,2011,ep,f,65+,0,Extrapulmonary
Palau,2012,sp,m,0-14,0,Smear Positive
Palau,2012,sp,m,15-24,0,Smear Positive
Palau,2012,sp,m,25-34,0,Smear Positive
Palau,2012,sp,m,35-44,0,Smear Positive
Palau,2012,sp,m,45-54,0,Smear Positive
Palau,2012,sp,m,55-64,0,Smear Positive
Palau,2012,sp,m,65+,0,Smear Positive
Palau,2012,sp,f,0-14,0,Smear Positive
Palau,2012,sp,f,15-24,0,Smear Positive
Palau,2012,sp,f,25-34,0,Smear Positive
Palau,2012,sp,f,35-44,1,Smear Positive
Palau,2012,sp,f,45-54,1,Smear Positive
Palau,2012,sp,f,55-64,0,Smear Positive
Palau,2012,sp,f,65+,1,Smear Positive
Palau,2012,sn,m,0-14,0,Smear Negative
Palau,2012,sn,m,15-24,0,Smear Negative
Palau,2012,sn,m,25-34,0,Smear Negative
Palau,2012,sn,m,35-44,0,Smear Negative
Palau,2012,sn,m,45-54,0,Smear Negative
Palau,2012,sn,m,55-64,1,Smear Negative
Palau,2012,sn,m,65+,0,Smear Negative
Palau,2012,sn,f,0-14,0,Smear Negative
Palau,2012,sn,f,15-24,0,Smear Negative
Palau,2012,sn,f,25-34,0,Smear Negative
Palau,2012,sn,f,35-44,0,Smear Negative
Palau,2012,sn,f,45-54,0,Smear Negative
Palau,2012,sn,f,55-64,0,Smear Negative
Palau,2012,sn,f,65+,0,Smear Negative
Palau,2012,ep,m,0-14,0,Extrapulmonary
Palau,2012,ep,m,15-24,0,Extrapulmonary
Palau,2012,ep,m,25-34,0,Extrapulmonary
Palau,2012,ep,m,35-44,0,Extrapulmonary
Palau,2012,ep,m,45-54,0,Extrapulmonary
Palau,2012,ep,m,55-64,0,Extrapulmonary
Palau,2012,ep,m,65+,0,Extrapulmonary
Palau,2012,ep,f,0-14,0,Extrapulmonary
Palau,2012,ep,f,15-24,0,Extrapulmonary
Palau,2012,ep,f,25-34,0,Extrapulmonary
Palau,2012,ep,f,35-44,0,Extrapulmonary
Palau,2012,ep,f,45-54,0,Extrapulmonary
Palau,2012,ep,f,55-64,0,Extrapulmonary
Palau,2012,ep,f,65+,0,Extrapulmonary
Palau,2013,rel,m,0-14,0,Relapse
Palau,2013,rel,m,15-24,0,Relapse
Palau,2013,rel,m,25-34,2,Relapse
Palau,2013,rel,m,35-44,1,Relapse
Palau,2013,rel,m,45-54,0,Relapse
Palau,2013,rel,m,55-64,2,Relapse
Palau,2013,rel,m,65+,0,Relapse
Palau,2013,rel,f,0-14,0,Relapse
Palau,2013,rel,f,15-24,0,Relapse
Palau,2013,rel,f,25-34,0,Relapse
Palau,2013,rel,f,35-44,0,Relapse
Palau,2013,rel,f,45-54,0,Relapse
Palau,2013,rel,f,55-64,1,Relapse
Palau,2013,rel,f,65+,2,Relapse
Panama,1995,sp,m,0-14,86,Smear Positive
Panama,1995,sp,m,15-24,155,Smear Positive
Panama,1995,sp,m,25-34,193,Smear Positive
Panama,1995,sp,m,35-44,112,Smear Positive
Panama,1995,sp,m,45-54,126,Smear Positive
Panama,1995,sp,m,55-64,42,Smear Positive
Panama,1995,sp,m,65+,83,Smear Positive
Panama,1995,sp,f,0-14,72,Smear Positive
Panama,1995,sp,f,15-24,120,Smear Positive
Panama,1995,sp,f,25-34,111,Smear Positive
Panama,1995,sp,f,35-44,75,Smear Positive
Panama,1995,sp,f,45-54,57,Smear Positive
Panama,1995,sp,f,55-64,16,Smear Positive
Panama,1995,sp,f,65+,40,Smear Positive
Panama,1996,sp,m,0-14,52,Smear Positive
Panama,1996,sp,m,15-24,68,Smear Positive
Panama,1996,sp,m,25-34,132,Smear Positive
Panama,1996,sp,m,35-44,87,Smear Positive
Panama,1996,sp,m,45-54,65,Smear Positive
Panama,1996,sp,m,55-64,44,Smear Positive
Panama,1996,sp,m,65+,45,Smear Positive
Panama,1996,sp,f,0-14,58,Smear Positive
Panama,1996,sp,f,15-24,62,Smear Positive
Panama,1996,sp,f,25-34,76,Smear Positive
Panama,1996,sp,f,35-44,59,Smear Positive
Panama,1996,sp,f,45-54,36,Smear Positive
Panama,1996,sp,f,55-64,35,Smear Positive
Panama,1996,sp,f,65+,26,Smear Positive
Panama,1997,sp,m,0-14,41,Smear Positive
Panama,1997,sp,m,15-24,79,Smear Positive
Panama,1997,sp,m,25-34,173,Smear Positive
Panama,1997,sp,m,35-44,117,Smear Positive
Panama,1997,sp,m,45-54,75,Smear Positive
Panama,1997,sp,m,55-64,70,Smear Positive
Panama,1997,sp,m,65+,39,Smear Positive
Panama,1997,sp,f,0-14,23,Smear Positive
Panama,1997,sp,f,15-24,45,Smear Positive
Panama,1997,sp,f,25-34,86,Smear Positive
Panama,1997,sp,f,35-44,46,Smear Positive
Panama,1997,sp,f,45-54,23,Smear Positive
Panama,1997,sp,f,55-64,26,Smear Positive
Panama,1997,sp,f,65+,19,Smear Positive
Panama,1998,sp,m,0-14,2,Smear Positive
Panama,1998,sp,m,15-24,14,Smear Positive
Panama,1998,sp,m,25-34,14,Smear Positive
Panama,1998,sp,m,35-44,10,Smear Positive
Panama,1998,sp,m,45-54,4,Smear Positive
Panama,1998,sp,m,55-64,3,Smear Positive
Panama,1998,sp,m,65+,5,Smear Positive
Panama,1998,sp,f,0-14,1,Smear Positive
Panama,1998,sp,f,15-24,9,Smear Positive
Panama,1998,sp,f,25-34,13,Smear Positive
Panama,1998,sp,f,35-44,7,Smear Positive
Panama,1998,sp,f,45-54,3,Smear Positive
Panama,1998,sp,f,55-64,1,Smear Positive
Panama,1998,sp,f,65+,2,Smear Positive
Panama,1999,sp,m,0-14,38,Smear Positive
Panama,1999,sp,m,15-24,107,Smear Positive
Panama,1999,sp,m,25-34,209,Smear Positive
Panama,1999,sp,m,35-44,134,Smear Positive
Panama,1999,sp,m,45-54,106,Smear Positive
Panama,1999,sp,m,55-64,81,Smear Positive
Panama,1999,sp,m,65+,72,Smear Positive
Panama,1999,sp,f,0-14,53,Smear Positive
Panama,1999,sp,f,15-24,83,Smear Positive
Panama,1999,sp,f,25-34,100,Smear Positive
Panama,1999,sp,f,35-44,62,Smear Positive
Panama,1999,sp,f,45-54,52,Smear Positive
Panama,1999,sp,f,55-64,43,Smear Positive
Panama,1999,sp,f,65+,37,Smear Positive
Panama,2000,sp,m,0-14,3,Smear Positive
Panama,2000,sp,m,15-24,44,Smear Positive
Panama,2000,sp,m,25-34,78,Smear Positive
Panama,2000,sp,m,35-44,61,Smear Positive
Panama,2000,sp,m,45-54,37,Smear Positive
Panama,2000,sp,m,55-64,27,Smear Positive
Panama,2000,sp,m,65+,26,Smear Positive
Panama,2000,sp,f,0-14,6,Smear Positive
Panama,2000,sp,f,15-24,43,Smear Positive
Panama,2000,sp,f,25-34,34,Smear Positive
Panama,2000,sp,f,35-44,35,Smear Positive
Panama,2000,sp,f,45-54,19,Smear Positive
Panama,2000,sp,f,55-64,12,Smear Positive
Panama,2000,sp,f,65+,16,Smear Positive
Panama,2001,sp,m,0-14,7,Smear Positive
Panama,2001,sp,m,15-24,58,Smear Positive
Panama,2001,sp,m,25-34,109,Smear Positive
Panama,2001,sp,m,35-44,89,Smear Positive
Panama,2001,sp,m,45-54,73,Smear Positive
Panama,2001,sp,m,55-64,50,Smear Positive
Panama,2001,sp,m,65+,39,Smear Positive
Panama,2001,sp,f,0-14,9,Smear Positive
Panama,2001,sp,f,15-24,45,Smear Positive
Panama,2001,sp,f,25-34,70,Smear Positive
Panama,2001,sp,f,35-44,46,Smear Positive
Panama,2001,sp,f,45-54,27,Smear Positive
Panama,2001,sp,f,55-64,12,Smear Positive
Panama,2001,sp,f,65+,23,Smear Positive
Panama,2002,sp,m,0-14,7,Smear Positive
Panama,2002,sp,m,15-24,89,Smear Positive
Panama,2002,sp,m,25-34,108,Smear Positive
Panama,2002,sp,m,35-44,101,Smear Positive
Panama,2002,sp,m,45-54,76,Smear Positive
Panama,2002,sp,m,55-64,68,Smear Positive
Panama,2002,sp,m,65+,68,Smear Positive
Panama,2002,sp,f,0-14,7,Smear Positive
Panama,2002,sp,f,15-24,50,Smear Positive
Panama,2002,sp,f,25-34,54,Smear Positive
Panama,2002,sp,f,35-44,59,Smear Positive
Panama,2002,sp,f,45-54,29,Smear Positive
Panama,2002,sp,f,55-64,18,Smear Positive
Panama,2002,sp,f,65+,34,Smear Positive
Panama,2003,sp,m,0-14,10,Smear Positive
Panama,2003,sp,m,15-24,91,Smear Positive
Panama,2003,sp,m,25-34,122,Smear Positive
Panama,2003,sp,m,35-44,81,Smear Positive
Panama,2003,sp,m,45-54,74,Smear Positive
Panama,2003,sp,m,55-64,61,Smear Positive
Panama,2003,sp,m,65+,67,Smear Positive
Panama,2003,sp,f,0-14,14,Smear Positive
Panama,2003,sp,f,15-24,51,Smear Positive
Panama,2003,sp,f,25-34,77,Smear Positive
Panama,2003,sp,f,35-44,50,Smear Positive
Panama,2003,sp,f,45-54,30,Smear Positive
Panama,2003,sp,f,55-64,24,Smear Positive
Panama,2003,sp,f,65+,28,Smear Positive
Panama,2004,sp,m,0-14,16,Smear Positive
Panama,2004,sp,m,15-24,89,Smear Positive
Panama,2004,sp,m,25-34,123,Smear Positive
Panama,2004,sp,m,35-44,118,Smear Positive
Panama,2004,sp,m,45-54,91,Smear Positive
Panama,2004,sp,m,55-64,65,Smear Positive
Panama,2004,sp,m,65+,50,Smear Positive
Panama,2004,sp,f,0-14,9,Smear Positive
Panama,2004,sp,f,15-24,98,Smear Positive
Panama,2004,sp,f,25-34,66,Smear Positive
Panama,2004,sp,f,35-44,59,Smear Positive
Panama,2004,sp,f,45-54,33,Smear Positive
Panama,2004,sp,f,55-64,34,Smear Positive
Panama,2004,sp,f,65+,33,Smear Positive
Panama,2005,sp,m,0-14,5,Smear Positive
Panama,2005,sp,m,15-24,76,Smear Positive
Panama,2005,sp,m,25-34,129,Smear Positive
Panama,2005,sp,m,35-44,129,Smear Positive
Panama,2005,sp,m,45-54,84,Smear Positive
Panama,2005,sp,m,55-64,57,Smear Positive
Panama,2005,sp,m,65+,49,Smear Positive
Panama,2005,sp,f,0-14,11,Smear Positive
Panama,2005,sp,f,15-24,73,Smear Positive
Panama,2005,sp,f,25-34,81,Smear Positive
Panama,2005,sp,f,35-44,62,Smear Positive
Panama,2005,sp,f,45-54,33,Smear Positive
Panama,2005,sp,f,55-64,30,Smear Positive
Panama,2005,sp,f,65+,41,Smear Positive
Panama,2006,sp,m,0-14,7,Smear Positive
Panama,2006,sp,m,15-24,100,Smear Positive
Panama,2006,sp,m,25-34,134,Smear Positive
Panama,2006,sp,m,35-44,107,Smear Positive
Panama,2006,sp,m,45-54,88,Smear Positive
Panama,2006,sp,m,55-64,48,Smear Positive
Panama,2006,sp,m,65+,57,Smear Positive
Panama,2006,sp,f,0-14,14,Smear Positive
Panama,2006,sp,f,15-24,64,Smear Positive
Panama,2006,sp,f,25-34,83,Smear Positive
Panama,2006,sp,f,35-44,52,Smear Positive
Panama,2006,sp,f,45-54,45,Smear Positive
Panama,2006,sp,f,55-64,26,Smear Positive
Panama,2006,sp,f,65+,33,Smear Positive
Panama,2006,sn,m,0-14,75,Smear Negative
Panama,2006,sn,m,15-24,59,Smear Negative
Panama,2006,sn,m,25-34,96,Smear Negative
Panama,2006,sn,m,35-44,96,Smear Negative
Panama,2006,sn,m,45-54,57,Smear Negative
Panama,2006,sn,m,55-64,41,Smear Negative
Panama,2006,sn,m,65+,34,Smear Negative
Panama,2006,sn,f,0-14,75,Smear Negative
Panama,2006,sn,f,15-24,47,Smear Negative
Panama,2006,sn,f,25-34,38,Smear Negative
Panama,2006,sn,f,35-44,37,Smear Negative
Panama,2006,sn,f,45-54,22,Smear Negative
Panama,2006,sn,f,55-64,18,Smear Negative
Panama,2006,sn,f,65+,23,Smear Negative
Panama,2006,ep,m,0-14,16,Extrapulmonary
Panama,2006,ep,m,15-24,20,Extrapulmonary
Panama,2006,ep,m,25-34,50,Extrapulmonary
Panama,2006,ep,m,35-44,35,Extrapulmonary
Panama,2006,ep,m,45-54,21,Extrapulmonary
Panama,2006,ep,m,55-64,11,Extrapulmonary
Panama,2006,ep,m,65+,12,Extrapulmonary
Panama,2006,ep,f,0-14,12,Extrapulmonary
Panama,2006,ep,f,15-24,19,Extrapulmonary
Panama,2006,ep,f,25-34,17,Extrapulmonary
Panama,2006,ep,f,35-44,15,Extrapulmonary
Panama,2006,ep,f,45-54,10,Extrapulmonary
Panama,2006,ep,f,55-64,5,Extrapulmonary
Panama,2006,ep,f,65+,11,Extrapulmonary
Panama,2007,sp,m,0-14,7,Smear Positive
Panama,2007,sp,m,15-24,106,Smear Positive
Panama,2007,sp,m,25-34,139,Smear Positive
Panama,2007,sp,m,35-44,116,Smear Positive
Panama,2007,sp,m,45-54,81,Smear Positive
Panama,2007,sp,m,55-64,50,Smear Positive
Panama,2007,sp,m,65+,61,Smear Positive
Panama,2007,sp,f,0-14,7,Smear Positive
Panama,2007,sp,f,15-24,56,Smear Positive
Panama,2007,sp,f,25-34,74,Smear Positive
Panama,2007,sp,f,35-44,59,Smear Positive
Panama,2007,sp,f,45-54,33,Smear Positive
Panama,2007,sp,f,55-64,21,Smear Positive
Panama,2007,sp,f,65+,23,Smear Positive
Panama,2007,sn,m,0-14,49,Smear Negative
Panama,2007,sn,m,15-24,39,Smear Negative
Panama,2007,sn,m,25-34,51,Smear Negative
Panama,2007,sn,m,35-44,57,Smear Negative
Panama,2007,sn,m,45-54,48,Smear Negative
Panama,2007,sn,m,55-64,30,Smear Negative
Panama,2007,sn,m,65+,25,Smear Negative
Panama,2007,sn,f,0-14,46,Smear Negative
Panama,2007,sn,f,15-24,22,Smear Negative
Panama,2007,sn,f,25-34,27,Smear Negative
Panama,2007,sn,f,35-44,31,Smear Negative
Panama,2007,sn,f,45-54,14,Smear Negative
Panama,2007,sn,f,55-64,20,Smear Negative
Panama,2007,sn,f,65+,11,Smear Negative
Panama,2007,ep,m,0-14,11,Extrapulmonary
Panama,2007,ep,m,15-24,24,Extrapulmonary
Panama,2007,ep,m,25-34,40,Extrapulmonary
Panama,2007,ep,m,35-44,33,Extrapulmonary
Panama,2007,ep,m,45-54,13,Extrapulmonary
Panama,2007,ep,m,55-64,13,Extrapulmonary
Panama,2007,ep,m,65+,18,Extrapulmonary
Panama,2007,ep,f,0-14,11,Extrapulmonary
Panama,2007,ep,f,15-24,11,Extrapulmonary
Panama,2007,ep,f,25-34,20,Extrapulmonary
Panama,2007,ep,f,35-44,18,Extrapulmonary
Panama,2007,ep,f,45-54,4,Extrapulmonary
Panama,2007,ep,f,55-64,8,Extrapulmonary
Panama,2007,ep,f,65+,14,Extrapulmonary
Panama,2008,sp,m,0-14,9,Smear Positive
Panama,2008,sp,m,15-24,102,Smear Positive
Panama,2008,sp,m,25-34,123,Smear Positive
Panama,2008,sp,m,35-44,99,Smear Positive
Panama,2008,sp,m,45-54,114,Smear Positive
Panama,2008,sp,m,55-64,63,Smear Positive
Panama,2008,sp,m,65+,65,Smear Positive
Panama,2008,sp,f,0-14,10,Smear Positive
Panama,2008,sp,f,15-24,59,Smear Positive
Panama,2008,sp,f,25-34,76,Smear Positive
Panama,2008,sp,f,35-44,58,Smear Positive
Panama,2008,sp,f,45-54,48,Smear Positive
Panama,2008,sp,f,55-64,30,Smear Positive
Panama,2008,sp,f,65+,27,Smear Positive
Panama,2008,sn,m,0-14,42,Smear Negative
Panama,2008,sn,m,15-24,35,Smear Negative
Panama,2008,sn,m,25-34,45,Smear Negative
Panama,2008,sn,m,35-44,48,Smear Negative
Panama,2008,sn,m,45-54,39,Smear Negative
Panama,2008,sn,m,55-64,26,Smear Negative
Panama,2008,sn,m,65+,33,Smear Negative
Panama,2008,sn,f,0-14,36,Smear Negative
Panama,2008,sn,f,15-24,15,Smear Negative
Panama,2008,sn,f,25-34,26,Smear Negative
Panama,2008,sn,f,35-44,14,Smear Negative
Panama,2008,sn,f,45-54,11,Smear Negative
Panama,2008,sn,f,55-64,18,Smear Negative
Panama,2008,sn,f,65+,7,Smear Negative
Panama,2008,ep,m,0-14,18,Extrapulmonary
Panama,2008,ep,m,15-24,19,Extrapulmonary
Panama,2008,ep,m,25-34,37,Extrapulmonary
Panama,2008,ep,m,35-44,40,Extrapulmonary
Panama,2008,ep,m,45-54,23,Extrapulmonary
Panama,2008,ep,m,55-64,9,Extrapulmonary
Panama,2008,ep,m,65+,20,Extrapulmonary
Panama,2008,ep,f,0-14,15,Extrapulmonary
Panama,2008,ep,f,15-24,18,Extrapulmonary
Panama,2008,ep,f,25-34,17,Extrapulmonary
Panama,2008,ep,f,35-44,16,Extrapulmonary
Panama,2008,ep,f,45-54,7,Extrapulmonary
Panama,2008,ep,f,55-64,7,Extrapulmonary
Panama,2008,ep,f,65+,16,Extrapulmonary
Panama,2009,sp,m,0-14,10,Smear Positive
Panama,2009,sp,m,15-24,58,Smear Positive
Panama,2009,sp,m,25-34,101,Smear Positive
Panama,2009,sp,m,35-44,110,Smear Positive
Panama,2009,sp,m,45-54,69,Smear Positive
Panama,2009,sp,m,55-64,57,Smear Positive
Panama,2009,sp,m,65+,63,Smear Positive
Panama,2009,sp,f,0-14,6,Smear Positive
Panama,2009,sp,f,15-24,59,Smear Positive
Panama,2009,sp,f,25-34,68,Smear Positive
Panama,2009,sp,f,35-44,68,Smear Positive
Panama,2009,sp,f,45-54,43,Smear Positive
Panama,2009,sp,f,55-64,24,Smear Positive
Panama,2009,sp,f,65+,32,Smear Positive
Panama,2009,sn,m,0-14,56,Smear Negative
Panama,2009,sn,m,15-24,31,Smear Negative
Panama,2009,sn,m,25-34,52,Smear Negative
Panama,2009,sn,m,35-44,49,Smear Negative
Panama,2009,sn,m,45-54,34,Smear Negative
Panama,2009,sn,m,55-64,21,Smear Negative
Panama,2009,sn,m,65+,25,Smear Negative
Panama,2009,sn,f,0-14,55,Smear Negative
Panama,2009,sn,f,15-24,18,Smear Negative
Panama,2009,sn,f,25-34,28,Smear Negative
Panama,2009,sn,f,35-44,26,Smear Negative
Panama,2009,sn,f,45-54,10,Smear Negative
Panama,2009,sn,f,55-64,12,Smear Negative
Panama,2009,sn,f,65+,19,Smear Negative
Panama,2009,ep,m,0-14,14,Extrapulmonary
Panama,2009,ep,m,15-24,34,Extrapulmonary
Panama,2009,ep,m,25-34,43,Extrapulmonary
Panama,2009,ep,m,35-44,33,Extrapulmonary
Panama,2009,ep,m,45-54,16,Extrapulmonary
Panama,2009,ep,m,55-64,24,Extrapulmonary
Panama,2009,ep,m,65+,24,Extrapulmonary
Panama,2009,ep,f,0-14,19,Extrapulmonary
Panama,2009,ep,f,15-24,19,Extrapulmonary
Panama,2009,ep,f,25-34,21,Extrapulmonary
Panama,2009,ep,f,35-44,15,Extrapulmonary
Panama,2009,ep,f,45-54,11,Extrapulmonary
Panama,2009,ep,f,55-64,6,Extrapulmonary
Panama,2009,ep,f,65+,8,Extrapulmonary
Panama,2010,sp,m,0-14,6,Smear Positive
Panama,2010,sp,m,15-24,70,Smear Positive
Panama,2010,sp,m,25-34,123,Smear Positive
Panama,2010,sp,m,35-44,81,Smear Positive
Panama,2010,sp,m,45-54,65,Smear Positive
Panama,2010,sp,m,55-64,61,Smear Positive
Panama,2010,sp,m,65+,51,Smear Positive
Panama,2010,sp,f,0-14,6,Smear Positive
Panama,2010,sp,f,15-24,55,Smear Positive
Panama,2010,sp,f,25-34,55,Smear Positive
Panama,2010,sp,f,35-44,46,Smear Positive
Panama,2010,sp,f,45-54,43,Smear Positive
Panama,2010,sp,f,55-64,24,Smear Positive
Panama,2010,sp,f,65+,31,Smear Positive
Panama,2010,sn,m,0-14,65,Smear Negative
Panama,2010,sn,m,15-24,43,Smear Negative
Panama,2010,sn,m,25-34,48,Smear Negative
Panama,2010,sn,m,35-44,41,Smear Negative
Panama,2010,sn,m,45-54,32,Smear Negative
Panama,2010,sn,m,55-64,32,Smear Negative
Panama,2010,sn,m,65+,37,Smear Negative
Panama,2010,sn,f,0-14,50,Smear Negative
Panama,2010,sn,f,15-24,17,Smear Negative
Panama,2010,sn,f,25-34,21,Smear Negative
Panama,2010,sn,f,35-44,15,Smear Negative
Panama,2010,sn,f,45-54,24,Smear Negative
Panama,2010,sn,f,55-64,6,Smear Negative
Panama,2010,sn,f,65+,14,Smear Negative
Panama,2010,ep,m,0-14,22,Extrapulmonary
Panama,2010,ep,m,15-24,29,Extrapulmonary
Panama,2010,ep,m,25-34,51,Extrapulmonary
Panama,2010,ep,m,35-44,54,Extrapulmonary
Panama,2010,ep,m,45-54,18,Extrapulmonary
Panama,2010,ep,m,55-64,19,Extrapulmonary
Panama,2010,ep,m,65+,15,Extrapulmonary
Panama,2010,ep,f,0-14,25,Extrapulmonary
Panama,2010,ep,f,15-24,15,Extrapulmonary
Panama,2010,ep,f,25-34,18,Extrapulmonary
Panama,2010,ep,f,35-44,14,Extrapulmonary
Panama,2010,ep,f,45-54,8,Extrapulmonary
Panama,2010,ep,f,55-64,6,Extrapulmonary
Panama,2010,ep,f,65+,8,Extrapulmonary
Panama,2011,sp,m,0-14,10,Smear Positive
Panama,2011,sp,m,15-24,100,Smear Positive
Panama,2011,sp,m,25-34,108,Smear Positive
Panama,2011,sp,m,35-44,94,Smear Positive
Panama,2011,sp,m,45-54,105,Smear Positive
Panama,2011,sp,m,55-64,62,Smear Positive
Panama,2011,sp,m,65+,48,Smear Positive
Panama,2011,sp,f,0-14,10,Smear Positive
Panama,2011,sp,f,15-24,57,Smear Positive
Panama,2011,sp,f,25-34,65,Smear Positive
Panama,2011,sp,f,35-44,63,Smear Positive
Panama,2011,sp,f,45-54,46,Smear Positive
Panama,2011,sp,f,55-64,43,Smear Positive
Panama,2011,sp,f,65+,50,Smear Positive
Panama,2011,sn,m,0-14,48,Smear Negative
Panama,2011,sn,m,15-24,28,Smear Negative
Panama,2011,sn,m,25-34,54,Smear Negative
Panama,2011,sn,m,35-44,62,Smear Negative
Panama,2011,sn,m,45-54,33,Smear Negative
Panama,2011,sn,m,55-64,28,Smear Negative
Panama,2011,sn,m,65+,27,Smear Negative
Panama,2011,sn,f,0-14,46,Smear Negative
Panama,2011,sn,f,15-24,20,Smear Negative
Panama,2011,sn,f,25-34,25,Smear Negative
Panama,2011,sn,f,35-44,22,Smear Negative
Panama,2011,sn,f,45-54,9,Smear Negative
Panama,2011,sn,f,55-64,8,Smear Negative
Panama,2011,sn,f,65+,30,Smear Negative
Panama,2011,ep,m,0-14,13,Extrapulmonary
Panama,2011,ep,m,15-24,18,Extrapulmonary
Panama,2011,ep,m,25-34,33,Extrapulmonary
Panama,2011,ep,m,35-44,39,Extrapulmonary
Panama,2011,ep,m,45-54,19,Extrapulmonary
Panama,2011,ep,m,55-64,19,Extrapulmonary
Panama,2011,ep,m,65+,13,Extrapulmonary
Panama,2011,ep,f,0-14,13,Extrapulmonary
Panama,2011,ep,f,15-24,19,Extrapulmonary
Panama,2011,ep,f,25-34,14,Extrapulmonary
Panama,2011,ep,f,35-44,5,Extrapulmonary
Panama,2011,ep,f,45-54,9,Extrapulmonary
Panama,2011,ep,f,55-64,7,Extrapulmonary
Panama,2011,ep,f,65+,13,Extrapulmonary
Panama,2012,sp,m,0-14,19,Smear Positive
Panama,2012,sp,m,15-24,88,Smear Positive
Panama,2012,sp,m,25-34,103,Smear Positive
Panama,2012,sp,m,35-44,104,Smear Positive
Panama,2012,sp,m,45-54,67,Smear Positive
Panama,2012,sp,m,55-64,51,Smear Positive
Panama,2012,sp,m,65+,61,Smear Positive
Panama,2012,sp,f,0-14,9,Smear Positive
Panama,2012,sp,f,15-24,62,Smear Positive
Panama,2012,sp,f,25-34,57,Smear Positive
Panama,2012,sp,f,35-44,45,Smear Positive
Panama,2012,sp,f,45-54,46,Smear Positive
Panama,2012,sp,f,55-64,22,Smear Positive
Panama,2012,sp,f,65+,44,Smear Positive
Panama,2012,sn,m,0-14,72,Smear Negative
Panama,2012,sn,m,15-24,39,Smear Negative
Panama,2012,sn,m,25-34,57,Smear Negative
Panama,2012,sn,m,35-44,32,Smear Negative
Panama,2012,sn,m,45-54,35,Smear Negative
Panama,2012,sn,m,55-64,28,Smear Negative
Panama,2012,sn,m,65+,23,Smear Negative
Panama,2012,sn,f,0-14,35,Smear Negative
Panama,2012,sn,f,15-24,20,Smear Negative
Panama,2012,sn,f,25-34,23,Smear Negative
Panama,2012,sn,f,35-44,27,Smear Negative
Panama,2012,sn,f,45-54,16,Smear Negative
Panama,2012,sn,f,55-64,13,Smear Negative
Panama,2012,sn,f,65+,14,Smear Negative
Panama,2012,ep,m,0-14,21,Extrapulmonary
Panama,2012,ep,m,15-24,35,Extrapulmonary
Panama,2012,ep,m,25-34,50,Extrapulmonary
Panama,2012,ep,m,35-44,29,Extrapulmonary
Panama,2012,ep,m,45-54,17,Extrapulmonary
Panama,2012,ep,m,55-64,14,Extrapulmonary
Panama,2012,ep,m,65+,15,Extrapulmonary
Panama,2012,ep,f,0-14,8,Extrapulmonary
Panama,2012,ep,f,15-24,11,Extrapulmonary
Panama,2012,ep,f,25-34,13,Extrapulmonary
Panama,2012,ep,f,35-44,12,Extrapulmonary
Panama,2012,ep,f,45-54,7,Extrapulmonary
Panama,2012,ep,f,55-64,6,Extrapulmonary
Panama,2012,ep,f,65+,10,Extrapulmonary
Panama,2013,rel,m,0-14,54,Relapse
Panama,2013,rel,m,15-24,142,Relapse
Panama,2013,rel,m,25-34,217,Relapse
Panama,2013,rel,m,35-44,161,Relapse
Panama,2013,rel,m,45-54,150,Relapse
Panama,2013,rel,m,55-64,74,Relapse
Panama,2013,rel,m,65+,114,Relapse
Panama,2013,rel,f,0-14,59,Relapse
Panama,2013,rel,f,15-24,89,Relapse
Panama,2013,rel,f,25-34,103,Relapse
Panama,2013,rel,f,35-44,80,Relapse
Panama,2013,rel,f,45-54,64,Relapse
Panama,2013,rel,f,55-64,47,Relapse
Panama,2013,rel,f,65+,70,Relapse
Papua New Guinea,1996,sp,m,0-14,11,Smear Positive
Papua New Guinea,1996,sp,m,15-24,31,Smear Positive
Papua New Guinea,1996,sp,m,25-34,25,Smear Positive
Papua New Guinea,1996,sp,m,35-44,18,Smear Positive
Papua New Guinea,1996,sp,m,45-54,4,Smear Positive
Papua New Guinea,1996,sp,m,55-64,3,Smear Positive
Papua New Guinea,1996,sp,m,65+,2,Smear Positive
Papua New Guinea,1996,sp,f,0-14,11,Smear Positive
Papua New Guinea,1996,sp,f,15-24,41,Smear Positive
Papua New Guinea,1996,sp,f,25-34,30,Smear Positive
Papua New Guinea,1996,sp,f,35-44,11,Smear Positive
Papua New Guinea,1996,sp,f,45-54,10,Smear Positive
Papua New Guinea,1996,sp,f,55-64,6,Smear Positive
Papua New Guinea,1996,sp,f,65+,2,Smear Positive
Papua New Guinea,1997,sp,m,0-14,2,Smear Positive
Papua New Guinea,1997,sp,m,15-24,9,Smear Positive
Papua New Guinea,1997,sp,m,25-34,8,Smear Positive
Papua New Guinea,1997,sp,m,35-44,5,Smear Positive
Papua New Guinea,1997,sp,m,45-54,2,Smear Positive
Papua New Guinea,1997,sp,m,55-64,2,Smear Positive
Papua New Guinea,1997,sp,m,65+,0,Smear Positive
Papua New Guinea,1997,sp,f,0-14,1,Smear Positive
Papua New Guinea,1997,sp,f,15-24,11,Smear Positive
Papua New Guinea,1997,sp,f,25-34,5,Smear Positive
Papua New Guinea,1997,sp,f,35-44,3,Smear Positive
Papua New Guinea,1997,sp,f,45-54,1,Smear Positive
Papua New Guinea,1997,sp,f,55-64,0,Smear Positive
Papua New Guinea,1997,sp,f,65+,0,Smear Positive
Papua New Guinea,1998,sp,m,0-14,9,Smear Positive
Papua New Guinea,1998,sp,m,15-24,69,Smear Positive
Papua New Guinea,1998,sp,m,25-34,57,Smear Positive
Papua New Guinea,1998,sp,m,35-44,30,Smear Positive
Papua New Guinea,1998,sp,m,45-54,25,Smear Positive
Papua New Guinea,1998,sp,m,55-64,14,Smear Positive
Papua New Guinea,1998,sp,m,65+,4,Smear Positive
Papua New Guinea,1998,sp,f,0-14,11,Smear Positive
Papua New Guinea,1998,sp,f,15-24,94,Smear Positive
Papua New Guinea,1998,sp,f,25-34,51,Smear Positive
Papua New Guinea,1998,sp,f,35-44,27,Smear Positive
Papua New Guinea,1998,sp,f,45-54,21,Smear Positive
Papua New Guinea,1998,sp,f,55-64,3,Smear Positive
Papua New Guinea,1998,sp,f,65+,1,Smear Positive
Papua New Guinea,1999,sp,m,0-14,1,Smear Positive
Papua New Guinea,1999,sp,m,15-24,33,Smear Positive
Papua New Guinea,1999,sp,m,25-34,25,Smear Positive
Papua New Guinea,1999,sp,m,35-44,9,Smear Positive
Papua New Guinea,1999,sp,m,45-54,8,Smear Positive
Papua New Guinea,1999,sp,m,55-64,3,Smear Positive
Papua New Guinea,1999,sp,m,65+,0,Smear Positive
Papua New Guinea,1999,sp,f,0-14,0,Smear Positive
Papua New Guinea,1999,sp,f,15-24,32,Smear Positive
Papua New Guinea,1999,sp,f,25-34,20,Smear Positive
Papua New Guinea,1999,sp,f,35-44,13,Smear Positive
Papua New Guinea,1999,sp,f,45-54,6,Smear Positive
Papua New Guinea,1999,sp,f,55-64,0,Smear Positive
Papua New Guinea,1999,sp,f,65+,1,Smear Positive
Papua New Guinea,2000,sp,m,0-14,8,Smear Positive
Papua New Guinea,2000,sp,m,15-24,87,Smear Positive
Papua New Guinea,2000,sp,m,25-34,70,Smear Positive
Papua New Guinea,2000,sp,m,35-44,30,Smear Positive
Papua New Guinea,2000,sp,m,45-54,21,Smear Positive
Papua New Guinea,2000,sp,m,55-64,12,Smear Positive
Papua New Guinea,2000,sp,m,65+,5,Smear Positive
Papua New Guinea,2000,sp,f,0-14,6,Smear Positive
Papua New Guinea,2000,sp,f,15-24,77,Smear Positive
Papua New Guinea,2000,sp,f,25-34,45,Smear Positive
Papua New Guinea,2000,sp,f,35-44,21,Smear Positive
Papua New Guinea,2000,sp,f,45-54,15,Smear Positive
Papua New Guinea,2000,sp,f,55-64,5,Smear Positive
Papua New Guinea,2000,sp,f,65+,1,Smear Positive
Papua New Guinea,2001,sp,m,0-14,4,Smear Positive
Papua New Guinea,2001,sp,m,15-24,101,Smear Positive
Papua New Guinea,2001,sp,m,25-34,72,Smear Positive
Papua New Guinea,2001,sp,m,35-44,29,Smear Positive
Papua New Guinea,2001,sp,m,45-54,26,Smear Positive
Papua New Guinea,2001,sp,m,55-64,9,Smear Positive
Papua New Guinea,2001,sp,m,65+,4,Smear Positive
Papua New Guinea,2001,sp,f,0-14,7,Smear Positive
Papua New Guinea,2001,sp,f,15-24,91,Smear Positive
Papua New Guinea,2001,sp,f,25-34,64,Smear Positive
Papua New Guinea,2001,sp,f,35-44,32,Smear Positive
Papua New Guinea,2001,sp,f,45-54,17,Smear Positive
Papua New Guinea,2001,sp,f,55-64,5,Smear Positive
Papua New Guinea,2001,sp,f,65+,1,Smear Positive
Papua New Guinea,2002,sp,m,0-14,18,Smear Positive
Papua New Guinea,2002,sp,m,15-24,139,Smear Positive
Papua New Guinea,2002,sp,m,25-34,133,Smear Positive
Papua New Guinea,2002,sp,m,35-44,74,Smear Positive
Papua New Guinea,2002,sp,m,45-54,62,Smear Positive
Papua New Guinea,2002,sp,m,55-64,37,Smear Positive
Papua New Guinea,2002,sp,m,65+,6,Smear Positive
Papua New Guinea,2002,sp,f,0-14,22,Smear Positive
Papua New Guinea,2002,sp,f,15-24,160,Smear Positive
Papua New Guinea,2002,sp,f,25-34,149,Smear Positive
Papua New Guinea,2002,sp,f,35-44,60,Smear Positive
Papua New Guinea,2002,sp,f,45-54,47,Smear Positive
Papua New Guinea,2002,sp,f,55-64,18,Smear Positive
Papua New Guinea,2002,sp,f,65+,1,Smear Positive
Papua New Guinea,2003,sp,m,0-14,17,Smear Positive
Papua New Guinea,2003,sp,m,15-24,190,Smear Positive
Papua New Guinea,2003,sp,m,25-34,153,Smear Positive
Papua New Guinea,2003,sp,m,35-44,96,Smear Positive
Papua New Guinea,2003,sp,m,45-54,65,Smear Positive
Papua New Guinea,2003,sp,m,55-64,32,Smear Positive
Papua New Guinea,2003,sp,m,65+,7,Smear Positive
Papua New Guinea,2003,sp,f,0-14,28,Smear Positive
Papua New Guinea,2003,sp,f,15-24,193,Smear Positive
Papua New Guinea,2003,sp,f,25-34,171,Smear Positive
Papua New Guinea,2003,sp,f,35-44,59,Smear Positive
Papua New Guinea,2003,sp,f,45-54,29,Smear Positive
Papua New Guinea,2003,sp,f,55-64,20,Smear Positive
Papua New Guinea,2003,sp,f,65+,7,Smear Positive
Papua New Guinea,2004,sp,m,0-14,28,Smear Positive
Papua New Guinea,2004,sp,m,15-24,153,Smear Positive
Papua New Guinea,2004,sp,m,25-34,138,Smear Positive
Papua New Guinea,2004,sp,m,35-44,90,Smear Positive
Papua New Guinea,2004,sp,m,45-54,61,Smear Positive
Papua New Guinea,2004,sp,m,55-64,43,Smear Positive
Papua New Guinea,2004,sp,m,65+,6,Smear Positive
Papua New Guinea,2004,sp,f,0-14,30,Smear Positive
Papua New Guinea,2004,sp,f,15-24,164,Smear Positive
Papua New Guinea,2004,sp,f,25-34,161,Smear Positive
Papua New Guinea,2004,sp,f,35-44,66,Smear Positive
Papua New Guinea,2004,sp,f,45-54,38,Smear Positive
Papua New Guinea,2004,sp,f,55-64,18,Smear Positive
Papua New Guinea,2004,sp,f,65+,3,Smear Positive
Papua New Guinea,2005,sp,m,0-14,28,Smear Positive
Papua New Guinea,2005,sp,m,15-24,183,Smear Positive
Papua New Guinea,2005,sp,m,25-34,205,Smear Positive
Papua New Guinea,2005,sp,m,35-44,108,Smear Positive
Papua New Guinea,2005,sp,m,45-54,94,Smear Positive
Papua New Guinea,2005,sp,m,55-64,48,Smear Positive
Papua New Guinea,2005,sp,m,65+,12,Smear Positive
Papua New Guinea,2005,sp,f,0-14,38,Smear Positive
Papua New Guinea,2005,sp,f,15-24,200,Smear Positive
Papua New Guinea,2005,sp,f,25-34,204,Smear Positive
Papua New Guinea,2005,sp,f,35-44,124,Smear Positive
Papua New Guinea,2005,sp,f,45-54,65,Smear Positive
Papua New Guinea,2005,sp,f,55-64,35,Smear Positive
Papua New Guinea,2005,sp,f,65+,2,Smear Positive
Papua New Guinea,2006,sp,m,0-14,32,Smear Positive
Papua New Guinea,2006,sp,m,15-24,221,Smear Positive
Papua New Guinea,2006,sp,m,25-34,220,Smear Positive
Papua New Guinea,2006,sp,m,35-44,122,Smear Positive
Papua New Guinea,2006,sp,m,45-54,84,Smear Positive
Papua New Guinea,2006,sp,m,55-64,48,Smear Positive
Papua New Guinea,2006,sp,m,65+,3,Smear Positive
Papua New Guinea,2006,sp,f,0-14,41,Smear Positive
Papua New Guinea,2006,sp,f,15-24,226,Smear Positive
Papua New Guinea,2006,sp,f,25-34,215,Smear Positive
Papua New Guinea,2006,sp,f,35-44,142,Smear Positive
Papua New Guinea,2006,sp,f,45-54,75,Smear Positive
Papua New Guinea,2006,sp,f,55-64,24,Smear Positive
Papua New Guinea,2006,sp,f,65+,3,Smear Positive
Papua New Guinea,2007,sp,m,0-14,16,Smear Positive
Papua New Guinea,2007,sp,m,15-24,178,Smear Positive
Papua New Guinea,2007,sp,m,25-34,171,Smear Positive
Papua New Guinea,2007,sp,m,35-44,112,Smear Positive
Papua New Guinea,2007,sp,m,45-54,67,Smear Positive
Papua New Guinea,2007,sp,m,55-64,50,Smear Positive
Papua New Guinea,2007,sp,m,65+,6,Smear Positive
Papua New Guinea,2007,sp,f,0-14,32,Smear Positive
Papua New Guinea,2007,sp,f,15-24,148,Smear Positive
Papua New Guinea,2007,sp,f,25-34,153,Smear Positive
Papua New Guinea,2007,sp,f,35-44,84,Smear Positive
Papua New Guinea,2007,sp,f,45-54,36,Smear Positive
Papua New Guinea,2007,sp,f,55-64,15,Smear Positive
Papua New Guinea,2007,sp,f,65+,3,Smear Positive
Papua New Guinea,2008,sp,m,0-14,65,Smear Positive
Papua New Guinea,2008,sp,m,15-24,250,Smear Positive
Papua New Guinea,2008,sp,m,25-34,207,Smear Positive
Papua New Guinea,2008,sp,m,35-44,160,Smear Positive
Papua New Guinea,2008,sp,m,45-54,95,Smear Positive
Papua New Guinea,2008,sp,m,55-64,58,Smear Positive
Papua New Guinea,2008,sp,m,65+,12,Smear Positive
Papua New Guinea,2008,sp,f,0-14,71,Smear Positive
Papua New Guinea,2008,sp,f,15-24,261,Smear Positive
Papua New Guinea,2008,sp,f,25-34,230,Smear Positive
Papua New Guinea,2008,sp,f,35-44,113,Smear Positive
Papua New Guinea,2008,sp,f,45-54,75,Smear Positive
Papua New Guinea,2008,sp,f,55-64,48,Smear Positive
Papua New Guinea,2008,sp,f,65+,10,Smear Positive
Papua New Guinea,2010,sp,m,0-14,37,Smear Positive
Papua New Guinea,2010,sp,m,15-24,279,Smear Positive
Papua New Guinea,2010,sp,m,25-34,260,Smear Positive
Papua New Guinea,2010,sp,m,35-44,196,Smear Positive
Papua New Guinea,2010,sp,m,45-54,135,Smear Positive
Papua New Guinea,2010,sp,m,55-64,87,Smear Positive
Papua New Guinea,2010,sp,m,65+,27,Smear Positive
Papua New Guinea,2010,sp,f,0-14,64,Smear Positive
Papua New Guinea,2010,sp,f,15-24,313,Smear Positive
Papua New Guinea,2010,sp,f,25-34,292,Smear Positive
Papua New Guinea,2010,sp,f,35-44,191,Smear Positive
Papua New Guinea,2010,sp,f,45-54,97,Smear Positive
Papua New Guinea,2010,sp,f,55-64,52,Smear Positive
Papua New Guinea,2010,sp,f,65+,9,Smear Positive
Papua New Guinea,2011,sp,m,0-14,50,Smear Positive
Papua New Guinea,2011,sp,m,15-24,278,Smear Positive
Papua New Guinea,2011,sp,m,25-34,265,Smear Positive
Papua New Guinea,2011,sp,m,35-44,152,Smear Positive
Papua New Guinea,2011,sp,m,45-54,122,Smear Positive
Papua New Guinea,2011,sp,m,55-64,71,Smear Positive
Papua New Guinea,2011,sp,m,65+,18,Smear Positive
Papua New Guinea,2011,sp,f,0-14,53,Smear Positive
Papua New Guinea,2011,sp,f,15-24,302,Smear Positive
Papua New Guinea,2011,sp,f,25-34,272,Smear Positive
Papua New Guinea,2011,sp,f,35-44,146,Smear Positive
Papua New Guinea,2011,sp,f,45-54,97,Smear Positive
Papua New Guinea,2011,sp,f,55-64,55,Smear Positive
Papua New Guinea,2011,sp,f,65+,15,Smear Positive
Papua New Guinea,2012,sp,m,0-14,54,Smear Positive
Papua New Guinea,2012,sp,m,15-24,415,Smear Positive
Papua New Guinea,2012,sp,m,25-34,387,Smear Positive
Papua New Guinea,2012,sp,m,35-44,250,Smear Positive
Papua New Guinea,2012,sp,m,45-54,182,Smear Positive
Papua New Guinea,2012,sp,m,55-64,121,Smear Positive
Papua New Guinea,2012,sp,m,65+,37,Smear Positive
Papua New Guinea,2012,sp,f,0-14,55,Smear Positive
Papua New Guinea,2012,sp,f,15-24,398,Smear Positive
Papua New Guinea,2012,sp,f,25-34,395,Smear Positive
Papua New Guinea,2012,sp,f,35-44,208,Smear Positive
Papua New Guinea,2012,sp,f,45-54,156,Smear Positive
Papua New Guinea,2012,sp,f,55-64,95,Smear Positive
Papua New Guinea,2012,sp,f,65+,29,Smear Positive
Paraguay,1995,sp,m,0-14,18,Smear Positive
Paraguay,1995,sp,m,15-24,64,Smear Positive
Paraguay,1995,sp,m,25-34,71,Smear Positive
Paraguay,1995,sp,m,35-44,96,Smear Positive
Paraguay,1995,sp,m,45-54,74,Smear Positive
Paraguay,1995,sp,m,55-64,57,Smear Positive
Paraguay,1995,sp,m,65+,61,Smear Positive
Paraguay,1995,sp,f,0-14,13,Smear Positive
Paraguay,1995,sp,f,15-24,65,Smear Positive
Paraguay,1995,sp,f,25-34,49,Smear Positive
Paraguay,1995,sp,f,35-44,46,Smear Positive
Paraguay,1995,sp,f,45-54,35,Smear Positive
Paraguay,1995,sp,f,55-64,34,Smear Positive
Paraguay,1995,sp,f,65+,53,Smear Positive
Paraguay,1996,sp,m,0-14,17,Smear Positive
Paraguay,1996,sp,m,15-24,84,Smear Positive
Paraguay,1996,sp,m,25-34,100,Smear Positive
Paraguay,1996,sp,m,35-44,79,Smear Positive
Paraguay,1996,sp,m,45-54,91,Smear Positive
Paraguay,1996,sp,m,55-64,63,Smear Positive
Paraguay,1996,sp,m,65+,49,Smear Positive
Paraguay,1996,sp,f,0-14,16,Smear Positive
Paraguay,1996,sp,f,15-24,80,Smear Positive
Paraguay,1996,sp,f,25-34,91,Smear Positive
Paraguay,1996,sp,f,35-44,50,Smear Positive
Paraguay,1996,sp,f,45-54,50,Smear Positive
Paraguay,1996,sp,f,55-64,48,Smear Positive
Paraguay,1996,sp,f,65+,59,Smear Positive
Paraguay,1997,sp,m,0-14,25,Smear Positive
Paraguay,1997,sp,m,15-24,100,Smear Positive
Paraguay,1997,sp,m,25-34,82,Smear Positive
Paraguay,1997,sp,m,35-44,75,Smear Positive
Paraguay,1997,sp,m,45-54,76,Smear Positive
Paraguay,1997,sp,m,55-64,58,Smear Positive
Paraguay,1997,sp,m,65+,74,Smear Positive
Paraguay,1997,sp,f,0-14,27,Smear Positive
Paraguay,1997,sp,f,15-24,91,Smear Positive
Paraguay,1997,sp,f,25-34,72,Smear Positive
Paraguay,1997,sp,f,35-44,58,Smear Positive
Paraguay,1997,sp,f,45-54,48,Smear Positive
Paraguay,1997,sp,f,55-64,50,Smear Positive
Paraguay,1997,sp,f,65+,42,Smear Positive
Paraguay,1998,sp,m,0-14,14,Smear Positive
Paraguay,1998,sp,m,15-24,100,Smear Positive
Paraguay,1998,sp,m,25-34,101,Smear Positive
Paraguay,1998,sp,m,35-44,96,Smear Positive
Paraguay,1998,sp,m,45-54,82,Smear Positive
Paraguay,1998,sp,m,55-64,66,Smear Positive
Paraguay,1998,sp,m,65+,85,Smear Positive
Paraguay,1998,sp,f,0-14,17,Smear Positive
Paraguay,1998,sp,f,15-24,87,Smear Positive
Paraguay,1998,sp,f,25-34,55,Smear Positive
Paraguay,1998,sp,f,35-44,37,Smear Positive
Paraguay,1998,sp,f,45-54,36,Smear Positive
Paraguay,1998,sp,f,55-64,34,Smear Positive
Paraguay,1998,sp,f,65+,38,Smear Positive
Paraguay,1999,sp,m,0-14,19,Smear Positive
Paraguay,1999,sp,m,15-24,113,Smear Positive
Paraguay,1999,sp,m,25-34,157,Smear Positive
Paraguay,1999,sp,m,35-44,111,Smear Positive
Paraguay,1999,sp,m,45-54,114,Smear Positive
Paraguay,1999,sp,m,55-64,69,Smear Positive
Paraguay,1999,sp,m,65+,67,Smear Positive
Paraguay,1999,sp,f,0-14,22,Smear Positive
Paraguay,1999,sp,f,15-24,84,Smear Positive
Paraguay,1999,sp,f,25-34,72,Smear Positive
Paraguay,1999,sp,f,35-44,56,Smear Positive
Paraguay,1999,sp,f,45-54,43,Smear Positive
Paraguay,1999,sp,f,55-64,48,Smear Positive
Paraguay,1999,sp,f,65+,60,Smear Positive
Paraguay,2000,sp,m,0-14,16,Smear Positive
Paraguay,2000,sp,m,15-24,112,Smear Positive
Paraguay,2000,sp,m,25-34,103,Smear Positive
Paraguay,2000,sp,m,35-44,105,Smear Positive
Paraguay,2000,sp,m,45-54,86,Smear Positive
Paraguay,2000,sp,m,55-64,80,Smear Positive
Paraguay,2000,sp,m,65+,71,Smear Positive
Paraguay,2000,sp,f,0-14,12,Smear Positive
Paraguay,2000,sp,f,15-24,69,Smear Positive
Paraguay,2000,sp,f,25-34,86,Smear Positive
Paraguay,2000,sp,f,35-44,41,Smear Positive
Paraguay,2000,sp,f,45-54,41,Smear Positive
Paraguay,2000,sp,f,55-64,30,Smear Positive
Paraguay,2000,sp,f,65+,46,Smear Positive
Paraguay,2001,sp,m,0-14,18,Smear Positive
Paraguay,2001,sp,m,15-24,114,Smear Positive
Paraguay,2001,sp,m,25-34,106,Smear Positive
Paraguay,2001,sp,m,35-44,85,Smear Positive
Paraguay,2001,sp,m,45-54,89,Smear Positive
Paraguay,2001,sp,m,55-64,74,Smear Positive
Paraguay,2001,sp,m,65+,73,Smear Positive
Paraguay,2001,sp,f,0-14,22,Smear Positive
Paraguay,2001,sp,f,15-24,91,Smear Positive
Paraguay,2001,sp,f,25-34,71,Smear Positive
Paraguay,2001,sp,f,35-44,46,Smear Positive
Paraguay,2001,sp,f,45-54,51,Smear Positive
Paraguay,2001,sp,f,55-64,31,Smear Positive
Paraguay,2001,sp,f,65+,41,Smear Positive
Paraguay,2002,sp,m,0-14,20,Smear Positive
Paraguay,2002,sp,m,15-24,119,Smear Positive
Paraguay,2002,sp,m,25-34,127,Smear Positive
Paraguay,2002,sp,m,35-44,112,Smear Positive
Paraguay,2002,sp,m,45-54,105,Smear Positive
Paraguay,2002,sp,m,55-64,78,Smear Positive
Paraguay,2002,sp,m,65+,78,Smear Positive
Paraguay,2002,sp,f,0-14,12,Smear Positive
Paraguay,2002,sp,f,15-24,88,Smear Positive
Paraguay,2002,sp,f,25-34,83,Smear Positive
Paraguay,2002,sp,f,35-44,50,Smear Positive
Paraguay,2002,sp,f,45-54,36,Smear Positive
Paraguay,2002,sp,f,55-64,55,Smear Positive
Paraguay,2002,sp,f,65+,39,Smear Positive
Paraguay,2003,sp,m,0-14,11,Smear Positive
Paraguay,2003,sp,m,15-24,163,Smear Positive
Paraguay,2003,sp,m,25-34,174,Smear Positive
Paraguay,2003,sp,m,35-44,109,Smear Positive
Paraguay,2003,sp,m,45-54,123,Smear Positive
Paraguay,2003,sp,m,55-64,81,Smear Positive
Paraguay,2003,sp,m,65+,91,Smear Positive
Paraguay,2003,sp,f,0-14,28,Smear Positive
Paraguay,2003,sp,f,15-24,87,Smear Positive
Paraguay,2003,sp,f,25-34,71,Smear Positive
Paraguay,2003,sp,f,35-44,77,Smear Positive
Paraguay,2003,sp,f,45-54,50,Smear Positive
Paraguay,2003,sp,f,55-64,40,Smear Positive
Paraguay,2003,sp,f,65+,61,Smear Positive
Paraguay,2004,sp,m,0-14,18,Smear Positive
Paraguay,2004,sp,m,15-24,160,Smear Positive
Paraguay,2004,sp,m,25-34,132,Smear Positive
Paraguay,2004,sp,m,35-44,120,Smear Positive
Paraguay,2004,sp,m,45-54,107,Smear Positive
Paraguay,2004,sp,m,55-64,103,Smear Positive
Paraguay,2004,sp,m,65+,121,Smear Positive
Paraguay,2004,sp,f,0-14,21,Smear Positive
Paraguay,2004,sp,f,15-24,106,Smear Positive
Paraguay,2004,sp,f,25-34,87,Smear Positive
Paraguay,2004,sp,f,35-44,69,Smear Positive
Paraguay,2004,sp,f,45-54,63,Smear Positive
Paraguay,2004,sp,f,55-64,50,Smear Positive
Paraguay,2004,sp,f,65+,43,Smear Positive
Paraguay,2005,sp,m,0-14,23,Smear Positive
Paraguay,2005,sp,m,15-24,168,Smear Positive
Paraguay,2005,sp,m,25-34,185,Smear Positive
Paraguay,2005,sp,m,35-44,136,Smear Positive
Paraguay,2005,sp,m,45-54,117,Smear Positive
Paraguay,2005,sp,m,55-64,87,Smear Positive
Paraguay,2005,sp,m,65+,99,Smear Positive
Paraguay,2005,sp,f,0-14,31,Smear Positive
Paraguay,2005,sp,f,15-24,89,Smear Positive
Paraguay,2005,sp,f,25-34,98,Smear Positive
Paraguay,2005,sp,f,35-44,69,Smear Positive
Paraguay,2005,sp,f,45-54,52,Smear Positive
Paraguay,2005,sp,f,55-64,29,Smear Positive
Paraguay,2005,sp,f,65+,71,Smear Positive
Paraguay,2006,sp,m,0-14,20,Smear Positive
Paraguay,2006,sp,m,15-24,188,Smear Positive
Paraguay,2006,sp,m,25-34,221,Smear Positive
Paraguay,2006,sp,m,35-44,143,Smear Positive
Paraguay,2006,sp,m,45-54,150,Smear Positive
Paraguay,2006,sp,m,55-64,124,Smear Positive
Paraguay,2006,sp,m,65+,116,Smear Positive
Paraguay,2006,sp,f,0-14,16,Smear Positive
Paraguay,2006,sp,f,15-24,130,Smear Positive
Paraguay,2006,sp,f,25-34,79,Smear Positive
Paraguay,2006,sp,f,35-44,73,Smear Positive
Paraguay,2006,sp,f,45-54,55,Smear Positive
Paraguay,2006,sp,f,55-64,63,Smear Positive
Paraguay,2006,sp,f,65+,66,Smear Positive
Paraguay,2006,sn,m,0-14,131,Smear Negative
Paraguay,2006,sn,m,15-24,40,Smear Negative
Paraguay,2006,sn,m,25-34,46,Smear Negative
Paraguay,2006,sn,m,35-44,35,Smear Negative
Paraguay,2006,sn,m,45-54,45,Smear Negative
Paraguay,2006,sn,m,55-64,51,Smear Negative
Paraguay,2006,sn,m,65+,59,Smear Negative
Paraguay,2006,sn,f,0-14,149,Smear Negative
Paraguay,2006,sn,f,15-24,36,Smear Negative
Paraguay,2006,sn,f,25-34,30,Smear Negative
Paraguay,2006,sn,f,35-44,25,Smear Negative
Paraguay,2006,sn,f,45-54,33,Smear Negative
Paraguay,2006,sn,f,55-64,20,Smear Negative
Paraguay,2006,sn,f,65+,41,Smear Negative
Paraguay,2006,ep,m,0-14,21,Extrapulmonary
Paraguay,2006,ep,m,15-24,13,Extrapulmonary
Paraguay,2006,ep,m,25-34,18,Extrapulmonary
Paraguay,2006,ep,m,35-44,24,Extrapulmonary
Paraguay,2006,ep,m,45-54,7,Extrapulmonary
Paraguay,2006,ep,m,55-64,14,Extrapulmonary
Paraguay,2006,ep,m,65+,15,Extrapulmonary
Paraguay,2006,ep,f,0-14,14,Extrapulmonary
Paraguay,2006,ep,f,15-24,11,Extrapulmonary
Paraguay,2006,ep,f,25-34,11,Extrapulmonary
Paraguay,2006,ep,f,35-44,7,Extrapulmonary
Paraguay,2006,ep,f,45-54,9,Extrapulmonary
Paraguay,2006,ep,f,55-64,1,Extrapulmonary
Paraguay,2006,ep,f,65+,9,Extrapulmonary
Paraguay,2007,sp,m,0-14,14,Smear Positive
Paraguay,2007,sp,m,15-24,171,Smear Positive
Paraguay,2007,sp,m,25-34,221,Smear Positive
Paraguay,2007,sp,m,35-44,152,Smear Positive
Paraguay,2007,sp,m,45-54,135,Smear Positive
Paraguay,2007,sp,m,55-64,94,Smear Positive
Paraguay,2007,sp,m,65+,100,Smear Positive
Paraguay,2007,sp,f,0-14,15,Smear Positive
Paraguay,2007,sp,f,15-24,100,Smear Positive
Paraguay,2007,sp,f,25-34,98,Smear Positive
Paraguay,2007,sp,f,35-44,46,Smear Positive
Paraguay,2007,sp,f,45-54,46,Smear Positive
Paraguay,2007,sp,f,55-64,34,Smear Positive
Paraguay,2007,sp,f,65+,47,Smear Positive
Paraguay,2007,sn,m,0-14,153,Smear Negative
Paraguay,2007,sn,m,15-24,36,Smear Negative
Paraguay,2007,sn,m,25-34,47,Smear Negative
Paraguay,2007,sn,m,35-44,43,Smear Negative
Paraguay,2007,sn,m,45-54,49,Smear Negative
Paraguay,2007,sn,m,55-64,41,Smear Negative
Paraguay,2007,sn,m,65+,51,Smear Negative
Paraguay,2007,sn,f,0-14,126,Smear Negative
Paraguay,2007,sn,f,15-24,20,Smear Negative
Paraguay,2007,sn,f,25-34,27,Smear Negative
Paraguay,2007,sn,f,35-44,23,Smear Negative
Paraguay,2007,sn,f,45-54,16,Smear Negative
Paraguay,2007,sn,f,55-64,27,Smear Negative
Paraguay,2007,sn,f,65+,24,Smear Negative
Paraguay,2007,ep,m,0-14,16,Extrapulmonary
Paraguay,2007,ep,m,15-24,28,Extrapulmonary
Paraguay,2007,ep,m,25-34,19,Extrapulmonary
Paraguay,2007,ep,m,35-44,20,Extrapulmonary
Paraguay,2007,ep,m,45-54,24,Extrapulmonary
Paraguay,2007,ep,m,55-64,10,Extrapulmonary
Paraguay,2007,ep,m,65+,22,Extrapulmonary
Paraguay,2007,ep,f,0-14,16,Extrapulmonary
Paraguay,2007,ep,f,15-24,12,Extrapulmonary
Paraguay,2007,ep,f,25-34,13,Extrapulmonary
Paraguay,2007,ep,f,35-44,13,Extrapulmonary
Paraguay,2007,ep,f,45-54,6,Extrapulmonary
Paraguay,2007,ep,f,55-64,4,Extrapulmonary
Paraguay,2007,ep,f,65+,11,Extrapulmonary
Paraguay,2008,sp,m,0-14,11,Smear Positive
Paraguay,2008,sp,m,15-24,238,Smear Positive
Paraguay,2008,sp,m,25-34,227,Smear Positive
Paraguay,2008,sp,m,35-44,138,Smear Positive
Paraguay,2008,sp,m,45-54,138,Smear Positive
Paraguay,2008,sp,m,55-64,91,Smear Positive
Paraguay,2008,sp,m,65+,90,Smear Positive
Paraguay,2008,sp,f,0-14,10,Smear Positive
Paraguay,2008,sp,f,15-24,92,Smear Positive
Paraguay,2008,sp,f,25-34,87,Smear Positive
Paraguay,2008,sp,f,35-44,60,Smear Positive
Paraguay,2008,sp,f,45-54,61,Smear Positive
Paraguay,2008,sp,f,55-64,42,Smear Positive
Paraguay,2008,sp,f,65+,56,Smear Positive
Paraguay,2008,sn,m,0-14,77,Smear Negative
Paraguay,2008,sn,m,15-24,44,Smear Negative
Paraguay,2008,sn,m,25-34,37,Smear Negative
Paraguay,2008,sn,m,35-44,45,Smear Negative
Paraguay,2008,sn,m,45-54,45,Smear Negative
Paraguay,2008,sn,m,55-64,42,Smear Negative
Paraguay,2008,sn,m,65+,66,Smear Negative
Paraguay,2008,sn,f,0-14,63,Smear Negative
Paraguay,2008,sn,f,15-24,33,Smear Negative
Paraguay,2008,sn,f,25-34,28,Smear Negative
Paraguay,2008,sn,f,35-44,12,Smear Negative
Paraguay,2008,sn,f,45-54,14,Smear Negative
Paraguay,2008,sn,f,55-64,13,Smear Negative
Paraguay,2008,sn,f,65+,33,Smear Negative
Paraguay,2008,ep,m,0-14,15,Extrapulmonary
Paraguay,2008,ep,m,15-24,22,Extrapulmonary
Paraguay,2008,ep,m,25-34,29,Extrapulmonary
Paraguay,2008,ep,m,35-44,31,Extrapulmonary
Paraguay,2008,ep,m,45-54,22,Extrapulmonary
Paraguay,2008,ep,m,55-64,18,Extrapulmonary
Paraguay,2008,ep,m,65+,22,Extrapulmonary
Paraguay,2008,ep,f,0-14,20,Extrapulmonary
Paraguay,2008,ep,f,15-24,12,Extrapulmonary
Paraguay,2008,ep,f,25-34,15,Extrapulmonary
Paraguay,2008,ep,f,35-44,6,Extrapulmonary
Paraguay,2008,ep,f,45-54,11,Extrapulmonary
Paraguay,2008,ep,f,55-64,5,Extrapulmonary
Paraguay,2008,ep,f,65+,12,Extrapulmonary
Paraguay,2009,sp,m,0-14,15,Smear Positive
Paraguay,2009,sp,m,15-24,203,Smear Positive
Paraguay,2009,sp,m,25-34,263,Smear Positive
Paraguay,2009,sp,m,35-44,173,Smear Positive
Paraguay,2009,sp,m,45-54,155,Smear Positive
Paraguay,2009,sp,m,55-64,120,Smear Positive
Paraguay,2009,sp,m,65+,102,Smear Positive
Paraguay,2009,sp,f,0-14,15,Smear Positive
Paraguay,2009,sp,f,15-24,121,Smear Positive
Paraguay,2009,sp,f,25-34,101,Smear Positive
Paraguay,2009,sp,f,35-44,53,Smear Positive
Paraguay,2009,sp,f,45-54,62,Smear Positive
Paraguay,2009,sp,f,55-64,41,Smear Positive
Paraguay,2009,sp,f,65+,57,Smear Positive
Paraguay,2009,sn,m,0-14,74,Smear Negative
Paraguay,2009,sn,m,15-24,20,Smear Negative
Paraguay,2009,sn,m,25-34,37,Smear Negative
Paraguay,2009,sn,m,35-44,29,Smear Negative
Paraguay,2009,sn,m,45-54,37,Smear Negative
Paraguay,2009,sn,m,55-64,23,Smear Negative
Paraguay,2009,sn,m,65+,27,Smear Negative
Paraguay,2009,sn,f,0-14,87,Smear Negative
Paraguay,2009,sn,f,15-24,19,Smear Negative
Paraguay,2009,sn,f,25-34,14,Smear Negative
Paraguay,2009,sn,f,35-44,11,Smear Negative
Paraguay,2009,sn,f,45-54,14,Smear Negative
Paraguay,2009,sn,f,55-64,10,Smear Negative
Paraguay,2009,sn,f,65+,23,Smear Negative
Paraguay,2009,ep,m,0-14,18,Extrapulmonary
Paraguay,2009,ep,m,15-24,32,Extrapulmonary
Paraguay,2009,ep,m,25-34,34,Extrapulmonary
Paraguay,2009,ep,m,35-44,28,Extrapulmonary
Paraguay,2009,ep,m,45-54,28,Extrapulmonary
Paraguay,2009,ep,m,55-64,13,Extrapulmonary
Paraguay,2009,ep,m,65+,30,Extrapulmonary
Paraguay,2009,ep,f,0-14,14,Extrapulmonary
Paraguay,2009,ep,f,15-24,21,Extrapulmonary
Paraguay,2009,ep,f,25-34,23,Extrapulmonary
Paraguay,2009,ep,f,35-44,13,Extrapulmonary
Paraguay,2009,ep,f,45-54,13,Extrapulmonary
Paraguay,2009,ep,f,55-64,7,Extrapulmonary
Paraguay,2009,ep,f,65+,9,Extrapulmonary
Paraguay,2010,sp,m,0-14,18,Smear Positive
Paraguay,2010,sp,m,15-24,163,Smear Positive
Paraguay,2010,sp,m,25-34,244,Smear Positive
Paraguay,2010,sp,m,35-44,129,Smear Positive
Paraguay,2010,sp,m,45-54,143,Smear Positive
Paraguay,2010,sp,m,55-64,103,Smear Positive
Paraguay,2010,sp,m,65+,99,Smear Positive
Paraguay,2010,sp,f,0-14,18,Smear Positive
Paraguay,2010,sp,f,15-24,106,Smear Positive
Paraguay,2010,sp,f,25-34,99,Smear Positive
Paraguay,2010,sp,f,35-44,39,Smear Positive
Paraguay,2010,sp,f,45-54,50,Smear Positive
Paraguay,2010,sp,f,55-64,46,Smear Positive
Paraguay,2010,sp,f,65+,45,Smear Positive
Paraguay,2010,sn,m,0-14,80,Smear Negative
Paraguay,2010,sn,m,15-24,28,Smear Negative
Paraguay,2010,sn,m,25-34,28,Smear Negative
Paraguay,2010,sn,m,35-44,32,Smear Negative
Paraguay,2010,sn,m,45-54,29,Smear Negative
Paraguay,2010,sn,m,55-64,36,Smear Negative
Paraguay,2010,sn,m,65+,55,Smear Negative
Paraguay,2010,sn,f,0-14,73,Smear Negative
Paraguay,2010,sn,f,15-24,23,Smear Negative
Paraguay,2010,sn,f,25-34,24,Smear Negative
Paraguay,2010,sn,f,35-44,8,Smear Negative
Paraguay,2010,sn,f,45-54,27,Smear Negative
Paraguay,2010,sn,f,55-64,13,Smear Negative
Paraguay,2010,sn,f,65+,33,Smear Negative
Paraguay,2010,ep,m,0-14,14,Extrapulmonary
Paraguay,2010,ep,m,15-24,23,Extrapulmonary
Paraguay,2010,ep,m,25-34,41,Extrapulmonary
Paraguay,2010,ep,m,35-44,26,Extrapulmonary
Paraguay,2010,ep,m,45-54,22,Extrapulmonary
Paraguay,2010,ep,m,55-64,22,Extrapulmonary
Paraguay,2010,ep,m,65+,25,Extrapulmonary
Paraguay,2010,ep,f,0-14,16,Extrapulmonary
Paraguay,2010,ep,f,15-24,11,Extrapulmonary
Paraguay,2010,ep,f,25-34,20,Extrapulmonary
Paraguay,2010,ep,f,35-44,12,Extrapulmonary
Paraguay,2010,ep,f,45-54,10,Extrapulmonary
Paraguay,2010,ep,f,55-64,9,Extrapulmonary
Paraguay,2010,ep,f,65+,14,Extrapulmonary
Paraguay,2011,sp,m,0-14,9,Smear Positive
Paraguay,2011,sp,m,15-24,182,Smear Positive
Paraguay,2011,sp,m,25-34,238,Smear Positive
Paraguay,2011,sp,m,35-44,135,Smear Positive
Paraguay,2011,sp,m,45-54,151,Smear Positive
Paraguay,2011,sp,m,55-64,124,Smear Positive
Paraguay,2011,sp,m,65+,103,Smear Positive
Paraguay,2011,sp,f,0-14,14,Smear Positive
Paraguay,2011,sp,f,15-24,110,Smear Positive
Paraguay,2011,sp,f,25-34,103,Smear Positive
Paraguay,2011,sp,f,35-44,55,Smear Positive
Paraguay,2011,sp,f,45-54,39,Smear Positive
Paraguay,2011,sp,f,55-64,36,Smear Positive
Paraguay,2011,sp,f,65+,62,Smear Positive
Paraguay,2011,sn,m,0-14,114,Smear Negative
Paraguay,2011,sn,m,15-24,26,Smear Negative
Paraguay,2011,sn,m,25-34,39,Smear Negative
Paraguay,2011,sn,m,35-44,36,Smear Negative
Paraguay,2011,sn,m,45-54,31,Smear Negative
Paraguay,2011,sn,m,55-64,38,Smear Negative
Paraguay,2011,sn,m,65+,33,Smear Negative
Paraguay,2011,sn,f,0-14,68,Smear Negative
Paraguay,2011,sn,f,15-24,30,Smear Negative
Paraguay,2011,sn,f,25-34,19,Smear Negative
Paraguay,2011,sn,f,35-44,17,Smear Negative
Paraguay,2011,sn,f,45-54,24,Smear Negative
Paraguay,2011,sn,f,55-64,14,Smear Negative
Paraguay,2011,sn,f,65+,17,Smear Negative
Paraguay,2011,ep,m,0-14,16,Extrapulmonary
Paraguay,2011,ep,m,15-24,26,Extrapulmonary
Paraguay,2011,ep,m,25-34,39,Extrapulmonary
Paraguay,2011,ep,m,35-44,35,Extrapulmonary
Paraguay,2011,ep,m,45-54,18,Extrapulmonary
Paraguay,2011,ep,m,55-64,19,Extrapulmonary
Paraguay,2011,ep,m,65+,13,Extrapulmonary
Paraguay,2011,ep,f,0-14,13,Extrapulmonary
Paraguay,2011,ep,f,15-24,17,Extrapulmonary
Paraguay,2011,ep,f,25-34,21,Extrapulmonary
Paraguay,2011,ep,f,35-44,15,Extrapulmonary
Paraguay,2011,ep,f,45-54,2,Extrapulmonary
Paraguay,2011,ep,f,55-64,7,Extrapulmonary
Paraguay,2011,ep,f,65+,8,Extrapulmonary
Paraguay,2012,sp,m,0-14,4,Smear Positive
Paraguay,2012,sp,m,15-24,180,Smear Positive
Paraguay,2012,sp,m,25-34,230,Smear Positive
Paraguay,2012,sp,m,35-44,158,Smear Positive
Paraguay,2012,sp,m,45-54,143,Smear Positive
Paraguay,2012,sp,m,55-64,116,Smear Positive
Paraguay,2012,sp,m,65+,129,Smear Positive
Paraguay,2012,sp,f,0-14,16,Smear Positive
Paraguay,2012,sp,f,15-24,95,Smear Positive
Paraguay,2012,sp,f,25-34,98,Smear Positive
Paraguay,2012,sp,f,35-44,60,Smear Positive
Paraguay,2012,sp,f,45-54,55,Smear Positive
Paraguay,2012,sp,f,55-64,38,Smear Positive
Paraguay,2012,sp,f,65+,60,Smear Positive
Paraguay,2012,sn,m,0-14,108,Smear Negative
Paraguay,2012,sn,m,15-24,27,Smear Negative
Paraguay,2012,sn,m,25-34,34,Smear Negative
Paraguay,2012,sn,m,35-44,30,Smear Negative
Paraguay,2012,sn,m,45-54,31,Smear Negative
Paraguay,2012,sn,m,55-64,32,Smear Negative
Paraguay,2012,sn,m,65+,36,Smear Negative
Paraguay,2012,sn,f,0-14,83,Smear Negative
Paraguay,2012,sn,f,15-24,23,Smear Negative
Paraguay,2012,sn,f,25-34,27,Smear Negative
Paraguay,2012,sn,f,35-44,7,Smear Negative
Paraguay,2012,sn,f,45-54,25,Smear Negative
Paraguay,2012,sn,f,55-64,11,Smear Negative
Paraguay,2012,sn,f,65+,17,Smear Negative
Paraguay,2012,ep,m,0-14,15,Extrapulmonary
Paraguay,2012,ep,m,15-24,20,Extrapulmonary
Paraguay,2012,ep,m,25-34,29,Extrapulmonary
Paraguay,2012,ep,m,35-44,23,Extrapulmonary
Paraguay,2012,ep,m,45-54,23,Extrapulmonary
Paraguay,2012,ep,m,55-64,13,Extrapulmonary
Paraguay,2012,ep,m,65+,21,Extrapulmonary
Paraguay,2012,ep,f,0-14,10,Extrapulmonary
Paraguay,2012,ep,f,15-24,15,Extrapulmonary
Paraguay,2012,ep,f,25-34,20,Extrapulmonary
Paraguay,2012,ep,f,35-44,10,Extrapulmonary
Paraguay,2012,ep,f,45-54,6,Extrapulmonary
Paraguay,2012,ep,f,55-64,9,Extrapulmonary
Paraguay,2012,ep,f,65+,7,Extrapulmonary
Paraguay,2013,rel,m,0-14,99,Relapse
Paraguay,2013,rel,m,15-24,266,Relapse
Paraguay,2013,rel,m,25-34,380,Relapse
Paraguay,2013,rel,m,35-44,226,Relapse
Paraguay,2013,rel,m,45-54,237,Relapse
Paraguay,2013,rel,m,55-64,168,Relapse
Paraguay,2013,rel,m,65+,184,Relapse
Paraguay,2013,rel,f,0-14,84,Relapse
Paraguay,2013,rel,f,15-24,152,Relapse
Paraguay,2013,rel,f,25-34,141,Relapse
Paraguay,2013,rel,f,35-44,91,Relapse
Paraguay,2013,rel,f,45-54,85,Relapse
Paraguay,2013,rel,f,55-64,52,Relapse
Paraguay,2013,rel,f,65+,78,Relapse
Peru,1995,sp,m,0-14,147,Smear Positive
Peru,1995,sp,m,15-24,1311,Smear Positive
Peru,1995,sp,m,25-34,849,Smear Positive
Peru,1995,sp,m,35-44,454,Smear Positive
Peru,1995,sp,m,45-54,322,Smear Positive
Peru,1995,sp,m,55-64,200,Smear Positive
Peru,1995,sp,m,65+,216,Smear Positive
Peru,1995,sp,f,0-14,149,Smear Positive
Peru,1995,sp,f,15-24,1005,Smear Positive
Peru,1995,sp,f,25-34,660,Smear Positive
Peru,1995,sp,f,35-44,373,Smear Positive
Peru,1995,sp,f,45-54,259,Smear Positive
Peru,1995,sp,f,55-64,162,Smear Positive
Peru,1995,sp,f,65+,152,Smear Positive
Peru,1996,sp,m,0-14,151,Smear Positive
Peru,1996,sp,m,15-24,1351,Smear Positive
Peru,1996,sp,m,25-34,789,Smear Positive
Peru,1996,sp,m,35-44,420,Smear Positive
Peru,1996,sp,m,45-54,261,Smear Positive
Peru,1996,sp,m,55-64,190,Smear Positive
Peru,1996,sp,m,65+,167,Smear Positive
Peru,1996,sp,f,0-14,169,Smear Positive
Peru,1996,sp,f,15-24,896,Smear Positive
Peru,1996,sp,f,25-34,561,Smear Positive
Peru,1996,sp,f,35-44,290,Smear Positive
Peru,1996,sp,f,45-54,171,Smear Positive
Peru,1996,sp,f,55-64,132,Smear Positive
Peru,1996,sp,f,65+,144,Smear Positive
Peru,1997,sp,m,0-14,745,Smear Positive
Peru,1997,sp,m,15-24,6913,Smear Positive
Peru,1997,sp,m,25-34,3853,Smear Positive
Peru,1997,sp,m,35-44,1971,Smear Positive
Peru,1997,sp,m,45-54,1174,Smear Positive
Peru,1997,sp,m,55-64,842,Smear Positive
Peru,1997,sp,m,65+,748,Smear Positive
Peru,1997,sp,f,0-14,864,Smear Positive
Peru,1997,sp,f,15-24,4560,Smear Positive
Peru,1997,sp,f,25-34,2784,Smear Positive
Peru,1997,sp,f,35-44,1224,Smear Positive
Peru,1997,sp,f,45-54,734,Smear Positive
Peru,1997,sp,f,55-64,590,Smear Positive
Peru,1997,sp,f,65+,496,Smear Positive
Peru,1998,sp,m,0-14,704,Smear Positive
Peru,1998,sp,m,15-24,6271,Smear Positive
Peru,1998,sp,m,25-34,3987,Smear Positive
Peru,1998,sp,m,35-44,2095,Smear Positive
Peru,1998,sp,m,45-54,1337,Smear Positive
Peru,1998,sp,m,55-64,831,Smear Positive
Peru,1998,sp,m,65+,889,Smear Positive
Peru,1998,sp,f,0-14,862,Smear Positive
Peru,1998,sp,f,15-24,4560,Smear Positive
Peru,1998,sp,f,25-34,2894,Smear Positive
Peru,1998,sp,f,35-44,1431,Smear Positive
Peru,1998,sp,f,45-54,686,Smear Positive
Peru,1998,sp,f,55-64,537,Smear Positive
Peru,1998,sp,f,65+,623,Smear Positive
Peru,1999,sp,m,0-14,712,Smear Positive
Peru,1999,sp,m,15-24,4861,Smear Positive
Peru,1999,sp,m,25-34,3007,Smear Positive
Peru,1999,sp,m,35-44,1586,Smear Positive
Peru,1999,sp,m,45-54,852,Smear Positive
Peru,1999,sp,m,55-64,624,Smear Positive
Peru,1999,sp,m,65+,714,Smear Positive
Peru,1999,sp,f,0-14,700,Smear Positive
Peru,1999,sp,f,15-24,4783,Smear Positive
Peru,1999,sp,f,25-34,2958,Smear Positive
Peru,1999,sp,f,35-44,1560,Smear Positive
Peru,1999,sp,f,45-54,838,Smear Positive
Peru,1999,sp,f,55-64,613,Smear Positive
Peru,1999,sp,f,65+,703,Smear Positive
Peru,2000,sp,m,0-14,552,Smear Positive
Peru,2000,sp,m,15-24,5290,Smear Positive
Peru,2000,sp,m,25-34,2875,Smear Positive
Peru,2000,sp,m,35-44,1546,Smear Positive
Peru,2000,sp,m,45-54,1041,Smear Positive
Peru,2000,sp,m,55-64,801,Smear Positive
Peru,2000,sp,m,65+,796,Smear Positive
Peru,2000,sp,f,0-14,633,Smear Positive
Peru,2000,sp,f,15-24,3686,Smear Positive
Peru,2000,sp,f,25-34,2472,Smear Positive
Peru,2000,sp,f,35-44,1156,Smear Positive
Peru,2000,sp,f,45-54,609,Smear Positive
Peru,2000,sp,f,55-64,499,Smear Positive
Peru,2000,sp,f,65+,624,Smear Positive
Peru,2001,sp,m,0-14,11,Smear Positive
Peru,2001,sp,m,15-24,5591,Smear Positive
Peru,2001,sp,m,25-34,2887,Smear Positive
Peru,2001,sp,m,35-44,1550,Smear Positive
Peru,2001,sp,m,45-54,979,Smear Positive
Peru,2001,sp,m,55-64,843,Smear Positive
Peru,2001,sp,m,65+,696,Smear Positive
Peru,2001,sp,f,0-14,11,Smear Positive
Peru,2001,sp,f,15-24,4015,Smear Positive
Peru,2001,sp,f,25-34,2382,Smear Positive
Peru,2001,sp,f,35-44,1117,Smear Positive
Peru,2001,sp,f,45-54,626,Smear Positive
Peru,2001,sp,f,55-64,480,Smear Positive
Peru,2001,sp,f,65+,497,Smear Positive
Peru,2002,sp,m,0-14,65,Smear Positive
Peru,2002,sp,m,15-24,983,Smear Positive
Peru,2002,sp,m,25-34,622,Smear Positive
Peru,2002,sp,m,35-44,298,Smear Positive
Peru,2002,sp,m,45-54,194,Smear Positive
Peru,2002,sp,m,55-64,164,Smear Positive
Peru,2002,sp,m,65+,138,Smear Positive
Peru,2002,sp,f,0-14,62,Smear Positive
Peru,2002,sp,f,15-24,688,Smear Positive
Peru,2002,sp,f,25-34,496,Smear Positive
Peru,2002,sp,f,35-44,251,Smear Positive
Peru,2002,sp,f,45-54,129,Smear Positive
Peru,2002,sp,f,55-64,96,Smear Positive
Peru,2002,sp,f,65+,100,Smear Positive
Peru,2003,sp,m,0-14,101,Smear Positive
Peru,2003,sp,m,15-24,758,Smear Positive
Peru,2003,sp,m,25-34,506,Smear Positive
Peru,2003,sp,m,35-44,355,Smear Positive
Peru,2003,sp,m,45-54,206,Smear Positive
Peru,2003,sp,m,55-64,139,Smear Positive
Peru,2003,sp,m,65+,165,Smear Positive
Peru,2003,sp,f,0-14,107,Smear Positive
Peru,2003,sp,f,15-24,659,Smear Positive
Peru,2003,sp,f,25-34,380,Smear Positive
Peru,2003,sp,f,35-44,228,Smear Positive
Peru,2003,sp,f,45-54,138,Smear Positive
Peru,2003,sp,f,55-64,106,Smear Positive
Peru,2003,sp,f,65+,98,Smear Positive
Peru,2004,sp,m,0-14,385,Smear Positive
Peru,2004,sp,m,15-24,3860,Smear Positive
Peru,2004,sp,m,25-34,2085,Smear Positive
Peru,2004,sp,m,35-44,1357,Smear Positive
Peru,2004,sp,m,45-54,894,Smear Positive
Peru,2004,sp,m,55-64,747,Smear Positive
Peru,2004,sp,m,65+,675,Smear Positive
Peru,2004,sp,f,0-14,410,Smear Positive
Peru,2004,sp,f,15-24,3258,Smear Positive
Peru,2004,sp,f,25-34,1935,Smear Positive
Peru,2004,sp,f,35-44,1094,Smear Positive
Peru,2004,sp,f,45-54,678,Smear Positive
Peru,2004,sp,f,55-64,440,Smear Positive
Peru,2004,sp,f,65+,471,Smear Positive
Peru,2005,sp,m,0-14,371,Smear Positive
Peru,2005,sp,m,15-24,3802,Smear Positive
Peru,2005,sp,m,25-34,2670,Smear Positive
Peru,2005,sp,m,35-44,1513,Smear Positive
Peru,2005,sp,m,45-54,1075,Smear Positive
Peru,2005,sp,m,55-64,641,Smear Positive
Peru,2005,sp,m,65+,708,Smear Positive
Peru,2005,sp,f,0-14,375,Smear Positive
Peru,2005,sp,f,15-24,2674,Smear Positive
Peru,2005,sp,f,25-34,2111,Smear Positive
Peru,2005,sp,f,35-44,1046,Smear Positive
Peru,2005,sp,f,45-54,699,Smear Positive
Peru,2005,sp,f,55-64,333,Smear Positive
Peru,2005,sp,f,65+,472,Smear Positive
Peru,2006,sp,m,0-14,400,Smear Positive
Peru,2006,sp,m,15-24,4071,Smear Positive
Peru,2006,sp,m,25-34,2470,Smear Positive
Peru,2006,sp,m,35-44,1494,Smear Positive
Peru,2006,sp,m,45-54,1106,Smear Positive
Peru,2006,sp,m,55-64,884,Smear Positive
Peru,2006,sp,m,65+,869,Smear Positive
Peru,2006,sp,f,0-14,435,Smear Positive
Peru,2006,sp,f,15-24,2713,Smear Positive
Peru,2006,sp,f,25-34,1852,Smear Positive
Peru,2006,sp,f,35-44,1082,Smear Positive
Peru,2006,sp,f,45-54,762,Smear Positive
Peru,2006,sp,f,55-64,557,Smear Positive
Peru,2006,sp,f,65+,556,Smear Positive
Peru,2007,sp,m,0-14,395,Smear Positive
Peru,2007,sp,m,15-24,3436,Smear Positive
Peru,2007,sp,m,25-34,2239,Smear Positive
Peru,2007,sp,m,35-44,1585,Smear Positive
Peru,2007,sp,m,45-54,1152,Smear Positive
Peru,2007,sp,m,55-64,654,Smear Positive
Peru,2007,sp,m,65+,702,Smear Positive
Peru,2007,sp,f,0-14,335,Smear Positive
Peru,2007,sp,f,15-24,2684,Smear Positive
Peru,2007,sp,f,25-34,1603,Smear Positive
Peru,2007,sp,f,35-44,1127,Smear Positive
Peru,2007,sp,f,45-54,813,Smear Positive
Peru,2007,sp,f,55-64,402,Smear Positive
Peru,2007,sp,f,65+,669,Smear Positive
Peru,2008,sp,m,0-14,84,Smear Positive
Peru,2008,sp,m,15-24,3406,Smear Positive
Peru,2008,sp,m,25-34,2233,Smear Positive
Peru,2008,sp,m,35-44,1564,Smear Positive
Peru,2008,sp,m,45-54,1121,Smear Positive
Peru,2008,sp,m,55-64,608,Smear Positive
Peru,2008,sp,m,65+,921,Smear Positive
Peru,2008,sp,f,0-14,52,Smear Positive
Peru,2008,sp,f,15-24,2644,Smear Positive
Peru,2008,sp,f,25-34,1599,Smear Positive
Peru,2008,sp,f,35-44,1112,Smear Positive
Peru,2008,sp,f,45-54,791,Smear Positive
Peru,2008,sp,f,55-64,373,Smear Positive
Peru,2008,sp,f,65+,899,Smear Positive
Peru,2008,sn,m,0-14,0,Smear Negative
Peru,2008,sn,m,15-24,0,Smear Negative
Peru,2008,sn,m,25-34,0,Smear Negative
Peru,2008,sn,m,35-44,0,Smear Negative
Peru,2008,sn,m,45-54,0,Smear Negative
Peru,2008,sn,m,55-64,0,Smear Negative
Peru,2008,sn,m,65+,0,Smear Negative
Peru,2008,sn,f,0-14,0,Smear Negative
Peru,2008,sn,f,15-24,0,Smear Negative
Peru,2008,sn,f,25-34,0,Smear Negative
Peru,2008,sn,f,35-44,0,Smear Negative
Peru,2008,sn,f,45-54,0,Smear Negative
Peru,2008,sn,f,55-64,0,Smear Negative
Peru,2008,sn,f,65+,0,Smear Negative
Peru,2008,ep,m,0-14,0,Extrapulmonary
Peru,2008,ep,m,15-24,0,Extrapulmonary
Peru,2008,ep,m,25-34,0,Extrapulmonary
Peru,2008,ep,m,35-44,0,Extrapulmonary
Peru,2008,ep,m,45-54,0,Extrapulmonary
Peru,2008,ep,m,55-64,0,Extrapulmonary
Peru,2008,ep,m,65+,0,Extrapulmonary
Peru,2008,ep,f,0-14,0,Extrapulmonary
Peru,2008,ep,f,15-24,0,Extrapulmonary
Peru,2008,ep,f,25-34,0,Extrapulmonary
Peru,2008,ep,f,35-44,0,Extrapulmonary
Peru,2008,ep,f,45-54,0,Extrapulmonary
Peru,2008,ep,f,55-64,0,Extrapulmonary
Peru,2008,ep,f,65+,0,Extrapulmonary
Peru,2013,rel,m,0-14,960,Relapse
Peru,2013,rel,m,15-24,5129,Relapse
Peru,2013,rel,m,25-34,3521,Relapse
Peru,2013,rel,m,35-44,2319,Relapse
Peru,2013,rel,m,45-54,1655,Relapse
Peru,2013,rel,m,55-64,1443,Relapse
Peru,2013,rel,m,65+,1738,Relapse
Peru,2013,rel,f,0-14,854,Relapse
Peru,2013,rel,f,15-24,2945,Relapse
Peru,2013,rel,f,25-34,2219,Relapse
Peru,2013,rel,f,35-44,1387,Relapse
Peru,2013,rel,f,45-54,1372,Relapse
Peru,2013,rel,f,55-64,860,Relapse
Peru,2013,rel,f,65+,1102,Relapse
Philippines,1995,sp,m,0-14,2,Smear Positive
Philippines,1995,sp,m,15-24,43,Smear Positive
Philippines,1995,sp,m,25-34,56,Smear Positive
Philippines,1995,sp,m,35-44,61,Smear Positive
Philippines,1995,sp,m,45-54,46,Smear Positive
Philippines,1995,sp,m,55-64,47,Smear Positive
Philippines,1995,sp,m,65+,26,Smear Positive
Philippines,1995,sp,f,0-14,1,Smear Positive
Philippines,1995,sp,f,15-24,20,Smear Positive
Philippines,1995,sp,f,25-34,32,Smear Positive
Philippines,1995,sp,f,35-44,26,Smear Positive
Philippines,1995,sp,f,45-54,20,Smear Positive
Philippines,1995,sp,f,55-64,19,Smear Positive
Philippines,1995,sp,f,65+,11,Smear Positive
Philippines,1996,sp,m,0-14,1,Smear Positive
Philippines,1996,sp,m,15-24,26,Smear Positive
Philippines,1996,sp,m,25-34,47,Smear Positive
Philippines,1996,sp,m,35-44,58,Smear Positive
Philippines,1996,sp,m,45-54,50,Smear Positive
Philippines,1996,sp,m,55-64,28,Smear Positive
Philippines,1996,sp,m,65+,28,Smear Positive
Philippines,1996,sp,f,0-14,1,Smear Positive
Philippines,1996,sp,f,15-24,11,Smear Positive
Philippines,1996,sp,f,25-34,20,Smear Positive
Philippines,1996,sp,f,35-44,19,Smear Positive
Philippines,1996,sp,f,45-54,15,Smear Positive
Philippines,1996,sp,f,55-64,5,Smear Positive
Philippines,1996,sp,f,65+,9,Smear Positive
Philippines,1997,sp,m,0-14,5,Smear Positive
Philippines,1997,sp,m,15-24,136,Smear Positive
Philippines,1997,sp,m,25-34,273,Smear Positive
Philippines,1997,sp,m,35-44,303,Smear Positive
Philippines,1997,sp,m,45-54,262,Smear Positive
Philippines,1997,sp,m,55-64,238,Smear Positive
Philippines,1997,sp,m,65+,129,Smear Positive
Philippines,1997,sp,f,0-14,6,Smear Positive
Philippines,1997,sp,f,15-24,80,Smear Positive
Philippines,1997,sp,f,25-34,111,Smear Positive
Philippines,1997,sp,f,35-44,131,Smear Positive
Philippines,1997,sp,f,45-54,110,Smear Positive
Philippines,1997,sp,f,55-64,98,Smear Positive
Philippines,1997,sp,f,65+,70,Smear Positive
Philippines,1998,sp,m,0-14,2,Smear Positive
Philippines,1998,sp,m,15-24,157,Smear Positive
Philippines,1998,sp,m,25-34,292,Smear Positive
Philippines,1998,sp,m,35-44,356,Smear Positive
Philippines,1998,sp,m,45-54,256,Smear Positive
Philippines,1998,sp,m,55-64,206,Smear Positive
Philippines,1998,sp,m,65+,81,Smear Positive
Philippines,1998,sp,f,0-14,4,Smear Positive
Philippines,1998,sp,f,15-24,76,Smear Positive
Philippines,1998,sp,f,25-34,109,Smear Positive
Philippines,1998,sp,f,35-44,119,Smear Positive
Philippines,1998,sp,f,45-54,106,Smear Positive
Philippines,1998,sp,f,55-64,69,Smear Positive
Philippines,1998,sp,f,65+,56,Smear Positive
Philippines,2003,sp,m,0-14,356,Smear Positive
Philippines,2003,sp,m,15-24,6360,Smear Positive
Philippines,2003,sp,m,25-34,9302,Smear Positive
Philippines,2003,sp,m,35-44,11458,Smear Positive
Philippines,2003,sp,m,45-54,10713,Smear Positive
Philippines,2003,sp,m,55-64,6445,Smear Positive
Philippines,2003,sp,m,65+,3648,Smear Positive
Philippines,2003,sp,f,0-14,300,Smear Positive
Philippines,2003,sp,f,15-24,3218,Smear Positive
Philippines,2003,sp,f,25-34,4551,Smear Positive
Philippines,2003,sp,f,35-44,4761,Smear Positive
Philippines,2003,sp,f,45-54,4000,Smear Positive
Philippines,2003,sp,f,55-64,2858,Smear Positive
Philippines,2003,sp,f,65+,2018,Smear Positive
Philippines,2004,sp,m,0-14,312,Smear Positive
Philippines,2004,sp,m,15-24,6792,Smear Positive
Philippines,2004,sp,m,25-34,10328,Smear Positive
Philippines,2004,sp,m,35-44,12229,Smear Positive
Philippines,2004,sp,m,45-54,11413,Smear Positive
Philippines,2004,sp,m,55-64,7526,Smear Positive
Philippines,2004,sp,m,65+,4289,Smear Positive
Philippines,2004,sp,f,0-14,291,Smear Positive
Philippines,2004,sp,f,15-24,3507,Smear Positive
Philippines,2004,sp,f,25-34,5090,Smear Positive
Philippines,2004,sp,f,35-44,5008,Smear Positive
Philippines,2004,sp,f,45-54,4327,Smear Positive
Philippines,2004,sp,f,55-64,3210,Smear Positive
Philippines,2004,sp,f,65+,2183,Smear Positive
Philippines,2005,sp,m,0-14,482,Smear Positive
Philippines,2005,sp,m,15-24,7358,Smear Positive
Philippines,2005,sp,m,25-34,11275,Smear Positive
Philippines,2005,sp,m,35-44,13253,Smear Positive
Philippines,2005,sp,m,45-54,12531,Smear Positive
Philippines,2005,sp,m,55-64,7646,Smear Positive
Philippines,2005,sp,m,65+,4279,Smear Positive
Philippines,2005,sp,f,0-14,374,Smear Positive
Philippines,2005,sp,f,15-24,3710,Smear Positive
Philippines,2005,sp,f,25-34,5268,Smear Positive
Philippines,2005,sp,f,35-44,5565,Smear Positive
Philippines,2005,sp,f,45-54,4603,Smear Positive
Philippines,2005,sp,f,55-64,3274,Smear Positive
Philippines,2005,sp,f,65+,2029,Smear Positive
Philippines,2006,sp,m,0-14,419,Smear Positive
Philippines,2006,sp,m,15-24,7878,Smear Positive
Philippines,2006,sp,m,25-34,11697,Smear Positive
Philippines,2006,sp,m,35-44,13478,Smear Positive
Philippines,2006,sp,m,45-54,12733,Smear Positive
Philippines,2006,sp,m,55-64,8074,Smear Positive
Philippines,2006,sp,m,65+,4640,Smear Positive
Philippines,2006,sp,f,0-14,379,Smear Positive
Philippines,2006,sp,f,15-24,4337,Smear Positive
Philippines,2006,sp,f,25-34,5746,Smear Positive
Philippines,2006,sp,f,35-44,5630,Smear Positive
Philippines,2006,sp,f,45-54,5007,Smear Positive
Philippines,2006,sp,f,55-64,3485,Smear Positive
Philippines,2006,sp,f,65+,2237,Smear Positive
Philippines,2007,sp,m,0-14,466,Smear Positive
Philippines,2007,sp,m,15-24,8524,Smear Positive
Philippines,2007,sp,m,25-34,11781,Smear Positive
Philippines,2007,sp,m,35-44,13810,Smear Positive
Philippines,2007,sp,m,45-54,12846,Smear Positive
Philippines,2007,sp,m,55-64,8481,Smear Positive
Philippines,2007,sp,m,65+,4862,Smear Positive
Philippines,2007,sp,f,0-14,380,Smear Positive
Philippines,2007,sp,f,15-24,4389,Smear Positive
Philippines,2007,sp,f,25-34,5594,Smear Positive
Philippines,2007,sp,f,35-44,5291,Smear Positive
Philippines,2007,sp,f,45-54,4612,Smear Positive
Philippines,2007,sp,f,55-64,3313,Smear Positive
Philippines,2007,sp,f,65+,2217,Smear Positive
Philippines,2008,sp,m,0-14,369,Smear Positive
Philippines,2008,sp,m,15-24,8735,Smear Positive
Philippines,2008,sp,m,25-34,11741,Smear Positive
Philippines,2008,sp,m,35-44,13529,Smear Positive
Philippines,2008,sp,m,45-54,12808,Smear Positive
Philippines,2008,sp,m,55-64,8249,Smear Positive
Philippines,2008,sp,m,65+,4348,Smear Positive
Philippines,2008,sp,f,0-14,341,Smear Positive
Philippines,2008,sp,f,15-24,4529,Smear Positive
Philippines,2008,sp,f,25-34,5452,Smear Positive
Philippines,2008,sp,f,35-44,5123,Smear Positive
Philippines,2008,sp,f,45-54,4527,Smear Positive
Philippines,2008,sp,f,55-64,3086,Smear Positive
Philippines,2008,sp,f,65+,2188,Smear Positive
Philippines,2009,sp,m,0-14,487,Smear Positive
Philippines,2009,sp,m,15-24,9348,Smear Positive
Philippines,2009,sp,m,25-34,12430,Smear Positive
Philippines,2009,sp,m,35-44,13712,Smear Positive
Philippines,2009,sp,m,45-54,13111,Smear Positive
Philippines,2009,sp,m,55-64,8585,Smear Positive
Philippines,2009,sp,m,65+,4617,Smear Positive
Philippines,2009,sp,f,0-14,412,Smear Positive
Philippines,2009,sp,f,15-24,4895,Smear Positive
Philippines,2009,sp,f,25-34,5724,Smear Positive
Philippines,2009,sp,f,35-44,5516,Smear Positive
Philippines,2009,sp,f,45-54,4628,Smear Positive
Philippines,2009,sp,f,55-64,3203,Smear Positive
Philippines,2009,sp,f,65+,2138,Smear Positive
Philippines,2010,sp,m,0-14,511,Smear Positive
Philippines,2010,sp,m,15-24,9320,Smear Positive
Philippines,2010,sp,m,25-34,12224,Smear Positive
Philippines,2010,sp,m,35-44,13716,Smear Positive
Philippines,2010,sp,m,45-54,13651,Smear Positive
Philippines,2010,sp,m,55-64,8923,Smear Positive
Philippines,2010,sp,m,65+,4742,Smear Positive
Philippines,2010,sp,f,0-14,454,Smear Positive
Philippines,2010,sp,f,15-24,4825,Smear Positive
Philippines,2010,sp,f,25-34,5489,Smear Positive
Philippines,2010,sp,f,35-44,5301,Smear Positive
Philippines,2010,sp,f,45-54,4643,Smear Positive
Philippines,2010,sp,f,55-64,3329,Smear Positive
Philippines,2010,sp,f,65+,2070,Smear Positive
Philippines,2011,sp,m,0-14,573,Smear Positive
Philippines,2011,sp,m,15-24,9725,Smear Positive
Philippines,2011,sp,m,25-34,12804,Smear Positive
Philippines,2011,sp,m,35-44,14474,Smear Positive
Philippines,2011,sp,m,45-54,14002,Smear Positive
Philippines,2011,sp,m,55-64,9568,Smear Positive
Philippines,2011,sp,m,65+,4845,Smear Positive
Philippines,2011,sp,f,0-14,448,Smear Positive
Philippines,2011,sp,f,15-24,5155,Smear Positive
Philippines,2011,sp,f,25-34,5848,Smear Positive
Philippines,2011,sp,f,35-44,5521,Smear Positive
Philippines,2011,sp,f,45-54,4880,Smear Positive
Philippines,2011,sp,f,55-64,3501,Smear Positive
Philippines,2011,sp,f,65+,2236,Smear Positive
Philippines,2012,sp,m,0-14,583,Smear Positive
Philippines,2012,sp,m,15-24,9754,Smear Positive
Philippines,2012,sp,m,25-34,12576,Smear Positive
Philippines,2012,sp,m,35-44,14140,Smear Positive
Philippines,2012,sp,m,45-54,13996,Smear Positive
Philippines,2012,sp,m,55-64,9676,Smear Positive
Philippines,2012,sp,m,65+,5097,Smear Positive
Philippines,2012,sp,f,0-14,466,Smear Positive
Philippines,2012,sp,f,15-24,5104,Smear Positive
Philippines,2012,sp,f,25-34,5954,Smear Positive
Philippines,2012,sp,f,35-44,5584,Smear Positive
Philippines,2012,sp,f,45-54,5068,Smear Positive
Philippines,2012,sp,f,55-64,3605,Smear Positive
Philippines,2012,sp,f,65+,2380,Smear Positive
Philippines,2013,rel,m,0-14,1207,Relapse
Philippines,2013,rel,m,15-24,10305,Relapse
Philippines,2013,rel,m,25-34,12591,Relapse
Philippines,2013,rel,m,35-44,14203,Relapse
Philippines,2013,rel,m,45-54,14282,Relapse
Philippines,2013,rel,m,55-64,9871,Relapse
Philippines,2013,rel,m,65+,5561,Relapse
Philippines,2013,rel,f,0-14,858,Relapse
Philippines,2013,rel,f,15-24,5466,Relapse
Philippines,2013,rel,f,25-34,5798,Relapse
Philippines,2013,rel,f,35-44,5555,Relapse
Philippines,2013,rel,f,45-54,5127,Relapse
Philippines,2013,rel,f,55-64,3835,Relapse
Philippines,2013,rel,f,65+,2562,Relapse
Poland,1995,sp,m,0-14,3,Smear Positive
Poland,1995,sp,m,15-24,122,Smear Positive
Poland,1995,sp,m,25-34,295,Smear Positive
Poland,1995,sp,m,35-44,795,Smear Positive
Poland,1995,sp,m,45-54,565,Smear Positive
Poland,1995,sp,m,55-64,369,Smear Positive
Poland,1995,sp,m,65+,377,Smear Positive
Poland,1995,sp,f,0-14,4,Smear Positive
Poland,1995,sp,f,15-24,129,Smear Positive
Poland,1995,sp,f,25-34,163,Smear Positive
Poland,1995,sp,f,35-44,225,Smear Positive
Poland,1995,sp,f,45-54,111,Smear Positive
Poland,1995,sp,f,55-64,107,Smear Positive
Poland,1995,sp,f,65+,414,Smear Positive
Poland,1996,sp,m,0-14,10,Smear Positive
Poland,1996,sp,m,15-24,248,Smear Positive
Poland,1996,sp,m,25-34,545,Smear Positive
Poland,1996,sp,m,35-44,1365,Smear Positive
Poland,1996,sp,m,45-54,1128,Smear Positive
Poland,1996,sp,m,55-64,687,Smear Positive
Poland,1996,sp,m,65+,724,Smear Positive
Poland,1996,sp,f,0-14,9,Smear Positive
Poland,1996,sp,f,15-24,180,Smear Positive
Poland,1996,sp,f,25-34,324,Smear Positive
Poland,1996,sp,f,35-44,415,Smear Positive
Poland,1996,sp,f,45-54,202,Smear Positive
Poland,1996,sp,f,55-64,159,Smear Positive
Poland,1996,sp,f,65+,823,Smear Positive
Poland,1997,sp,m,0-14,3,Smear Positive
Poland,1997,sp,m,15-24,104,Smear Positive
Poland,1997,sp,m,25-34,278,Smear Positive
Poland,1997,sp,m,35-44,781,Smear Positive
Poland,1997,sp,m,45-54,594,Smear Positive
Poland,1997,sp,m,55-64,374,Smear Positive
Poland,1997,sp,m,65+,359,Smear Positive
Poland,1997,sp,f,0-14,7,Smear Positive
Poland,1997,sp,f,15-24,91,Smear Positive
Poland,1997,sp,f,25-34,155,Smear Positive
Poland,1997,sp,f,35-44,205,Smear Positive
Poland,1997,sp,f,45-54,96,Smear Positive
Poland,1997,sp,f,55-64,94,Smear Positive
Poland,1997,sp,f,65+,345,Smear Positive
Poland,1998,sp,m,0-14,4,Smear Positive
Poland,1998,sp,m,15-24,99,Smear Positive
Poland,1998,sp,m,25-34,266,Smear Positive
Poland,1998,sp,m,35-44,752,Smear Positive
Poland,1998,sp,m,45-54,647,Smear Positive
Poland,1998,sp,m,55-64,311,Smear Positive
Poland,1998,sp,m,65+,367,Smear Positive
Poland,1998,sp,f,0-14,5,Smear Positive
Poland,1998,sp,f,15-24,102,Smear Positive
Poland,1998,sp,f,25-34,161,Smear Positive
Poland,1998,sp,f,35-44,219,Smear Positive
Poland,1998,sp,f,45-54,127,Smear Positive
Poland,1998,sp,f,55-64,81,Smear Positive
Poland,1998,sp,f,65+,361,Smear Positive
Poland,1999,sp,m,0-14,0,Smear Positive
Poland,1999,sp,m,15-24,84,Smear Positive
Poland,1999,sp,m,25-34,219,Smear Positive
Poland,1999,sp,m,35-44,681,Smear Positive
Poland,1999,sp,m,45-54,654,Smear Positive
Poland,1999,sp,m,55-64,305,Smear Positive
Poland,1999,sp,m,65+,306,Smear Positive
Poland,1999,sp,f,0-14,10,Smear Positive
Poland,1999,sp,f,15-24,95,Smear Positive
Poland,1999,sp,f,25-34,113,Smear Positive
Poland,1999,sp,f,35-44,178,Smear Positive
Poland,1999,sp,f,45-54,129,Smear Positive
Poland,1999,sp,f,55-64,81,Smear Positive
Poland,1999,sp,f,65+,322,Smear Positive
Poland,2000,sp,m,0-14,1,Smear Positive
Poland,2000,sp,m,15-24,99,Smear Positive
Poland,2000,sp,m,25-34,303,Smear Positive
Poland,2000,sp,m,35-44,812,Smear Positive
Poland,2000,sp,m,45-54,782,Smear Positive
Poland,2000,sp,m,55-64,361,Smear Positive
Poland,2000,sp,m,65+,434,Smear Positive
Poland,2000,sp,f,0-14,1,Smear Positive
Poland,2000,sp,f,15-24,99,Smear Positive
Poland,2000,sp,f,25-34,158,Smear Positive
Poland,2000,sp,f,35-44,211,Smear Positive
Poland,2000,sp,f,45-54,170,Smear Positive
Poland,2000,sp,f,55-64,82,Smear Positive
Poland,2000,sp,f,65+,421,Smear Positive
Poland,2001,sp,m,0-14,5,Smear Positive
Poland,2001,sp,m,15-24,78,Smear Positive
Poland,2001,sp,m,25-34,242,Smear Positive
Poland,2001,sp,m,35-44,603,Smear Positive
Poland,2001,sp,m,45-54,662,Smear Positive
Poland,2001,sp,m,55-64,275,Smear Positive
Poland,2001,sp,m,65+,322,Smear Positive
Poland,2001,sp,f,0-14,4,Smear Positive
Poland,2001,sp,f,15-24,99,Smear Positive
Poland,2001,sp,f,25-34,148,Smear Positive
Poland,2001,sp,f,35-44,170,Smear Positive
Poland,2001,sp,f,45-54,124,Smear Positive
Poland,2001,sp,f,55-64,63,Smear Positive
Poland,2001,sp,f,65+,360,Smear Positive
Poland,2002,sp,m,0-14,4,Smear Positive
Poland,2002,sp,m,15-24,100,Smear Positive
Poland,2002,sp,m,25-34,206,Smear Positive
Poland,2002,sp,m,35-44,515,Smear Positive
Poland,2002,sp,m,45-54,687,Smear Positive
Poland,2002,sp,m,55-64,264,Smear Positive
Poland,2002,sp,m,65+,309,Smear Positive
Poland,2002,sp,f,0-14,7,Smear Positive
Poland,2002,sp,f,15-24,90,Smear Positive
Poland,2002,sp,f,25-34,135,Smear Positive
Poland,2002,sp,f,35-44,157,Smear Positive
Poland,2002,sp,f,45-54,148,Smear Positive
Poland,2002,sp,f,55-64,70,Smear Positive
Poland,2002,sp,f,65+,368,Smear Positive
Poland,2003,sp,m,0-14,2,Smear Positive
Poland,2003,sp,m,15-24,93,Smear Positive
Poland,2003,sp,m,25-34,234,Smear Positive
Poland,2003,sp,m,35-44,436,Smear Positive
Poland,2003,sp,m,45-54,653,Smear Positive
Poland,2003,sp,m,55-64,305,Smear Positive
Poland,2003,sp,m,65+,349,Smear Positive
Poland,2003,sp,f,0-14,3,Smear Positive
Poland,2003,sp,f,15-24,91,Smear Positive
Poland,2003,sp,f,25-34,108,Smear Positive
Poland,2003,sp,f,35-44,152,Smear Positive
Poland,2003,sp,f,45-54,132,Smear Positive
Poland,2003,sp,f,55-64,65,Smear Positive
Poland,2003,sp,f,65+,358,Smear Positive
Poland,2004,sp,m,0-14,1,Smear Positive
Poland,2004,sp,m,15-24,85,Smear Positive
Poland,2004,sp,m,25-34,225,Smear Positive
Poland,2004,sp,m,35-44,425,Smear Positive
Poland,2004,sp,m,45-54,664,Smear Positive
Poland,2004,sp,m,55-64,243,Smear Positive
Poland,2004,sp,m,65+,292,Smear Positive
Poland,2004,sp,f,0-14,2,Smear Positive
Poland,2004,sp,f,15-24,92,Smear Positive
Poland,2004,sp,f,25-34,136,Smear Positive
Poland,2004,sp,f,35-44,126,Smear Positive
Poland,2004,sp,f,45-54,118,Smear Positive
Poland,2004,sp,f,55-64,79,Smear Positive
Poland,2004,sp,f,65+,285,Smear Positive
Poland,2005,sp,m,0-14,3,Smear Positive
Poland,2005,sp,m,15-24,109,Smear Positive
Poland,2005,sp,m,25-34,199,Smear Positive
Poland,2005,sp,m,35-44,389,Smear Positive
Poland,2005,sp,m,45-54,639,Smear Positive
Poland,2005,sp,m,55-64,292,Smear Positive
Poland,2005,sp,m,65+,310,Smear Positive
Poland,2005,sp,f,0-14,3,Smear Positive
Poland,2005,sp,f,15-24,95,Smear Positive
Poland,2005,sp,f,25-34,142,Smear Positive
Poland,2005,sp,f,35-44,112,Smear Positive
Poland,2005,sp,f,45-54,151,Smear Positive
Poland,2005,sp,f,55-64,63,Smear Positive
Poland,2005,sp,f,65+,316,Smear Positive
Poland,2006,sp,m,0-14,1,Smear Positive
Poland,2006,sp,m,15-24,92,Smear Positive
Poland,2006,sp,m,25-34,215,Smear Positive
Poland,2006,sp,m,35-44,390,Smear Positive
Poland,2006,sp,m,45-54,649,Smear Positive
Poland,2006,sp,m,55-64,357,Smear Positive
Poland,2006,sp,m,65+,285,Smear Positive
Poland,2006,sp,f,0-14,1,Smear Positive
Poland,2006,sp,f,15-24,83,Smear Positive
Poland,2006,sp,f,25-34,142,Smear Positive
Poland,2006,sp,f,35-44,112,Smear Positive
Poland,2006,sp,f,45-54,118,Smear Positive
Poland,2006,sp,f,55-64,72,Smear Positive
Poland,2006,sp,f,65+,318,Smear Positive
Poland,2006,sn,m,0-14,14,Smear Negative
Poland,2006,sn,m,15-24,122,Smear Negative
Poland,2006,sn,m,25-34,210,Smear Negative
Poland,2006,sn,m,35-44,387,Smear Negative
Poland,2006,sn,m,45-54,710,Smear Negative
Poland,2006,sn,m,55-64,514,Smear Negative
Poland,2006,sn,m,65+,655,Smear Negative
Poland,2006,sn,f,0-14,10,Smear Negative
Poland,2006,sn,f,15-24,115,Smear Negative
Poland,2006,sn,f,25-34,200,Smear Negative
Poland,2006,sn,f,35-44,197,Smear Negative
Poland,2006,sn,f,45-54,283,Smear Negative
Poland,2006,sn,f,55-64,185,Smear Negative
Poland,2006,sn,f,65+,500,Smear Negative
Poland,2006,ep,m,0-14,23,Extrapulmonary
Poland,2006,ep,m,15-24,27,Extrapulmonary
Poland,2006,ep,m,25-34,36,Extrapulmonary
Poland,2006,ep,m,35-44,42,Extrapulmonary
Poland,2006,ep,m,45-54,74,Extrapulmonary
Poland,2006,ep,m,55-64,58,Extrapulmonary
Poland,2006,ep,m,65+,93,Extrapulmonary
Poland,2006,ep,f,0-14,20,Extrapulmonary
Poland,2006,ep,f,15-24,22,Extrapulmonary
Poland,2006,ep,f,25-34,32,Extrapulmonary
Poland,2006,ep,f,35-44,44,Extrapulmonary
Poland,2006,ep,f,45-54,43,Extrapulmonary
Poland,2006,ep,f,55-64,52,Extrapulmonary
Poland,2006,ep,f,65+,124,Extrapulmonary
Poland,2007,sp,m,0-14,2,Smear Positive
Poland,2007,sp,m,15-24,85,Smear Positive
Poland,2007,sp,m,25-34,213,Smear Positive
Poland,2007,sp,m,35-44,395,Smear Positive
Poland,2007,sp,m,45-54,677,Smear Positive
Poland,2007,sp,m,55-64,344,Smear Positive
Poland,2007,sp,m,65+,285,Smear Positive
Poland,2007,sp,f,0-14,4,Smear Positive
Poland,2007,sp,f,15-24,65,Smear Positive
Poland,2007,sp,f,25-34,149,Smear Positive
Poland,2007,sp,f,35-44,120,Smear Positive
Poland,2007,sp,f,45-54,132,Smear Positive
Poland,2007,sp,f,55-64,79,Smear Positive
Poland,2007,sp,f,65+,277,Smear Positive
Poland,2007,sn,m,0-14,13,Smear Negative
Poland,2007,sn,m,15-24,127,Smear Negative
Poland,2007,sn,m,25-34,238,Smear Negative
Poland,2007,sn,m,35-44,344,Smear Negative
Poland,2007,sn,m,45-54,759,Smear Negative
Poland,2007,sn,m,55-64,548,Smear Negative
Poland,2007,sn,m,65+,635,Smear Negative
Poland,2007,sn,f,0-14,14,Smear Negative
Poland,2007,sn,f,15-24,122,Smear Negative
Poland,2007,sn,f,25-34,211,Smear Negative
Poland,2007,sn,f,35-44,219,Smear Negative
Poland,2007,sn,f,45-54,250,Smear Negative
Poland,2007,sn,f,55-64,191,Smear Negative
Poland,2007,sn,f,65+,479,Smear Negative
Poland,2007,ep,m,0-14,21,Extrapulmonary
Poland,2007,ep,m,15-24,24,Extrapulmonary
Poland,2007,ep,m,25-34,27,Extrapulmonary
Poland,2007,ep,m,35-44,50,Extrapulmonary
Poland,2007,ep,m,45-54,72,Extrapulmonary
Poland,2007,ep,m,55-64,48,Extrapulmonary
Poland,2007,ep,m,65+,74,Extrapulmonary
Poland,2007,ep,f,0-14,17,Extrapulmonary
Poland,2007,ep,f,15-24,10,Extrapulmonary
Poland,2007,ep,f,25-34,25,Extrapulmonary
Poland,2007,ep,f,35-44,35,Extrapulmonary
Poland,2007,ep,f,45-54,39,Extrapulmonary
Poland,2007,ep,f,55-64,53,Extrapulmonary
Poland,2007,ep,f,65+,97,Extrapulmonary
Poland,2008,sp,m,0-14,6,Smear Positive
Poland,2008,sp,m,15-24,66,Smear Positive
Poland,2008,sp,m,25-34,175,Smear Positive
Poland,2008,sp,m,35-44,397,Smear Positive
Poland,2008,sp,m,45-54,653,Smear Positive
Poland,2008,sp,m,55-64,355,Smear Positive
Poland,2008,sp,m,65+,239,Smear Positive
Poland,2008,sp,f,0-14,3,Smear Positive
Poland,2008,sp,f,15-24,65,Smear Positive
Poland,2008,sp,f,25-34,106,Smear Positive
Poland,2008,sp,f,35-44,112,Smear Positive
Poland,2008,sp,f,45-54,132,Smear Positive
Poland,2008,sp,f,55-64,77,Smear Positive
Poland,2008,sp,f,65+,264,Smear Positive
Poland,2008,sn,m,0-14,19,Smear Negative
Poland,2008,sn,m,15-24,104,Smear Negative
Poland,2008,sn,m,25-34,240,Smear Negative
Poland,2008,sn,m,35-44,331,Smear Negative
Poland,2008,sn,m,45-54,620,Smear Negative
Poland,2008,sn,m,55-64,575,Smear Negative
Poland,2008,sn,m,65+,604,Smear Negative
Poland,2008,sn,f,0-14,13,Smear Negative
Poland,2008,sn,f,15-24,78,Smear Negative
Poland,2008,sn,f,25-34,168,Smear Negative
Poland,2008,sn,f,35-44,155,Smear Negative
Poland,2008,sn,f,45-54,235,Smear Negative
Poland,2008,sn,f,55-64,228,Smear Negative
Poland,2008,sn,f,65+,465,Smear Negative
Poland,2008,ep,m,0-14,14,Extrapulmonary
Poland,2008,ep,m,15-24,19,Extrapulmonary
Poland,2008,ep,m,25-34,40,Extrapulmonary
Poland,2008,ep,m,35-44,29,Extrapulmonary
Poland,2008,ep,m,45-54,63,Extrapulmonary
Poland,2008,ep,m,55-64,59,Extrapulmonary
Poland,2008,ep,m,65+,86,Extrapulmonary
Poland,2008,ep,f,0-14,21,Extrapulmonary
Poland,2008,ep,f,15-24,20,Extrapulmonary
Poland,2008,ep,f,25-34,31,Extrapulmonary
Poland,2008,ep,f,35-44,25,Extrapulmonary
Poland,2008,ep,f,45-54,40,Extrapulmonary
Poland,2008,ep,f,55-64,46,Extrapulmonary
Poland,2008,ep,f,65+,83,Extrapulmonary
Poland,2009,sp,m,0-14,2,Smear Positive
Poland,2009,sp,m,15-24,84,Smear Positive
Poland,2009,sp,m,25-34,207,Smear Positive
Poland,2009,sp,m,35-44,340,Smear Positive
Poland,2009,sp,m,45-54,594,Smear Positive
Poland,2009,sp,m,55-64,410,Smear Positive
Poland,2009,sp,m,65+,256,Smear Positive
Poland,2009,sp,f,0-14,5,Smear Positive
Poland,2009,sp,f,15-24,60,Smear Positive
Poland,2009,sp,f,25-34,129,Smear Positive
Poland,2009,sp,f,35-44,86,Smear Positive
Poland,2009,sp,f,45-54,136,Smear Positive
Poland,2009,sp,f,55-64,76,Smear Positive
Poland,2009,sp,f,65+,273,Smear Positive
Poland,2009,sn,m,0-14,16,Smear Negative
Poland,2009,sn,m,15-24,103,Smear Negative
Poland,2009,sn,m,25-34,195,Smear Negative
Poland,2009,sn,m,35-44,348,Smear Negative
Poland,2009,sn,m,45-54,682,Smear Negative
Poland,2009,sn,m,55-64,585,Smear Negative
Poland,2009,sn,m,65+,668,Smear Negative
Poland,2009,sn,f,0-14,13,Smear Negative
Poland,2009,sn,f,15-24,102,Smear Negative
Poland,2009,sn,f,25-34,181,Smear Negative
Poland,2009,sn,f,35-44,181,Smear Negative
Poland,2009,sn,f,45-54,261,Smear Negative
Poland,2009,sn,f,55-64,228,Smear Negative
Poland,2009,sn,f,65+,484,Smear Negative
Poland,2009,ep,m,0-14,25,Extrapulmonary
Poland,2009,ep,m,15-24,21,Extrapulmonary
Poland,2009,ep,m,25-34,32,Extrapulmonary
Poland,2009,ep,m,35-44,50,Extrapulmonary
Poland,2009,ep,m,45-54,54,Extrapulmonary
Poland,2009,ep,m,55-64,57,Extrapulmonary
Poland,2009,ep,m,65+,64,Extrapulmonary
Poland,2009,ep,f,0-14,38,Extrapulmonary
Poland,2009,ep,f,15-24,11,Extrapulmonary
Poland,2009,ep,f,25-34,22,Extrapulmonary
Poland,2009,ep,f,35-44,23,Extrapulmonary
Poland,2009,ep,f,45-54,37,Extrapulmonary
Poland,2009,ep,f,55-64,46,Extrapulmonary
Poland,2009,ep,f,65+,83,Extrapulmonary
Poland,2010,sp,m,0-14,3,Smear Positive
Poland,2010,sp,m,15-24,70,Smear Positive
Poland,2010,sp,m,25-34,205,Smear Positive
Poland,2010,sp,m,35-44,310,Smear Positive
Poland,2010,sp,m,45-54,574,Smear Positive
Poland,2010,sp,m,55-64,393,Smear Positive
Poland,2010,sp,m,65+,237,Smear Positive
Poland,2010,sp,f,0-14,2,Smear Positive
Poland,2010,sp,f,15-24,59,Smear Positive
Poland,2010,sp,f,25-34,118,Smear Positive
Poland,2010,sp,f,35-44,82,Smear Positive
Poland,2010,sp,f,45-54,104,Smear Positive
Poland,2010,sp,f,55-64,82,Smear Positive
Poland,2010,sp,f,65+,245,Smear Positive
Poland,2010,sn,m,0-14,8,Smear Negative
Poland,2010,sn,m,15-24,81,Smear Negative
Poland,2010,sn,m,25-34,212,Smear Negative
Poland,2010,sn,m,35-44,312,Smear Negative
Poland,2010,sn,m,45-54,571,Smear Negative
Poland,2010,sn,m,55-64,608,Smear Negative
Poland,2010,sn,m,65+,574,Smear Negative
Poland,2010,sn,f,0-14,9,Smear Negative
Poland,2010,sn,f,15-24,104,Smear Negative
Poland,2010,sn,f,25-34,165,Smear Negative
Poland,2010,sn,f,35-44,171,Smear Negative
Poland,2010,sn,f,45-54,163,Smear Negative
Poland,2010,sn,f,55-64,222,Smear Negative
Poland,2010,sn,f,65+,425,Smear Negative
Poland,2010,ep,m,0-14,17,Extrapulmonary
Poland,2010,ep,m,15-24,11,Extrapulmonary
Poland,2010,ep,m,25-34,29,Extrapulmonary
Poland,2010,ep,m,35-44,33,Extrapulmonary
Poland,2010,ep,m,45-54,59,Extrapulmonary
Poland,2010,ep,m,55-64,65,Extrapulmonary
Poland,2010,ep,m,65+,73,Extrapulmonary
Poland,2010,ep,f,0-14,22,Extrapulmonary
Poland,2010,ep,f,15-24,15,Extrapulmonary
Poland,2010,ep,f,25-34,16,Extrapulmonary
Poland,2010,ep,f,35-44,22,Extrapulmonary
Poland,2010,ep,f,45-54,36,Extrapulmonary
Poland,2010,ep,f,55-64,40,Extrapulmonary
Poland,2010,ep,f,65+,63,Extrapulmonary
Poland,2011,sp,m,0-14,5,Smear Positive
Poland,2011,sp,m,15-24,69,Smear Positive
Poland,2011,sp,m,25-34,187,Smear Positive
Poland,2011,sp,m,35-44,314,Smear Positive
Poland,2011,sp,m,45-54,560,Smear Positive
Poland,2011,sp,m,55-64,439,Smear Positive
Poland,2011,sp,m,65+,275,Smear Positive
Poland,2011,sp,f,0-14,1,Smear Positive
Poland,2011,sp,f,15-24,67,Smear Positive
Poland,2011,sp,f,25-34,96,Smear Positive
Poland,2011,sp,f,35-44,90,Smear Positive
Poland,2011,sp,f,45-54,130,Smear Positive
Poland,2011,sp,f,55-64,99,Smear Positive
Poland,2011,sp,f,65+,255,Smear Positive
Poland,2011,sn,m,0-14,27,Smear Negative
Poland,2011,sn,m,15-24,111,Smear Negative
Poland,2011,sn,m,25-34,230,Smear Negative
Poland,2011,sn,m,35-44,324,Smear Negative
Poland,2011,sn,m,45-54,653,Smear Negative
Poland,2011,sn,m,55-64,728,Smear Negative
Poland,2011,sn,m,65+,731,Smear Negative
Poland,2011,sn,f,0-14,27,Smear Negative
Poland,2011,sn,f,15-24,99,Smear Negative
Poland,2011,sn,f,25-34,208,Smear Negative
Poland,2011,sn,f,35-44,167,Smear Negative
Poland,2011,sn,f,45-54,245,Smear Negative
Poland,2011,sn,f,55-64,288,Smear Negative
Poland,2011,sn,f,65+,506,Smear Negative
Poland,2011,ep,m,0-14,29,Extrapulmonary
Poland,2011,ep,m,15-24,20,Extrapulmonary
Poland,2011,ep,m,25-34,25,Extrapulmonary
Poland,2011,ep,m,35-44,32,Extrapulmonary
Poland,2011,ep,m,45-54,57,Extrapulmonary
Poland,2011,ep,m,55-64,73,Extrapulmonary
Poland,2011,ep,m,65+,84,Extrapulmonary
Poland,2011,ep,f,0-14,22,Extrapulmonary
Poland,2011,ep,f,15-24,16,Extrapulmonary
Poland,2011,ep,f,25-34,24,Extrapulmonary
Poland,2011,ep,f,35-44,27,Extrapulmonary
Poland,2011,ep,f,45-54,21,Extrapulmonary
Poland,2011,ep,f,55-64,46,Extrapulmonary
Poland,2011,ep,f,65+,108,Extrapulmonary
Poland,2012,sp,m,0-14,1,Smear Positive
Poland,2012,sp,m,15-24,82,Smear Positive
Poland,2012,sp,m,25-34,183,Smear Positive
Poland,2012,sp,m,35-44,306,Smear Positive
Poland,2012,sp,m,45-54,471,Smear Positive
Poland,2012,sp,m,55-64,438,Smear Positive
Poland,2012,sp,m,65+,267,Smear Positive
Poland,2012,sp,f,0-14,1,Smear Positive
Poland,2012,sp,f,15-24,54,Smear Positive
Poland,2012,sp,f,25-34,96,Smear Positive
Poland,2012,sp,f,35-44,106,Smear Positive
Poland,2012,sp,f,45-54,102,Smear Positive
Poland,2012,sp,f,55-64,100,Smear Positive
Poland,2012,sp,f,65+,226,Smear Positive
Poland,2012,sn,m,0-14,20,Smear Negative
Poland,2012,sn,m,15-24,121,Smear Negative
Poland,2012,sn,m,25-34,200,Smear Negative
Poland,2012,sn,m,35-44,301,Smear Negative
Poland,2012,sn,m,45-54,554,Smear Negative
Poland,2012,sn,m,55-64,632,Smear Negative
Poland,2012,sn,m,65+,586,Smear Negative
Poland,2012,sn,f,0-14,29,Smear Negative
Poland,2012,sn,f,15-24,102,Smear Negative
Poland,2012,sn,f,25-34,128,Smear Negative
Poland,2012,sn,f,35-44,140,Smear Negative
Poland,2012,sn,f,45-54,211,Smear Negative
Poland,2012,sn,f,55-64,233,Smear Negative
Poland,2012,sn,f,65+,472,Smear Negative
Poland,2012,ep,m,0-14,22,Extrapulmonary
Poland,2012,ep,m,15-24,20,Extrapulmonary
Poland,2012,ep,m,25-34,23,Extrapulmonary
Poland,2012,ep,m,35-44,27,Extrapulmonary
Poland,2012,ep,m,45-54,36,Extrapulmonary
Poland,2012,ep,m,55-64,64,Extrapulmonary
Poland,2012,ep,m,65+,73,Extrapulmonary
Poland,2012,ep,f,0-14,21,Extrapulmonary
Poland,2012,ep,f,15-24,17,Extrapulmonary
Poland,2012,ep,f,25-34,12,Extrapulmonary
Poland,2012,ep,f,35-44,28,Extrapulmonary
Poland,2012,ep,f,45-54,25,Extrapulmonary
Poland,2012,ep,f,55-64,42,Extrapulmonary
Poland,2012,ep,f,65+,93,Extrapulmonary
Poland,2013,rel,m,0-14,51,Relapse
Poland,2013,rel,m,15-24,182,Relapse
Poland,2013,rel,m,25-34,441,Relapse
Poland,2013,rel,m,35-44,669,Relapse
Poland,2013,rel,m,45-54,1119,Relapse
Poland,2013,rel,m,55-64,1297,Relapse
Poland,2013,rel,m,65+,1061,Relapse
Poland,2013,rel,f,0-14,65,Relapse
Poland,2013,rel,f,15-24,145,Relapse
Poland,2013,rel,f,25-34,246,Relapse
Poland,2013,rel,f,35-44,284,Relapse
Poland,2013,rel,f,45-54,333,Relapse
Poland,2013,rel,f,55-64,372,Relapse
Poland,2013,rel,f,65+,778,Relapse
Portugal,1995,sp,m,0-14,11,Smear Positive
Portugal,1995,sp,m,15-24,215,Smear Positive
Portugal,1995,sp,m,25-34,363,Smear Positive
Portugal,1995,sp,m,35-44,328,Smear Positive
Portugal,1995,sp,m,45-54,200,Smear Positive
Portugal,1995,sp,m,55-64,173,Smear Positive
Portugal,1995,sp,m,65+,164,Smear Positive
Portugal,1995,sp,f,0-14,7,Smear Positive
Portugal,1995,sp,f,15-24,139,Smear Positive
Portugal,1995,sp,f,25-34,172,Smear Positive
Portugal,1995,sp,f,35-44,87,Smear Positive
Portugal,1995,sp,f,45-54,33,Smear Positive
Portugal,1995,sp,f,55-64,42,Smear Positive
Portugal,1995,sp,f,65+,85,Smear Positive
Portugal,1996,sp,m,0-14,12,Smear Positive
Portugal,1996,sp,m,15-24,176,Smear Positive
Portugal,1996,sp,m,25-34,359,Smear Positive
Portugal,1996,sp,m,35-44,331,Smear Positive
Portugal,1996,sp,m,45-54,192,Smear Positive
Portugal,1996,sp,m,55-64,158,Smear Positive
Portugal,1996,sp,m,65+,203,Smear Positive
Portugal,1996,sp,f,0-14,6,Smear Positive
Portugal,1996,sp,f,15-24,114,Smear Positive
Portugal,1996,sp,f,25-34,177,Smear Positive
Portugal,1996,sp,f,35-44,76,Smear Positive
Portugal,1996,sp,f,45-54,31,Smear Positive
Portugal,1996,sp,f,55-64,37,Smear Positive
Portugal,1996,sp,f,65+,66,Smear Positive
Portugal,1997,sp,m,0-14,8,Smear Positive
Portugal,1997,sp,m,15-24,135,Smear Positive
Portugal,1997,sp,m,25-34,313,Smear Positive
Portugal,1997,sp,m,35-44,303,Smear Positive
Portugal,1997,sp,m,45-54,217,Smear Positive
Portugal,1997,sp,m,55-64,130,Smear Positive
Portugal,1997,sp,m,65+,84,Smear Positive
Portugal,1997,sp,f,0-14,4,Smear Positive
Portugal,1997,sp,f,15-24,105,Smear Positive
Portugal,1997,sp,f,25-34,141,Smear Positive
Portugal,1997,sp,f,35-44,77,Smear Positive
Portugal,1997,sp,f,45-54,27,Smear Positive
Portugal,1997,sp,f,55-64,23,Smear Positive
Portugal,1997,sp,f,65+,61,Smear Positive
Portugal,1998,sp,m,0-14,8,Smear Positive
Portugal,1998,sp,m,15-24,154,Smear Positive
Portugal,1998,sp,m,25-34,367,Smear Positive
Portugal,1998,sp,m,35-44,362,Smear Positive
Portugal,1998,sp,m,45-54,232,Smear Positive
Portugal,1998,sp,m,55-64,141,Smear Positive
Portugal,1998,sp,m,65+,173,Smear Positive
Portugal,1998,sp,f,0-14,5,Smear Positive
Portugal,1998,sp,f,15-24,132,Smear Positive
Portugal,1998,sp,f,25-34,160,Smear Positive
Portugal,1998,sp,f,35-44,123,Smear Positive
Portugal,1998,sp,f,45-54,44,Smear Positive
Portugal,1998,sp,f,55-64,33,Smear Positive
Portugal,1998,sp,f,65+,82,Smear Positive
Portugal,1999,sp,m,0-14,13,Smear Positive
Portugal,1999,sp,m,15-24,113,Smear Positive
Portugal,1999,sp,m,25-34,288,Smear Positive
Portugal,1999,sp,m,35-44,378,Smear Positive
Portugal,1999,sp,m,45-54,232,Smear Positive
Portugal,1999,sp,m,55-64,146,Smear Positive
Portugal,1999,sp,m,65+,189,Smear Positive
Portugal,1999,sp,f,0-14,9,Smear Positive
Portugal,1999,sp,f,15-24,98,Smear Positive
Portugal,1999,sp,f,25-34,134,Smear Positive
Portugal,1999,sp,f,35-44,86,Smear Positive
Portugal,1999,sp,f,45-54,30,Smear Positive
Portugal,1999,sp,f,55-64,28,Smear Positive
Portugal,1999,sp,f,65+,57,Smear Positive
Portugal,2000,sp,m,0-14,8,Smear Positive
Portugal,2000,sp,m,15-24,147,Smear Positive
Portugal,2000,sp,m,25-34,375,Smear Positive
Portugal,2000,sp,m,35-44,349,Smear Positive
Portugal,2000,sp,m,45-54,208,Smear Positive
Portugal,2000,sp,m,55-64,140,Smear Positive
Portugal,2000,sp,m,65+,140,Smear Positive
Portugal,2000,sp,f,0-14,5,Smear Positive
Portugal,2000,sp,f,15-24,114,Smear Positive
Portugal,2000,sp,f,25-34,154,Smear Positive
Portugal,2000,sp,f,35-44,87,Smear Positive
Portugal,2000,sp,f,45-54,41,Smear Positive
Portugal,2000,sp,f,55-64,25,Smear Positive
Portugal,2000,sp,f,65+,64,Smear Positive
Portugal,2001,sp,m,0-14,9,Smear Positive
Portugal,2001,sp,m,15-24,156,Smear Positive
Portugal,2001,sp,m,25-34,329,Smear Positive
Portugal,2001,sp,m,35-44,356,Smear Positive
Portugal,2001,sp,m,45-54,218,Smear Positive
Portugal,2001,sp,m,55-64,109,Smear Positive
Portugal,2001,sp,m,65+,140,Smear Positive
Portugal,2001,sp,f,0-14,13,Smear Positive
Portugal,2001,sp,f,15-24,110,Smear Positive
Portugal,2001,sp,f,25-34,160,Smear Positive
Portugal,2001,sp,f,35-44,83,Smear Positive
Portugal,2001,sp,f,45-54,36,Smear Positive
Portugal,2001,sp,f,55-64,30,Smear Positive
Portugal,2001,sp,f,65+,63,Smear Positive
Portugal,2002,sp,m,0-14,12,Smear Positive
Portugal,2002,sp,m,15-24,156,Smear Positive
Portugal,2002,sp,m,25-34,342,Smear Positive
Portugal,2002,sp,m,35-44,411,Smear Positive
Portugal,2002,sp,m,45-54,272,Smear Positive
Portugal,2002,sp,m,55-64,129,Smear Positive
Portugal,2002,sp,m,65+,171,Smear Positive
Portugal,2002,sp,f,0-14,5,Smear Positive
Portugal,2002,sp,f,15-24,99,Smear Positive
Portugal,2002,sp,f,25-34,141,Smear Positive
Portugal,2002,sp,f,35-44,87,Smear Positive
Portugal,2002,sp,f,45-54,33,Smear Positive
Portugal,2002,sp,f,55-64,29,Smear Positive
Portugal,2002,sp,f,65+,73,Smear Positive
Portugal,2003,sp,m,0-14,11,Smear Positive
Portugal,2003,sp,m,15-24,134,Smear Positive
Portugal,2003,sp,m,25-34,297,Smear Positive
Portugal,2003,sp,m,35-44,333,Smear Positive
Portugal,2003,sp,m,45-54,227,Smear Positive
Portugal,2003,sp,m,55-64,99,Smear Positive
Portugal,2003,sp,m,65+,148,Smear Positive
Portugal,2003,sp,f,0-14,7,Smear Positive
Portugal,2003,sp,f,15-24,99,Smear Positive
Portugal,2003,sp,f,25-34,163,Smear Positive
Portugal,2003,sp,f,35-44,82,Smear Positive
Portugal,2003,sp,f,45-54,39,Smear Positive
Portugal,2003,sp,f,55-64,27,Smear Positive
Portugal,2003,sp,f,65+,47,Smear Positive
Portugal,2004,sp,m,0-14,4,Smear Positive
Portugal,2004,sp,m,15-24,97,Smear Positive
Portugal,2004,sp,m,25-34,258,Smear Positive
Portugal,2004,sp,m,35-44,336,Smear Positive
Portugal,2004,sp,m,45-54,216,Smear Positive
Portugal,2004,sp,m,55-64,98,Smear Positive
Portugal,2004,sp,m,65+,115,Smear Positive
Portugal,2004,sp,f,0-14,3,Smear Positive
Portugal,2004,sp,f,15-24,89,Smear Positive
Portugal,2004,sp,f,25-34,122,Smear Positive
Portugal,2004,sp,f,35-44,65,Smear Positive
Portugal,2004,sp,f,45-54,22,Smear Positive
Portugal,2004,sp,f,55-64,16,Smear Positive
Portugal,2004,sp,f,65+,50,Smear Positive
Portugal,2005,sp,m,0-14,5,Smear Positive
Portugal,2005,sp,m,15-24,85,Smear Positive
Portugal,2005,sp,m,25-34,227,Smear Positive
Portugal,2005,sp,m,35-44,284,Smear Positive
Portugal,2005,sp,m,45-54,181,Smear Positive
Portugal,2005,sp,m,55-64,90,Smear Positive
Portugal,2005,sp,m,65+,93,Smear Positive
Portugal,2005,sp,f,0-14,7,Smear Positive
Portugal,2005,sp,f,15-24,67,Smear Positive
Portugal,2005,sp,f,25-34,109,Smear Positive
Portugal,2005,sp,f,35-44,66,Smear Positive
Portugal,2005,sp,f,45-54,29,Smear Positive
Portugal,2005,sp,f,55-64,11,Smear Positive
Portugal,2005,sp,f,65+,42,Smear Positive
Portugal,2006,sp,m,0-14,7,Smear Positive
Portugal,2006,sp,m,15-24,80,Smear Positive
Portugal,2006,sp,m,25-34,211,Smear Positive
Portugal,2006,sp,m,35-44,259,Smear Positive
Portugal,2006,sp,m,45-54,190,Smear Positive
Portugal,2006,sp,m,55-64,94,Smear Positive
Portugal,2006,sp,m,65+,108,Smear Positive
Portugal,2006,sp,f,0-14,4,Smear Positive
Portugal,2006,sp,f,15-24,56,Smear Positive
Portugal,2006,sp,f,25-34,107,Smear Positive
Portugal,2006,sp,f,35-44,85,Smear Positive
Portugal,2006,sp,f,45-54,33,Smear Positive
Portugal,2006,sp,f,55-64,22,Smear Positive
Portugal,2006,sp,f,65+,41,Smear Positive
Portugal,2006,sn,m,0-14,28,Smear Negative
Portugal,2006,sn,m,15-24,46,Smear Negative
Portugal,2006,sn,m,25-34,115,Smear Negative
Portugal,2006,sn,m,35-44,134,Smear Negative
Portugal,2006,sn,m,45-54,100,Smear Negative
Portugal,2006,sn,m,55-64,57,Smear Negative
Portugal,2006,sn,m,65+,129,Smear Negative
Portugal,2006,sn,f,0-14,15,Smear Negative
Portugal,2006,sn,f,15-24,36,Smear Negative
Portugal,2006,sn,f,25-34,87,Smear Negative
Portugal,2006,sn,f,35-44,67,Smear Negative
Portugal,2006,sn,f,45-54,34,Smear Negative
Portugal,2006,sn,f,55-64,32,Smear Negative
Portugal,2006,sn,f,65+,74,Smear Negative
Portugal,2006,ep,m,0-14,17,Extrapulmonary
Portugal,2006,ep,m,15-24,32,Extrapulmonary
Portugal,2006,ep,m,25-34,98,Extrapulmonary
Portugal,2006,ep,m,35-44,116,Extrapulmonary
Portugal,2006,ep,m,45-54,69,Extrapulmonary
Portugal,2006,ep,m,55-64,43,Extrapulmonary
Portugal,2006,ep,m,65+,105,Extrapulmonary
Portugal,2006,ep,f,0-14,23,Extrapulmonary
Portugal,2006,ep,f,15-24,25,Extrapulmonary
Portugal,2006,ep,f,25-34,61,Extrapulmonary
Portugal,2006,ep,f,35-44,48,Extrapulmonary
Portugal,2006,ep,f,45-54,40,Extrapulmonary
Portugal,2006,ep,f,55-64,43,Extrapulmonary
Portugal,2006,ep,f,65+,92,Extrapulmonary
Portugal,2007,sp,m,0-14,4,Smear Positive
Portugal,2007,sp,m,15-24,69,Smear Positive
Portugal,2007,sp,m,25-34,178,Smear Positive
Portugal,2007,sp,m,35-44,268,Smear Positive
Portugal,2007,sp,m,45-54,188,Smear Positive
Portugal,2007,sp,m,55-64,82,Smear Positive
Portugal,2007,sp,m,65+,112,Smear Positive
Portugal,2007,sp,f,0-14,2,Smear Positive
Portugal,2007,sp,f,15-24,49,Smear Positive
Portugal,2007,sp,f,25-34,95,Smear Positive
Portugal,2007,sp,f,35-44,61,Smear Positive
Portugal,2007,sp,f,45-54,27,Smear Positive
Portugal,2007,sp,f,55-64,12,Smear Positive
Portugal,2007,sp,f,65+,26,Smear Positive
Portugal,2007,sn,m,0-14,20,Smear Negative
Portugal,2007,sn,m,15-24,51,Smear Negative
Portugal,2007,sn,m,25-34,113,Smear Negative
Portugal,2007,sn,m,35-44,148,Smear Negative
Portugal,2007,sn,m,45-54,104,Smear Negative
Portugal,2007,sn,m,55-64,64,Smear Negative
Portugal,2007,sn,m,65+,106,Smear Negative
Portugal,2007,sn,f,0-14,17,Smear Negative
Portugal,2007,sn,f,15-24,44,Smear Negative
Portugal,2007,sn,f,25-34,72,Smear Negative
Portugal,2007,sn,f,35-44,67,Smear Negative
Portugal,2007,sn,f,45-54,32,Smear Negative
Portugal,2007,sn,f,55-64,15,Smear Negative
Portugal,2007,sn,f,65+,55,Smear Negative
Portugal,2007,ep,m,0-14,14,Extrapulmonary
Portugal,2007,ep,m,15-24,31,Extrapulmonary
Portugal,2007,ep,m,25-34,88,Extrapulmonary
Portugal,2007,ep,m,35-44,104,Extrapulmonary
Portugal,2007,ep,m,45-54,47,Extrapulmonary
Portugal,2007,ep,m,55-64,41,Extrapulmonary
Portugal,2007,ep,m,65+,95,Extrapulmonary
Portugal,2007,ep,f,0-14,12,Extrapulmonary
Portugal,2007,ep,f,15-24,19,Extrapulmonary
Portugal,2007,ep,f,25-34,52,Extrapulmonary
Portugal,2007,ep,f,35-44,65,Extrapulmonary
Portugal,2007,ep,f,45-54,41,Extrapulmonary
Portugal,2007,ep,f,55-64,41,Extrapulmonary
Portugal,2007,ep,f,65+,85,Extrapulmonary
Portugal,2008,sp,m,0-14,2,Smear Positive
Portugal,2008,sp,m,15-24,51,Smear Positive
Portugal,2008,sp,m,25-34,155,Smear Positive
Portugal,2008,sp,m,35-44,212,Smear Positive
Portugal,2008,sp,m,45-54,179,Smear Positive
Portugal,2008,sp,m,55-64,80,Smear Positive
Portugal,2008,sp,m,65+,84,Smear Positive
Portugal,2008,sp,f,0-14,3,Smear Positive
Portugal,2008,sp,f,15-24,54,Smear Positive
Portugal,2008,sp,f,25-34,86,Smear Positive
Portugal,2008,sp,f,35-44,55,Smear Positive
Portugal,2008,sp,f,45-54,38,Smear Positive
Portugal,2008,sp,f,55-64,15,Smear Positive
Portugal,2008,sp,f,65+,39,Smear Positive
Portugal,2008,sn,m,0-14,13,Smear Negative
Portugal,2008,sn,m,15-24,41,Smear Negative
Portugal,2008,sn,m,25-34,89,Smear Negative
Portugal,2008,sn,m,35-44,143,Smear Negative
Portugal,2008,sn,m,45-54,112,Smear Negative
Portugal,2008,sn,m,55-64,76,Smear Negative
Portugal,2008,sn,m,65+,126,Smear Negative
Portugal,2008,sn,f,0-14,18,Smear Negative
Portugal,2008,sn,f,15-24,47,Smear Negative
Portugal,2008,sn,f,25-34,88,Smear Negative
Portugal,2008,sn,f,35-44,56,Smear Negative
Portugal,2008,sn,f,45-54,40,Smear Negative
Portugal,2008,sn,f,55-64,24,Smear Negative
Portugal,2008,sn,f,65+,80,Smear Negative
Portugal,2008,ep,m,0-14,12,Extrapulmonary
Portugal,2008,ep,m,15-24,38,Extrapulmonary
Portugal,2008,ep,m,25-34,61,Extrapulmonary
Portugal,2008,ep,m,35-44,75,Extrapulmonary
Portugal,2008,ep,m,45-54,52,Extrapulmonary
Portugal,2008,ep,m,55-64,45,Extrapulmonary
Portugal,2008,ep,m,65+,93,Extrapulmonary
Portugal,2008,ep,f,0-14,10,Extrapulmonary
Portugal,2008,ep,f,15-24,18,Extrapulmonary
Portugal,2008,ep,f,25-34,40,Extrapulmonary
Portugal,2008,ep,f,35-44,39,Extrapulmonary
Portugal,2008,ep,f,45-54,35,Extrapulmonary
Portugal,2008,ep,f,55-64,33,Extrapulmonary
Portugal,2008,ep,f,65+,80,Extrapulmonary
Portugal,2009,sp,m,0-14,2,Smear Positive
Portugal,2009,sp,m,15-24,74,Smear Positive
Portugal,2009,sp,m,25-34,141,Smear Positive
Portugal,2009,sp,m,35-44,204,Smear Positive
Portugal,2009,sp,m,45-54,184,Smear Positive
Portugal,2009,sp,m,55-64,81,Smear Positive
Portugal,2009,sp,m,65+,89,Smear Positive
Portugal,2009,sp,f,0-14,2,Smear Positive
Portugal,2009,sp,f,15-24,56,Smear Positive
Portugal,2009,sp,f,25-34,91,Smear Positive
Portugal,2009,sp,f,35-44,55,Smear Positive
Portugal,2009,sp,f,45-54,26,Smear Positive
Portugal,2009,sp,f,55-64,15,Smear Positive
Portugal,2009,sp,f,65+,39,Smear Positive
Portugal,2009,sn,m,0-14,17,Smear Negative
Portugal,2009,sn,m,15-24,33,Smear Negative
Portugal,2009,sn,m,25-34,76,Smear Negative
Portugal,2009,sn,m,35-44,115,Smear Negative
Portugal,2009,sn,m,45-54,88,Smear Negative
Portugal,2009,sn,m,55-64,79,Smear Negative
Portugal,2009,sn,m,65+,115,Smear Negative
Portugal,2009,sn,f,0-14,24,Smear Negative
Portugal,2009,sn,f,15-24,33,Smear Negative
Portugal,2009,sn,f,25-34,75,Smear Negative
Portugal,2009,sn,f,35-44,51,Smear Negative
Portugal,2009,sn,f,45-54,39,Smear Negative
Portugal,2009,sn,f,55-64,24,Smear Negative
Portugal,2009,sn,f,65+,58,Smear Negative
Portugal,2009,ep,m,0-14,14,Extrapulmonary
Portugal,2009,ep,m,15-24,24,Extrapulmonary
Portugal,2009,ep,m,25-34,71,Extrapulmonary
Portugal,2009,ep,m,35-44,80,Extrapulmonary
Portugal,2009,ep,m,45-54,56,Extrapulmonary
Portugal,2009,ep,m,55-64,42,Extrapulmonary
Portugal,2009,ep,m,65+,103,Extrapulmonary
Portugal,2009,ep,f,0-14,14,Extrapulmonary
Portugal,2009,ep,f,15-24,31,Extrapulmonary
Portugal,2009,ep,f,25-34,60,Extrapulmonary
Portugal,2009,ep,f,35-44,58,Extrapulmonary
Portugal,2009,ep,f,45-54,41,Extrapulmonary
Portugal,2009,ep,f,55-64,38,Extrapulmonary
Portugal,2009,ep,f,65+,83,Extrapulmonary
Portugal,2010,sp,m,0-14,4,Smear Positive
Portugal,2010,sp,m,15-24,53,Smear Positive
Portugal,2010,sp,m,25-34,120,Smear Positive
Portugal,2010,sp,m,35-44,221,Smear Positive
Portugal,2010,sp,m,45-54,172,Smear Positive
Portugal,2010,sp,m,55-64,81,Smear Positive
Portugal,2010,sp,m,65+,81,Smear Positive
Portugal,2010,sp,f,0-14,3,Smear Positive
Portugal,2010,sp,f,15-24,55,Smear Positive
Portugal,2010,sp,f,25-34,64,Smear Positive
Portugal,2010,sp,f,35-44,57,Smear Positive
Portugal,2010,sp,f,45-54,38,Smear Positive
Portugal,2010,sp,f,55-64,12,Smear Positive
Portugal,2010,sp,f,65+,31,Smear Positive
Portugal,2010,sn,m,0-14,11,Smear Negative
Portugal,2010,sn,m,15-24,28,Smear Negative
Portugal,2010,sn,m,25-34,77,Smear Negative
Portugal,2010,sn,m,35-44,116,Smear Negative
Portugal,2010,sn,m,45-54,96,Smear Negative
Portugal,2010,sn,m,55-64,70,Smear Negative
Portugal,2010,sn,m,65+,124,Smear Negative
Portugal,2010,sn,f,0-14,11,Smear Negative
Portugal,2010,sn,f,15-24,42,Smear Negative
Portugal,2010,sn,f,25-34,52,Smear Negative
Portugal,2010,sn,f,35-44,46,Smear Negative
Portugal,2010,sn,f,45-54,41,Smear Negative
Portugal,2010,sn,f,55-64,25,Smear Negative
Portugal,2010,sn,f,65+,53,Smear Negative
Portugal,2010,ep,m,0-14,15,Extrapulmonary
Portugal,2010,ep,m,15-24,36,Extrapulmonary
Portugal,2010,ep,m,25-34,68,Extrapulmonary
Portugal,2010,ep,m,35-44,68,Extrapulmonary
Portugal,2010,ep,m,45-54,60,Extrapulmonary
Portugal,2010,ep,m,55-64,59,Extrapulmonary
Portugal,2010,ep,m,65+,94,Extrapulmonary
Portugal,2010,ep,f,0-14,14,Extrapulmonary
Portugal,2010,ep,f,15-24,19,Extrapulmonary
Portugal,2010,ep,f,25-34,44,Extrapulmonary
Portugal,2010,ep,f,35-44,47,Extrapulmonary
Portugal,2010,ep,f,45-54,51,Extrapulmonary
Portugal,2010,ep,f,55-64,32,Extrapulmonary
Portugal,2010,ep,f,65+,100,Extrapulmonary
Portugal,2011,sp,m,0-14,2,Smear Positive
Portugal,2011,sp,m,15-24,60,Smear Positive
Portugal,2011,sp,m,25-34,91,Smear Positive
Portugal,2011,sp,m,35-44,187,Smear Positive
Portugal,2011,sp,m,45-54,188,Smear Positive
Portugal,2011,sp,m,55-64,82,Smear Positive
Portugal,2011,sp,m,65+,78,Smear Positive
Portugal,2011,sp,f,0-14,4,Smear Positive
Portugal,2011,sp,f,15-24,43,Smear Positive
Portugal,2011,sp,f,25-34,59,Smear Positive
Portugal,2011,sp,f,35-44,59,Smear Positive
Portugal,2011,sp,f,45-54,31,Smear Positive
Portugal,2011,sp,f,55-64,12,Smear Positive
Portugal,2011,sp,f,65+,28,Smear Positive
Portugal,2011,sn,m,0-14,10,Smear Negative
Portugal,2011,sn,m,15-24,52,Smear Negative
Portugal,2011,sn,m,25-34,55,Smear Negative
Portugal,2011,sn,m,35-44,114,Smear Negative
Portugal,2011,sn,m,45-54,125,Smear Negative
Portugal,2011,sn,m,55-64,89,Smear Negative
Portugal,2011,sn,m,65+,109,Smear Negative
Portugal,2011,sn,f,0-14,17,Smear Negative
Portugal,2011,sn,f,15-24,27,Smear Negative
Portugal,2011,sn,f,25-34,53,Smear Negative
Portugal,2011,sn,f,35-44,52,Smear Negative
Portugal,2011,sn,f,45-54,30,Smear Negative
Portugal,2011,sn,f,55-64,24,Smear Negative
Portugal,2011,sn,f,65+,60,Smear Negative
Portugal,2011,ep,m,0-14,13,Extrapulmonary
Portugal,2011,ep,m,15-24,27,Extrapulmonary
Portugal,2011,ep,m,25-34,50,Extrapulmonary
Portugal,2011,ep,m,35-44,68,Extrapulmonary
Portugal,2011,ep,m,45-54,77,Extrapulmonary
Portugal,2011,ep,m,55-64,48,Extrapulmonary
Portugal,2011,ep,m,65+,84,Extrapulmonary
Portugal,2011,ep,f,0-14,3,Extrapulmonary
Portugal,2011,ep,f,15-24,28,Extrapulmonary
Portugal,2011,ep,f,25-34,29,Extrapulmonary
Portugal,2011,ep,f,35-44,46,Extrapulmonary
Portugal,2011,ep,f,45-54,39,Extrapulmonary
Portugal,2011,ep,f,55-64,51,Extrapulmonary
Portugal,2011,ep,f,65+,87,Extrapulmonary
Portugal,2012,sp,m,0-14,1,Smear Positive
Portugal,2012,sp,m,15-24,56,Smear Positive
Portugal,2012,sp,m,25-34,103,Smear Positive
Portugal,2012,sp,m,35-44,187,Smear Positive
Portugal,2012,sp,m,45-54,153,Smear Positive
Portugal,2012,sp,m,55-64,79,Smear Positive
Portugal,2012,sp,m,65+,75,Smear Positive
Portugal,2012,sp,f,0-14,6,Smear Positive
Portugal,2012,sp,f,15-24,52,Smear Positive
Portugal,2012,sp,f,25-34,62,Smear Positive
Portugal,2012,sp,f,35-44,66,Smear Positive
Portugal,2012,sp,f,45-54,28,Smear Positive
Portugal,2012,sp,f,55-64,19,Smear Positive
Portugal,2012,sp,f,65+,32,Smear Positive
Portugal,2012,sn,m,0-14,23,Smear Negative
Portugal,2012,sn,m,15-24,39,Smear Negative
Portugal,2012,sn,m,25-34,62,Smear Negative
Portugal,2012,sn,m,35-44,101,Smear Negative
Portugal,2012,sn,m,45-54,114,Smear Negative
Portugal,2012,sn,m,55-64,81,Smear Negative
Portugal,2012,sn,m,65+,111,Smear Negative
Portugal,2012,sn,f,0-14,15,Smear Negative
Portugal,2012,sn,f,15-24,39,Smear Negative
Portugal,2012,sn,f,25-34,67,Smear Negative
Portugal,2012,sn,f,35-44,42,Smear Negative
Portugal,2012,sn,f,45-54,49,Smear Negative
Portugal,2012,sn,f,55-64,16,Smear Negative
Portugal,2012,sn,f,65+,45,Smear Negative
Portugal,2012,ep,m,0-14,10,Extrapulmonary
Portugal,2012,ep,m,15-24,26,Extrapulmonary
Portugal,2012,ep,m,25-34,44,Extrapulmonary
Portugal,2012,ep,m,35-44,61,Extrapulmonary
Portugal,2012,ep,m,45-54,67,Extrapulmonary
Portugal,2012,ep,m,55-64,40,Extrapulmonary
Portugal,2012,ep,m,65+,112,Extrapulmonary
Portugal,2012,ep,f,0-14,15,Extrapulmonary
Portugal,2012,ep,f,15-24,29,Extrapulmonary
Portugal,2012,ep,f,25-34,41,Extrapulmonary
Portugal,2012,ep,f,35-44,48,Extrapulmonary
Portugal,2012,ep,f,45-54,42,Extrapulmonary
Portugal,2012,ep,f,55-64,36,Extrapulmonary
Portugal,2012,ep,f,65+,98,Extrapulmonary
Portugal,2013,rel,m,0-14,22,Relapse
Portugal,2013,rel,m,15-24,128,Relapse
Portugal,2013,rel,m,25-34,186,Relapse
Portugal,2013,rel,m,35-44,310,Relapse
Portugal,2013,rel,m,45-54,346,Relapse
Portugal,2013,rel,m,55-64,211,Relapse
Portugal,2013,rel,m,65+,290,Relapse
Portugal,2013,rel,f,0-14,26,Relapse
Portugal,2013,rel,f,15-24,84,Relapse
Portugal,2013,rel,f,25-34,131,Relapse
Portugal,2013,rel,f,35-44,178,Relapse
Portugal,2013,rel,f,45-54,122,Relapse
Portugal,2013,rel,f,55-64,98,Relapse
Portugal,2013,rel,f,65+,203,Relapse
Puerto Rico,1995,sp,m,0-14,4,Smear Positive
Puerto Rico,1995,sp,m,15-24,3,Smear Positive
Puerto Rico,1995,sp,m,25-34,12,Smear Positive
Puerto Rico,1995,sp,m,35-44,20,Smear Positive
Puerto Rico,1995,sp,m,45-54,15,Smear Positive
Puerto Rico,1995,sp,m,55-64,9,Smear Positive
Puerto Rico,1995,sp,m,65+,19,Smear Positive
Puerto Rico,1995,sp,f,0-14,1,Smear Positive
Puerto Rico,1995,sp,f,15-24,2,Smear Positive
Puerto Rico,1995,sp,f,25-34,6,Smear Positive
Puerto Rico,1995,sp,f,35-44,5,Smear Positive
Puerto Rico,1995,sp,f,45-54,7,Smear Positive
Puerto Rico,1995,sp,f,55-64,4,Smear Positive
Puerto Rico,1995,sp,f,65+,9,Smear Positive
Puerto Rico,1996,sp,m,0-14,2,Smear Positive
Puerto Rico,1996,sp,m,15-24,1,Smear Positive
Puerto Rico,1996,sp,m,25-34,20,Smear Positive
Puerto Rico,1996,sp,m,35-44,18,Smear Positive
Puerto Rico,1996,sp,m,45-54,15,Smear Positive
Puerto Rico,1996,sp,m,55-64,10,Smear Positive
Puerto Rico,1996,sp,m,65+,16,Smear Positive
Puerto Rico,1996,sp,f,0-14,0,Smear Positive
Puerto Rico,1996,sp,f,15-24,5,Smear Positive
Puerto Rico,1996,sp,f,25-34,5,Smear Positive
Puerto Rico,1996,sp,f,35-44,5,Smear Positive
Puerto Rico,1996,sp,f,45-54,6,Smear Positive
Puerto Rico,1996,sp,f,55-64,2,Smear Positive
Puerto Rico,1996,sp,f,65+,4,Smear Positive
Puerto Rico,1997,sp,m,0-14,1,Smear Positive
Puerto Rico,1997,sp,m,15-24,4,Smear Positive
Puerto Rico,1997,sp,m,25-34,13,Smear Positive
Puerto Rico,1997,sp,m,35-44,18,Smear Positive
Puerto Rico,1997,sp,m,45-54,19,Smear Positive
Puerto Rico,1997,sp,m,55-64,13,Smear Positive
Puerto Rico,1997,sp,m,65+,18,Smear Positive
Puerto Rico,1997,sp,f,0-14,0,Smear Positive
Puerto Rico,1997,sp,f,15-24,3,Smear Positive
Puerto Rico,1997,sp,f,25-34,6,Smear Positive
Puerto Rico,1997,sp,f,35-44,3,Smear Positive
Puerto Rico,1997,sp,f,45-54,5,Smear Positive
Puerto Rico,1997,sp,f,55-64,14,Smear Positive
Puerto Rico,1997,sp,f,65+,8,Smear Positive
Puerto Rico,1998,sp,m,0-14,1,Smear Positive
Puerto Rico,1998,sp,m,15-24,9,Smear Positive
Puerto Rico,1998,sp,m,25-34,11,Smear Positive
Puerto Rico,1998,sp,m,35-44,16,Smear Positive
Puerto Rico,1998,sp,m,45-54,12,Smear Positive
Puerto Rico,1998,sp,m,55-64,14,Smear Positive
Puerto Rico,1998,sp,m,65+,12,Smear Positive
Puerto Rico,1998,sp,f,0-14,1,Smear Positive
Puerto Rico,1998,sp,f,15-24,0,Smear Positive
Puerto Rico,1998,sp,f,25-34,5,Smear Positive
Puerto Rico,1998,sp,f,35-44,6,Smear Positive
Puerto Rico,1998,sp,f,45-54,4,Smear Positive
Puerto Rico,1998,sp,f,55-64,9,Smear Positive
Puerto Rico,1998,sp,f,65+,6,Smear Positive
Puerto Rico,1999,sp,m,0-14,0,Smear Positive
Puerto Rico,1999,sp,m,15-24,5,Smear Positive
Puerto Rico,1999,sp,m,25-34,9,Smear Positive
Puerto Rico,1999,sp,m,35-44,22,Smear Positive
Puerto Rico,1999,sp,m,45-54,9,Smear Positive
Puerto Rico,1999,sp,m,55-64,11,Smear Positive
Puerto Rico,1999,sp,m,65+,20,Smear Positive
Puerto Rico,1999,sp,f,0-14,1,Smear Positive
Puerto Rico,1999,sp,f,15-24,4,Smear Positive
Puerto Rico,1999,sp,f,25-34,5,Smear Positive
Puerto Rico,1999,sp,f,35-44,3,Smear Positive
Puerto Rico,1999,sp,f,45-54,6,Smear Positive
Puerto Rico,1999,sp,f,55-64,5,Smear Positive
Puerto Rico,1999,sp,f,65+,6,Smear Positive
Puerto Rico,2000,sp,m,0-14,0,Smear Positive
Puerto Rico,2000,sp,m,15-24,1,Smear Positive
Puerto Rico,2000,sp,m,25-34,4,Smear Positive
Puerto Rico,2000,sp,m,35-44,19,Smear Positive
Puerto Rico,2000,sp,m,45-54,9,Smear Positive
Puerto Rico,2000,sp,m,55-64,10,Smear Positive
Puerto Rico,2000,sp,m,65+,14,Smear Positive
Puerto Rico,2000,sp,f,0-14,1,Smear Positive
Puerto Rico,2000,sp,f,15-24,4,Smear Positive
Puerto Rico,2000,sp,f,25-34,5,Smear Positive
Puerto Rico,2000,sp,f,35-44,3,Smear Positive
Puerto Rico,2000,sp,f,45-54,7,Smear Positive
Puerto Rico,2000,sp,f,55-64,1,Smear Positive
Puerto Rico,2000,sp,f,65+,3,Smear Positive
Puerto Rico,2001,sp,m,0-14,0,Smear Positive
Puerto Rico,2001,sp,m,15-24,5,Smear Positive
Puerto Rico,2001,sp,m,25-34,4,Smear Positive
Puerto Rico,2001,sp,m,35-44,11,Smear Positive
Puerto Rico,2001,sp,m,45-54,12,Smear Positive
Puerto Rico,2001,sp,m,55-64,6,Smear Positive
Puerto Rico,2001,sp,m,65+,11,Smear Positive
Puerto Rico,2001,sp,f,0-14,0,Smear Positive
Puerto Rico,2001,sp,f,15-24,3,Smear Positive
Puerto Rico,2001,sp,f,25-34,1,Smear Positive
Puerto Rico,2001,sp,f,35-44,4,Smear Positive
Puerto Rico,2001,sp,f,45-54,9,Smear Positive
Puerto Rico,2001,sp,f,55-64,2,Smear Positive
Puerto Rico,2001,sp,f,65+,6,Smear Positive
Puerto Rico,2002,sp,m,0-14,2,Smear Positive
Puerto Rico,2002,sp,m,15-24,4,Smear Positive
Puerto Rico,2002,sp,m,25-34,7,Smear Positive
Puerto Rico,2002,sp,m,35-44,12,Smear Positive
Puerto Rico,2002,sp,m,45-54,10,Smear Positive
Puerto Rico,2002,sp,m,55-64,9,Smear Positive
Puerto Rico,2002,sp,m,65+,7,Smear Positive
Puerto Rico,2002,sp,f,0-14,0,Smear Positive
Puerto Rico,2002,sp,f,15-24,1,Smear Positive
Puerto Rico,2002,sp,f,25-34,5,Smear Positive
Puerto Rico,2002,sp,f,35-44,9,Smear Positive
Puerto Rico,2002,sp,f,45-54,2,Smear Positive
Puerto Rico,2002,sp,f,55-64,5,Smear Positive
Puerto Rico,2002,sp,f,65+,5,Smear Positive
Puerto Rico,2003,sp,m,0-14,0,Smear Positive
Puerto Rico,2003,sp,m,15-24,3,Smear Positive
Puerto Rico,2003,sp,m,25-34,5,Smear Positive
Puerto Rico,2003,sp,m,35-44,8,Smear Positive
Puerto Rico,2003,sp,m,45-54,10,Smear Positive
Puerto Rico,2003,sp,m,55-64,12,Smear Positive
Puerto Rico,2003,sp,m,65+,9,Smear Positive
Puerto Rico,2003,sp,f,0-14,0,Smear Positive
Puerto Rico,2003,sp,f,15-24,3,Smear Positive
Puerto Rico,2003,sp,f,25-34,2,Smear Positive
Puerto Rico,2003,sp,f,35-44,3,Smear Positive
Puerto Rico,2003,sp,f,45-54,1,Smear Positive
Puerto Rico,2003,sp,f,55-64,3,Smear Positive
Puerto Rico,2003,sp,f,65+,3,Smear Positive
Puerto Rico,2004,sp,m,0-14,0,Smear Positive
Puerto Rico,2004,sp,m,15-24,2,Smear Positive
Puerto Rico,2004,sp,m,25-34,7,Smear Positive
Puerto Rico,2004,sp,m,35-44,8,Smear Positive
Puerto Rico,2004,sp,m,45-54,7,Smear Positive
Puerto Rico,2004,sp,m,55-64,12,Smear Positive
Puerto Rico,2004,sp,m,65+,7,Smear Positive
Puerto Rico,2004,sp,f,0-14,0,Smear Positive
Puerto Rico,2004,sp,f,15-24,2,Smear Positive
Puerto Rico,2004,sp,f,25-34,3,Smear Positive
Puerto Rico,2004,sp,f,35-44,4,Smear Positive
Puerto Rico,2004,sp,f,45-54,6,Smear Positive
Puerto Rico,2004,sp,f,55-64,2,Smear Positive
Puerto Rico,2004,sp,f,65+,5,Smear Positive
Puerto Rico,2005,sp,m,0-14,0,Smear Positive
Puerto Rico,2005,sp,m,15-24,4,Smear Positive
Puerto Rico,2005,sp,m,25-34,4,Smear Positive
Puerto Rico,2005,sp,m,35-44,7,Smear Positive
Puerto Rico,2005,sp,m,45-54,9,Smear Positive
Puerto Rico,2005,sp,m,55-64,7,Smear Positive
Puerto Rico,2005,sp,m,65+,7,Smear Positive
Puerto Rico,2005,sp,f,0-14,0,Smear Positive
Puerto Rico,2005,sp,f,15-24,3,Smear Positive
Puerto Rico,2005,sp,f,25-34,2,Smear Positive
Puerto Rico,2005,sp,f,35-44,5,Smear Positive
Puerto Rico,2005,sp,f,45-54,4,Smear Positive
Puerto Rico,2005,sp,f,55-64,1,Smear Positive
Puerto Rico,2005,sp,f,65+,7,Smear Positive
Puerto Rico,2006,sp,m,0-14,1,Smear Positive
Puerto Rico,2006,sp,m,15-24,4,Smear Positive
Puerto Rico,2006,sp,m,25-34,7,Smear Positive
Puerto Rico,2006,sp,m,35-44,6,Smear Positive
Puerto Rico,2006,sp,m,45-54,13,Smear Positive
Puerto Rico,2006,sp,m,55-64,9,Smear Positive
Puerto Rico,2006,sp,m,65+,7,Smear Positive
Puerto Rico,2006,sp,f,0-14,1,Smear Positive
Puerto Rico,2006,sp,f,15-24,4,Smear Positive
Puerto Rico,2006,sp,f,25-34,3,Smear Positive
Puerto Rico,2006,sp,f,35-44,6,Smear Positive
Puerto Rico,2006,sp,f,45-54,3,Smear Positive
Puerto Rico,2006,sp,f,55-64,2,Smear Positive
Puerto Rico,2006,sp,f,65+,3,Smear Positive
Puerto Rico,2006,sn,m,0-14,0,Smear Negative
Puerto Rico,2006,sn,m,15-24,0,Smear Negative
Puerto Rico,2006,sn,m,25-34,2,Smear Negative
Puerto Rico,2006,sn,m,35-44,5,Smear Negative
Puerto Rico,2006,sn,m,45-54,1,Smear Negative
Puerto Rico,2006,sn,m,55-64,7,Smear Negative
Puerto Rico,2006,sn,m,65+,9,Smear Negative
Puerto Rico,2006,sn,f,0-14,5,Smear Negative
Puerto Rico,2006,sn,f,15-24,0,Smear Negative
Puerto Rico,2006,sn,f,25-34,1,Smear Negative
Puerto Rico,2006,sn,f,35-44,1,Smear Negative
Puerto Rico,2006,sn,f,45-54,1,Smear Negative
Puerto Rico,2006,sn,f,55-64,2,Smear Negative
Puerto Rico,2006,sn,f,65+,2,Smear Negative
Puerto Rico,2006,ep,m,0-14,0,Extrapulmonary
Puerto Rico,2006,ep,m,15-24,0,Extrapulmonary
Puerto Rico,2006,ep,m,25-34,0,Extrapulmonary
Puerto Rico,2006,ep,m,35-44,0,Extrapulmonary
Puerto Rico,2006,ep,m,45-54,0,Extrapulmonary
Puerto Rico,2006,ep,m,55-64,3,Extrapulmonary
Puerto Rico,2006,ep,m,65+,2,Extrapulmonary
Puerto Rico,2006,ep,f,0-14,1,Extrapulmonary
Puerto Rico,2006,ep,f,15-24,0,Extrapulmonary
Puerto Rico,2006,ep,f,25-34,0,Extrapulmonary
Puerto Rico,2006,ep,f,35-44,0,Extrapulmonary
Puerto Rico,2006,ep,f,45-54,0,Extrapulmonary
Puerto Rico,2006,ep,f,55-64,0,Extrapulmonary
Puerto Rico,2006,ep,f,65+,1,Extrapulmonary
Puerto Rico,2007,sp,m,0-14,0,Smear Positive
Puerto Rico,2007,sp,m,15-24,6,Smear Positive
Puerto Rico,2007,sp,m,25-34,2,Smear Positive
Puerto Rico,2007,sp,m,35-44,9,Smear Positive
Puerto Rico,2007,sp,m,45-54,8,Smear Positive
Puerto Rico,2007,sp,m,55-64,10,Smear Positive
Puerto Rico,2007,sp,m,65+,6,Smear Positive
Puerto Rico,2007,sp,f,0-14,0,Smear Positive
Puerto Rico,2007,sp,f,15-24,0,Smear Positive
Puerto Rico,2007,sp,f,25-34,2,Smear Positive
Puerto Rico,2007,sp,f,35-44,4,Smear Positive
Puerto Rico,2007,sp,f,45-54,7,Smear Positive
Puerto Rico,2007,sp,f,55-64,1,Smear Positive
Puerto Rico,2007,sp,f,65+,1,Smear Positive
Puerto Rico,2007,sn,m,0-14,2,Smear Negative
Puerto Rico,2007,sn,m,15-24,0,Smear Negative
Puerto Rico,2007,sn,m,25-34,3,Smear Negative
Puerto Rico,2007,sn,m,35-44,0,Smear Negative
Puerto Rico,2007,sn,m,45-54,4,Smear Negative
Puerto Rico,2007,sn,m,55-64,1,Smear Negative
Puerto Rico,2007,sn,m,65+,8,Smear Negative
Puerto Rico,2007,sn,f,0-14,2,Smear Negative
Puerto Rico,2007,sn,f,15-24,0,Smear Negative
Puerto Rico,2007,sn,f,25-34,1,Smear Negative
Puerto Rico,2007,sn,f,35-44,0,Smear Negative
Puerto Rico,2007,sn,f,45-54,1,Smear Negative
Puerto Rico,2007,sn,f,55-64,2,Smear Negative
Puerto Rico,2007,sn,f,65+,5,Smear Negative
Puerto Rico,2007,ep,m,0-14,0,Extrapulmonary
Puerto Rico,2007,ep,m,15-24,0,Extrapulmonary
Puerto Rico,2007,ep,m,25-34,0,Extrapulmonary
Puerto Rico,2007,ep,m,35-44,3,Extrapulmonary
Puerto Rico,2007,ep,m,45-54,1,Extrapulmonary
Puerto Rico,2007,ep,m,55-64,2,Extrapulmonary
Puerto Rico,2007,ep,m,65+,0,Extrapulmonary
Puerto Rico,2007,ep,f,0-14,0,Extrapulmonary
Puerto Rico,2007,ep,f,15-24,1,Extrapulmonary
Puerto Rico,2007,ep,f,25-34,0,Extrapulmonary
Puerto Rico,2007,ep,f,35-44,1,Extrapulmonary
Puerto Rico,2007,ep,f,45-54,1,Extrapulmonary
Puerto Rico,2007,ep,f,55-64,0,Extrapulmonary
Puerto Rico,2007,ep,f,65+,4,Extrapulmonary
Puerto Rico,2008,sp,m,0-14,0,Smear Positive
Puerto Rico,2008,sp,m,15-24,2,Smear Positive
Puerto Rico,2008,sp,m,25-34,4,Smear Positive
Puerto Rico,2008,sp,m,35-44,3,Smear Positive
Puerto Rico,2008,sp,m,45-54,13,Smear Positive
Puerto Rico,2008,sp,m,55-64,11,Smear Positive
Puerto Rico,2008,sp,m,65+,6,Smear Positive
Puerto Rico,2008,sp,f,0-14,0,Smear Positive
Puerto Rico,2008,sp,f,15-24,1,Smear Positive
Puerto Rico,2008,sp,f,25-34,4,Smear Positive
Puerto Rico,2008,sp,f,35-44,3,Smear Positive
Puerto Rico,2008,sp,f,45-54,2,Smear Positive
Puerto Rico,2008,sp,f,55-64,3,Smear Positive
Puerto Rico,2008,sp,f,65+,0,Smear Positive
Puerto Rico,2008,sn,m,0-14,0,Smear Negative
Puerto Rico,2008,sn,m,15-24,0,Smear Negative
Puerto Rico,2008,sn,m,25-34,1,Smear Negative
Puerto Rico,2008,sn,m,35-44,4,Smear Negative
Puerto Rico,2008,sn,m,45-54,4,Smear Negative
Puerto Rico,2008,sn,m,55-64,2,Smear Negative
Puerto Rico,2008,sn,m,65+,6,Smear Negative
Puerto Rico,2008,sn,f,0-14,2,Smear Negative
Puerto Rico,2008,sn,f,15-24,1,Smear Negative
Puerto Rico,2008,sn,f,25-34,2,Smear Negative
Puerto Rico,2008,sn,f,35-44,0,Smear Negative
Puerto Rico,2008,sn,f,45-54,2,Smear Negative
Puerto Rico,2008,sn,f,55-64,1,Smear Negative
Puerto Rico,2008,sn,f,65+,5,Smear Negative
Puerto Rico,2008,ep,m,0-14,0,Extrapulmonary
Puerto Rico,2008,ep,m,15-24,0,Extrapulmonary
Puerto Rico,2008,ep,m,25-34,2,Extrapulmonary
Puerto Rico,2008,ep,m,35-44,1,Extrapulmonary
Puerto Rico,2008,ep,m,45-54,2,Extrapulmonary
Puerto Rico,2008,ep,m,55-64,0,Extrapulmonary
Puerto Rico,2008,ep,m,65+,1,Extrapulmonary
Puerto Rico,2008,ep,f,0-14,0,Extrapulmonary
Puerto Rico,2008,ep,f,15-24,0,Extrapulmonary
Puerto Rico,2008,ep,f,25-34,0,Extrapulmonary
Puerto Rico,2008,ep,f,35-44,0,Extrapulmonary
Puerto Rico,2008,ep,f,45-54,1,Extrapulmonary
Puerto Rico,2008,ep,f,55-64,2,Extrapulmonary
Puerto Rico,2008,ep,f,65+,4,Extrapulmonary
Puerto Rico,2009,sp,m,0-14,0,Smear Positive
Puerto Rico,2009,sp,m,15-24,0,Smear Positive
Puerto Rico,2009,sp,m,25-34,0,Smear Positive
Puerto Rico,2009,sp,m,35-44,7,Smear Positive
Puerto Rico,2009,sp,m,45-54,6,Smear Positive
Puerto Rico,2009,sp,m,55-64,3,Smear Positive
Puerto Rico,2009,sp,m,65+,2,Smear Positive
Puerto Rico,2009,sp,f,0-14,0,Smear Positive
Puerto Rico,2009,sp,f,15-24,2,Smear Positive
Puerto Rico,2009,sp,f,25-34,3,Smear Positive
Puerto Rico,2009,sp,f,35-44,1,Smear Positive
Puerto Rico,2009,sp,f,45-54,2,Smear Positive
Puerto Rico,2009,sp,f,55-64,1,Smear Positive
Puerto Rico,2009,sp,f,65+,3,Smear Positive
Puerto Rico,2009,sn,m,0-14,0,Smear Negative
Puerto Rico,2009,sn,m,15-24,0,Smear Negative
Puerto Rico,2009,sn,m,25-34,1,Smear Negative
Puerto Rico,2009,sn,m,35-44,3,Smear Negative
Puerto Rico,2009,sn,m,45-54,2,Smear Negative
Puerto Rico,2009,sn,m,55-64,6,Smear Negative
Puerto Rico,2009,sn,m,65+,7,Smear Negative
Puerto Rico,2009,sn,f,0-14,1,Smear Negative
Puerto Rico,2009,sn,f,15-24,0,Smear Negative
Puerto Rico,2009,sn,f,25-34,1,Smear Negative
Puerto Rico,2009,sn,f,35-44,2,Smear Negative
Puerto Rico,2009,sn,f,45-54,0,Smear Negative
Puerto Rico,2009,sn,f,55-64,0,Smear Negative
Puerto Rico,2009,sn,f,65+,2,Smear Negative
Puerto Rico,2009,ep,m,0-14,1,Extrapulmonary
Puerto Rico,2009,ep,m,15-24,1,Extrapulmonary
Puerto Rico,2009,ep,m,25-34,1,Extrapulmonary
Puerto Rico,2009,ep,m,35-44,0,Extrapulmonary
Puerto Rico,2009,ep,m,45-54,1,Extrapulmonary
Puerto Rico,2009,ep,m,55-64,0,Extrapulmonary
Puerto Rico,2009,ep,m,65+,2,Extrapulmonary
Puerto Rico,2009,ep,f,0-14,0,Extrapulmonary
Puerto Rico,2009,ep,f,15-24,0,Extrapulmonary
Puerto Rico,2009,ep,f,25-34,0,Extrapulmonary
Puerto Rico,2009,ep,f,35-44,1,Extrapulmonary
Puerto Rico,2009,ep,f,45-54,0,Extrapulmonary
Puerto Rico,2009,ep,f,55-64,0,Extrapulmonary
Puerto Rico,2009,ep,f,65+,1,Extrapulmonary
Puerto Rico,2010,sp,m,0-14,0,Smear Positive
Puerto Rico,2010,sp,m,15-24,0,Smear Positive
Puerto Rico,2010,sp,m,25-34,3,Smear Positive
Puerto Rico,2010,sp,m,35-44,2,Smear Positive
Puerto Rico,2010,sp,m,45-54,4,Smear Positive
Puerto Rico,2010,sp,m,55-64,5,Smear Positive
Puerto Rico,2010,sp,m,65+,8,Smear Positive
Puerto Rico,2010,sp,f,0-14,0,Smear Positive
Puerto Rico,2010,sp,f,15-24,1,Smear Positive
Puerto Rico,2010,sp,f,25-34,0,Smear Positive
Puerto Rico,2010,sp,f,35-44,2,Smear Positive
Puerto Rico,2010,sp,f,45-54,6,Smear Positive
Puerto Rico,2010,sp,f,55-64,2,Smear Positive
Puerto Rico,2010,sp,f,65+,4,Smear Positive
Puerto Rico,2010,sn,m,0-14,1,Smear Negative
Puerto Rico,2010,sn,m,15-24,0,Smear Negative
Puerto Rico,2010,sn,m,25-34,2,Smear Negative
Puerto Rico,2010,sn,m,35-44,2,Smear Negative
Puerto Rico,2010,sn,m,45-54,5,Smear Negative
Puerto Rico,2010,sn,m,55-64,2,Smear Negative
Puerto Rico,2010,sn,m,65+,12,Smear Negative
Puerto Rico,2010,sn,f,0-14,1,Smear Negative
Puerto Rico,2010,sn,f,15-24,1,Smear Negative
Puerto Rico,2010,sn,f,25-34,2,Smear Negative
Puerto Rico,2010,sn,f,35-44,3,Smear Negative
Puerto Rico,2010,sn,f,45-54,2,Smear Negative
Puerto Rico,2010,sn,f,55-64,1,Smear Negative
Puerto Rico,2010,sn,f,65+,1,Smear Negative
Puerto Rico,2010,ep,m,0-14,0,Extrapulmonary
Puerto Rico,2010,ep,m,15-24,0,Extrapulmonary
Puerto Rico,2010,ep,m,25-34,0,Extrapulmonary
Puerto Rico,2010,ep,m,35-44,0,Extrapulmonary
Puerto Rico,2010,ep,m,45-54,2,Extrapulmonary
Puerto Rico,2010,ep,m,55-64,0,Extrapulmonary
Puerto Rico,2010,ep,m,65+,1,Extrapulmonary
Puerto Rico,2010,ep,f,0-14,0,Extrapulmonary
Puerto Rico,2010,ep,f,15-24,0,Extrapulmonary
Puerto Rico,2010,ep,f,25-34,1,Extrapulmonary
Puerto Rico,2010,ep,f,35-44,0,Extrapulmonary
Puerto Rico,2010,ep,f,45-54,0,Extrapulmonary
Puerto Rico,2010,ep,f,55-64,0,Extrapulmonary
Puerto Rico,2010,ep,f,65+,0,Extrapulmonary
Puerto Rico,2011,sp,m,0-14,0,Smear Positive
Puerto Rico,2011,sp,m,15-24,1,Smear Positive
Puerto Rico,2011,sp,m,25-34,4,Smear Positive
Puerto Rico,2011,sp,m,35-44,3,Smear Positive
Puerto Rico,2011,sp,m,45-54,6,Smear Positive
Puerto Rico,2011,sp,m,55-64,6,Smear Positive
Puerto Rico,2011,sp,m,65+,2,Smear Positive
Puerto Rico,2011,sp,f,0-14,0,Smear Positive
Puerto Rico,2011,sp,f,15-24,1,Smear Positive
Puerto Rico,2011,sp,f,25-34,1,Smear Positive
Puerto Rico,2011,sp,f,35-44,1,Smear Positive
Puerto Rico,2011,sp,f,45-54,0,Smear Positive
Puerto Rico,2011,sp,f,55-64,3,Smear Positive
Puerto Rico,2011,sp,f,65+,1,Smear Positive
Puerto Rico,2011,sn,m,0-14,0,Smear Negative
Puerto Rico,2011,sn,m,15-24,0,Smear Negative
Puerto Rico,2011,sn,m,25-34,1,Smear Negative
Puerto Rico,2011,sn,m,35-44,0,Smear Negative
Puerto Rico,2011,sn,m,45-54,1,Smear Negative
Puerto Rico,2011,sn,m,55-64,1,Smear Negative
Puerto Rico,2011,sn,m,65+,4,Smear Negative
Puerto Rico,2011,sn,f,0-14,0,Smear Negative
Puerto Rico,2011,sn,f,15-24,0,Smear Negative
Puerto Rico,2011,sn,f,25-34,3,Smear Negative
Puerto Rico,2011,sn,f,35-44,0,Smear Negative
Puerto Rico,2011,sn,f,45-54,0,Smear Negative
Puerto Rico,2011,sn,f,55-64,0,Smear Negative
Puerto Rico,2011,sn,f,65+,3,Smear Negative
Puerto Rico,2011,ep,m,0-14,1,Extrapulmonary
Puerto Rico,2011,ep,m,15-24,0,Extrapulmonary
Puerto Rico,2011,ep,m,25-34,0,Extrapulmonary
Puerto Rico,2011,ep,m,35-44,1,Extrapulmonary
Puerto Rico,2011,ep,m,45-54,2,Extrapulmonary
Puerto Rico,2011,ep,m,55-64,1,Extrapulmonary
Puerto Rico,2011,ep,m,65+,1,Extrapulmonary
Puerto Rico,2011,ep,f,0-14,0,Extrapulmonary
Puerto Rico,2011,ep,f,15-24,0,Extrapulmonary
Puerto Rico,2011,ep,f,25-34,0,Extrapulmonary
Puerto Rico,2011,ep,f,35-44,1,Extrapulmonary
Puerto Rico,2011,ep,f,45-54,0,Extrapulmonary
Puerto Rico,2011,ep,f,55-64,1,Extrapulmonary
Puerto Rico,2011,ep,f,65+,0,Extrapulmonary
Puerto Rico,2012,sp,m,0-14,0,Smear Positive
Puerto Rico,2012,sp,m,15-24,1,Smear Positive
Puerto Rico,2012,sp,m,25-34,5,Smear Positive
Puerto Rico,2012,sp,m,35-44,1,Smear Positive
Puerto Rico,2012,sp,m,45-54,6,Smear Positive
Puerto Rico,2012,sp,m,55-64,8,Smear Positive
Puerto Rico,2012,sp,m,65+,10,Smear Positive
Puerto Rico,2012,sp,f,0-14,0,Smear Positive
Puerto Rico,2012,sp,f,15-24,0,Smear Positive
Puerto Rico,2012,sp,f,25-34,3,Smear Positive
Puerto Rico,2012,sp,f,35-44,1,Smear Positive
Puerto Rico,2012,sp,f,45-54,2,Smear Positive
Puerto Rico,2012,sp,f,55-64,3,Smear Positive
Puerto Rico,2012,sp,f,65+,1,Smear Positive
Puerto Rico,2012,sn,m,0-14,0,Smear Negative
Puerto Rico,2012,sn,m,15-24,0,Smear Negative
Puerto Rico,2012,sn,m,25-34,3,Smear Negative
Puerto Rico,2012,sn,m,35-44,0,Smear Negative
Puerto Rico,2012,sn,m,45-54,1,Smear Negative
Puerto Rico,2012,sn,m,55-64,1,Smear Negative
Puerto Rico,2012,sn,m,65+,7,Smear Negative
Puerto Rico,2012,sn,f,0-14,1,Smear Negative
Puerto Rico,2012,sn,f,15-24,1,Smear Negative
Puerto Rico,2012,sn,f,25-34,0,Smear Negative
Puerto Rico,2012,sn,f,35-44,0,Smear Negative
Puerto Rico,2012,sn,f,45-54,1,Smear Negative
Puerto Rico,2012,sn,f,55-64,0,Smear Negative
Puerto Rico,2012,sn,f,65+,2,Smear Negative
Puerto Rico,2012,ep,m,0-14,0,Extrapulmonary
Puerto Rico,2012,ep,m,15-24,0,Extrapulmonary
Puerto Rico,2012,ep,m,25-34,1,Extrapulmonary
Puerto Rico,2012,ep,m,35-44,2,Extrapulmonary
Puerto Rico,2012,ep,m,45-54,2,Extrapulmonary
Puerto Rico,2012,ep,m,55-64,1,Extrapulmonary
Puerto Rico,2012,ep,m,65+,2,Extrapulmonary
Puerto Rico,2012,ep,f,0-14,0,Extrapulmonary
Puerto Rico,2012,ep,f,15-24,0,Extrapulmonary
Puerto Rico,2012,ep,f,25-34,0,Extrapulmonary
Puerto Rico,2012,ep,f,35-44,1,Extrapulmonary
Puerto Rico,2012,ep,f,45-54,0,Extrapulmonary
Puerto Rico,2012,ep,f,55-64,0,Extrapulmonary
Puerto Rico,2012,ep,f,65+,1,Extrapulmonary
Puerto Rico,2013,rel,m,0-14,0,Relapse
Puerto Rico,2013,rel,m,15-24,2,Relapse
Puerto Rico,2013,rel,m,25-34,2,Relapse
Puerto Rico,2013,rel,m,35-44,5,Relapse
Puerto Rico,2013,rel,m,45-54,13,Relapse
Puerto Rico,2013,rel,m,55-64,7,Relapse
Puerto Rico,2013,rel,m,65+,8,Relapse
Puerto Rico,2013,rel,f,0-14,0,Relapse
Puerto Rico,2013,rel,f,15-24,2,Relapse
Puerto Rico,2013,rel,f,25-34,1,Relapse
Puerto Rico,2013,rel,f,35-44,3,Relapse
Puerto Rico,2013,rel,f,45-54,1,Relapse
Puerto Rico,2013,rel,f,55-64,3,Relapse
Puerto Rico,2013,rel,f,65+,3,Relapse
Qatar,1995,sp,m,0-14,0,Smear Positive
Qatar,1995,sp,m,15-24,8,Smear Positive
Qatar,1995,sp,m,25-34,12,Smear Positive
Qatar,1995,sp,m,35-44,11,Smear Positive
Qatar,1995,sp,m,45-54,13,Smear Positive
Qatar,1995,sp,m,55-64,4,Smear Positive
Qatar,1995,sp,m,65+,4,Smear Positive
Qatar,1995,sp,f,0-14,1,Smear Positive
Qatar,1995,sp,f,15-24,2,Smear Positive
Qatar,1995,sp,f,25-34,3,Smear Positive
Qatar,1995,sp,f,35-44,1,Smear Positive
Qatar,1995,sp,f,45-54,0,Smear Positive
Qatar,1995,sp,f,55-64,0,Smear Positive
Qatar,1995,sp,f,65+,1,Smear Positive
Qatar,1996,sp,m,0-14,0,Smear Positive
Qatar,1996,sp,m,15-24,2,Smear Positive
Qatar,1996,sp,m,25-34,7,Smear Positive
Qatar,1996,sp,m,35-44,16,Smear Positive
Qatar,1996,sp,m,45-54,10,Smear Positive
Qatar,1996,sp,m,55-64,3,Smear Positive
Qatar,1996,sp,m,65+,1,Smear Positive
Qatar,1996,sp,f,0-14,0,Smear Positive
Qatar,1996,sp,f,15-24,0,Smear Positive
Qatar,1996,sp,f,25-34,1,Smear Positive
Qatar,1996,sp,f,35-44,0,Smear Positive
Qatar,1996,sp,f,45-54,2,Smear Positive
Qatar,1996,sp,f,55-64,1,Smear Positive
Qatar,1996,sp,f,65+,0,Smear Positive
Qatar,1997,sp,m,0-14,0,Smear Positive
Qatar,1997,sp,m,15-24,8,Smear Positive
Qatar,1997,sp,m,25-34,11,Smear Positive
Qatar,1997,sp,m,35-44,7,Smear Positive
Qatar,1997,sp,m,45-54,3,Smear Positive
Qatar,1997,sp,m,55-64,4,Smear Positive
Qatar,1997,sp,m,65+,0,Smear Positive
Qatar,1997,sp,f,0-14,0,Smear Positive
Qatar,1997,sp,f,15-24,2,Smear Positive
Qatar,1997,sp,f,25-34,1,Smear Positive
Qatar,1997,sp,f,35-44,0,Smear Positive
Qatar,1997,sp,f,45-54,1,Smear Positive
Qatar,1997,sp,f,55-64,1,Smear Positive
Qatar,1997,sp,f,65+,1,Smear Positive
Qatar,1998,sp,m,0-14,0,Smear Positive
Qatar,1998,sp,m,15-24,10,Smear Positive
Qatar,1998,sp,m,25-34,17,Smear Positive
Qatar,1998,sp,m,35-44,8,Smear Positive
Qatar,1998,sp,m,45-54,10,Smear Positive
Qatar,1998,sp,m,55-64,4,Smear Positive
Qatar,1998,sp,m,65+,2,Smear Positive
Qatar,1998,sp,f,0-14,1,Smear Positive
Qatar,1998,sp,f,15-24,4,Smear Positive
Qatar,1998,sp,f,25-34,2,Smear Positive
Qatar,1998,sp,f,35-44,3,Smear Positive
Qatar,1998,sp,f,45-54,2,Smear Positive
Qatar,1998,sp,f,55-64,3,Smear Positive
Qatar,1998,sp,f,65+,2,Smear Positive
Qatar,1999,sp,m,0-14,0,Smear Positive
Qatar,1999,sp,m,15-24,5,Smear Positive
Qatar,1999,sp,m,25-34,15,Smear Positive
Qatar,1999,sp,m,35-44,12,Smear Positive
Qatar,1999,sp,m,45-54,12,Smear Positive
Qatar,1999,sp,m,55-64,3,Smear Positive
Qatar,1999,sp,m,65+,2,Smear Positive
Qatar,1999,sp,f,0-14,0,Smear Positive
Qatar,1999,sp,f,15-24,2,Smear Positive
Qatar,1999,sp,f,25-34,3,Smear Positive
Qatar,1999,sp,f,35-44,3,Smear Positive
Qatar,1999,sp,f,45-54,1,Smear Positive
Qatar,1999,sp,f,55-64,0,Smear Positive
Qatar,1999,sp,f,65+,0,Smear Positive
Qatar,2000,sp,m,0-14,0,Smear Positive
Qatar,2000,sp,m,15-24,7,Smear Positive
Qatar,2000,sp,m,25-34,19,Smear Positive
Qatar,2000,sp,m,35-44,9,Smear Positive
Qatar,2000,sp,m,45-54,7,Smear Positive
Qatar,2000,sp,m,55-64,2,Smear Positive
Qatar,2000,sp,m,65+,1,Smear Positive
Qatar,2000,sp,f,0-14,0,Smear Positive
Qatar,2000,sp,f,15-24,0,Smear Positive
Qatar,2000,sp,f,25-34,4,Smear Positive
Qatar,2000,sp,f,35-44,3,Smear Positive
Qatar,2000,sp,f,45-54,1,Smear Positive
Qatar,2000,sp,f,55-64,0,Smear Positive
Qatar,2000,sp,f,65+,0,Smear Positive
Qatar,2001,sp,m,0-14,1,Smear Positive
Qatar,2001,sp,m,15-24,2,Smear Positive
Qatar,2001,sp,m,25-34,0,Smear Positive
Qatar,2001,sp,m,35-44,3,Smear Positive
Qatar,2001,sp,m,45-54,4,Smear Positive
Qatar,2001,sp,m,55-64,0,Smear Positive
Qatar,2001,sp,m,65+,3,Smear Positive
Qatar,2001,sp,f,0-14,0,Smear Positive
Qatar,2001,sp,f,15-24,1,Smear Positive
Qatar,2001,sp,f,25-34,0,Smear Positive
Qatar,2001,sp,f,35-44,0,Smear Positive
Qatar,2001,sp,f,45-54,1,Smear Positive
Qatar,2001,sp,f,55-64,1,Smear Positive
Qatar,2001,sp,f,65+,1,Smear Positive
Qatar,2002,sp,m,15-24,8,Smear Positive
Qatar,2002,sp,m,25-34,12,Smear Positive
Qatar,2002,sp,m,35-44,9,Smear Positive
Qatar,2002,sp,m,45-54,8,Smear Positive
Qatar,2002,sp,m,55-64,1,Smear Positive
Qatar,2002,sp,m,65+,3,Smear Positive
Qatar,2002,sp,f,15-24,6,Smear Positive
Qatar,2002,sp,f,25-34,13,Smear Positive
Qatar,2002,sp,f,35-44,1,Smear Positive
Qatar,2002,sp,f,45-54,3,Smear Positive
Qatar,2003,sp,m,0-14,1,Smear Positive
Qatar,2003,sp,m,15-24,10,Smear Positive
Qatar,2003,sp,m,25-34,27,Smear Positive
Qatar,2003,sp,m,35-44,17,Smear Positive
Qatar,2003,sp,m,45-54,16,Smear Positive
Qatar,2003,sp,m,55-64,5,Smear Positive
Qatar,2003,sp,m,65+,5,Smear Positive
Qatar,2003,sp,f,0-14,0,Smear Positive
Qatar,2003,sp,f,15-24,4,Smear Positive
Qatar,2003,sp,f,25-34,6,Smear Positive
Qatar,2003,sp,f,35-44,0,Smear Positive
Qatar,2003,sp,f,45-54,2,Smear Positive
Qatar,2003,sp,f,55-64,0,Smear Positive
Qatar,2003,sp,f,65+,2,Smear Positive
Qatar,2004,sp,m,0-14,0,Smear Positive
Qatar,2004,sp,m,15-24,9,Smear Positive
Qatar,2004,sp,m,25-34,13,Smear Positive
Qatar,2004,sp,m,35-44,13,Smear Positive
Qatar,2004,sp,m,45-54,8,Smear Positive
Qatar,2004,sp,m,55-64,10,Smear Positive
Qatar,2004,sp,m,65+,1,Smear Positive
Qatar,2004,sp,f,0-14,0,Smear Positive
Qatar,2004,sp,f,15-24,6,Smear Positive
Qatar,2004,sp,f,25-34,5,Smear Positive
Qatar,2004,sp,f,35-44,4,Smear Positive
Qatar,2004,sp,f,45-54,2,Smear Positive
Qatar,2004,sp,f,55-64,2,Smear Positive
Qatar,2004,sp,f,65+,0,Smear Positive
Qatar,2005,sp,m,15-24,19,Smear Positive
Qatar,2005,sp,m,25-34,15,Smear Positive
Qatar,2005,sp,m,35-44,17,Smear Positive
Qatar,2005,sp,m,45-54,19,Smear Positive
Qatar,2005,sp,m,55-64,5,Smear Positive
Qatar,2005,sp,m,65+,1,Smear Positive
Qatar,2005,sp,f,15-24,5,Smear Positive
Qatar,2005,sp,f,25-34,10,Smear Positive
Qatar,2005,sp,f,35-44,2,Smear Positive
Qatar,2005,sp,f,45-54,1,Smear Positive
Qatar,2005,sp,f,55-64,2,Smear Positive
Qatar,2005,sp,f,65+,0,Smear Positive
Qatar,2006,sp,m,0-14,0,Smear Positive
Qatar,2006,sp,m,15-24,22,Smear Positive
Qatar,2006,sp,m,25-34,21,Smear Positive
Qatar,2006,sp,m,35-44,17,Smear Positive
Qatar,2006,sp,m,45-54,22,Smear Positive
Qatar,2006,sp,m,55-64,6,Smear Positive
Qatar,2006,sp,m,65+,1,Smear Positive
Qatar,2006,sp,f,0-14,0,Smear Positive
Qatar,2006,sp,f,15-24,6,Smear Positive
Qatar,2006,sp,f,25-34,11,Smear Positive
Qatar,2006,sp,f,35-44,7,Smear Positive
Qatar,2006,sp,f,45-54,1,Smear Positive
Qatar,2006,sp,f,55-64,0,Smear Positive
Qatar,2006,sp,f,65+,1,Smear Positive
Qatar,2006,sn,m,0-14,6,Smear Negative
Qatar,2006,sn,m,15-24,32,Smear Negative
Qatar,2006,sn,m,25-34,69,Smear Negative
Qatar,2006,sn,m,35-44,33,Smear Negative
Qatar,2006,sn,m,45-54,14,Smear Negative
Qatar,2006,sn,m,55-64,5,Smear Negative
Qatar,2006,sn,m,65+,3,Smear Negative
Qatar,2006,sn,f,0-14,5,Smear Negative
Qatar,2006,sn,f,15-24,14,Smear Negative
Qatar,2006,sn,f,25-34,22,Smear Negative
Qatar,2006,sn,f,35-44,13,Smear Negative
Qatar,2006,sn,f,45-54,3,Smear Negative
Qatar,2006,sn,f,55-64,3,Smear Negative
Qatar,2006,sn,f,65+,2,Smear Negative
Qatar,2007,sp,m,0-14,0,Smear Positive
Qatar,2007,sp,m,15-24,26,Smear Positive
Qatar,2007,sp,m,25-34,38,Smear Positive
Qatar,2007,sp,m,35-44,19,Smear Positive
Qatar,2007,sp,m,45-54,10,Smear Positive
Qatar,2007,sp,m,55-64,4,Smear Positive
Qatar,2007,sp,m,65+,0,Smear Positive
Qatar,2007,sp,f,0-14,1,Smear Positive
Qatar,2007,sp,f,15-24,4,Smear Positive
Qatar,2007,sp,f,25-34,6,Smear Positive
Qatar,2007,sp,f,35-44,5,Smear Positive
Qatar,2007,sp,f,45-54,3,Smear Positive
Qatar,2007,sp,f,55-64,0,Smear Positive
Qatar,2007,sp,f,65+,0,Smear Positive
Qatar,2007,ep,m,0-14,0,Extrapulmonary
Qatar,2007,ep,m,15-24,45,Extrapulmonary
Qatar,2007,ep,m,25-34,69,Extrapulmonary
Qatar,2007,ep,m,35-44,23,Extrapulmonary
Qatar,2007,ep,m,45-54,16,Extrapulmonary
Qatar,2007,ep,m,55-64,2,Extrapulmonary
Qatar,2007,ep,m,65+,3,Extrapulmonary
Qatar,2007,ep,f,0-14,0,Extrapulmonary
Qatar,2007,ep,f,15-24,11,Extrapulmonary
Qatar,2007,ep,f,25-34,21,Extrapulmonary
Qatar,2007,ep,f,35-44,7,Extrapulmonary
Qatar,2007,ep,f,45-54,5,Extrapulmonary
Qatar,2007,ep,f,55-64,1,Extrapulmonary
Qatar,2007,ep,f,65+,0,Extrapulmonary
Qatar,2008,sp,m,0-14,1,Smear Positive
Qatar,2008,sp,m,15-24,47,Smear Positive
Qatar,2008,sp,m,25-34,67,Smear Positive
Qatar,2008,sp,m,35-44,26,Smear Positive
Qatar,2008,sp,m,45-54,18,Smear Positive
Qatar,2008,sp,m,55-64,10,Smear Positive
Qatar,2008,sp,m,65+,2,Smear Positive
Qatar,2008,sp,f,0-14,0,Smear Positive
Qatar,2008,sp,f,15-24,4,Smear Positive
Qatar,2008,sp,f,25-34,14,Smear Positive
Qatar,2008,sp,f,35-44,6,Smear Positive
Qatar,2008,sp,f,45-54,2,Smear Positive
Qatar,2008,sp,f,55-64,0,Smear Positive
Qatar,2008,sp,f,65+,2,Smear Positive
Qatar,2008,sn,m,0-14,2,Smear Negative
Qatar,2008,sn,m,15-24,21,Smear Negative
Qatar,2008,sn,m,25-34,31,Smear Negative
Qatar,2008,sn,m,35-44,16,Smear Negative
Qatar,2008,sn,m,45-54,6,Smear Negative
Qatar,2008,sn,m,55-64,4,Smear Negative
Qatar,2008,sn,m,65+,3,Smear Negative
Qatar,2008,sn,f,0-14,0,Smear Negative
Qatar,2008,sn,f,15-24,10,Smear Negative
Qatar,2008,sn,f,25-34,13,Smear Negative
Qatar,2008,sn,f,35-44,2,Smear Negative
Qatar,2008,sn,f,45-54,2,Smear Negative
Qatar,2008,sn,f,55-64,0,Smear Negative
Qatar,2008,sn,f,65+,2,Smear Negative
Qatar,2008,ep,m,0-14,2,Extrapulmonary
Qatar,2008,ep,m,15-24,56,Extrapulmonary
Qatar,2008,ep,m,25-34,109,Extrapulmonary
Qatar,2008,ep,m,35-44,41,Extrapulmonary
Qatar,2008,ep,m,45-54,5,Extrapulmonary
Qatar,2008,ep,m,55-64,3,Extrapulmonary
Qatar,2008,ep,m,65+,1,Extrapulmonary
Qatar,2008,ep,f,0-14,4,Extrapulmonary
Qatar,2008,ep,f,15-24,9,Extrapulmonary
Qatar,2008,ep,f,25-34,8,Extrapulmonary
Qatar,2008,ep,f,35-44,8,Extrapulmonary
Qatar,2008,ep,f,45-54,3,Extrapulmonary
Qatar,2008,ep,f,55-64,2,Extrapulmonary
Qatar,2008,ep,f,65+,3,Extrapulmonary
Qatar,2009,sp,m,0-14,0,Smear Positive
Qatar,2009,sp,m,15-24,41,Smear Positive
Qatar,2009,sp,m,25-34,83,Smear Positive
Qatar,2009,sp,m,35-44,32,Smear Positive
Qatar,2009,sp,m,45-54,16,Smear Positive
Qatar,2009,sp,m,55-64,6,Smear Positive
Qatar,2009,sp,m,65+,2,Smear Positive
Qatar,2009,sp,f,0-14,2,Smear Positive
Qatar,2009,sp,f,15-24,9,Smear Positive
Qatar,2009,sp,f,25-34,18,Smear Positive
Qatar,2009,sp,f,35-44,7,Smear Positive
Qatar,2009,sp,f,45-54,2,Smear Positive
Qatar,2009,sp,f,55-64,1,Smear Positive
Qatar,2009,sp,f,65+,1,Smear Positive
Qatar,2009,sn,m,0-14,0,Smear Negative
Qatar,2009,sn,m,15-24,26,Smear Negative
Qatar,2009,sn,m,25-34,32,Smear Negative
Qatar,2009,sn,m,35-44,11,Smear Negative
Qatar,2009,sn,m,45-54,7,Smear Negative
Qatar,2009,sn,m,55-64,1,Smear Negative
Qatar,2009,sn,m,65+,0,Smear Negative
Qatar,2009,sn,f,0-14,0,Smear Negative
Qatar,2009,sn,f,15-24,7,Smear Negative
Qatar,2009,sn,f,25-34,13,Smear Negative
Qatar,2009,sn,f,35-44,3,Smear Negative
Qatar,2009,sn,f,45-54,2,Smear Negative
Qatar,2009,sn,f,55-64,0,Smear Negative
Qatar,2009,sn,f,65+,0,Smear Negative
Qatar,2009,ep,m,0-14,0,Extrapulmonary
Qatar,2009,ep,m,15-24,65,Extrapulmonary
Qatar,2009,ep,m,25-34,111,Extrapulmonary
Qatar,2009,ep,m,35-44,48,Extrapulmonary
Qatar,2009,ep,m,45-54,9,Extrapulmonary
Qatar,2009,ep,m,55-64,5,Extrapulmonary
Qatar,2009,ep,m,65+,2,Extrapulmonary
Qatar,2009,ep,f,0-14,0,Extrapulmonary
Qatar,2009,ep,f,15-24,12,Extrapulmonary
Qatar,2009,ep,f,25-34,28,Extrapulmonary
Qatar,2009,ep,f,35-44,10,Extrapulmonary
Qatar,2009,ep,f,45-54,4,Extrapulmonary
Qatar,2009,ep,f,55-64,2,Extrapulmonary
Qatar,2009,ep,f,65+,1,Extrapulmonary
Qatar,2010,sp,m,0-14,0,Smear Positive
Qatar,2010,sp,m,15-24,59,Smear Positive
Qatar,2010,sp,m,25-34,72,Smear Positive
Qatar,2010,sp,m,35-44,38,Smear Positive
Qatar,2010,sp,m,45-54,22,Smear Positive
Qatar,2010,sp,m,55-64,5,Smear Positive
Qatar,2010,sp,m,65+,0,Smear Positive
Qatar,2010,sp,f,0-14,0,Smear Positive
Qatar,2010,sp,f,15-24,7,Smear Positive
Qatar,2010,sp,f,25-34,16,Smear Positive
Qatar,2010,sp,f,35-44,2,Smear Positive
Qatar,2010,sp,f,45-54,1,Smear Positive
Qatar,2010,sp,f,55-64,1,Smear Positive
Qatar,2010,sp,f,65+,0,Smear Positive
Qatar,2010,sn,m,0-14,2,Smear Negative
Qatar,2010,sn,m,15-24,27,Smear Negative
Qatar,2010,sn,m,25-34,32,Smear Negative
Qatar,2010,sn,m,35-44,17,Smear Negative
Qatar,2010,sn,m,45-54,3,Smear Negative
Qatar,2010,sn,m,55-64,0,Smear Negative
Qatar,2010,sn,m,65+,1,Smear Negative
Qatar,2010,sn,f,0-14,0,Smear Negative
Qatar,2010,sn,f,15-24,8,Smear Negative
Qatar,2010,sn,f,25-34,8,Smear Negative
Qatar,2010,sn,f,35-44,1,Smear Negative
Qatar,2010,sn,f,45-54,1,Smear Negative
Qatar,2010,sn,f,55-64,1,Smear Negative
Qatar,2010,sn,f,65+,0,Smear Negative
Qatar,2010,ep,m,0-14,0,Extrapulmonary
Qatar,2010,ep,m,15-24,49,Extrapulmonary
Qatar,2010,ep,m,25-34,101,Extrapulmonary
Qatar,2010,ep,m,35-44,33,Extrapulmonary
Qatar,2010,ep,m,45-54,7,Extrapulmonary
Qatar,2010,ep,m,55-64,4,Extrapulmonary
Qatar,2010,ep,m,65+,3,Extrapulmonary
Qatar,2010,ep,f,0-14,0,Extrapulmonary
Qatar,2010,ep,f,15-24,13,Extrapulmonary
Qatar,2010,ep,f,25-34,27,Extrapulmonary
Qatar,2010,ep,f,35-44,12,Extrapulmonary
Qatar,2010,ep,f,45-54,4,Extrapulmonary
Qatar,2010,ep,f,55-64,3,Extrapulmonary
Qatar,2010,ep,f,65+,0,Extrapulmonary
Qatar,2011,sp,m,0-14,0,Smear Positive
Qatar,2011,sp,m,15-24,36,Smear Positive
Qatar,2011,sp,m,25-34,64,Smear Positive
Qatar,2011,sp,m,35-44,36,Smear Positive
Qatar,2011,sp,m,45-54,14,Smear Positive
Qatar,2011,sp,m,55-64,10,Smear Positive
Qatar,2011,sp,m,65+,3,Smear Positive
Qatar,2011,sp,f,0-14,0,Smear Positive
Qatar,2011,sp,f,15-24,9,Smear Positive
Qatar,2011,sp,f,25-34,15,Smear Positive
Qatar,2011,sp,f,35-44,6,Smear Positive
Qatar,2011,sp,f,45-54,1,Smear Positive
Qatar,2011,sp,f,55-64,2,Smear Positive
Qatar,2011,sp,f,65+,1,Smear Positive
Qatar,2011,sn,m,0-14,1,Smear Negative
Qatar,2011,sn,m,15-24,24,Smear Negative
Qatar,2011,sn,m,25-34,44,Smear Negative
Qatar,2011,sn,m,35-44,13,Smear Negative
Qatar,2011,sn,m,45-54,8,Smear Negative
Qatar,2011,sn,m,55-64,0,Smear Negative
Qatar,2011,sn,m,65+,2,Smear Negative
Qatar,2011,sn,f,0-14,1,Smear Negative
Qatar,2011,sn,f,15-24,6,Smear Negative
Qatar,2011,sn,f,25-34,14,Smear Negative
Qatar,2011,sn,f,35-44,6,Smear Negative
Qatar,2011,sn,f,45-54,0,Smear Negative
Qatar,2011,sn,f,55-64,0,Smear Negative
Qatar,2011,sn,f,65+,2,Smear Negative
Qatar,2011,ep,m,0-14,4,Extrapulmonary
Qatar,2011,ep,m,15-24,39,Extrapulmonary
Qatar,2011,ep,m,25-34,93,Extrapulmonary
Qatar,2011,ep,m,35-44,39,Extrapulmonary
Qatar,2011,ep,m,45-54,14,Extrapulmonary
Qatar,2011,ep,m,55-64,5,Extrapulmonary
Qatar,2011,ep,m,65+,2,Extrapulmonary
Qatar,2011,ep,f,0-14,0,Extrapulmonary
Qatar,2011,ep,f,15-24,4,Extrapulmonary
Qatar,2011,ep,f,25-34,25,Extrapulmonary
Qatar,2011,ep,f,35-44,8,Extrapulmonary
Qatar,2011,ep,f,45-54,2,Extrapulmonary
Qatar,2011,ep,f,55-64,1,Extrapulmonary
Qatar,2011,ep,f,65+,0,Extrapulmonary
Qatar,2012,sp,m,0-14,0,Smear Positive
Qatar,2012,sp,m,15-24,34,Smear Positive
Qatar,2012,sp,m,25-34,52,Smear Positive
Qatar,2012,sp,m,35-44,45,Smear Positive
Qatar,2012,sp,m,45-54,21,Smear Positive
Qatar,2012,sp,m,55-64,8,Smear Positive
Qatar,2012,sp,m,65+,0,Smear Positive
Qatar,2012,sp,f,0-14,2,Smear Positive
Qatar,2012,sp,f,15-24,6,Smear Positive
Qatar,2012,sp,f,25-34,9,Smear Positive
Qatar,2012,sp,f,35-44,1,Smear Positive
Qatar,2012,sp,f,45-54,1,Smear Positive
Qatar,2012,sp,f,55-64,0,Smear Positive
Qatar,2012,sp,f,65+,1,Smear Positive
Qatar,2012,sn,m,0-14,3,Smear Negative
Qatar,2012,sn,m,15-24,30,Smear Negative
Qatar,2012,sn,m,25-34,39,Smear Negative
Qatar,2012,sn,m,35-44,16,Smear Negative
Qatar,2012,sn,m,45-54,5,Smear Negative
Qatar,2012,sn,m,55-64,3,Smear Negative
Qatar,2012,sn,m,65+,0,Smear Negative
Qatar,2012,sn,f,0-14,1,Smear Negative
Qatar,2012,sn,f,15-24,9,Smear Negative
Qatar,2012,sn,f,25-34,9,Smear Negative
Qatar,2012,sn,f,35-44,5,Smear Negative
Qatar,2012,sn,f,45-54,2,Smear Negative
Qatar,2012,sn,f,55-64,0,Smear Negative
Qatar,2012,sn,f,65+,0,Smear Negative
Qatar,2012,ep,m,0-14,1,Extrapulmonary
Qatar,2012,ep,m,15-24,34,Extrapulmonary
Qatar,2012,ep,m,25-34,82,Extrapulmonary
Qatar,2012,ep,m,35-44,39,Extrapulmonary
Qatar,2012,ep,m,45-54,12,Extrapulmonary
Qatar,2012,ep,m,55-64,3,Extrapulmonary
Qatar,2012,ep,m,65+,0,Extrapulmonary
Qatar,2012,ep,f,0-14,3,Extrapulmonary
Qatar,2012,ep,f,15-24,4,Extrapulmonary
Qatar,2012,ep,f,25-34,22,Extrapulmonary
Qatar,2012,ep,f,35-44,11,Extrapulmonary
Qatar,2012,ep,f,45-54,3,Extrapulmonary
Qatar,2012,ep,f,55-64,2,Extrapulmonary
Qatar,2012,ep,f,65+,1,Extrapulmonary
Republic of Korea,1995,sp,m,0-14,27,Smear Positive
Republic of Korea,1995,sp,m,15-24,1131,Smear Positive
Republic of Korea,1995,sp,m,25-34,1613,Smear Positive
Republic of Korea,1995,sp,m,35-44,1425,Smear Positive
Republic of Korea,1995,sp,m,45-54,1207,Smear Positive
Republic of Korea,1995,sp,m,55-64,1307,Smear Positive
Republic of Korea,1995,sp,m,65+,1225,Smear Positive
Republic of Korea,1995,sp,f,0-14,46,Smear Positive
Republic of Korea,1995,sp,f,15-24,908,Smear Positive
Republic of Korea,1995,sp,f,25-34,863,Smear Positive
Republic of Korea,1995,sp,f,35-44,431,Smear Positive
Republic of Korea,1995,sp,f,45-54,296,Smear Positive
Republic of Korea,1995,sp,f,55-64,408,Smear Positive
Republic of Korea,1995,sp,f,65+,867,Smear Positive
Republic of Korea,1996,sp,m,0-14,31,Smear Positive
Republic of Korea,1996,sp,m,15-24,1150,Smear Positive
Republic of Korea,1996,sp,m,25-34,1587,Smear Positive
Republic of Korea,1996,sp,m,35-44,1457,Smear Positive
Republic of Korea,1996,sp,m,45-54,1118,Smear Positive
Republic of Korea,1996,sp,m,55-64,1216,Smear Positive
Republic of Korea,1996,sp,m,65+,1116,Smear Positive
Republic of Korea,1996,sp,f,0-14,32,Smear Positive
Republic of Korea,1996,sp,f,15-24,950,Smear Positive
Republic of Korea,1996,sp,f,25-34,827,Smear Positive
Republic of Korea,1996,sp,f,35-44,460,Smear Positive
Republic of Korea,1996,sp,f,45-54,297,Smear Positive
Republic of Korea,1996,sp,f,55-64,340,Smear Positive
Republic of Korea,1996,sp,f,65+,839,Smear Positive
Republic of Korea,1997,sp,m,0-14,24,Smear Positive
Republic of Korea,1997,sp,m,15-24,935,Smear Positive
Republic of Korea,1997,sp,m,25-34,1276,Smear Positive
Republic of Korea,1997,sp,m,35-44,1221,Smear Positive
Republic of Korea,1997,sp,m,45-54,982,Smear Positive
Republic of Korea,1997,sp,m,55-64,1069,Smear Positive
Republic of Korea,1997,sp,m,65+,1099,Smear Positive
Republic of Korea,1997,sp,f,0-14,31,Smear Positive
Republic of Korea,1997,sp,f,15-24,790,Smear Positive
Republic of Korea,1997,sp,f,25-34,685,Smear Positive
Republic of Korea,1997,sp,f,35-44,445,Smear Positive
Republic of Korea,1997,sp,f,45-54,234,Smear Positive
Republic of Korea,1997,sp,f,55-64,359,Smear Positive
Republic of Korea,1997,sp,f,65+,807,Smear Positive
Republic of Korea,1998,sp,m,0-14,19,Smear Positive
Republic of Korea,1998,sp,m,15-24,977,Smear Positive
Republic of Korea,1998,sp,m,25-34,1334,Smear Positive
Republic of Korea,1998,sp,m,35-44,1329,Smear Positive
Republic of Korea,1998,sp,m,45-54,999,Smear Positive
Republic of Korea,1998,sp,m,55-64,1074,Smear Positive
Republic of Korea,1998,sp,m,65+,1119,Smear Positive
Republic of Korea,1998,sp,f,0-14,37,Smear Positive
Republic of Korea,1998,sp,f,15-24,765,Smear Positive
Republic of Korea,1998,sp,f,25-34,708,Smear Positive
Republic of Korea,1998,sp,f,35-44,455,Smear Positive
Republic of Korea,1998,sp,f,45-54,238,Smear Positive
Republic of Korea,1998,sp,f,55-64,393,Smear Positive
Republic of Korea,1998,sp,f,65+,912,Smear Positive
Republic of Korea,1999,sp,m,0-14,27,Smear Positive
Republic of Korea,1999,sp,m,15-24,884,Smear Positive
Republic of Korea,1999,sp,m,25-34,1205,Smear Positive
Republic of Korea,1999,sp,m,35-44,1180,Smear Positive
Republic of Korea,1999,sp,m,45-54,871,Smear Positive
Republic of Korea,1999,sp,m,55-64,962,Smear Positive
Republic of Korea,1999,sp,m,65+,1136,Smear Positive
Republic of Korea,1999,sp,f,0-14,40,Smear Positive
Republic of Korea,1999,sp,f,15-24,704,Smear Positive
Republic of Korea,1999,sp,f,25-34,653,Smear Positive
Republic of Korea,1999,sp,f,35-44,402,Smear Positive
Republic of Korea,1999,sp,f,45-54,256,Smear Positive
Republic of Korea,1999,sp,f,55-64,306,Smear Positive
Republic of Korea,1999,sp,f,65+,933,Smear Positive
Republic of Korea,2000,sp,m,0-14,19,Smear Positive
Republic of Korea,2000,sp,m,15-24,821,Smear Positive
Republic of Korea,2000,sp,m,25-34,1085,Smear Positive
Republic of Korea,2000,sp,m,35-44,988,Smear Positive
Republic of Korea,2000,sp,m,45-54,853,Smear Positive
Republic of Korea,2000,sp,m,55-64,731,Smear Positive
Republic of Korea,2000,sp,m,65+,901,Smear Positive
Republic of Korea,2000,sp,f,0-14,25,Smear Positive
Republic of Korea,2000,sp,f,15-24,546,Smear Positive
Republic of Korea,2000,sp,f,25-34,544,Smear Positive
Republic of Korea,2000,sp,f,35-44,393,Smear Positive
Republic of Korea,2000,sp,f,45-54,220,Smear Positive
Republic of Korea,2000,sp,f,55-64,295,Smear Positive
Republic of Korea,2000,sp,f,65+,795,Smear Positive
Republic of Korea,2001,sp,m,0-14,23,Smear Positive
Republic of Korea,2001,sp,m,15-24,942,Smear Positive
Republic of Korea,2001,sp,m,25-34,1415,Smear Positive
Republic of Korea,2001,sp,m,35-44,1419,Smear Positive
Republic of Korea,2001,sp,m,45-54,1293,Smear Positive
Republic of Korea,2001,sp,m,55-64,1103,Smear Positive
Republic of Korea,2001,sp,m,65+,1361,Smear Positive
Republic of Korea,2001,sp,f,0-14,45,Smear Positive
Republic of Korea,2001,sp,f,15-24,839,Smear Positive
Republic of Korea,2001,sp,f,25-34,890,Smear Positive
Republic of Korea,2001,sp,f,35-44,489,Smear Positive
Republic of Korea,2001,sp,f,45-54,326,Smear Positive
Republic of Korea,2001,sp,f,55-64,390,Smear Positive
Republic of Korea,2001,sp,f,65+,1270,Smear Positive
Republic of Korea,2002,sp,m,0-14,20,Smear Positive
Republic of Korea,2002,sp,m,15-24,806,Smear Positive
Republic of Korea,2002,sp,m,25-34,1333,Smear Positive
Republic of Korea,2002,sp,m,35-44,1374,Smear Positive
Republic of Korea,2002,sp,m,45-54,1265,Smear Positive
Republic of Korea,2002,sp,m,55-64,1029,Smear Positive
Republic of Korea,2002,sp,m,65+,1390,Smear Positive
Republic of Korea,2002,sp,f,0-14,19,Smear Positive
Republic of Korea,2002,sp,f,15-24,759,Smear Positive
Republic of Korea,2002,sp,f,25-34,854,Smear Positive
Republic of Korea,2002,sp,f,35-44,456,Smear Positive
Republic of Korea,2002,sp,f,45-54,334,Smear Positive
Republic of Korea,2002,sp,f,55-64,377,Smear Positive
Republic of Korea,2002,sp,f,65+,1329,Smear Positive
Republic of Korea,2003,sp,m,0-14,22,Smear Positive
Republic of Korea,2003,sp,m,15-24,732,Smear Positive
Republic of Korea,2003,sp,m,25-34,1208,Smear Positive
Republic of Korea,2003,sp,m,35-44,1265,Smear Positive
Republic of Korea,2003,sp,m,45-54,1207,Smear Positive
Republic of Korea,2003,sp,m,55-64,992,Smear Positive
Republic of Korea,2003,sp,m,65+,1472,Smear Positive
Republic of Korea,2003,sp,f,0-14,32,Smear Positive
Republic of Korea,2003,sp,f,15-24,681,Smear Positive
Republic of Korea,2003,sp,f,25-34,793,Smear Positive
Republic of Korea,2003,sp,f,35-44,501,Smear Positive
Republic of Korea,2003,sp,f,45-54,365,Smear Positive
Republic of Korea,2003,sp,f,55-64,381,Smear Positive
Republic of Korea,2003,sp,f,65+,1325,Smear Positive
Republic of Korea,2004,sp,m,0-14,18,Smear Positive
Republic of Korea,2004,sp,m,15-24,709,Smear Positive
Republic of Korea,2004,sp,m,25-34,1276,Smear Positive
Republic of Korea,2004,sp,m,35-44,1364,Smear Positive
Republic of Korea,2004,sp,m,45-54,1248,Smear Positive
Republic of Korea,2004,sp,m,55-64,1017,Smear Positive
Republic of Korea,2004,sp,m,65+,1595,Smear Positive
Republic of Korea,2004,sp,f,0-14,26,Smear Positive
Republic of Korea,2004,sp,f,15-24,659,Smear Positive
Republic of Korea,2004,sp,f,25-34,847,Smear Positive
Republic of Korea,2004,sp,f,35-44,496,Smear Positive
Republic of Korea,2004,sp,f,45-54,340,Smear Positive
Republic of Korea,2004,sp,f,55-64,360,Smear Positive
Republic of Korea,2004,sp,f,65+,1516,Smear Positive
Republic of Korea,2005,sp,m,0-14,22,Smear Positive
Republic of Korea,2005,sp,m,15-24,687,Smear Positive
Republic of Korea,2005,sp,m,25-34,1171,Smear Positive
Republic of Korea,2005,sp,m,35-44,1326,Smear Positive
Republic of Korea,2005,sp,m,45-54,1336,Smear Positive
Republic of Korea,2005,sp,m,55-64,1005,Smear Positive
Republic of Korea,2005,sp,m,65+,1669,Smear Positive
Republic of Korea,2005,sp,f,0-14,27,Smear Positive
Republic of Korea,2005,sp,f,15-24,590,Smear Positive
Republic of Korea,2005,sp,f,25-34,842,Smear Positive
Republic of Korea,2005,sp,f,35-44,491,Smear Positive
Republic of Korea,2005,sp,f,45-54,370,Smear Positive
Republic of Korea,2005,sp,f,55-64,373,Smear Positive
Republic of Korea,2005,sp,f,65+,1729,Smear Positive
Republic of Korea,2006,sp,m,0-14,19,Smear Positive
Republic of Korea,2006,sp,m,15-24,652,Smear Positive
Republic of Korea,2006,sp,m,25-34,1109,Smear Positive
Republic of Korea,2006,sp,m,35-44,1223,Smear Positive
Republic of Korea,2006,sp,m,45-54,1406,Smear Positive
Republic of Korea,2006,sp,m,55-64,955,Smear Positive
Republic of Korea,2006,sp,m,65+,1698,Smear Positive
Republic of Korea,2006,sp,f,0-14,27,Smear Positive
Republic of Korea,2006,sp,f,15-24,579,Smear Positive
Republic of Korea,2006,sp,f,25-34,859,Smear Positive
Republic of Korea,2006,sp,f,35-44,507,Smear Positive
Republic of Korea,2006,sp,f,45-54,403,Smear Positive
Republic of Korea,2006,sp,f,55-64,371,Smear Positive
Republic of Korea,2006,sp,f,65+,1705,Smear Positive
Republic of Korea,2006,sn,m,0-14,119,Smear Negative
Republic of Korea,2006,sn,m,15-24,1746,Smear Negative
Republic of Korea,2006,sn,m,25-34,2130,Smear Negative
Republic of Korea,2006,sn,m,35-44,1656,Smear Negative
Republic of Korea,2006,sn,m,45-54,1783,Smear Negative
Republic of Korea,2006,sn,m,55-64,1460,Smear Negative
Republic of Korea,2006,sn,m,65+,2342,Smear Negative
Republic of Korea,2006,sn,f,0-14,114,Smear Negative
Republic of Korea,2006,sn,f,15-24,1459,Smear Negative
Republic of Korea,2006,sn,f,25-34,1649,Smear Negative
Republic of Korea,2006,sn,f,35-44,943,Smear Negative
Republic of Korea,2006,sn,f,45-54,806,Smear Negative
Republic of Korea,2006,sn,f,55-64,693,Smear Negative
Republic of Korea,2006,sn,f,65+,1904,Smear Negative
Republic of Korea,2006,ep,m,0-14,54,Extrapulmonary
Republic of Korea,2006,ep,m,15-24,354,Extrapulmonary
Republic of Korea,2006,ep,m,25-34,503,Extrapulmonary
Republic of Korea,2006,ep,m,35-44,443,Extrapulmonary
Republic of Korea,2006,ep,m,45-54,397,Extrapulmonary
Republic of Korea,2006,ep,m,55-64,281,Extrapulmonary
Republic of Korea,2006,ep,m,65+,588,Extrapulmonary
Republic of Korea,2006,ep,f,0-14,51,Extrapulmonary
Republic of Korea,2006,ep,f,15-24,299,Extrapulmonary
Republic of Korea,2006,ep,f,25-34,476,Extrapulmonary
Republic of Korea,2006,ep,f,35-44,370,Extrapulmonary
Republic of Korea,2006,ep,f,45-54,363,Extrapulmonary
Republic of Korea,2006,ep,f,55-64,271,Extrapulmonary
Republic of Korea,2006,ep,f,65+,594,Extrapulmonary
Republic of Korea,2007,sp,m,0-14,16,Smear Positive
Republic of Korea,2007,sp,m,15-24,589,Smear Positive
Republic of Korea,2007,sp,m,25-34,953,Smear Positive
Republic of Korea,2007,sp,m,35-44,1144,Smear Positive
Republic of Korea,2007,sp,m,45-54,1308,Smear Positive
Republic of Korea,2007,sp,m,55-64,906,Smear Positive
Republic of Korea,2007,sp,m,65+,1684,Smear Positive
Republic of Korea,2007,sp,f,0-14,34,Smear Positive
Republic of Korea,2007,sp,f,15-24,570,Smear Positive
Republic of Korea,2007,sp,f,25-34,807,Smear Positive
Republic of Korea,2007,sp,f,35-44,466,Smear Positive
Republic of Korea,2007,sp,f,45-54,387,Smear Positive
Republic of Korea,2007,sp,f,55-64,347,Smear Positive
Republic of Korea,2007,sp,f,65+,1716,Smear Positive
Republic of Korea,2007,sn,m,0-14,119,Smear Negative
Republic of Korea,2007,sn,m,15-24,1722,Smear Negative
Republic of Korea,2007,sn,m,25-34,1956,Smear Negative
Republic of Korea,2007,sn,m,35-44,1721,Smear Negative
Republic of Korea,2007,sn,m,45-54,1833,Smear Negative
Republic of Korea,2007,sn,m,55-64,1437,Smear Negative
Republic of Korea,2007,sn,m,65+,2368,Smear Negative
Republic of Korea,2007,sn,f,0-14,108,Smear Negative
Republic of Korea,2007,sn,f,15-24,1429,Smear Negative
Republic of Korea,2007,sn,f,25-34,1636,Smear Negative
Republic of Korea,2007,sn,f,35-44,1002,Smear Negative
Republic of Korea,2007,sn,f,45-54,853,Smear Negative
Republic of Korea,2007,sn,f,55-64,679,Smear Negative
Republic of Korea,2007,sn,f,65+,1915,Smear Negative
Republic of Korea,2007,ep,m,0-14,50,Extrapulmonary
Republic of Korea,2007,ep,m,15-24,309,Extrapulmonary
Republic of Korea,2007,ep,m,25-34,456,Extrapulmonary
Republic of Korea,2007,ep,m,35-44,387,Extrapulmonary
Republic of Korea,2007,ep,m,45-54,473,Extrapulmonary
Republic of Korea,2007,ep,m,55-64,289,Extrapulmonary
Republic of Korea,2007,ep,m,65+,557,Extrapulmonary
Republic of Korea,2007,ep,f,0-14,47,Extrapulmonary
Republic of Korea,2007,ep,f,15-24,309,Extrapulmonary
Republic of Korea,2007,ep,f,25-34,455,Extrapulmonary
Republic of Korea,2007,ep,f,35-44,365,Extrapulmonary
Republic of Korea,2007,ep,f,45-54,363,Extrapulmonary
Republic of Korea,2007,ep,f,55-64,302,Extrapulmonary
Republic of Korea,2007,ep,f,65+,643,Extrapulmonary
Republic of Korea,2008,sp,m,0-14,21,Smear Positive
Republic of Korea,2008,sp,m,15-24,492,Smear Positive
Republic of Korea,2008,sp,m,25-34,865,Smear Positive
Republic of Korea,2008,sp,m,35-44,1093,Smear Positive
Republic of Korea,2008,sp,m,45-54,1400,Smear Positive
Republic of Korea,2008,sp,m,55-64,958,Smear Positive
Republic of Korea,2008,sp,m,65+,1848,Smear Positive
Republic of Korea,2008,sp,f,0-14,32,Smear Positive
Republic of Korea,2008,sp,f,15-24,483,Smear Positive
Republic of Korea,2008,sp,f,25-34,722,Smear Positive
Republic of Korea,2008,sp,f,35-44,483,Smear Positive
Republic of Korea,2008,sp,f,45-54,402,Smear Positive
Republic of Korea,2008,sp,f,55-64,360,Smear Positive
Republic of Korea,2008,sp,f,65+,1889,Smear Positive
Republic of Korea,2008,sn,m,0-14,89,Smear Negative
Republic of Korea,2008,sn,m,15-24,1472,Smear Negative
Republic of Korea,2008,sn,m,25-34,1800,Smear Negative
Republic of Korea,2008,sn,m,35-44,1586,Smear Negative
Republic of Korea,2008,sn,m,45-54,1711,Smear Negative
Republic of Korea,2008,sn,m,55-64,1333,Smear Negative
Republic of Korea,2008,sn,m,65+,2252,Smear Negative
Republic of Korea,2008,sn,f,0-14,83,Smear Negative
Republic of Korea,2008,sn,f,15-24,1239,Smear Negative
Republic of Korea,2008,sn,f,25-34,1470,Smear Negative
Republic of Korea,2008,sn,f,35-44,940,Smear Negative
Republic of Korea,2008,sn,f,45-54,779,Smear Negative
Republic of Korea,2008,sn,f,55-64,612,Smear Negative
Republic of Korea,2008,sn,f,65+,1926,Smear Negative
Republic of Korea,2008,ep,m,0-14,52,Extrapulmonary
Republic of Korea,2008,ep,m,15-24,372,Extrapulmonary
Republic of Korea,2008,ep,m,25-34,524,Extrapulmonary
Republic of Korea,2008,ep,m,35-44,495,Extrapulmonary
Republic of Korea,2008,ep,m,45-54,487,Extrapulmonary
Republic of Korea,2008,ep,m,55-64,344,Extrapulmonary
Republic of Korea,2008,ep,m,65+,680,Extrapulmonary
Republic of Korea,2008,ep,f,0-14,44,Extrapulmonary
Republic of Korea,2008,ep,f,15-24,324,Extrapulmonary
Republic of Korea,2008,ep,f,25-34,489,Extrapulmonary
Republic of Korea,2008,ep,f,35-44,406,Extrapulmonary
Republic of Korea,2008,ep,f,45-54,467,Extrapulmonary
Republic of Korea,2008,ep,f,55-64,317,Extrapulmonary
Republic of Korea,2008,ep,f,65+,812,Extrapulmonary
Republic of Korea,2009,sp,m,0-14,25,Smear Positive
Republic of Korea,2009,sp,m,15-24,567,Smear Positive
Republic of Korea,2009,sp,m,25-34,803,Smear Positive
Republic of Korea,2009,sp,m,35-44,1059,Smear Positive
Republic of Korea,2009,sp,m,45-54,1417,Smear Positive
Republic of Korea,2009,sp,m,55-64,992,Smear Positive
Republic of Korea,2009,sp,m,65+,1904,Smear Positive
Republic of Korea,2009,sp,f,0-14,26,Smear Positive
Republic of Korea,2009,sp,f,15-24,506,Smear Positive
Republic of Korea,2009,sp,f,25-34,685,Smear Positive
Republic of Korea,2009,sp,f,35-44,525,Smear Positive
Republic of Korea,2009,sp,f,45-54,441,Smear Positive
Republic of Korea,2009,sp,f,55-64,360,Smear Positive
Republic of Korea,2009,sp,f,65+,1975,Smear Positive
Republic of Korea,2009,sn,m,0-14,101,Smear Negative
Republic of Korea,2009,sn,m,15-24,1528,Smear Negative
Republic of Korea,2009,sn,m,25-34,1693,Smear Negative
Republic of Korea,2009,sn,m,35-44,1610,Smear Negative
Republic of Korea,2009,sn,m,45-54,1722,Smear Negative
Republic of Korea,2009,sn,m,55-64,1303,Smear Negative
Republic of Korea,2009,sn,m,65+,2359,Smear Negative
Republic of Korea,2009,sn,f,0-14,102,Smear Negative
Republic of Korea,2009,sn,f,15-24,1183,Smear Negative
Republic of Korea,2009,sn,f,25-34,1524,Smear Negative
Republic of Korea,2009,sn,f,35-44,969,Smear Negative
Republic of Korea,2009,sn,f,45-54,814,Smear Negative
Republic of Korea,2009,sn,f,55-64,634,Smear Negative
Republic of Korea,2009,sn,f,65+,2092,Smear Negative
Republic of Korea,2009,ep,m,0-14,46,Extrapulmonary
Republic of Korea,2009,ep,m,15-24,415,Extrapulmonary
Republic of Korea,2009,ep,m,25-34,602,Extrapulmonary
Republic of Korea,2009,ep,m,35-44,579,Extrapulmonary
Republic of Korea,2009,ep,m,45-54,606,Extrapulmonary
Republic of Korea,2009,ep,m,55-64,441,Extrapulmonary
Republic of Korea,2009,ep,m,65+,773,Extrapulmonary
Republic of Korea,2009,ep,f,0-14,48,Extrapulmonary
Republic of Korea,2009,ep,f,15-24,390,Extrapulmonary
Republic of Korea,2009,ep,f,25-34,556,Extrapulmonary
Republic of Korea,2009,ep,f,35-44,525,Extrapulmonary
Republic of Korea,2009,ep,f,45-54,508,Extrapulmonary
Republic of Korea,2009,ep,f,55-64,420,Extrapulmonary
Republic of Korea,2009,ep,f,65+,1014,Extrapulmonary
Republic of Korea,2010,sp,m,0-14,22,Smear Positive
Republic of Korea,2010,sp,m,15-24,537,Smear Positive
Republic of Korea,2010,sp,m,25-34,705,Smear Positive
Republic of Korea,2010,sp,m,35-44,1049,Smear Positive
Republic of Korea,2010,sp,m,45-54,1496,Smear Positive
Republic of Korea,2010,sp,m,55-64,1029,Smear Positive
Republic of Korea,2010,sp,m,65+,1997,Smear Positive
Republic of Korea,2010,sp,f,0-14,23,Smear Positive
Republic of Korea,2010,sp,f,15-24,472,Smear Positive
Republic of Korea,2010,sp,f,25-34,686,Smear Positive
Republic of Korea,2010,sp,f,35-44,509,Smear Positive
Republic of Korea,2010,sp,f,45-54,487,Smear Positive
Republic of Korea,2010,sp,f,55-64,368,Smear Positive
Republic of Korea,2010,sp,f,65+,2216,Smear Positive
Republic of Korea,2010,sn,m,0-14,104,Smear Negative
Republic of Korea,2010,sn,m,15-24,1575,Smear Negative
Republic of Korea,2010,sn,m,25-34,1731,Smear Negative
Republic of Korea,2010,sn,m,35-44,1570,Smear Negative
Republic of Korea,2010,sn,m,45-54,1904,Smear Negative
Republic of Korea,2010,sn,m,55-64,1589,Smear Negative
Republic of Korea,2010,sn,m,65+,2628,Smear Negative
Republic of Korea,2010,sn,f,0-14,104,Smear Negative
Republic of Korea,2010,sn,f,15-24,1125,Smear Negative
Republic of Korea,2010,sn,f,25-34,1409,Smear Negative
Republic of Korea,2010,sn,f,35-44,1005,Smear Negative
Republic of Korea,2010,sn,f,45-54,904,Smear Negative
Republic of Korea,2010,sn,f,55-64,769,Smear Negative
Republic of Korea,2010,sn,f,65+,2243,Smear Negative
Republic of Korea,2010,ep,m,0-14,62,Extrapulmonary
Republic of Korea,2010,ep,m,15-24,511,Extrapulmonary
Republic of Korea,2010,ep,m,25-34,646,Extrapulmonary
Republic of Korea,2010,ep,m,35-44,690,Extrapulmonary
Republic of Korea,2010,ep,m,45-54,687,Extrapulmonary
Republic of Korea,2010,ep,m,55-64,571,Extrapulmonary
Republic of Korea,2010,ep,m,65+,1088,Extrapulmonary
Republic of Korea,2010,ep,f,0-14,56,Extrapulmonary
Republic of Korea,2010,ep,f,15-24,439,Extrapulmonary
Republic of Korea,2010,ep,f,25-34,685,Extrapulmonary
Republic of Korea,2010,ep,f,35-44,644,Extrapulmonary
Republic of Korea,2010,ep,f,45-54,780,Extrapulmonary
Republic of Korea,2010,ep,f,55-64,584,Extrapulmonary
Republic of Korea,2010,ep,f,65+,1352,Extrapulmonary
Republic of Korea,2011,sp,m,0-14,13,Smear Positive
Republic of Korea,2011,sp,m,15-24,491,Smear Positive
Republic of Korea,2011,sp,m,25-34,712,Smear Positive
Republic of Korea,2011,sp,m,35-44,1019,Smear Positive
Republic of Korea,2011,sp,m,45-54,1414,Smear Positive
Republic of Korea,2011,sp,m,55-64,1145,Smear Positive
Republic of Korea,2011,sp,m,65+,2132,Smear Positive
Republic of Korea,2011,sp,f,0-14,37,Smear Positive
Republic of Korea,2011,sp,f,15-24,446,Smear Positive
Republic of Korea,2011,sp,f,25-34,688,Smear Positive
Republic of Korea,2011,sp,f,35-44,520,Smear Positive
Republic of Korea,2011,sp,f,45-54,432,Smear Positive
Republic of Korea,2011,sp,f,55-64,421,Smear Positive
Republic of Korea,2011,sp,f,65+,2244,Smear Positive
Republic of Korea,2011,sn,m,0-14,114,Smear Negative
Republic of Korea,2011,sn,m,15-24,1460,Smear Negative
Republic of Korea,2011,sn,m,25-34,1614,Smear Negative
Republic of Korea,2011,sn,m,35-44,1544,Smear Negative
Republic of Korea,2011,sn,m,45-54,1892,Smear Negative
Republic of Korea,2011,sn,m,55-64,1569,Smear Negative
Republic of Korea,2011,sn,m,65+,2585,Smear Negative
Republic of Korea,2011,sn,f,0-14,117,Smear Negative
Republic of Korea,2011,sn,f,15-24,1138,Smear Negative
Republic of Korea,2011,sn,f,25-34,1459,Smear Negative
Republic of Korea,2011,sn,f,35-44,942,Smear Negative
Republic of Korea,2011,sn,f,45-54,908,Smear Negative
Republic of Korea,2011,sn,f,55-64,743,Smear Negative
Republic of Korea,2011,sn,f,65+,2301,Smear Negative
Republic of Korea,2011,ep,m,0-14,59,Extrapulmonary
Republic of Korea,2011,ep,m,15-24,575,Extrapulmonary
Republic of Korea,2011,ep,m,25-34,779,Extrapulmonary
Republic of Korea,2011,ep,m,35-44,686,Extrapulmonary
Republic of Korea,2011,ep,m,45-54,787,Extrapulmonary
Republic of Korea,2011,ep,m,55-64,618,Extrapulmonary
Republic of Korea,2011,ep,m,65+,1163,Extrapulmonary
Republic of Korea,2011,ep,f,0-14,62,Extrapulmonary
Republic of Korea,2011,ep,f,15-24,416,Extrapulmonary
Republic of Korea,2011,ep,f,25-34,727,Extrapulmonary
Republic of Korea,2011,ep,f,35-44,721,Extrapulmonary
Republic of Korea,2011,ep,f,45-54,802,Extrapulmonary
Republic of Korea,2011,ep,f,55-64,628,Extrapulmonary
Republic of Korea,2011,ep,f,65+,1434,Extrapulmonary
Republic of Korea,2012,sp,m,0-14,11,Smear Positive
Republic of Korea,2012,sp,m,15-24,500,Smear Positive
Republic of Korea,2012,sp,m,25-34,699,Smear Positive
Republic of Korea,2012,sp,m,35-44,956,Smear Positive
Republic of Korea,2012,sp,m,45-54,1562,Smear Positive
Republic of Korea,2012,sp,m,55-64,1238,Smear Positive
Republic of Korea,2012,sp,m,65+,2255,Smear Positive
Republic of Korea,2012,sp,f,0-14,22,Smear Positive
Republic of Korea,2012,sp,f,15-24,436,Smear Positive
Republic of Korea,2012,sp,f,25-34,664,Smear Positive
Republic of Korea,2012,sp,f,35-44,444,Smear Positive
Republic of Korea,2012,sp,f,45-54,377,Smear Positive
Republic of Korea,2012,sp,f,55-64,397,Smear Positive
Republic of Korea,2012,sp,f,65+,2569,Smear Positive
Republic of Korea,2012,sn,m,0-14,83,Smear Negative
Republic of Korea,2012,sn,m,15-24,1289,Smear Negative
Republic of Korea,2012,sn,m,25-34,1587,Smear Negative
Republic of Korea,2012,sn,m,35-44,1628,Smear Negative
Republic of Korea,2012,sn,m,45-54,2025,Smear Negative
Republic of Korea,2012,sn,m,55-64,1790,Smear Negative
Republic of Korea,2012,sn,m,65+,2931,Smear Negative
Republic of Korea,2012,sn,f,0-14,87,Smear Negative
Republic of Korea,2012,sn,f,15-24,951,Smear Negative
Republic of Korea,2012,sn,f,25-34,1387,Smear Negative
Republic of Korea,2012,sn,f,35-44,946,Smear Negative
Republic of Korea,2012,sn,f,45-54,846,Smear Negative
Republic of Korea,2012,sn,f,55-64,805,Smear Negative
Republic of Korea,2012,sn,f,65+,2567,Smear Negative
Republic of Korea,2012,ep,m,0-14,60,Extrapulmonary
Republic of Korea,2012,ep,m,15-24,450,Extrapulmonary
Republic of Korea,2012,ep,m,25-34,643,Extrapulmonary
Republic of Korea,2012,ep,m,35-44,601,Extrapulmonary
Republic of Korea,2012,ep,m,45-54,693,Extrapulmonary
Republic of Korea,2012,ep,m,55-64,578,Extrapulmonary
Republic of Korea,2012,ep,m,65+,1105,Extrapulmonary
Republic of Korea,2012,ep,f,0-14,37,Extrapulmonary
Republic of Korea,2012,ep,f,15-24,369,Extrapulmonary
Republic of Korea,2012,ep,f,25-34,574,Extrapulmonary
Republic of Korea,2012,ep,f,35-44,632,Extrapulmonary
Republic of Korea,2012,ep,f,45-54,728,Extrapulmonary
Republic of Korea,2012,ep,f,55-64,620,Extrapulmonary
Republic of Korea,2012,ep,f,65+,1371,Extrapulmonary
Republic of Korea,2013,rel,m,0-14,106,Relapse
Republic of Korea,2013,rel,m,15-24,2003,Relapse
Republic of Korea,2013,rel,m,25-34,2836,Relapse
Republic of Korea,2013,rel,m,35-44,3250,Relapse
Republic of Korea,2013,rel,m,45-54,4664,Relapse
Republic of Korea,2013,rel,m,55-64,4116,Relapse
Republic of Korea,2013,rel,m,65+,7470,Relapse
Republic of Korea,2013,rel,f,0-14,120,Relapse
Republic of Korea,2013,rel,f,15-24,1570,Relapse
Republic of Korea,2013,rel,f,25-34,2554,Relapse
Republic of Korea,2013,rel,f,35-44,2156,Relapse
Republic of Korea,2013,rel,f,45-54,2196,Relapse
Republic of Korea,2013,rel,f,55-64,1883,Relapse
Republic of Korea,2013,rel,f,65+,6649,Relapse
Republic of Moldova,1995,sp,m,0-14,0,Smear Positive
Republic of Moldova,1995,sp,m,15-24,55,Smear Positive
Republic of Moldova,1995,sp,m,25-34,115,Smear Positive
Republic of Moldova,1995,sp,m,35-44,166,Smear Positive
Republic of Moldova,1995,sp,m,45-54,95,Smear Positive
Republic of Moldova,1995,sp,m,55-64,65,Smear Positive
Republic of Moldova,1995,sp,m,65+,15,Smear Positive
Republic of Moldova,1995,sp,f,0-14,2,Smear Positive
Republic of Moldova,1995,sp,f,15-24,42,Smear Positive
Republic of Moldova,1995,sp,f,25-34,38,Smear Positive
Republic of Moldova,1995,sp,f,35-44,31,Smear Positive
Republic of Moldova,1995,sp,f,45-54,19,Smear Positive
Republic of Moldova,1995,sp,f,55-64,10,Smear Positive
Republic of Moldova,1995,sp,f,65+,12,Smear Positive
Republic of Moldova,1996,sp,m,0-14,0,Smear Positive
Republic of Moldova,1996,sp,m,15-24,26,Smear Positive
Republic of Moldova,1996,sp,m,25-34,33,Smear Positive
Republic of Moldova,1996,sp,m,35-44,55,Smear Positive
Republic of Moldova,1996,sp,m,45-54,34,Smear Positive
Republic of Moldova,1996,sp,m,55-64,9,Smear Positive
Republic of Moldova,1996,sp,m,65+,5,Smear Positive
Republic of Moldova,1996,sp,f,0-14,2,Smear Positive
Republic of Moldova,1996,sp,f,15-24,10,Smear Positive
Republic of Moldova,1996,sp,f,25-34,14,Smear Positive
Republic of Moldova,1996,sp,f,35-44,18,Smear Positive
Republic of Moldova,1996,sp,f,45-54,4,Smear Positive
Republic of Moldova,1996,sp,f,55-64,3,Smear Positive
Republic of Moldova,1996,sp,f,65+,6,Smear Positive
Republic of Moldova,1997,sp,m,0-14,0,Smear Positive
Republic of Moldova,1997,sp,m,15-24,51,Smear Positive
Republic of Moldova,1997,sp,m,25-34,65,Smear Positive
Republic of Moldova,1997,sp,m,35-44,86,Smear Positive
Republic of Moldova,1997,sp,m,45-54,47,Smear Positive
Republic of Moldova,1997,sp,m,55-64,35,Smear Positive
Republic of Moldova,1997,sp,m,65+,13,Smear Positive
Republic of Moldova,1997,sp,f,0-14,0,Smear Positive
Republic of Moldova,1997,sp,f,15-24,24,Smear Positive
Republic of Moldova,1997,sp,f,25-34,32,Smear Positive
Republic of Moldova,1997,sp,f,35-44,16,Smear Positive
Republic of Moldova,1997,sp,f,45-54,14,Smear Positive
Republic of Moldova,1997,sp,f,55-64,6,Smear Positive
Republic of Moldova,1997,sp,f,65+,8,Smear Positive
Republic of Moldova,1998,sp,m,0-14,2,Smear Positive
Republic of Moldova,1998,sp,m,15-24,72,Smear Positive
Republic of Moldova,1998,sp,m,25-34,67,Smear Positive
Republic of Moldova,1998,sp,m,35-44,116,Smear Positive
Republic of Moldova,1998,sp,m,45-54,56,Smear Positive
Republic of Moldova,1998,sp,m,55-64,36,Smear Positive
Republic of Moldova,1998,sp,m,65+,16,Smear Positive
Republic of Moldova,1998,sp,f,0-14,2,Smear Positive
Republic of Moldova,1998,sp,f,15-24,34,Smear Positive
Republic of Moldova,1998,sp,f,25-34,20,Smear Positive
Republic of Moldova,1998,sp,f,35-44,34,Smear Positive
Republic of Moldova,1998,sp,f,45-54,10,Smear Positive
Republic of Moldova,1998,sp,f,55-64,5,Smear Positive
Republic of Moldova,1998,sp,f,65+,7,Smear Positive
Republic of Moldova,1999,sp,m,0-14,1,Smear Positive
Republic of Moldova,1999,sp,m,15-24,89,Smear Positive
Republic of Moldova,1999,sp,m,25-34,123,Smear Positive
Republic of Moldova,1999,sp,m,35-44,144,Smear Positive
Republic of Moldova,1999,sp,m,45-54,84,Smear Positive
Republic of Moldova,1999,sp,m,55-64,29,Smear Positive
Republic of Moldova,1999,sp,m,65+,14,Smear Positive
Republic of Moldova,1999,sp,f,0-14,3,Smear Positive
Republic of Moldova,1999,sp,f,15-24,31,Smear Positive
Republic of Moldova,1999,sp,f,25-34,32,Smear Positive
Republic of Moldova,1999,sp,f,35-44,27,Smear Positive
Republic of Moldova,1999,sp,f,45-54,19,Smear Positive
Republic of Moldova,1999,sp,f,55-64,7,Smear Positive
Republic of Moldova,1999,sp,f,65+,6,Smear Positive
Republic of Moldova,2000,sp,m,0-14,2,Smear Positive
Republic of Moldova,2000,sp,m,15-24,52,Smear Positive
Republic of Moldova,2000,sp,m,25-34,31,Smear Positive
Republic of Moldova,2000,sp,m,35-44,36,Smear Positive
Republic of Moldova,2000,sp,m,45-54,13,Smear Positive
Republic of Moldova,2000,sp,m,55-64,13,Smear Positive
Republic of Moldova,2000,sp,m,65+,6,Smear Positive
Republic of Moldova,2000,sp,f,0-14,1,Smear Positive
Republic of Moldova,2000,sp,f,15-24,16,Smear Positive
Republic of Moldova,2000,sp,f,25-34,32,Smear Positive
Republic of Moldova,2000,sp,f,35-44,45,Smear Positive
Republic of Moldova,2000,sp,f,45-54,23,Smear Positive
Republic of Moldova,2000,sp,f,55-64,14,Smear Positive
Republic of Moldova,2000,sp,f,65+,6,Smear Positive
Republic of Moldova,2001,sp,m,0-14,1,Smear Positive
Republic of Moldova,2001,sp,m,15-24,152,Smear Positive
Republic of Moldova,2001,sp,m,25-34,197,Smear Positive
Republic of Moldova,2001,sp,m,35-44,230,Smear Positive
Republic of Moldova,2001,sp,m,45-54,158,Smear Positive
Republic of Moldova,2001,sp,m,55-64,62,Smear Positive
Republic of Moldova,2001,sp,m,65+,32,Smear Positive
Republic of Moldova,2001,sp,f,0-14,6,Smear Positive
Republic of Moldova,2001,sp,f,15-24,58,Smear Positive
Republic of Moldova,2001,sp,f,25-34,61,Smear Positive
Republic of Moldova,2001,sp,f,35-44,46,Smear Positive
Republic of Moldova,2001,sp,f,45-54,33,Smear Positive
Republic of Moldova,2001,sp,f,55-64,14,Smear Positive
Republic of Moldova,2001,sp,f,65+,10,Smear Positive
Republic of Moldova,2002,sp,m,0-14,5,Smear Positive
Republic of Moldova,2002,sp,m,15-24,159,Smear Positive
Republic of Moldova,2002,sp,m,25-34,220,Smear Positive
Republic of Moldova,2002,sp,m,35-44,237,Smear Positive
Republic of Moldova,2002,sp,m,45-54,181,Smear Positive
Republic of Moldova,2002,sp,m,55-64,49,Smear Positive
Republic of Moldova,2002,sp,m,65+,33,Smear Positive
Republic of Moldova,2002,sp,f,0-14,11,Smear Positive
Republic of Moldova,2002,sp,f,15-24,71,Smear Positive
Republic of Moldova,2002,sp,f,25-34,76,Smear Positive
Republic of Moldova,2002,sp,f,35-44,41,Smear Positive
Republic of Moldova,2002,sp,f,45-54,32,Smear Positive
Republic of Moldova,2002,sp,f,55-64,23,Smear Positive
Republic of Moldova,2002,sp,f,65+,8,Smear Positive
Republic of Moldova,2003,sp,m,0-14,1,Smear Positive
Republic of Moldova,2003,sp,m,15-24,152,Smear Positive
Republic of Moldova,2003,sp,m,25-34,201,Smear Positive
Republic of Moldova,2003,sp,m,35-44,252,Smear Positive
Republic of Moldova,2003,sp,m,45-54,206,Smear Positive
Republic of Moldova,2003,sp,m,55-64,62,Smear Positive
Republic of Moldova,2003,sp,m,65+,25,Smear Positive
Republic of Moldova,2003,sp,f,0-14,1,Smear Positive
Republic of Moldova,2003,sp,f,15-24,101,Smear Positive
Republic of Moldova,2003,sp,f,25-34,71,Smear Positive
Republic of Moldova,2003,sp,f,35-44,64,Smear Positive
Republic of Moldova,2003,sp,f,45-54,40,Smear Positive
Republic of Moldova,2003,sp,f,55-64,16,Smear Positive
Republic of Moldova,2003,sp,f,65+,22,Smear Positive
Republic of Moldova,2004,sp,m,0-14,8,Smear Positive
Republic of Moldova,2004,sp,m,15-24,210,Smear Positive
Republic of Moldova,2004,sp,m,25-34,277,Smear Positive
Republic of Moldova,2004,sp,m,35-44,284,Smear Positive
Republic of Moldova,2004,sp,m,45-54,267,Smear Positive
Republic of Moldova,2004,sp,m,55-64,89,Smear Positive
Republic of Moldova,2004,sp,m,65+,42,Smear Positive
Republic of Moldova,2004,sp,f,0-14,11,Smear Positive
Republic of Moldova,2004,sp,f,15-24,91,Smear Positive
Republic of Moldova,2004,sp,f,25-34,97,Smear Positive
Republic of Moldova,2004,sp,f,35-44,57,Smear Positive
Republic of Moldova,2004,sp,f,45-54,53,Smear Positive
Republic of Moldova,2004,sp,f,55-64,28,Smear Positive
Republic of Moldova,2004,sp,f,65+,22,Smear Positive
Republic of Moldova,2005,sp,m,0-14,2,Smear Positive
Republic of Moldova,2005,sp,m,15-24,211,Smear Positive
Republic of Moldova,2005,sp,m,25-34,337,Smear Positive
Republic of Moldova,2005,sp,m,35-44,345,Smear Positive
Republic of Moldova,2005,sp,m,45-54,313,Smear Positive
Republic of Moldova,2005,sp,m,55-64,106,Smear Positive
Republic of Moldova,2005,sp,m,65+,31,Smear Positive
Republic of Moldova,2005,sp,f,0-14,3,Smear Positive
Republic of Moldova,2005,sp,f,15-24,97,Smear Positive
Republic of Moldova,2005,sp,f,25-34,92,Smear Positive
Republic of Moldova,2005,sp,f,35-44,57,Smear Positive
Republic of Moldova,2005,sp,f,45-54,61,Smear Positive
Republic of Moldova,2005,sp,f,55-64,23,Smear Positive
Republic of Moldova,2005,sp,f,65+,18,Smear Positive
Republic of Moldova,2006,sp,m,0-14,2,Smear Positive
Republic of Moldova,2006,sp,m,15-24,175,Smear Positive
Republic of Moldova,2006,sp,m,25-34,302,Smear Positive
Republic of Moldova,2006,sp,m,35-44,349,Smear Positive
Republic of Moldova,2006,sp,m,45-54,312,Smear Positive
Republic of Moldova,2006,sp,m,55-64,106,Smear Positive
Republic of Moldova,2006,sp,m,65+,32,Smear Positive
Republic of Moldova,2006,sp,f,0-14,7,Smear Positive
Republic of Moldova,2006,sp,f,15-24,91,Smear Positive
Republic of Moldova,2006,sp,f,25-34,108,Smear Positive
Republic of Moldova,2006,sp,f,35-44,72,Smear Positive
Republic of Moldova,2006,sp,f,45-54,67,Smear Positive
Republic of Moldova,2006,sp,f,55-64,25,Smear Positive
Republic of Moldova,2006,sp,f,65+,31,Smear Positive
Republic of Moldova,2007,sp,m,0-14,0,Smear Positive
Republic of Moldova,2007,sp,m,15-24,181,Smear Positive
Republic of Moldova,2007,sp,m,25-34,281,Smear Positive
Republic of Moldova,2007,sp,m,35-44,343,Smear Positive
Republic of Moldova,2007,sp,m,45-54,314,Smear Positive
Republic of Moldova,2007,sp,m,55-64,107,Smear Positive
Republic of Moldova,2007,sp,m,65+,35,Smear Positive
Republic of Moldova,2007,sp,f,0-14,2,Smear Positive
Republic of Moldova,2007,sp,f,15-24,97,Smear Positive
Republic of Moldova,2007,sp,f,25-34,85,Smear Positive
Republic of Moldova,2007,sp,f,35-44,57,Smear Positive
Republic of Moldova,2007,sp,f,45-54,58,Smear Positive
Republic of Moldova,2007,sp,f,55-64,25,Smear Positive
Republic of Moldova,2007,sp,f,65+,25,Smear Positive
Republic of Moldova,2007,sn,m,0-14,15,Smear Negative
Republic of Moldova,2007,sn,m,15-24,222,Smear Negative
Republic of Moldova,2007,sn,m,25-34,286,Smear Negative
Republic of Moldova,2007,sn,m,35-44,315,Smear Negative
Republic of Moldova,2007,sn,m,45-54,331,Smear Negative
Republic of Moldova,2007,sn,m,55-64,154,Smear Negative
Republic of Moldova,2007,sn,m,65+,86,Smear Negative
Republic of Moldova,2007,sn,f,0-14,13,Smear Negative
Republic of Moldova,2007,sn,f,15-24,169,Smear Negative
Republic of Moldova,2007,sn,f,25-34,140,Smear Negative
Republic of Moldova,2007,sn,f,35-44,113,Smear Negative
Republic of Moldova,2007,sn,f,45-54,93,Smear Negative
Republic of Moldova,2007,sn,f,55-64,67,Smear Negative
Republic of Moldova,2007,sn,f,65+,39,Smear Negative
Republic of Moldova,2007,ep,m,0-14,83,Extrapulmonary
Republic of Moldova,2007,ep,m,15-24,55,Extrapulmonary
Republic of Moldova,2007,ep,m,25-34,45,Extrapulmonary
Republic of Moldova,2007,ep,m,35-44,45,Extrapulmonary
Republic of Moldova,2007,ep,m,45-54,31,Extrapulmonary
Republic of Moldova,2007,ep,m,55-64,24,Extrapulmonary
Republic of Moldova,2007,ep,m,65+,8,Extrapulmonary
Republic of Moldova,2007,ep,f,0-14,63,Extrapulmonary
Republic of Moldova,2007,ep,f,15-24,38,Extrapulmonary
Republic of Moldova,2007,ep,f,25-34,33,Extrapulmonary
Republic of Moldova,2007,ep,f,35-44,26,Extrapulmonary
Republic of Moldova,2007,ep,f,45-54,24,Extrapulmonary
Republic of Moldova,2007,ep,f,55-64,26,Extrapulmonary
Republic of Moldova,2007,ep,f,65+,12,Extrapulmonary
Republic of Moldova,2008,sp,m,0-14,1,Smear Positive
Republic of Moldova,2008,sp,m,15-24,167,Smear Positive
Republic of Moldova,2008,sp,m,25-34,271,Smear Positive
Republic of Moldova,2008,sp,m,35-44,314,Smear Positive
Republic of Moldova,2008,sp,m,45-54,317,Smear Positive
Republic of Moldova,2008,sp,m,55-64,105,Smear Positive
Republic of Moldova,2008,sp,m,65+,32,Smear Positive
Republic of Moldova,2008,sp,f,0-14,4,Smear Positive
Republic of Moldova,2008,sp,f,15-24,85,Smear Positive
Republic of Moldova,2008,sp,f,25-34,81,Smear Positive
Republic of Moldova,2008,sp,f,35-44,57,Smear Positive
Republic of Moldova,2008,sp,f,45-54,52,Smear Positive
Republic of Moldova,2008,sp,f,55-64,22,Smear Positive
Republic of Moldova,2008,sp,f,65+,25,Smear Positive
Republic of Moldova,2008,sn,m,0-14,9,Smear Negative
Republic of Moldova,2008,sn,m,15-24,196,Smear Negative
Republic of Moldova,2008,sn,m,25-34,330,Smear Negative
Republic of Moldova,2008,sn,m,35-44,268,Smear Negative
Republic of Moldova,2008,sn,m,45-54,296,Smear Negative
Republic of Moldova,2008,sn,m,55-64,145,Smear Negative
Republic of Moldova,2008,sn,m,65+,72,Smear Negative
Republic of Moldova,2008,sn,f,0-14,9,Smear Negative
Republic of Moldova,2008,sn,f,15-24,174,Smear Negative
Republic of Moldova,2008,sn,f,25-34,163,Smear Negative
Republic of Moldova,2008,sn,f,35-44,97,Smear Negative
Republic of Moldova,2008,sn,f,45-54,95,Smear Negative
Republic of Moldova,2008,sn,f,55-64,49,Smear Negative
Republic of Moldova,2008,sn,f,65+,39,Smear Negative
Republic of Moldova,2008,ep,m,0-14,85,Extrapulmonary
Republic of Moldova,2008,ep,m,15-24,43,Extrapulmonary
Republic of Moldova,2008,ep,m,25-34,33,Extrapulmonary
Republic of Moldova,2008,ep,m,35-44,40,Extrapulmonary
Republic of Moldova,2008,ep,m,45-54,31,Extrapulmonary
Republic of Moldova,2008,ep,m,55-64,26,Extrapulmonary
Republic of Moldova,2008,ep,m,65+,7,Extrapulmonary
Republic of Moldova,2008,ep,f,0-14,52,Extrapulmonary
Republic of Moldova,2008,ep,f,15-24,31,Extrapulmonary
Republic of Moldova,2008,ep,f,25-34,30,Extrapulmonary
Republic of Moldova,2008,ep,f,35-44,31,Extrapulmonary
Republic of Moldova,2008,ep,f,45-54,33,Extrapulmonary
Republic of Moldova,2008,ep,f,55-64,25,Extrapulmonary
Republic of Moldova,2008,ep,f,65+,9,Extrapulmonary
Republic of Moldova,2009,sp,m,0-14,3,Smear Positive
Republic of Moldova,2009,sp,m,15-24,155,Smear Positive
Republic of Moldova,2009,sp,m,25-34,220,Smear Positive
Republic of Moldova,2009,sp,m,35-44,255,Smear Positive
Republic of Moldova,2009,sp,m,45-54,256,Smear Positive
Republic of Moldova,2009,sp,m,55-64,91,Smear Positive
Republic of Moldova,2009,sp,m,65+,30,Smear Positive
Republic of Moldova,2009,sp,f,0-14,2,Smear Positive
Republic of Moldova,2009,sp,f,15-24,69,Smear Positive
Republic of Moldova,2009,sp,f,25-34,85,Smear Positive
Republic of Moldova,2009,sp,f,35-44,61,Smear Positive
Republic of Moldova,2009,sp,f,45-54,55,Smear Positive
Republic of Moldova,2009,sp,f,55-64,21,Smear Positive
Republic of Moldova,2009,sp,f,65+,15,Smear Positive
Republic of Moldova,2009,sn,m,0-14,13,Smear Negative
Republic of Moldova,2009,sn,m,15-24,205,Smear Negative
Republic of Moldova,2009,sn,m,25-34,298,Smear Negative
Republic of Moldova,2009,sn,m,35-44,263,Smear Negative
Republic of Moldova,2009,sn,m,45-54,340,Smear Negative
Republic of Moldova,2009,sn,m,55-64,169,Smear Negative
Republic of Moldova,2009,sn,m,65+,85,Smear Negative
Republic of Moldova,2009,sn,f,0-14,19,Smear Negative
Republic of Moldova,2009,sn,f,15-24,159,Smear Negative
Republic of Moldova,2009,sn,f,25-34,143,Smear Negative
Republic of Moldova,2009,sn,f,35-44,100,Smear Negative
Republic of Moldova,2009,sn,f,45-54,111,Smear Negative
Republic of Moldova,2009,sn,f,55-64,73,Smear Negative
Republic of Moldova,2009,sn,f,65+,37,Smear Negative
Republic of Moldova,2009,ep,m,0-14,68,Extrapulmonary
Republic of Moldova,2009,ep,m,15-24,40,Extrapulmonary
Republic of Moldova,2009,ep,m,25-34,45,Extrapulmonary
Republic of Moldova,2009,ep,m,35-44,42,Extrapulmonary
Republic of Moldova,2009,ep,m,45-54,37,Extrapulmonary
Republic of Moldova,2009,ep,m,55-64,16,Extrapulmonary
Republic of Moldova,2009,ep,m,65+,12,Extrapulmonary
Republic of Moldova,2009,ep,f,0-14,56,Extrapulmonary
Republic of Moldova,2009,ep,f,15-24,36,Extrapulmonary
Republic of Moldova,2009,ep,f,25-34,31,Extrapulmonary
Republic of Moldova,2009,ep,f,35-44,30,Extrapulmonary
Republic of Moldova,2009,ep,f,45-54,33,Extrapulmonary
Republic of Moldova,2009,ep,f,55-64,13,Extrapulmonary
Republic of Moldova,2009,ep,f,65+,12,Extrapulmonary
Republic of Moldova,2010,sp,m,0-14,0,Smear Positive
Republic of Moldova,2010,sp,m,15-24,119,Smear Positive
Republic of Moldova,2010,sp,m,25-34,243,Smear Positive
Republic of Moldova,2010,sp,m,35-44,244,Smear Positive
Republic of Moldova,2010,sp,m,45-54,248,Smear Positive
Republic of Moldova,2010,sp,m,55-64,113,Smear Positive
Republic of Moldova,2010,sp,m,65+,21,Smear Positive
Republic of Moldova,2010,sp,f,0-14,6,Smear Positive
Republic of Moldova,2010,sp,f,15-24,47,Smear Positive
Republic of Moldova,2010,sp,f,25-34,90,Smear Positive
Republic of Moldova,2010,sp,f,35-44,46,Smear Positive
Republic of Moldova,2010,sp,f,45-54,47,Smear Positive
Republic of Moldova,2010,sp,f,55-64,23,Smear Positive
Republic of Moldova,2010,sp,f,65+,20,Smear Positive
Republic of Moldova,2010,sn,m,0-14,10,Smear Negative
Republic of Moldova,2010,sn,m,15-24,194,Smear Negative
Republic of Moldova,2010,sn,m,25-34,344,Smear Negative
Republic of Moldova,2010,sn,m,35-44,320,Smear Negative
Republic of Moldova,2010,sn,m,45-54,323,Smear Negative
Republic of Moldova,2010,sn,m,55-64,179,Smear Negative
Republic of Moldova,2010,sn,m,65+,66,Smear Negative
Republic of Moldova,2010,sn,f,0-14,15,Smear Negative
Republic of Moldova,2010,sn,f,15-24,153,Smear Negative
Republic of Moldova,2010,sn,f,25-34,163,Smear Negative
Republic of Moldova,2010,sn,f,35-44,106,Smear Negative
Republic of Moldova,2010,sn,f,45-54,101,Smear Negative
Republic of Moldova,2010,sn,f,55-64,57,Smear Negative
Republic of Moldova,2010,sn,f,65+,42,Smear Negative
Republic of Moldova,2010,ep,m,0-14,58,Extrapulmonary
Republic of Moldova,2010,ep,m,15-24,42,Extrapulmonary
Republic of Moldova,2010,ep,m,25-34,32,Extrapulmonary
Republic of Moldova,2010,ep,m,35-44,25,Extrapulmonary
Republic of Moldova,2010,ep,m,45-54,33,Extrapulmonary
Republic of Moldova,2010,ep,m,55-64,19,Extrapulmonary
Republic of Moldova,2010,ep,m,65+,9,Extrapulmonary
Republic of Moldova,2010,ep,f,0-14,48,Extrapulmonary
Republic of Moldova,2010,ep,f,15-24,30,Extrapulmonary
Republic of Moldova,2010,ep,f,25-34,34,Extrapulmonary
Republic of Moldova,2010,ep,f,35-44,24,Extrapulmonary
Republic of Moldova,2010,ep,f,45-54,21,Extrapulmonary
Republic of Moldova,2010,ep,f,55-64,17,Extrapulmonary
Republic of Moldova,2010,ep,f,65+,13,Extrapulmonary
Republic of Moldova,2011,sp,m,0-14,2,Smear Positive
Republic of Moldova,2011,sp,m,15-24,94,Smear Positive
Republic of Moldova,2011,sp,m,25-34,257,Smear Positive
Republic of Moldova,2011,sp,m,35-44,250,Smear Positive
Republic of Moldova,2011,sp,m,45-54,267,Smear Positive
Republic of Moldova,2011,sp,m,55-64,107,Smear Positive
Republic of Moldova,2011,sp,m,65+,21,Smear Positive
Republic of Moldova,2011,sp,f,0-14,3,Smear Positive
Republic of Moldova,2011,sp,f,15-24,66,Smear Positive
Republic of Moldova,2011,sp,f,25-34,79,Smear Positive
Republic of Moldova,2011,sp,f,35-44,51,Smear Positive
Republic of Moldova,2011,sp,f,45-54,41,Smear Positive
Republic of Moldova,2011,sp,f,55-64,20,Smear Positive
Republic of Moldova,2011,sp,f,65+,14,Smear Positive
Republic of Moldova,2011,sn,m,0-14,16,Smear Negative
Republic of Moldova,2011,sn,m,15-24,187,Smear Negative
Republic of Moldova,2011,sn,m,25-34,340,Smear Negative
Republic of Moldova,2011,sn,m,35-44,283,Smear Negative
Republic of Moldova,2011,sn,m,45-54,348,Smear Negative
Republic of Moldova,2011,sn,m,55-64,207,Smear Negative
Republic of Moldova,2011,sn,m,65+,66,Smear Negative
Republic of Moldova,2011,sn,f,0-14,19,Smear Negative
Republic of Moldova,2011,sn,f,15-24,144,Smear Negative
Republic of Moldova,2011,sn,f,25-34,201,Smear Negative
Republic of Moldova,2011,sn,f,35-44,115,Smear Negative
Republic of Moldova,2011,sn,f,45-54,97,Smear Negative
Republic of Moldova,2011,sn,f,55-64,70,Smear Negative
Republic of Moldova,2011,sn,f,65+,47,Smear Negative
Republic of Moldova,2011,ep,m,0-14,67,Extrapulmonary
Republic of Moldova,2011,ep,m,15-24,29,Extrapulmonary
Republic of Moldova,2011,ep,m,25-34,41,Extrapulmonary
Republic of Moldova,2011,ep,m,35-44,49,Extrapulmonary
Republic of Moldova,2011,ep,m,45-54,28,Extrapulmonary
Republic of Moldova,2011,ep,m,55-64,26,Extrapulmonary
Republic of Moldova,2011,ep,m,65+,10,Extrapulmonary
Republic of Moldova,2011,ep,f,0-14,52,Extrapulmonary
Republic of Moldova,2011,ep,f,15-24,26,Extrapulmonary
Republic of Moldova,2011,ep,f,25-34,22,Extrapulmonary
Republic of Moldova,2011,ep,f,35-44,25,Extrapulmonary
Republic of Moldova,2011,ep,f,45-54,19,Extrapulmonary
Republic of Moldova,2011,ep,f,55-64,17,Extrapulmonary
Republic of Moldova,2011,ep,f,65+,13,Extrapulmonary
Republic of Moldova,2012,sp,m,0-14,0,Smear Positive
Republic of Moldova,2012,sp,m,15-24,99,Smear Positive
Republic of Moldova,2012,sp,m,25-34,234,Smear Positive
Republic of Moldova,2012,sp,m,35-44,256,Smear Positive
Republic of Moldova,2012,sp,m,45-54,284,Smear Positive
Republic of Moldova,2012,sp,m,55-64,131,Smear Positive
Republic of Moldova,2012,sp,m,65+,31,Smear Positive
Republic of Moldova,2012,sp,f,0-14,3,Smear Positive
Republic of Moldova,2012,sp,f,15-24,58,Smear Positive
Republic of Moldova,2012,sp,f,25-34,95,Smear Positive
Republic of Moldova,2012,sp,f,35-44,48,Smear Positive
Republic of Moldova,2012,sp,f,45-54,56,Smear Positive
Republic of Moldova,2012,sp,f,55-64,26,Smear Positive
Republic of Moldova,2012,sp,f,65+,25,Smear Positive
Republic of Moldova,2012,sn,m,0-14,4,Smear Negative
Republic of Moldova,2012,sn,m,15-24,159,Smear Negative
Republic of Moldova,2012,sn,m,25-34,295,Smear Negative
Republic of Moldova,2012,sn,m,35-44,311,Smear Negative
Republic of Moldova,2012,sn,m,45-54,316,Smear Negative
Republic of Moldova,2012,sn,m,55-64,234,Smear Negative
Republic of Moldova,2012,sn,m,65+,73,Smear Negative
Republic of Moldova,2012,sn,f,0-14,13,Smear Negative
Republic of Moldova,2012,sn,f,15-24,122,Smear Negative
Republic of Moldova,2012,sn,f,25-34,181,Smear Negative
Republic of Moldova,2012,sn,f,35-44,126,Smear Negative
Republic of Moldova,2012,sn,f,45-54,109,Smear Negative
Republic of Moldova,2012,sn,f,55-64,77,Smear Negative
Republic of Moldova,2012,sn,f,65+,42,Smear Negative
Republic of Moldova,2012,ep,m,0-14,63,Extrapulmonary
Republic of Moldova,2012,ep,m,15-24,35,Extrapulmonary
Republic of Moldova,2012,ep,m,25-34,36,Extrapulmonary
Republic of Moldova,2012,ep,m,35-44,29,Extrapulmonary
Republic of Moldova,2012,ep,m,45-54,32,Extrapulmonary
Republic of Moldova,2012,ep,m,55-64,15,Extrapulmonary
Republic of Moldova,2012,ep,m,65+,16,Extrapulmonary
Republic of Moldova,2012,ep,f,0-14,62,Extrapulmonary
Republic of Moldova,2012,ep,f,15-24,23,Extrapulmonary
Republic of Moldova,2012,ep,f,25-34,24,Extrapulmonary
Republic of Moldova,2012,ep,f,35-44,19,Extrapulmonary
Republic of Moldova,2012,ep,f,45-54,14,Extrapulmonary
Republic of Moldova,2012,ep,f,55-64,15,Extrapulmonary
Republic of Moldova,2012,ep,f,65+,13,Extrapulmonary
Republic of Moldova,2013,rel,m,0-14,71,Relapse
Republic of Moldova,2013,rel,m,15-24,250,Relapse
Republic of Moldova,2013,rel,m,25-34,679,Relapse
Republic of Moldova,2013,rel,m,35-44,773,Relapse
Republic of Moldova,2013,rel,m,45-54,787,Relapse
Republic of Moldova,2013,rel,m,55-64,528,Relapse
Republic of Moldova,2013,rel,m,65+,157,Relapse
Republic of Moldova,2013,rel,f,0-14,63,Relapse
Republic of Moldova,2013,rel,f,15-24,194,Relapse
Republic of Moldova,2013,rel,f,25-34,310,Relapse
Republic of Moldova,2013,rel,f,35-44,234,Relapse
Republic of Moldova,2013,rel,f,45-54,182,Relapse
Republic of Moldova,2013,rel,f,55-64,166,Relapse
Republic of Moldova,2013,rel,f,65+,91,Relapse
Romania,1995,sp,m,0-14,387,Smear Positive
Romania,1995,sp,m,15-24,1662,Smear Positive
Romania,1995,sp,m,25-34,2322,Smear Positive
Romania,1995,sp,m,35-44,3608,Smear Positive
Romania,1995,sp,m,45-54,2587,Smear Positive
Romania,1995,sp,m,55-64,1751,Smear Positive
Romania,1995,sp,m,65+,784,Smear Positive
Romania,1995,sp,f,0-14,355,Smear Positive
Romania,1995,sp,f,15-24,1352,Smear Positive
Romania,1995,sp,f,25-34,1240,Smear Positive
Romania,1995,sp,f,35-44,871,Smear Positive
Romania,1995,sp,f,45-54,479,Smear Positive
Romania,1995,sp,f,55-64,396,Smear Positive
Romania,1995,sp,f,65+,417,Smear Positive
Romania,1996,sp,m,0-14,35,Smear Positive
Romania,1996,sp,m,15-24,851,Smear Positive
Romania,1996,sp,m,25-34,1640,Smear Positive
Romania,1996,sp,m,35-44,2606,Smear Positive
Romania,1996,sp,m,45-54,1901,Smear Positive
Romania,1996,sp,m,55-64,1236,Smear Positive
Romania,1996,sp,m,65+,500,Smear Positive
Romania,1996,sp,f,0-14,48,Smear Positive
Romania,1996,sp,f,15-24,749,Smear Positive
Romania,1996,sp,f,25-34,630,Smear Positive
Romania,1996,sp,f,35-44,547,Smear Positive
Romania,1996,sp,f,45-54,302,Smear Positive
Romania,1996,sp,f,55-64,237,Smear Positive
Romania,1996,sp,f,65+,249,Smear Positive
Romania,1997,sp,m,0-14,31,Smear Positive
Romania,1997,sp,m,15-24,1073,Smear Positive
Romania,1997,sp,m,25-34,1618,Smear Positive
Romania,1997,sp,m,35-44,2535,Smear Positive
Romania,1997,sp,m,45-54,1990,Smear Positive
Romania,1997,sp,m,55-64,1116,Smear Positive
Romania,1997,sp,m,65+,461,Smear Positive
Romania,1997,sp,f,0-14,53,Smear Positive
Romania,1997,sp,f,15-24,735,Smear Positive
Romania,1997,sp,f,25-34,745,Smear Positive
Romania,1997,sp,f,35-44,545,Smear Positive
Romania,1997,sp,f,45-54,318,Smear Positive
Romania,1997,sp,f,55-64,200,Smear Positive
Romania,1997,sp,f,65+,245,Smear Positive
Romania,1998,sp,m,0-14,21,Smear Positive
Romania,1998,sp,m,15-24,895,Smear Positive
Romania,1998,sp,m,25-34,1624,Smear Positive
Romania,1998,sp,m,35-44,2327,Smear Positive
Romania,1998,sp,m,45-54,1762,Smear Positive
Romania,1998,sp,m,55-64,1011,Smear Positive
Romania,1998,sp,m,65+,522,Smear Positive
Romania,1998,sp,f,0-14,43,Smear Positive
Romania,1998,sp,f,15-24,725,Smear Positive
Romania,1998,sp,f,25-34,692,Smear Positive
Romania,1998,sp,f,35-44,448,Smear Positive
Romania,1998,sp,f,45-54,300,Smear Positive
Romania,1998,sp,f,55-64,219,Smear Positive
Romania,1998,sp,f,65+,232,Smear Positive
Romania,1999,sp,m,0-14,34,Smear Positive
Romania,1999,sp,m,15-24,842,Smear Positive
Romania,1999,sp,m,25-34,1524,Smear Positive
Romania,1999,sp,m,35-44,2043,Smear Positive
Romania,1999,sp,m,45-54,1653,Smear Positive
Romania,1999,sp,m,55-64,918,Smear Positive
Romania,1999,sp,m,65+,472,Smear Positive
Romania,1999,sp,f,0-14,48,Smear Positive
Romania,1999,sp,f,15-24,732,Smear Positive
Romania,1999,sp,f,25-34,709,Smear Positive
Romania,1999,sp,f,35-44,496,Smear Positive
Romania,1999,sp,f,45-54,318,Smear Positive
Romania,1999,sp,f,55-64,198,Smear Positive
Romania,1999,sp,f,65+,317,Smear Positive
Romania,2000,sp,m,0-14,46,Smear Positive
Romania,2000,sp,m,15-24,832,Smear Positive
Romania,2000,sp,m,25-34,1508,Smear Positive
Romania,2000,sp,m,35-44,1799,Smear Positive
Romania,2000,sp,m,45-54,1684,Smear Positive
Romania,2000,sp,m,55-64,916,Smear Positive
Romania,2000,sp,m,65+,533,Smear Positive
Romania,2000,sp,f,0-14,53,Smear Positive
Romania,2000,sp,f,15-24,701,Smear Positive
Romania,2000,sp,f,25-34,766,Smear Positive
Romania,2000,sp,f,35-44,484,Smear Positive
Romania,2000,sp,f,45-54,341,Smear Positive
Romania,2000,sp,f,55-64,207,Smear Positive
Romania,2000,sp,f,65+,321,Smear Positive
Romania,2001,sp,m,0-14,60,Smear Positive
Romania,2001,sp,m,15-24,790,Smear Positive
Romania,2001,sp,m,25-34,1670,Smear Positive
Romania,2001,sp,m,35-44,1925,Smear Positive
Romania,2001,sp,m,45-54,2000,Smear Positive
Romania,2001,sp,m,55-64,975,Smear Positive
Romania,2001,sp,m,65+,685,Smear Positive
Romania,2001,sp,f,0-14,70,Smear Positive
Romania,2001,sp,f,15-24,713,Smear Positive
Romania,2001,sp,f,25-34,825,Smear Positive
Romania,2001,sp,f,35-44,497,Smear Positive
Romania,2001,sp,f,45-54,391,Smear Positive
Romania,2001,sp,f,55-64,228,Smear Positive
Romania,2001,sp,f,65+,347,Smear Positive
Romania,2002,sp,m,0-14,102,Smear Positive
Romania,2002,sp,m,15-24,742,Smear Positive
Romania,2002,sp,m,25-34,1682,Smear Positive
Romania,2002,sp,m,35-44,1854,Smear Positive
Romania,2002,sp,m,45-54,1914,Smear Positive
Romania,2002,sp,m,55-64,854,Smear Positive
Romania,2002,sp,m,65+,605,Smear Positive
Romania,2002,sp,f,0-14,74,Smear Positive
Romania,2002,sp,f,15-24,669,Smear Positive
Romania,2002,sp,f,25-34,839,Smear Positive
Romania,2002,sp,f,35-44,435,Smear Positive
Romania,2002,sp,f,45-54,370,Smear Positive
Romania,2002,sp,f,55-64,202,Smear Positive
Romania,2002,sp,f,65+,351,Smear Positive
Romania,2003,sp,m,0-14,37,Smear Positive
Romania,2003,sp,m,15-24,750,Smear Positive
Romania,2003,sp,m,25-34,1565,Smear Positive
Romania,2003,sp,m,35-44,1695,Smear Positive
Romania,2003,sp,m,45-54,1953,Smear Positive
Romania,2003,sp,m,55-64,836,Smear Positive
Romania,2003,sp,m,65+,594,Smear Positive
Romania,2003,sp,f,0-14,58,Smear Positive
Romania,2003,sp,f,15-24,667,Smear Positive
Romania,2003,sp,f,25-34,770,Smear Positive
Romania,2003,sp,f,35-44,470,Smear Positive
Romania,2003,sp,f,45-54,412,Smear Positive
Romania,2003,sp,f,55-64,196,Smear Positive
Romania,2003,sp,f,65+,404,Smear Positive
Romania,2004,sp,m,0-14,31,Smear Positive
Romania,2004,sp,m,15-24,718,Smear Positive
Romania,2004,sp,m,25-34,1582,Smear Positive
Romania,2004,sp,m,35-44,1798,Smear Positive
Romania,2004,sp,m,45-54,1999,Smear Positive
Romania,2004,sp,m,55-64,917,Smear Positive
Romania,2004,sp,m,65+,629,Smear Positive
Romania,2004,sp,f,0-14,59,Smear Positive
Romania,2004,sp,f,15-24,682,Smear Positive
Romania,2004,sp,f,25-34,797,Smear Positive
Romania,2004,sp,f,35-44,546,Smear Positive
Romania,2004,sp,f,45-54,458,Smear Positive
Romania,2004,sp,f,55-64,230,Smear Positive
Romania,2004,sp,f,65+,432,Smear Positive
Romania,2005,sp,m,0-14,36,Smear Positive
Romania,2005,sp,m,15-24,752,Smear Positive
Romania,2005,sp,m,25-34,1511,Smear Positive
Romania,2005,sp,m,35-44,1786,Smear Positive
Romania,2005,sp,m,45-54,1999,Smear Positive
Romania,2005,sp,m,55-64,952,Smear Positive
Romania,2005,sp,m,65+,638,Smear Positive
Romania,2005,sp,f,0-14,55,Smear Positive
Romania,2005,sp,f,15-24,758,Smear Positive
Romania,2005,sp,f,25-34,780,Smear Positive
Romania,2005,sp,f,35-44,493,Smear Positive
Romania,2005,sp,f,45-54,374,Smear Positive
Romania,2005,sp,f,55-64,219,Smear Positive
Romania,2005,sp,f,65+,442,Smear Positive
Romania,2006,sp,m,0-14,30,Smear Positive
Romania,2006,sp,m,15-24,748,Smear Positive
Romania,2006,sp,m,25-34,1306,Smear Positive
Romania,2006,sp,m,35-44,1624,Smear Positive
Romania,2006,sp,m,45-54,1738,Smear Positive
Romania,2006,sp,m,55-64,847,Smear Positive
Romania,2006,sp,m,65+,580,Smear Positive
Romania,2006,sp,f,0-14,37,Smear Positive
Romania,2006,sp,f,15-24,669,Smear Positive
Romania,2006,sp,f,25-34,763,Smear Positive
Romania,2006,sp,f,35-44,448,Smear Positive
Romania,2006,sp,f,45-54,334,Smear Positive
Romania,2006,sp,f,55-64,224,Smear Positive
Romania,2006,sp,f,65+,465,Smear Positive
Romania,2006,sn,m,0-14,237,Smear Negative
Romania,2006,sn,m,15-24,633,Smear Negative
Romania,2006,sn,m,25-34,752,Smear Negative
Romania,2006,sn,m,35-44,762,Smear Negative
Romania,2006,sn,m,45-54,946,Smear Negative
Romania,2006,sn,m,55-64,575,Smear Negative
Romania,2006,sn,m,65+,591,Smear Negative
Romania,2006,sn,f,0-14,240,Smear Negative
Romania,2006,sn,f,15-24,632,Smear Negative
Romania,2006,sn,f,25-34,604,Smear Negative
Romania,2006,sn,f,35-44,417,Smear Negative
Romania,2006,sn,f,45-54,292,Smear Negative
Romania,2006,sn,f,55-64,209,Smear Negative
Romania,2006,sn,f,65+,364,Smear Negative
Romania,2006,ep,m,0-14,278,Extrapulmonary
Romania,2006,ep,m,15-24,489,Extrapulmonary
Romania,2006,ep,m,25-34,299,Extrapulmonary
Romania,2006,ep,m,35-44,272,Extrapulmonary
Romania,2006,ep,m,45-54,285,Extrapulmonary
Romania,2006,ep,m,55-64,194,Extrapulmonary
Romania,2006,ep,m,65+,234,Extrapulmonary
Romania,2006,ep,f,0-14,231,Extrapulmonary
Romania,2006,ep,f,15-24,361,Extrapulmonary
Romania,2006,ep,f,25-34,264,Extrapulmonary
Romania,2006,ep,f,35-44,203,Extrapulmonary
Romania,2006,ep,f,45-54,210,Extrapulmonary
Romania,2006,ep,f,55-64,145,Extrapulmonary
Romania,2006,ep,f,65+,200,Extrapulmonary
Romania,2007,sp,m,0-14,25,Smear Positive
Romania,2007,sp,m,15-24,706,Smear Positive
Romania,2007,sp,m,25-34,1149,Smear Positive
Romania,2007,sp,m,35-44,1559,Smear Positive
Romania,2007,sp,m,45-54,1704,Smear Positive
Romania,2007,sp,m,55-64,889,Smear Positive
Romania,2007,sp,m,65+,611,Smear Positive
Romania,2007,sp,f,0-14,34,Smear Positive
Romania,2007,sp,f,15-24,665,Smear Positive
Romania,2007,sp,f,25-34,634,Smear Positive
Romania,2007,sp,f,35-44,439,Smear Positive
Romania,2007,sp,f,45-54,332,Smear Positive
Romania,2007,sp,f,55-64,230,Smear Positive
Romania,2007,sp,f,65+,448,Smear Positive
Romania,2007,sn,m,0-14,230,Smear Negative
Romania,2007,sn,m,15-24,505,Smear Negative
Romania,2007,sn,m,25-34,593,Smear Negative
Romania,2007,sn,m,35-44,737,Smear Negative
Romania,2007,sn,m,45-54,840,Smear Negative
Romania,2007,sn,m,55-64,564,Smear Negative
Romania,2007,sn,m,65+,577,Smear Negative
Romania,2007,sn,f,0-14,231,Smear Negative
Romania,2007,sn,f,15-24,567,Smear Negative
Romania,2007,sn,f,25-34,518,Smear Negative
Romania,2007,sn,f,35-44,328,Smear Negative
Romania,2007,sn,f,45-54,297,Smear Negative
Romania,2007,sn,f,55-64,171,Smear Negative
Romania,2007,sn,f,65+,386,Smear Negative
Romania,2007,ep,m,0-14,280,Extrapulmonary
Romania,2007,ep,m,15-24,450,Extrapulmonary
Romania,2007,ep,m,25-34,254,Extrapulmonary
Romania,2007,ep,m,35-44,257,Extrapulmonary
Romania,2007,ep,m,45-54,253,Extrapulmonary
Romania,2007,ep,m,55-64,175,Extrapulmonary
Romania,2007,ep,m,65+,184,Extrapulmonary
Romania,2007,ep,f,0-14,205,Extrapulmonary
Romania,2007,ep,f,15-24,344,Extrapulmonary
Romania,2007,ep,f,25-34,220,Extrapulmonary
Romania,2007,ep,f,35-44,182,Extrapulmonary
Romania,2007,ep,f,45-54,173,Extrapulmonary
Romania,2007,ep,f,55-64,124,Extrapulmonary
Romania,2007,ep,f,65+,183,Extrapulmonary
Romania,2008,sp,m,0-14,22,Smear Positive
Romania,2008,sp,m,15-24,671,Smear Positive
Romania,2008,sp,m,25-34,1124,Smear Positive
Romania,2008,sp,m,35-44,1656,Smear Positive
Romania,2008,sp,m,45-54,1713,Smear Positive
Romania,2008,sp,m,55-64,977,Smear Positive
Romania,2008,sp,m,65+,625,Smear Positive
Romania,2008,sp,f,0-14,37,Smear Positive
Romania,2008,sp,f,15-24,557,Smear Positive
Romania,2008,sp,f,25-34,567,Smear Positive
Romania,2008,sp,f,35-44,518,Smear Positive
Romania,2008,sp,f,45-54,320,Smear Positive
Romania,2008,sp,f,55-64,225,Smear Positive
Romania,2008,sp,f,65+,499,Smear Positive
Romania,2008,sn,m,0-14,197,Smear Negative
Romania,2008,sn,m,15-24,485,Smear Negative
Romania,2008,sn,m,25-34,574,Smear Negative
Romania,2008,sn,m,35-44,645,Smear Negative
Romania,2008,sn,m,45-54,805,Smear Negative
Romania,2008,sn,m,55-64,570,Smear Negative
Romania,2008,sn,m,65+,510,Smear Negative
Romania,2008,sn,f,0-14,214,Smear Negative
Romania,2008,sn,f,15-24,489,Smear Negative
Romania,2008,sn,f,25-34,480,Smear Negative
Romania,2008,sn,f,35-44,336,Smear Negative
Romania,2008,sn,f,45-54,273,Smear Negative
Romania,2008,sn,f,55-64,161,Smear Negative
Romania,2008,sn,f,65+,354,Smear Negative
Romania,2008,ep,m,0-14,224,Extrapulmonary
Romania,2008,ep,m,15-24,468,Extrapulmonary
Romania,2008,ep,m,25-34,254,Extrapulmonary
Romania,2008,ep,m,35-44,240,Extrapulmonary
Romania,2008,ep,m,45-54,229,Extrapulmonary
Romania,2008,ep,m,55-64,200,Extrapulmonary
Romania,2008,ep,m,65+,208,Extrapulmonary
Romania,2008,ep,f,0-14,222,Extrapulmonary
Romania,2008,ep,f,15-24,324,Extrapulmonary
Romania,2008,ep,f,25-34,183,Extrapulmonary
Romania,2008,ep,f,35-44,177,Extrapulmonary
Romania,2008,ep,f,45-54,164,Extrapulmonary
Romania,2008,ep,f,55-64,121,Extrapulmonary
Romania,2008,ep,f,65+,156,Extrapulmonary
Romania,2009,sp,m,0-14,24,Smear Positive
Romania,2009,sp,m,15-24,726,Smear Positive
Romania,2009,sp,m,25-34,969,Smear Positive
Romania,2009,sp,m,35-44,1592,Smear Positive
Romania,2009,sp,m,45-54,1599,Smear Positive
Romania,2009,sp,m,55-64,1016,Smear Positive
Romania,2009,sp,m,65+,637,Smear Positive
Romania,2009,sp,f,0-14,28,Smear Positive
Romania,2009,sp,f,15-24,575,Smear Positive
Romania,2009,sp,f,25-34,564,Smear Positive
Romania,2009,sp,f,35-44,421,Smear Positive
Romania,2009,sp,f,45-54,290,Smear Positive
Romania,2009,sp,f,55-64,216,Smear Positive
Romania,2009,sp,f,65+,455,Smear Positive
Romania,2009,sn,m,0-14,153,Smear Negative
Romania,2009,sn,m,15-24,447,Smear Negative
Romania,2009,sn,m,25-34,465,Smear Negative
Romania,2009,sn,m,35-44,613,Smear Negative
Romania,2009,sn,m,45-54,709,Smear Negative
Romania,2009,sn,m,55-64,590,Smear Negative
Romania,2009,sn,m,65+,499,Smear Negative
Romania,2009,sn,f,0-14,168,Smear Negative
Romania,2009,sn,f,15-24,440,Smear Negative
Romania,2009,sn,f,25-34,398,Smear Negative
Romania,2009,sn,f,35-44,290,Smear Negative
Romania,2009,sn,f,45-54,227,Smear Negative
Romania,2009,sn,f,55-64,168,Smear Negative
Romania,2009,sn,f,65+,323,Smear Negative
Romania,2009,ep,m,0-14,328,Extrapulmonary
Romania,2009,ep,m,15-24,415,Extrapulmonary
Romania,2009,ep,m,25-34,185,Extrapulmonary
Romania,2009,ep,m,35-44,221,Extrapulmonary
Romania,2009,ep,m,45-54,242,Extrapulmonary
Romania,2009,ep,m,55-64,185,Extrapulmonary
Romania,2009,ep,m,65+,219,Extrapulmonary
Romania,2009,ep,f,0-14,252,Extrapulmonary
Romania,2009,ep,f,15-24,328,Extrapulmonary
Romania,2009,ep,f,25-34,189,Extrapulmonary
Romania,2009,ep,f,35-44,174,Extrapulmonary
Romania,2009,ep,f,45-54,151,Extrapulmonary
Romania,2009,ep,f,55-64,117,Extrapulmonary
Romania,2009,ep,f,65+,165,Extrapulmonary
Romania,2010,sp,m,0-14,21,Smear Positive
Romania,2010,sp,m,15-24,673,Smear Positive
Romania,2010,sp,m,25-34,873,Smear Positive
Romania,2010,sp,m,35-44,1343,Smear Positive
Romania,2010,sp,m,45-54,1310,Smear Positive
Romania,2010,sp,m,55-64,896,Smear Positive
Romania,2010,sp,m,65+,571,Smear Positive
Romania,2010,sp,f,0-14,40,Smear Positive
Romania,2010,sp,f,15-24,509,Smear Positive
Romania,2010,sp,f,25-34,481,Smear Positive
Romania,2010,sp,f,35-44,407,Smear Positive
Romania,2010,sp,f,45-54,277,Smear Positive
Romania,2010,sp,f,55-64,173,Smear Positive
Romania,2010,sp,f,65+,442,Smear Positive
Romania,2010,sn,m,0-14,135,Smear Negative
Romania,2010,sn,m,15-24,403,Smear Negative
Romania,2010,sn,m,25-34,438,Smear Negative
Romania,2010,sn,m,35-44,608,Smear Negative
Romania,2010,sn,m,45-54,585,Smear Negative
Romania,2010,sn,m,55-64,517,Smear Negative
Romania,2010,sn,m,65+,475,Smear Negative
Romania,2010,sn,f,0-14,131,Smear Negative
Romania,2010,sn,f,15-24,434,Smear Negative
Romania,2010,sn,f,25-34,377,Smear Negative
Romania,2010,sn,f,35-44,268,Smear Negative
Romania,2010,sn,f,45-54,198,Smear Negative
Romania,2010,sn,f,55-64,149,Smear Negative
Romania,2010,sn,f,65+,318,Smear Negative
Romania,2010,ep,m,0-14,256,Extrapulmonary
Romania,2010,ep,m,15-24,378,Extrapulmonary
Romania,2010,ep,m,25-34,191,Extrapulmonary
Romania,2010,ep,m,35-44,259,Extrapulmonary
Romania,2010,ep,m,45-54,204,Extrapulmonary
Romania,2010,ep,m,55-64,193,Extrapulmonary
Romania,2010,ep,m,65+,178,Extrapulmonary
Romania,2010,ep,f,0-14,228,Extrapulmonary
Romania,2010,ep,f,15-24,309,Extrapulmonary
Romania,2010,ep,f,25-34,167,Extrapulmonary
Romania,2010,ep,f,35-44,148,Extrapulmonary
Romania,2010,ep,f,45-54,127,Extrapulmonary
Romania,2010,ep,f,55-64,113,Extrapulmonary
Romania,2010,ep,f,65+,137,Extrapulmonary
Romania,2011,sp,m,0-14,19,Smear Positive
Romania,2011,sp,m,15-24,624,Smear Positive
Romania,2011,sp,m,25-34,813,Smear Positive
Romania,2011,sp,m,35-44,1194,Smear Positive
Romania,2011,sp,m,45-54,1103,Smear Positive
Romania,2011,sp,m,55-64,839,Smear Positive
Romania,2011,sp,m,65+,542,Smear Positive
Romania,2011,sp,f,0-14,25,Smear Positive
Romania,2011,sp,f,15-24,475,Smear Positive
Romania,2011,sp,f,25-34,514,Smear Positive
Romania,2011,sp,f,35-44,408,Smear Positive
Romania,2011,sp,f,45-54,215,Smear Positive
Romania,2011,sp,f,55-64,197,Smear Positive
Romania,2011,sp,f,65+,427,Smear Positive
Romania,2011,sn,m,0-14,151,Smear Negative
Romania,2011,sn,m,15-24,368,Smear Negative
Romania,2011,sn,m,25-34,410,Smear Negative
Romania,2011,sn,m,35-44,492,Smear Negative
Romania,2011,sn,m,45-54,436,Smear Negative
Romania,2011,sn,m,55-64,461,Smear Negative
Romania,2011,sn,m,65+,447,Smear Negative
Romania,2011,sn,f,0-14,117,Smear Negative
Romania,2011,sn,f,15-24,401,Smear Negative
Romania,2011,sn,f,25-34,331,Smear Negative
Romania,2011,sn,f,35-44,283,Smear Negative
Romania,2011,sn,f,45-54,169,Smear Negative
Romania,2011,sn,f,55-64,164,Smear Negative
Romania,2011,sn,f,65+,286,Smear Negative
Romania,2011,ep,m,0-14,239,Extrapulmonary
Romania,2011,ep,m,15-24,347,Extrapulmonary
Romania,2011,ep,m,25-34,203,Extrapulmonary
Romania,2011,ep,m,35-44,190,Extrapulmonary
Romania,2011,ep,m,45-54,152,Extrapulmonary
Romania,2011,ep,m,55-64,170,Extrapulmonary
Romania,2011,ep,m,65+,196,Extrapulmonary
Romania,2011,ep,f,0-14,208,Extrapulmonary
Romania,2011,ep,f,15-24,240,Extrapulmonary
Romania,2011,ep,f,25-34,145,Extrapulmonary
Romania,2011,ep,f,35-44,155,Extrapulmonary
Romania,2011,ep,f,45-54,102,Extrapulmonary
Romania,2011,ep,f,55-64,107,Extrapulmonary
Romania,2011,ep,f,65+,173,Extrapulmonary
Romania,2012,sp,m,0-14,14,Smear Positive
Romania,2012,sp,m,15-24,545,Smear Positive
Romania,2012,sp,m,25-34,757,Smear Positive
Romania,2012,sp,m,35-44,1282,Smear Positive
Romania,2012,sp,m,45-54,1035,Smear Positive
Romania,2012,sp,m,55-64,823,Smear Positive
Romania,2012,sp,m,65+,487,Smear Positive
Romania,2012,sp,f,0-14,22,Smear Positive
Romania,2012,sp,f,15-24,428,Smear Positive
Romania,2012,sp,f,25-34,426,Smear Positive
Romania,2012,sp,f,35-44,365,Smear Positive
Romania,2012,sp,f,45-54,186,Smear Positive
Romania,2012,sp,f,55-64,182,Smear Positive
Romania,2012,sp,f,65+,435,Smear Positive
Romania,2012,sn,m,0-14,99,Smear Negative
Romania,2012,sn,m,15-24,377,Smear Negative
Romania,2012,sn,m,25-34,368,Smear Negative
Romania,2012,sn,m,35-44,452,Smear Negative
Romania,2012,sn,m,45-54,472,Smear Negative
Romania,2012,sn,m,55-64,484,Smear Negative
Romania,2012,sn,m,65+,503,Smear Negative
Romania,2012,sn,f,0-14,106,Smear Negative
Romania,2012,sn,f,15-24,345,Smear Negative
Romania,2012,sn,f,25-34,338,Smear Negative
Romania,2012,sn,f,35-44,250,Smear Negative
Romania,2012,sn,f,45-54,171,Smear Negative
Romania,2012,sn,f,55-64,143,Smear Negative
Romania,2012,sn,f,65+,321,Smear Negative
Romania,2012,ep,m,0-14,233,Extrapulmonary
Romania,2012,ep,m,15-24,347,Extrapulmonary
Romania,2012,ep,m,25-34,173,Extrapulmonary
Romania,2012,ep,m,35-44,172,Extrapulmonary
Romania,2012,ep,m,45-54,137,Extrapulmonary
Romania,2012,ep,m,55-64,179,Extrapulmonary
Romania,2012,ep,m,65+,164,Extrapulmonary
Romania,2012,ep,f,0-14,239,Extrapulmonary
Romania,2012,ep,f,15-24,222,Extrapulmonary
Romania,2012,ep,f,25-34,131,Extrapulmonary
Romania,2012,ep,f,35-44,124,Extrapulmonary
Romania,2012,ep,f,45-54,86,Extrapulmonary
Romania,2012,ep,f,55-64,123,Extrapulmonary
Romania,2012,ep,f,65+,142,Extrapulmonary
Romania,2013,rel,m,0-14,355,Relapse
Romania,2013,rel,m,15-24,1143,Relapse
Romania,2013,rel,m,25-34,1372,Relapse
Romania,2013,rel,m,35-44,2035,Relapse
Romania,2013,rel,m,45-54,2175,Relapse
Romania,2013,rel,m,55-64,1998,Relapse
Romania,2013,rel,m,65+,1298,Relapse
Romania,2013,rel,f,0-14,340,Relapse
Romania,2013,rel,f,15-24,1010,Relapse
Romania,2013,rel,f,25-34,940,Relapse
Romania,2013,rel,f,35-44,827,Relapse
Romania,2013,rel,f,45-54,515,Relapse
Romania,2013,rel,f,55-64,542,Relapse
Romania,2013,rel,f,65+,973,Relapse
Russian Federation,1996,sp,m,0-14,0,Smear Positive
Russian Federation,1996,sp,m,15-24,12,Smear Positive
Russian Federation,1996,sp,m,25-34,46,Smear Positive
Russian Federation,1996,sp,m,35-44,69,Smear Positive
Russian Federation,1996,sp,m,45-54,55,Smear Positive
Russian Federation,1996,sp,m,55-64,36,Smear Positive
Russian Federation,1996,sp,m,65+,17,Smear Positive
Russian Federation,1996,sp,f,0-14,0,Smear Positive
Russian Federation,1996,sp,f,15-24,8,Smear Positive
Russian Federation,1996,sp,f,25-34,6,Smear Positive
Russian Federation,1996,sp,f,35-44,9,Smear Positive
Russian Federation,1996,sp,f,45-54,9,Smear Positive
Russian Federation,1996,sp,f,55-64,4,Smear Positive
Russian Federation,1996,sp,f,65+,12,Smear Positive
Russian Federation,1997,sp,m,0-14,0,Smear Positive
Russian Federation,1997,sp,m,15-24,38,Smear Positive
Russian Federation,1997,sp,m,25-34,100,Smear Positive
Russian Federation,1997,sp,m,35-44,150,Smear Positive
Russian Federation,1997,sp,m,45-54,114,Smear Positive
Russian Federation,1997,sp,m,55-64,77,Smear Positive
Russian Federation,1997,sp,m,65+,39,Smear Positive
Russian Federation,1997,sp,f,0-14,0,Smear Positive
Russian Federation,1997,sp,f,15-24,20,Smear Positive
Russian Federation,1997,sp,f,25-34,30,Smear Positive
Russian Federation,1997,sp,f,35-44,30,Smear Positive
Russian Federation,1997,sp,f,45-54,20,Smear Positive
Russian Federation,1997,sp,f,55-64,13,Smear Positive
Russian Federation,1997,sp,f,65+,29,Smear Positive
Russian Federation,1998,sp,m,0-14,0,Smear Positive
Russian Federation,1998,sp,m,15-24,45,Smear Positive
Russian Federation,1998,sp,m,25-34,89,Smear Positive
Russian Federation,1998,sp,m,35-44,161,Smear Positive
Russian Federation,1998,sp,m,45-54,131,Smear Positive
Russian Federation,1998,sp,m,55-64,81,Smear Positive
Russian Federation,1998,sp,m,65+,34,Smear Positive
Russian Federation,1998,sp,f,0-14,2,Smear Positive
Russian Federation,1998,sp,f,15-24,24,Smear Positive
Russian Federation,1998,sp,f,25-34,24,Smear Positive
Russian Federation,1998,sp,f,35-44,33,Smear Positive
Russian Federation,1998,sp,f,45-54,20,Smear Positive
Russian Federation,1998,sp,f,55-64,15,Smear Positive
Russian Federation,1998,sp,f,65+,24,Smear Positive
Russian Federation,1999,sp,m,0-14,17,Smear Positive
Russian Federation,1999,sp,m,15-24,1858,Smear Positive
Russian Federation,1999,sp,m,25-34,4138,Smear Positive
Russian Federation,1999,sp,m,35-44,5037,Smear Positive
Russian Federation,1999,sp,m,45-54,3992,Smear Positive
Russian Federation,1999,sp,m,55-64,1618,Smear Positive
Russian Federation,1999,sp,m,65+,859,Smear Positive
Russian Federation,1999,sp,f,0-14,33,Smear Positive
Russian Federation,1999,sp,f,15-24,761,Smear Positive
Russian Federation,1999,sp,f,25-34,1022,Smear Positive
Russian Federation,1999,sp,f,35-44,989,Smear Positive
Russian Federation,1999,sp,f,45-54,600,Smear Positive
Russian Federation,1999,sp,f,55-64,313,Smear Positive
Russian Federation,1999,sp,f,65+,507,Smear Positive
Russian Federation,2000,sp,m,0-14,1,Smear Positive
Russian Federation,2000,sp,m,15-24,295,Smear Positive
Russian Federation,2000,sp,m,25-34,526,Smear Positive
Russian Federation,2000,sp,m,35-44,596,Smear Positive
Russian Federation,2000,sp,m,45-54,402,Smear Positive
Russian Federation,2000,sp,m,55-64,151,Smear Positive
Russian Federation,2000,sp,m,65+,54,Smear Positive
Russian Federation,2000,sp,f,0-14,1,Smear Positive
Russian Federation,2000,sp,f,15-24,43,Smear Positive
Russian Federation,2000,sp,f,25-34,73,Smear Positive
Russian Federation,2000,sp,f,35-44,74,Smear Positive
Russian Federation,2000,sp,f,45-54,38,Smear Positive
Russian Federation,2000,sp,f,55-64,31,Smear Positive
Russian Federation,2000,sp,f,65+,44,Smear Positive
Russian Federation,2001,sp,m,0-14,26,Smear Positive
Russian Federation,2001,sp,m,15-24,2124,Smear Positive
Russian Federation,2001,sp,m,25-34,4317,Smear Positive
Russian Federation,2001,sp,m,35-44,5912,Smear Positive
Russian Federation,2001,sp,m,45-54,5435,Smear Positive
Russian Federation,2001,sp,m,55-64,2026,Smear Positive
Russian Federation,2001,sp,m,65+,941,Smear Positive
Russian Federation,2001,sp,f,0-14,37,Smear Positive
Russian Federation,2001,sp,f,15-24,1019,Smear Positive
Russian Federation,2001,sp,f,25-34,1315,Smear Positive
Russian Federation,2001,sp,f,35-44,1374,Smear Positive
Russian Federation,2001,sp,f,45-54,1040,Smear Positive
Russian Federation,2001,sp,f,55-64,442,Smear Positive
Russian Federation,2001,sp,f,65+,598,Smear Positive
Russian Federation,2002,sp,m,0-14,0,Smear Positive
Russian Federation,2002,sp,m,15-24,2081,Smear Positive
Russian Federation,2002,sp,m,25-34,4497,Smear Positive
Russian Federation,2002,sp,m,35-44,6003,Smear Positive
Russian Federation,2002,sp,m,45-54,5810,Smear Positive
Russian Federation,2002,sp,m,55-64,2074,Smear Positive
Russian Federation,2002,sp,m,65+,1061,Smear Positive
Russian Federation,2002,sp,f,0-14,0,Smear Positive
Russian Federation,2002,sp,f,15-24,1120,Smear Positive
Russian Federation,2002,sp,f,25-34,1496,Smear Positive
Russian Federation,2002,sp,f,35-44,1492,Smear Positive
Russian Federation,2002,sp,f,45-54,1100,Smear Positive
Russian Federation,2002,sp,f,55-64,452,Smear Positive
Russian Federation,2002,sp,f,65+,632,Smear Positive
Russian Federation,2003,sp,m,0-14,0,Smear Positive
Russian Federation,2003,sp,m,15-24,2128,Smear Positive
Russian Federation,2003,sp,m,25-34,4812,Smear Positive
Russian Federation,2003,sp,m,35-44,5979,Smear Positive
Russian Federation,2003,sp,m,45-54,5924,Smear Positive
Russian Federation,2003,sp,m,55-64,2014,Smear Positive
Russian Federation,2003,sp,m,65+,1058,Smear Positive
Russian Federation,2003,sp,f,0-14,0,Smear Positive
Russian Federation,2003,sp,f,15-24,1156,Smear Positive
Russian Federation,2003,sp,f,25-34,1753,Smear Positive
Russian Federation,2003,sp,f,35-44,1537,Smear Positive
Russian Federation,2003,sp,f,45-54,1281,Smear Positive
Russian Federation,2003,sp,f,55-64,462,Smear Positive
Russian Federation,2003,sp,f,65+,698,Smear Positive
Russian Federation,2004,sp,m,0-14,18,Smear Positive
Russian Federation,2004,sp,m,15-24,2355,Smear Positive
Russian Federation,2004,sp,m,25-34,5079,Smear Positive
Russian Federation,2004,sp,m,35-44,6165,Smear Positive
Russian Federation,2004,sp,m,45-54,6053,Smear Positive
Russian Federation,2004,sp,m,55-64,2167,Smear Positive
Russian Federation,2004,sp,m,65+,1184,Smear Positive
Russian Federation,2004,sp,f,0-14,45,Smear Positive
Russian Federation,2004,sp,f,15-24,1399,Smear Positive
Russian Federation,2004,sp,f,25-34,2051,Smear Positive
Russian Federation,2004,sp,f,35-44,1695,Smear Positive
Russian Federation,2004,sp,f,45-54,1415,Smear Positive
Russian Federation,2004,sp,f,55-64,528,Smear Positive
Russian Federation,2004,sp,f,65+,736,Smear Positive
Russian Federation,2006,sp,m,0-14,18,Smear Positive
Russian Federation,2006,sp,m,15-24,2445,Smear Positive
Russian Federation,2006,sp,m,25-34,5774,Smear Positive
Russian Federation,2006,sp,m,35-44,5923,Smear Positive
Russian Federation,2006,sp,m,45-54,6342,Smear Positive
Russian Federation,2006,sp,m,55-64,2440,Smear Positive
Russian Federation,2006,sp,m,65+,1120,Smear Positive
Russian Federation,2006,sp,f,0-14,40,Smear Positive
Russian Federation,2006,sp,f,15-24,1514,Smear Positive
Russian Federation,2006,sp,f,25-34,2207,Smear Positive
Russian Federation,2006,sp,f,35-44,1703,Smear Positive
Russian Federation,2006,sp,f,45-54,1492,Smear Positive
Russian Federation,2006,sp,f,55-64,560,Smear Positive
Russian Federation,2006,sp,f,65+,757,Smear Positive
Russian Federation,2007,sp,m,0-14,20,Smear Positive
Russian Federation,2007,sp,m,15-24,2492,Smear Positive
Russian Federation,2007,sp,m,25-34,6008,Smear Positive
Russian Federation,2007,sp,m,35-44,5874,Smear Positive
Russian Federation,2007,sp,m,45-54,6363,Smear Positive
Russian Federation,2007,sp,m,55-64,2491,Smear Positive
Russian Federation,2007,sp,m,65+,1291,Smear Positive
Russian Federation,2007,sp,f,0-14,40,Smear Positive
Russian Federation,2007,sp,f,15-24,1444,Smear Positive
Russian Federation,2007,sp,f,25-34,2418,Smear Positive
Russian Federation,2007,sp,f,35-44,1684,Smear Positive
Russian Federation,2007,sp,f,45-54,1454,Smear Positive
Russian Federation,2007,sp,f,55-64,653,Smear Positive
Russian Federation,2007,sp,f,65+,871,Smear Positive
Russian Federation,2007,sn,m,0-14,231,Smear Negative
Russian Federation,2007,sn,m,15-24,7272,Smear Negative
Russian Federation,2007,sn,m,25-34,14334,Smear Negative
Russian Federation,2007,sn,m,35-44,10846,Smear Negative
Russian Federation,2007,sn,m,45-54,10714,Smear Negative
Russian Federation,2007,sn,m,55-64,7884,Smear Negative
Russian Federation,2007,sn,m,65+,2797,Smear Negative
Russian Federation,2007,sn,f,0-14,308,Smear Negative
Russian Federation,2007,sn,f,15-24,4925,Smear Negative
Russian Federation,2007,sn,f,25-34,6230,Smear Negative
Russian Federation,2007,sn,f,35-44,4014,Smear Negative
Russian Federation,2007,sn,f,45-54,3421,Smear Negative
Russian Federation,2007,sn,f,55-64,1505,Smear Negative
Russian Federation,2007,sn,f,65+,1624,Smear Negative
Russian Federation,2007,ep,m,0-14,1430,Extrapulmonary
Russian Federation,2007,ep,m,15-24,1031,Extrapulmonary
Russian Federation,2007,ep,m,25-34,1537,Extrapulmonary
Russian Federation,2007,ep,m,35-44,928,Extrapulmonary
Russian Federation,2007,ep,m,45-54,828,Extrapulmonary
Russian Federation,2007,ep,m,55-64,415,Extrapulmonary
Russian Federation,2007,ep,m,65+,337,Extrapulmonary
Russian Federation,2007,ep,f,0-14,1393,Extrapulmonary
Russian Federation,2007,ep,f,15-24,713,Extrapulmonary
Russian Federation,2007,ep,f,25-34,918,Extrapulmonary
Russian Federation,2007,ep,f,35-44,610,Extrapulmonary
Russian Federation,2007,ep,f,45-54,574,Extrapulmonary
Russian Federation,2007,ep,f,55-64,397,Extrapulmonary
Russian Federation,2007,ep,f,65+,593,Extrapulmonary
Russian Federation,2008,sp,m,0-14,12,Smear Positive
Russian Federation,2008,sp,m,15-24,2495,Smear Positive
Russian Federation,2008,sp,m,25-34,6475,Smear Positive
Russian Federation,2008,sp,m,35-44,6005,Smear Positive
Russian Federation,2008,sp,m,45-54,6300,Smear Positive
Russian Federation,2008,sp,m,55-64,2687,Smear Positive
Russian Federation,2008,sp,m,65+,1147,Smear Positive
Russian Federation,2008,sp,f,0-14,33,Smear Positive
Russian Federation,2008,sp,f,15-24,1467,Smear Positive
Russian Federation,2008,sp,f,25-34,2569,Smear Positive
Russian Federation,2008,sp,f,35-44,1707,Smear Positive
Russian Federation,2008,sp,f,45-54,1530,Smear Positive
Russian Federation,2008,sp,f,55-64,687,Smear Positive
Russian Federation,2008,sp,f,65+,835,Smear Positive
Russian Federation,2008,sn,m,0-14,224,Smear Negative
Russian Federation,2008,sn,m,15-24,7841,Smear Negative
Russian Federation,2008,sn,m,25-34,15551,Smear Negative
Russian Federation,2008,sn,m,35-44,11311,Smear Negative
Russian Federation,2008,sn,m,45-54,10958,Smear Negative
Russian Federation,2008,sn,m,55-64,5032,Smear Negative
Russian Federation,2008,sn,m,65+,2541,Smear Negative
Russian Federation,2008,sn,f,0-14,302,Smear Negative
Russian Federation,2008,sn,f,15-24,4716,Smear Negative
Russian Federation,2008,sn,f,25-34,6743,Smear Negative
Russian Federation,2008,sn,f,35-44,4114,Smear Negative
Russian Federation,2008,sn,f,45-54,3327,Smear Negative
Russian Federation,2008,sn,f,55-64,1539,Smear Negative
Russian Federation,2008,sn,f,65+,1576,Smear Negative
Russian Federation,2008,ep,m,0-14,1316,Extrapulmonary
Russian Federation,2008,ep,m,15-24,841,Extrapulmonary
Russian Federation,2008,ep,m,25-34,1455,Extrapulmonary
Russian Federation,2008,ep,m,35-44,787,Extrapulmonary
Russian Federation,2008,ep,m,45-54,797,Extrapulmonary
Russian Federation,2008,ep,m,55-64,468,Extrapulmonary
Russian Federation,2008,ep,m,65+,358,Extrapulmonary
Russian Federation,2008,ep,f,0-14,1316,Extrapulmonary
Russian Federation,2008,ep,f,15-24,654,Extrapulmonary
Russian Federation,2008,ep,f,25-34,960,Extrapulmonary
Russian Federation,2008,ep,f,35-44,591,Extrapulmonary
Russian Federation,2008,ep,f,45-54,593,Extrapulmonary
Russian Federation,2008,ep,f,55-64,420,Extrapulmonary
Russian Federation,2008,ep,f,65+,555,Extrapulmonary
Russian Federation,2009,sp,m,0-14,22,Smear Positive
Russian Federation,2009,sp,m,15-24,2510,Smear Positive
Russian Federation,2009,sp,m,25-34,6544,Smear Positive
Russian Federation,2009,sp,m,35-44,5722,Smear Positive
Russian Federation,2009,sp,m,45-54,5952,Smear Positive
Russian Federation,2009,sp,m,55-64,2822,Smear Positive
Russian Federation,2009,sp,m,65+,1014,Smear Positive
Russian Federation,2009,sp,f,0-14,33,Smear Positive
Russian Federation,2009,sp,f,15-24,1464,Smear Positive
Russian Federation,2009,sp,f,25-34,2602,Smear Positive
Russian Federation,2009,sp,f,35-44,1739,Smear Positive
Russian Federation,2009,sp,f,45-54,1390,Smear Positive
Russian Federation,2009,sp,f,55-64,713,Smear Positive
Russian Federation,2009,sp,f,65+,824,Smear Positive
Russian Federation,2009,sn,m,0-14,192,Smear Negative
Russian Federation,2009,sn,m,15-24,7371,Smear Negative
Russian Federation,2009,sn,m,25-34,14965,Smear Negative
Russian Federation,2009,sn,m,35-44,10885,Smear Negative
Russian Federation,2009,sn,m,45-54,9969,Smear Negative
Russian Federation,2009,sn,m,55-64,5180,Smear Negative
Russian Federation,2009,sn,m,65+,2241,Smear Negative
Russian Federation,2009,sn,f,0-14,260,Smear Negative
Russian Federation,2009,sn,f,15-24,4641,Smear Negative
Russian Federation,2009,sn,f,25-34,6746,Smear Negative
Russian Federation,2009,sn,f,35-44,4064,Smear Negative
Russian Federation,2009,sn,f,45-54,3222,Smear Negative
Russian Federation,2009,sn,f,55-64,1688,Smear Negative
Russian Federation,2009,sn,f,65+,1507,Smear Negative
Russian Federation,2009,ep,m,0-14,1320,Extrapulmonary
Russian Federation,2009,ep,m,15-24,756,Extrapulmonary
Russian Federation,2009,ep,m,25-34,1582,Extrapulmonary
Russian Federation,2009,ep,m,35-44,860,Extrapulmonary
Russian Federation,2009,ep,m,45-54,793,Extrapulmonary
Russian Federation,2009,ep,m,55-64,462,Extrapulmonary
Russian Federation,2009,ep,m,65+,314,Extrapulmonary
Russian Federation,2009,ep,f,0-14,1284,Extrapulmonary
Russian Federation,2009,ep,f,15-24,657,Extrapulmonary
Russian Federation,2009,ep,f,25-34,891,Extrapulmonary
Russian Federation,2009,ep,f,35-44,549,Extrapulmonary
Russian Federation,2009,ep,f,45-54,530,Extrapulmonary
Russian Federation,2009,ep,f,55-64,435,Extrapulmonary
Russian Federation,2009,ep,f,65+,512,Extrapulmonary
Russian Federation,2010,sp,m,0-14,8,Smear Positive
Russian Federation,2010,sp,m,15-24,2228,Smear Positive
Russian Federation,2010,sp,m,25-34,6276,Smear Positive
Russian Federation,2010,sp,m,35-44,5571,Smear Positive
Russian Federation,2010,sp,m,45-54,5361,Smear Positive
Russian Federation,2010,sp,m,55-64,2787,Smear Positive
Russian Federation,2010,sp,m,65+,920,Smear Positive
Russian Federation,2010,sp,f,0-14,28,Smear Positive
Russian Federation,2010,sp,f,15-24,1247,Smear Positive
Russian Federation,2010,sp,f,25-34,2554,Smear Positive
Russian Federation,2010,sp,f,35-44,1719,Smear Positive
Russian Federation,2010,sp,f,45-54,1182,Smear Positive
Russian Federation,2010,sp,f,55-64,745,Smear Positive
Russian Federation,2010,sp,f,65+,790,Smear Positive
Russian Federation,2010,sn,m,0-14,229,Smear Negative
Russian Federation,2010,sn,m,15-24,6571,Smear Negative
Russian Federation,2010,sn,m,25-34,14047,Smear Negative
Russian Federation,2010,sn,m,35-44,10430,Smear Negative
Russian Federation,2010,sn,m,45-54,8885,Smear Negative
Russian Federation,2010,sn,m,55-64,5056,Smear Negative
Russian Federation,2010,sn,m,65+,2035,Smear Negative
Russian Federation,2010,sn,f,0-14,295,Smear Negative
Russian Federation,2010,sn,f,15-24,4094,Smear Negative
Russian Federation,2010,sn,f,25-34,6399,Smear Negative
Russian Federation,2010,sn,f,35-44,3841,Smear Negative
Russian Federation,2010,sn,f,45-54,2942,Smear Negative
Russian Federation,2010,sn,f,55-64,1698,Smear Negative
Russian Federation,2010,sn,f,65+,1372,Smear Negative
Russian Federation,2010,ep,m,0-14,134,Extrapulmonary
Russian Federation,2010,ep,m,15-24,158,Extrapulmonary
Russian Federation,2010,ep,m,25-34,367,Extrapulmonary
Russian Federation,2010,ep,m,35-44,268,Extrapulmonary
Russian Federation,2010,ep,m,45-54,286,Extrapulmonary
Russian Federation,2010,ep,m,55-64,268,Extrapulmonary
Russian Federation,2010,ep,m,65+,209,Extrapulmonary
Russian Federation,2010,ep,f,0-14,137,Extrapulmonary
Russian Federation,2010,ep,f,15-24,171,Extrapulmonary
Russian Federation,2010,ep,f,25-34,406,Extrapulmonary
Russian Federation,2010,ep,f,35-44,231,Extrapulmonary
Russian Federation,2010,ep,f,45-54,271,Extrapulmonary
Russian Federation,2010,ep,f,55-64,307,Extrapulmonary
Russian Federation,2010,ep,f,65+,300,Extrapulmonary
Russian Federation,2011,sp,m,0-14,15,Smear Positive
Russian Federation,2011,sp,m,15-24,1826,Smear Positive
Russian Federation,2011,sp,m,25-34,5726,Smear Positive
Russian Federation,2011,sp,m,35-44,5338,Smear Positive
Russian Federation,2011,sp,m,45-54,4928,Smear Positive
Russian Federation,2011,sp,m,55-64,2664,Smear Positive
Russian Federation,2011,sp,m,65+,845,Smear Positive
Russian Federation,2011,sp,f,0-14,36,Smear Positive
Russian Federation,2011,sp,f,15-24,1139,Smear Positive
Russian Federation,2011,sp,f,25-34,2394,Smear Positive
Russian Federation,2011,sp,f,35-44,1643,Smear Positive
Russian Federation,2011,sp,f,45-54,1166,Smear Positive
Russian Federation,2011,sp,f,55-64,719,Smear Positive
Russian Federation,2011,sp,f,65+,752,Smear Positive
Russian Federation,2011,sn,m,0-14,260,Smear Negative
Russian Federation,2011,sn,m,15-24,5545,Smear Negative
Russian Federation,2011,sn,m,25-34,13832,Smear Negative
Russian Federation,2011,sn,m,35-44,10353,Smear Negative
Russian Federation,2011,sn,m,45-54,8372,Smear Negative
Russian Federation,2011,sn,m,55-64,4780,Smear Negative
Russian Federation,2011,sn,m,65+,1773,Smear Negative
Russian Federation,2011,sn,f,0-14,333,Smear Negative
Russian Federation,2011,sn,f,15-24,3850,Smear Negative
Russian Federation,2011,sn,f,25-34,6410,Smear Negative
Russian Federation,2011,sn,f,35-44,3869,Smear Negative
Russian Federation,2011,sn,f,45-54,2646,Smear Negative
Russian Federation,2011,sn,f,55-64,1765,Smear Negative
Russian Federation,2011,sn,f,65+,1318,Smear Negative
Russian Federation,2011,ep,m,0-14,1506,Extrapulmonary
Russian Federation,2011,ep,m,15-24,588,Extrapulmonary
Russian Federation,2011,ep,m,25-34,1315,Extrapulmonary
Russian Federation,2011,ep,m,35-44,933,Extrapulmonary
Russian Federation,2011,ep,m,45-54,581,Extrapulmonary
Russian Federation,2011,ep,m,55-64,433,Extrapulmonary
Russian Federation,2011,ep,m,65+,236,Extrapulmonary
Russian Federation,2011,ep,f,0-14,1395,Extrapulmonary
Russian Federation,2011,ep,f,15-24,434,Extrapulmonary
Russian Federation,2011,ep,f,25-34,880,Extrapulmonary
Russian Federation,2011,ep,f,35-44,507,Extrapulmonary
Russian Federation,2011,ep,f,45-54,405,Extrapulmonary
Russian Federation,2011,ep,f,55-64,386,Extrapulmonary
Russian Federation,2011,ep,f,65+,424,Extrapulmonary
Russian Federation,2012,sp,m,0-14,17,Smear Positive
Russian Federation,2012,sp,m,15-24,1568,Smear Positive
Russian Federation,2012,sp,m,25-34,5472,Smear Positive
Russian Federation,2012,sp,m,35-44,5115,Smear Positive
Russian Federation,2012,sp,m,45-54,4446,Smear Positive
Russian Federation,2012,sp,m,55-64,2629,Smear Positive
Russian Federation,2012,sp,m,65+,839,Smear Positive
Russian Federation,2012,sp,f,0-14,31,Smear Positive
Russian Federation,2012,sp,f,15-24,997,Smear Positive
Russian Federation,2012,sp,f,25-34,2292,Smear Positive
Russian Federation,2012,sp,f,35-44,1595,Smear Positive
Russian Federation,2012,sp,f,45-54,1081,Smear Positive
Russian Federation,2012,sp,f,55-64,637,Smear Positive
Russian Federation,2012,sp,f,65+,748,Smear Positive
Russian Federation,2012,sn,m,0-14,331,Smear Negative
Russian Federation,2012,sn,m,15-24,4711,Smear Negative
Russian Federation,2012,sn,m,25-34,13041,Smear Negative
Russian Federation,2012,sn,m,35-44,9560,Smear Negative
Russian Federation,2012,sn,m,45-54,7328,Smear Negative
Russian Federation,2012,sn,m,55-64,4586,Smear Negative
Russian Federation,2012,sn,m,65+,1755,Smear Negative
Russian Federation,2012,sn,f,0-14,399,Smear Negative
Russian Federation,2012,sn,f,15-24,3154,Smear Negative
Russian Federation,2012,sn,f,25-34,6253,Smear Negative
Russian Federation,2012,sn,f,35-44,3727,Smear Negative
Russian Federation,2012,sn,f,45-54,2383,Smear Negative
Russian Federation,2012,sn,f,55-64,1560,Smear Negative
Russian Federation,2012,sn,f,65+,1270,Smear Negative
Russian Federation,2012,ep,m,0-14,1445,Extrapulmonary
Russian Federation,2012,ep,m,15-24,593,Extrapulmonary
Russian Federation,2012,ep,m,25-34,1465,Extrapulmonary
Russian Federation,2012,ep,m,35-44,930,Extrapulmonary
Russian Federation,2012,ep,m,45-54,525,Extrapulmonary
Russian Federation,2012,ep,m,55-64,363,Extrapulmonary
Russian Federation,2012,ep,m,65+,249,Extrapulmonary
Russian Federation,2012,ep,f,0-14,1465,Extrapulmonary
Russian Federation,2012,ep,f,15-24,421,Extrapulmonary
Russian Federation,2012,ep,f,25-34,870,Extrapulmonary
Russian Federation,2012,ep,f,35-44,534,Extrapulmonary
Russian Federation,2012,ep,f,45-54,376,Extrapulmonary
Russian Federation,2012,ep,f,55-64,388,Extrapulmonary
Russian Federation,2012,ep,f,65+,393,Extrapulmonary
Russian Federation,2013,rel,m,0-14,1626,Relapse
Russian Federation,2013,rel,m,15-24,5827,Relapse
Russian Federation,2013,rel,m,25-34,18096,Relapse
Russian Federation,2013,rel,m,35-44,15635,Relapse
Russian Federation,2013,rel,m,45-54,11218,Relapse
Russian Federation,2013,rel,m,55-64,7255,Relapse
Russian Federation,2013,rel,m,65+,2677,Relapse
Russian Federation,2013,rel,f,0-14,1672,Relapse
Russian Federation,2013,rel,f,15-24,3740,Relapse
Russian Federation,2013,rel,f,25-34,8705,Relapse
Russian Federation,2013,rel,f,35-44,5501,Relapse
Russian Federation,2013,rel,f,45-54,3630,Relapse
Russian Federation,2013,rel,f,55-64,2589,Relapse
Russian Federation,2013,rel,f,65+,2256,Relapse
Rwanda,1996,sp,m,0-14,48,Smear Positive
Rwanda,1996,sp,m,15-24,222,Smear Positive
Rwanda,1996,sp,m,25-34,398,Smear Positive
Rwanda,1996,sp,m,35-44,325,Smear Positive
Rwanda,1996,sp,m,45-54,124,Smear Positive
Rwanda,1996,sp,m,55-64,85,Smear Positive
Rwanda,1996,sp,m,65+,24,Smear Positive
Rwanda,1996,sp,f,0-14,45,Smear Positive
Rwanda,1996,sp,f,15-24,229,Smear Positive
Rwanda,1996,sp,f,25-34,278,Smear Positive
Rwanda,1996,sp,f,35-44,161,Smear Positive
Rwanda,1996,sp,f,45-54,47,Smear Positive
Rwanda,1996,sp,f,55-64,23,Smear Positive
Rwanda,1996,sp,f,65+,5,Smear Positive
Rwanda,1997,sp,m,0-14,78,Smear Positive
Rwanda,1997,sp,m,15-24,284,Smear Positive
Rwanda,1997,sp,m,25-34,633,Smear Positive
Rwanda,1997,sp,m,35-44,537,Smear Positive
Rwanda,1997,sp,m,45-54,209,Smear Positive
Rwanda,1997,sp,m,55-64,87,Smear Positive
Rwanda,1997,sp,m,65+,40,Smear Positive
Rwanda,1997,sp,f,0-14,78,Smear Positive
Rwanda,1997,sp,f,15-24,274,Smear Positive
Rwanda,1997,sp,f,25-34,343,Smear Positive
Rwanda,1997,sp,f,35-44,175,Smear Positive
Rwanda,1997,sp,f,45-54,67,Smear Positive
Rwanda,1997,sp,f,55-64,37,Smear Positive
Rwanda,1997,sp,f,65+,10,Smear Positive
Rwanda,1999,sp,m,0-14,93,Smear Positive
Rwanda,1999,sp,m,15-24,245,Smear Positive
Rwanda,1999,sp,m,25-34,530,Smear Positive
Rwanda,1999,sp,m,35-44,424,Smear Positive
Rwanda,1999,sp,m,45-54,224,Smear Positive
Rwanda,1999,sp,m,55-64,70,Smear Positive
Rwanda,1999,sp,m,65+,31,Smear Positive
Rwanda,1999,sp,f,0-14,59,Smear Positive
Rwanda,1999,sp,f,15-24,189,Smear Positive
Rwanda,1999,sp,f,25-34,262,Smear Positive
Rwanda,1999,sp,f,35-44,166,Smear Positive
Rwanda,1999,sp,f,45-54,49,Smear Positive
Rwanda,1999,sp,f,55-64,31,Smear Positive
Rwanda,1999,sp,f,65+,5,Smear Positive
Rwanda,2000,sp,m,0-14,155,Smear Positive
Rwanda,2000,sp,m,15-24,466,Smear Positive
Rwanda,2000,sp,m,25-34,974,Smear Positive
Rwanda,2000,sp,m,35-44,824,Smear Positive
Rwanda,2000,sp,m,45-54,393,Smear Positive
Rwanda,2000,sp,m,55-64,129,Smear Positive
Rwanda,2000,sp,m,65+,56,Smear Positive
Rwanda,2000,sp,f,0-14,105,Smear Positive
Rwanda,2000,sp,f,15-24,396,Smear Positive
Rwanda,2000,sp,f,25-34,473,Smear Positive
Rwanda,2000,sp,f,35-44,309,Smear Positive
Rwanda,2000,sp,f,45-54,109,Smear Positive
Rwanda,2000,sp,f,55-64,52,Smear Positive
Rwanda,2000,sp,f,65+,14,Smear Positive
Rwanda,2002,sp,m,0-14,13,Smear Positive
Rwanda,2002,sp,m,15-24,96,Smear Positive
Rwanda,2002,sp,m,25-34,167,Smear Positive
Rwanda,2002,sp,m,35-44,184,Smear Positive
Rwanda,2002,sp,m,45-54,79,Smear Positive
Rwanda,2002,sp,m,55-64,38,Smear Positive
Rwanda,2002,sp,m,65+,13,Smear Positive
Rwanda,2002,sp,f,0-14,15,Smear Positive
Rwanda,2002,sp,f,15-24,98,Smear Positive
Rwanda,2002,sp,f,25-34,113,Smear Positive
Rwanda,2002,sp,f,35-44,58,Smear Positive
Rwanda,2002,sp,f,45-54,22,Smear Positive
Rwanda,2002,sp,f,55-64,15,Smear Positive
Rwanda,2002,sp,f,65+,8,Smear Positive
Rwanda,2003,sp,m,0-14,32,Smear Positive
Rwanda,2003,sp,m,15-24,364,Smear Positive
Rwanda,2003,sp,m,25-34,517,Smear Positive
Rwanda,2003,sp,m,35-44,424,Smear Positive
Rwanda,2003,sp,m,45-54,270,Smear Positive
Rwanda,2003,sp,m,55-64,83,Smear Positive
Rwanda,2003,sp,m,65+,48,Smear Positive
Rwanda,2003,sp,f,0-14,36,Smear Positive
Rwanda,2003,sp,f,15-24,312,Smear Positive
Rwanda,2003,sp,f,25-34,340,Smear Positive
Rwanda,2003,sp,f,35-44,161,Smear Positive
Rwanda,2003,sp,f,45-54,79,Smear Positive
Rwanda,2003,sp,f,55-64,41,Smear Positive
Rwanda,2003,sp,f,65+,17,Smear Positive
Rwanda,2004,sp,m,0-14,52,Smear Positive
Rwanda,2004,sp,m,15-24,561,Smear Positive
Rwanda,2004,sp,m,25-34,722,Smear Positive
Rwanda,2004,sp,m,35-44,595,Smear Positive
Rwanda,2004,sp,m,45-54,353,Smear Positive
Rwanda,2004,sp,m,55-64,171,Smear Positive
Rwanda,2004,sp,m,65+,64,Smear Positive
Rwanda,2004,sp,f,0-14,73,Smear Positive
Rwanda,2004,sp,f,15-24,460,Smear Positive
Rwanda,2004,sp,f,25-34,469,Smear Positive
Rwanda,2004,sp,f,35-44,293,Smear Positive
Rwanda,2004,sp,f,45-54,150,Smear Positive
Rwanda,2004,sp,f,55-64,53,Smear Positive
Rwanda,2004,sp,f,65+,25,Smear Positive
Rwanda,2005,sp,m,0-14,45,Smear Positive
Rwanda,2005,sp,m,15-24,494,Smear Positive
Rwanda,2005,sp,m,25-34,713,Smear Positive
Rwanda,2005,sp,m,35-44,592,Smear Positive
Rwanda,2005,sp,m,45-54,408,Smear Positive
Rwanda,2005,sp,m,55-64,142,Smear Positive
Rwanda,2005,sp,m,65+,71,Smear Positive
Rwanda,2005,sp,f,0-14,73,Smear Positive
Rwanda,2005,sp,f,15-24,483,Smear Positive
Rwanda,2005,sp,f,25-34,442,Smear Positive
Rwanda,2005,sp,f,35-44,262,Smear Positive
Rwanda,2005,sp,f,45-54,157,Smear Positive
Rwanda,2005,sp,f,55-64,60,Smear Positive
Rwanda,2005,sp,f,65+,29,Smear Positive
Rwanda,2006,sp,m,0-14,25,Smear Positive
Rwanda,2006,sp,m,15-24,598,Smear Positive
Rwanda,2006,sp,m,25-34,769,Smear Positive
Rwanda,2006,sp,m,35-44,591,Smear Positive
Rwanda,2006,sp,m,45-54,407,Smear Positive
Rwanda,2006,sp,m,55-64,182,Smear Positive
Rwanda,2006,sp,m,65+,100,Smear Positive
Rwanda,2006,sp,f,0-14,80,Smear Positive
Rwanda,2006,sp,f,15-24,494,Smear Positive
Rwanda,2006,sp,f,25-34,467,Smear Positive
Rwanda,2006,sp,f,35-44,259,Smear Positive
Rwanda,2006,sp,f,45-54,139,Smear Positive
Rwanda,2006,sp,f,55-64,72,Smear Positive
Rwanda,2006,sp,f,65+,37,Smear Positive
Rwanda,2007,sp,m,0-14,51,Smear Positive
Rwanda,2007,sp,m,15-24,523,Smear Positive
Rwanda,2007,sp,m,25-34,805,Smear Positive
Rwanda,2007,sp,m,35-44,556,Smear Positive
Rwanda,2007,sp,m,45-54,352,Smear Positive
Rwanda,2007,sp,m,55-64,168,Smear Positive
Rwanda,2007,sp,m,65+,91,Smear Positive
Rwanda,2007,sp,f,0-14,81,Smear Positive
Rwanda,2007,sp,f,15-24,477,Smear Positive
Rwanda,2007,sp,f,25-34,468,Smear Positive
Rwanda,2007,sp,f,35-44,245,Smear Positive
Rwanda,2007,sp,f,45-54,131,Smear Positive
Rwanda,2007,sp,f,55-64,70,Smear Positive
Rwanda,2007,sp,f,65+,35,Smear Positive
Rwanda,2008,sp,m,0-14,33,Smear Positive
Rwanda,2008,sp,m,15-24,528,Smear Positive
Rwanda,2008,sp,m,25-34,811,Smear Positive
Rwanda,2008,sp,m,35-44,573,Smear Positive
Rwanda,2008,sp,m,45-54,373,Smear Positive
Rwanda,2008,sp,m,55-64,191,Smear Positive
Rwanda,2008,sp,m,65+,125,Smear Positive
Rwanda,2008,sp,f,0-14,65,Smear Positive
Rwanda,2008,sp,f,15-24,439,Smear Positive
Rwanda,2008,sp,f,25-34,472,Smear Positive
Rwanda,2008,sp,f,35-44,280,Smear Positive
Rwanda,2008,sp,f,45-54,161,Smear Positive
Rwanda,2008,sp,f,55-64,82,Smear Positive
Rwanda,2008,sp,f,65+,40,Smear Positive
Rwanda,2009,sp,m,0-14,25,Smear Positive
Rwanda,2009,sp,m,15-24,519,Smear Positive
Rwanda,2009,sp,m,25-34,829,Smear Positive
Rwanda,2009,sp,m,35-44,650,Smear Positive
Rwanda,2009,sp,m,45-54,390,Smear Positive
Rwanda,2009,sp,m,55-64,196,Smear Positive
Rwanda,2009,sp,m,65+,114,Smear Positive
Rwanda,2009,sp,f,0-14,46,Smear Positive
Rwanda,2009,sp,f,15-24,388,Smear Positive
Rwanda,2009,sp,f,25-34,464,Smear Positive
Rwanda,2009,sp,f,35-44,266,Smear Positive
Rwanda,2009,sp,f,45-54,184,Smear Positive
Rwanda,2009,sp,f,55-64,70,Smear Positive
Rwanda,2009,sp,f,65+,43,Smear Positive
Rwanda,2010,sp,m,0-14,48,Smear Positive
Rwanda,2010,sp,m,15-24,430,Smear Positive
Rwanda,2010,sp,m,25-34,741,Smear Positive
Rwanda,2010,sp,m,35-44,526,Smear Positive
Rwanda,2010,sp,m,45-54,325,Smear Positive
Rwanda,2010,sp,m,55-64,202,Smear Positive
Rwanda,2010,sp,m,65+,126,Smear Positive
Rwanda,2010,sp,f,0-14,48,Smear Positive
Rwanda,2010,sp,f,15-24,399,Smear Positive
Rwanda,2010,sp,f,25-34,448,Smear Positive
Rwanda,2010,sp,f,35-44,261,Smear Positive
Rwanda,2010,sp,f,45-54,128,Smear Positive
Rwanda,2010,sp,f,55-64,65,Smear Positive
Rwanda,2010,sp,f,65+,38,Smear Positive
Rwanda,2011,sp,m,0-14,42,Smear Positive
Rwanda,2011,sp,m,15-24,423,Smear Positive
Rwanda,2011,sp,m,25-34,795,Smear Positive
Rwanda,2011,sp,m,35-44,500,Smear Positive
Rwanda,2011,sp,m,45-54,376,Smear Positive
Rwanda,2011,sp,m,55-64,210,Smear Positive
Rwanda,2011,sp,m,65+,124,Smear Positive
Rwanda,2011,sp,f,0-14,50,Smear Positive
Rwanda,2011,sp,f,15-24,358,Smear Positive
Rwanda,2011,sp,f,25-34,398,Smear Positive
Rwanda,2011,sp,f,35-44,235,Smear Positive
Rwanda,2011,sp,f,45-54,146,Smear Positive
Rwanda,2011,sp,f,55-64,87,Smear Positive
Rwanda,2011,sp,f,65+,67,Smear Positive
Rwanda,2012,sp,m,0-14,22,Smear Positive
Rwanda,2012,sp,m,15-24,375,Smear Positive
Rwanda,2012,sp,m,25-34,768,Smear Positive
Rwanda,2012,sp,m,35-44,519,Smear Positive
Rwanda,2012,sp,m,45-54,341,Smear Positive
Rwanda,2012,sp,m,55-64,214,Smear Positive
Rwanda,2012,sp,m,65+,123,Smear Positive
Rwanda,2012,sp,f,0-14,40,Smear Positive
Rwanda,2012,sp,f,15-24,327,Smear Positive
Rwanda,2012,sp,f,25-34,393,Smear Positive
Rwanda,2012,sp,f,35-44,208,Smear Positive
Rwanda,2012,sp,f,45-54,116,Smear Positive
Rwanda,2012,sp,f,55-64,66,Smear Positive
Rwanda,2012,sp,f,65+,59,Smear Positive
Rwanda,2013,rel,m,0-14,207,Relapse
Rwanda,2013,rel,m,15-24,498,Relapse
Rwanda,2013,rel,m,25-34,1017,Relapse
Rwanda,2013,rel,m,35-44,684,Relapse
Rwanda,2013,rel,m,45-54,533,Relapse
Rwanda,2013,rel,m,55-64,393,Relapse
Rwanda,2013,rel,m,65+,252,Relapse
Rwanda,2013,rel,f,0-14,199,Relapse
Rwanda,2013,rel,f,15-24,433,Relapse
Rwanda,2013,rel,f,25-34,569,Relapse
Rwanda,2013,rel,f,35-44,364,Relapse
Rwanda,2013,rel,f,45-54,261,Relapse
Rwanda,2013,rel,f,55-64,161,Relapse
Rwanda,2013,rel,f,65+,131,Relapse
Saint Kitts and Nevis,1996,sp,m,0-14,0,Smear Positive
Saint Kitts and Nevis,1996,sp,m,15-24,0,Smear Positive
Saint Kitts and Nevis,1996,sp,m,25-34,1,Smear Positive
Saint Kitts and Nevis,1996,sp,m,35-44,1,Smear Positive
Saint Kitts and Nevis,1996,sp,m,45-54,0,Smear Positive
Saint Kitts and Nevis,1996,sp,m,55-64,0,Smear Positive
Saint Kitts and Nevis,1996,sp,m,65+,0,Smear Positive
Saint Kitts and Nevis,1998,sp,m,0-14,0,Smear Positive
Saint Kitts and Nevis,1998,sp,m,15-24,0,Smear Positive
Saint Kitts and Nevis,1998,sp,m,25-34,0,Smear Positive
Saint Kitts and Nevis,1998,sp,m,35-44,2,Smear Positive
Saint Kitts and Nevis,1998,sp,m,45-54,1,Smear Positive
Saint Kitts and Nevis,1998,sp,m,55-64,0,Smear Positive
Saint Kitts and Nevis,1998,sp,m,65+,0,Smear Positive
Saint Kitts and Nevis,2001,sp,f,55-64,1,Smear Positive
Saint Kitts and Nevis,2001,sp,f,65+,1,Smear Positive
Saint Kitts and Nevis,2002,sp,f,55-64,1,Smear Positive
Saint Kitts and Nevis,2006,sp,m,55-64,1,Smear Positive
Saint Kitts and Nevis,2007,sp,m,15-24,1,Smear Positive
Saint Kitts and Nevis,2007,sp,m,25-34,1,Smear Positive
Saint Kitts and Nevis,2007,sp,m,35-44,1,Smear Positive
Saint Kitts and Nevis,2007,sp,f,55-64,1,Smear Positive
Saint Kitts and Nevis,2007,sn,m,0-14,0,Smear Negative
Saint Kitts and Nevis,2007,sn,f,0-14,0,Smear Negative
Saint Kitts and Nevis,2007,ep,m,0-14,0,Extrapulmonary
Saint Kitts and Nevis,2007,ep,f,0-14,0,Extrapulmonary
Saint Kitts and Nevis,2008,sp,m,0-14,0,Smear Positive
Saint Kitts and Nevis,2008,sp,m,15-24,0,Smear Positive
Saint Kitts and Nevis,2008,sp,m,25-34,0,Smear Positive
Saint Kitts and Nevis,2008,sp,m,35-44,0,Smear Positive
Saint Kitts and Nevis,2008,sp,m,45-54,3,Smear Positive
Saint Kitts and Nevis,2008,sp,m,55-64,0,Smear Positive
Saint Kitts and Nevis,2008,sp,m,65+,0,Smear Positive
Saint Kitts and Nevis,2008,sp,f,0-14,0,Smear Positive
Saint Kitts and Nevis,2008,sp,f,15-24,0,Smear Positive
Saint Kitts and Nevis,2008,sp,f,25-34,1,Smear Positive
Saint Kitts and Nevis,2008,sp,f,35-44,0,Smear Positive
Saint Kitts and Nevis,2008,sp,f,45-54,1,Smear Positive
Saint Kitts and Nevis,2008,sp,f,55-64,0,Smear Positive
Saint Kitts and Nevis,2008,sp,f,65+,0,Smear Positive
Saint Kitts and Nevis,2008,sn,m,0-14,0,Smear Negative
Saint Kitts and Nevis,2008,sn,m,15-24,0,Smear Negative
Saint Kitts and Nevis,2008,sn,m,25-34,0,Smear Negative
Saint Kitts and Nevis,2008,sn,m,35-44,0,Smear Negative
Saint Kitts and Nevis,2008,sn,m,45-54,0,Smear Negative
Saint Kitts and Nevis,2008,sn,m,55-64,0,Smear Negative
Saint Kitts and Nevis,2008,sn,m,65+,0,Smear Negative
Saint Kitts and Nevis,2008,sn,f,0-14,0,Smear Negative
Saint Kitts and Nevis,2008,sn,f,15-24,0,Smear Negative
Saint Kitts and Nevis,2008,sn,f,25-34,0,Smear Negative
Saint Kitts and Nevis,2008,sn,f,35-44,0,Smear Negative
Saint Kitts and Nevis,2008,sn,f,45-54,0,Smear Negative
Saint Kitts and Nevis,2008,sn,f,55-64,0,Smear Negative
Saint Kitts and Nevis,2008,sn,f,65+,0,Smear Negative
Saint Kitts and Nevis,2008,ep,m,0-14,0,Extrapulmonary
Saint Kitts and Nevis,2008,ep,m,15-24,0,Extrapulmonary
Saint Kitts and Nevis,2008,ep,m,25-34,0,Extrapulmonary
Saint Kitts and Nevis,2008,ep,m,35-44,0,Extrapulmonary
Saint Kitts and Nevis,2008,ep,m,45-54,0,Extrapulmonary
Saint Kitts and Nevis,2008,ep,m,55-64,0,Extrapulmonary
Saint Kitts and Nevis,2008,ep,m,65+,0,Extrapulmonary
Saint Kitts and Nevis,2008,ep,f,0-14,0,Extrapulmonary
Saint Kitts and Nevis,2008,ep,f,15-24,0,Extrapulmonary
Saint Kitts and Nevis,2008,ep,f,25-34,0,Extrapulmonary
Saint Kitts and Nevis,2008,ep,f,35-44,0,Extrapulmonary
Saint Kitts and Nevis,2008,ep,f,45-54,0,Extrapulmonary
Saint Kitts and Nevis,2008,ep,f,55-64,0,Extrapulmonary
Saint Kitts and Nevis,2008,ep,f,65+,0,Extrapulmonary
Saint Kitts and Nevis,2009,sp,m,0-14,0,Smear Positive
Saint Kitts and Nevis,2009,sp,m,15-24,0,Smear Positive
Saint Kitts and Nevis,2009,sp,m,25-34,0,Smear Positive
Saint Kitts and Nevis,2009,sp,m,35-44,2,Smear Positive
Saint Kitts and Nevis,2009,sp,m,45-54,1,Smear Positive
Saint Kitts and Nevis,2009,sp,m,55-64,1,Smear Positive
Saint Kitts and Nevis,2009,sp,m,65+,0,Smear Positive
Saint Kitts and Nevis,2009,sp,f,0-14,0,Smear Positive
Saint Kitts and Nevis,2009,sp,f,15-24,0,Smear Positive
Saint Kitts and Nevis,2009,sp,f,25-34,0,Smear Positive
Saint Kitts and Nevis,2009,sp,f,35-44,0,Smear Positive
Saint Kitts and Nevis,2009,sp,f,45-54,0,Smear Positive
Saint Kitts and Nevis,2009,sp,f,55-64,0,Smear Positive
Saint Kitts and Nevis,2009,sp,f,65+,0,Smear Positive
Saint Kitts and Nevis,2009,sn,m,0-14,0,Smear Negative
Saint Kitts and Nevis,2009,sn,m,15-24,0,Smear Negative
Saint Kitts and Nevis,2009,sn,m,25-34,0,Smear Negative
Saint Kitts and Nevis,2009,sn,m,35-44,0,Smear Negative
Saint Kitts and Nevis,2009,sn,m,45-54,0,Smear Negative
Saint Kitts and Nevis,2009,sn,m,55-64,0,Smear Negative
Saint Kitts and Nevis,2009,sn,m,65+,0,Smear Negative
Saint Kitts and Nevis,2009,sn,f,0-14,0,Smear Negative
Saint Kitts and Nevis,2009,sn,f,15-24,0,Smear Negative
Saint Kitts and Nevis,2009,sn,f,25-34,0,Smear Negative
Saint Kitts and Nevis,2009,sn,f,35-44,0,Smear Negative
Saint Kitts and Nevis,2009,sn,f,45-54,0,Smear Negative
Saint Kitts and Nevis,2009,sn,f,55-64,0,Smear Negative
Saint Kitts and Nevis,2009,sn,f,65+,0,Smear Negative
Saint Kitts and Nevis,2009,ep,m,0-14,0,Extrapulmonary
Saint Kitts and Nevis,2009,ep,m,15-24,0,Extrapulmonary
Saint Kitts and Nevis,2009,ep,m,25-34,0,Extrapulmonary
Saint Kitts and Nevis,2009,ep,m,35-44,0,Extrapulmonary
Saint Kitts and Nevis,2009,ep,m,45-54,0,Extrapulmonary
Saint Kitts and Nevis,2009,ep,m,55-64,0,Extrapulmonary
Saint Kitts and Nevis,2009,ep,m,65+,0,Extrapulmonary
Saint Kitts and Nevis,2009,ep,f,0-14,0,Extrapulmonary
Saint Kitts and Nevis,2009,ep,f,15-24,0,Extrapulmonary
Saint Kitts and Nevis,2009,ep,f,25-34,0,Extrapulmonary
Saint Kitts and Nevis,2009,ep,f,35-44,0,Extrapulmonary
Saint Kitts and Nevis,2009,ep,f,45-54,0,Extrapulmonary
Saint Kitts and Nevis,2009,ep,f,55-64,0,Extrapulmonary
Saint Kitts and Nevis,2009,ep,f,65+,0,Extrapulmonary
Saint Kitts and Nevis,2010,sp,m,0-14,0,Smear Positive
Saint Kitts and Nevis,2010,sp,m,15-24,0,Smear Positive
Saint Kitts and Nevis,2010,sp,m,25-34,0,Smear Positive
Saint Kitts and Nevis,2010,sp,m,35-44,0,Smear Positive
Saint Kitts and Nevis,2010,sp,m,45-54,1,Smear Positive
Saint Kitts and Nevis,2010,sp,m,55-64,0,Smear Positive
Saint Kitts and Nevis,2010,sp,m,65+,0,Smear Positive
Saint Kitts and Nevis,2010,sp,f,0-14,0,Smear Positive
Saint Kitts and Nevis,2010,sp,f,15-24,0,Smear Positive
Saint Kitts and Nevis,2010,sp,f,25-34,0,Smear Positive
Saint Kitts and Nevis,2010,sp,f,35-44,1,Smear Positive
Saint Kitts and Nevis,2010,sp,f,45-54,0,Smear Positive
Saint Kitts and Nevis,2010,sp,f,55-64,0,Smear Positive
Saint Kitts and Nevis,2010,sp,f,65+,0,Smear Positive
Saint Kitts and Nevis,2010,sn,m,0-14,0,Smear Negative
Saint Kitts and Nevis,2010,sn,m,15-24,0,Smear Negative
Saint Kitts and Nevis,2010,sn,m,25-34,0,Smear Negative
Saint Kitts and Nevis,2010,sn,m,35-44,0,Smear Negative
Saint Kitts and Nevis,2010,sn,m,45-54,0,Smear Negative
Saint Kitts and Nevis,2010,sn,m,55-64,0,Smear Negative
Saint Kitts and Nevis,2010,sn,m,65+,0,Smear Negative
Saint Kitts and Nevis,2010,sn,f,0-14,0,Smear Negative
Saint Kitts and Nevis,2010,sn,f,15-24,0,Smear Negative
Saint Kitts and Nevis,2010,sn,f,25-34,0,Smear Negative
Saint Kitts and Nevis,2010,sn,f,35-44,0,Smear Negative
Saint Kitts and Nevis,2010,sn,f,45-54,0,Smear Negative
Saint Kitts and Nevis,2010,sn,f,55-64,0,Smear Negative
Saint Kitts and Nevis,2010,sn,f,65+,0,Smear Negative
Saint Kitts and Nevis,2010,ep,m,0-14,0,Extrapulmonary
Saint Kitts and Nevis,2010,ep,m,15-24,0,Extrapulmonary
Saint Kitts and Nevis,2010,ep,m,25-34,0,Extrapulmonary
Saint Kitts and Nevis,2010,ep,m,35-44,0,Extrapulmonary
Saint Kitts and Nevis,2010,ep,m,45-54,0,Extrapulmonary
Saint Kitts and Nevis,2010,ep,m,55-64,0,Extrapulmonary
Saint Kitts and Nevis,2010,ep,m,65+,0,Extrapulmonary
Saint Kitts and Nevis,2010,ep,f,0-14,0,Extrapulmonary
Saint Kitts and Nevis,2010,ep,f,15-24,0,Extrapulmonary
Saint Kitts and Nevis,2010,ep,f,25-34,0,Extrapulmonary
Saint Kitts and Nevis,2010,ep,f,35-44,0,Extrapulmonary
Saint Kitts and Nevis,2010,ep,f,45-54,0,Extrapulmonary
Saint Kitts and Nevis,2010,ep,f,55-64,0,Extrapulmonary
Saint Kitts and Nevis,2010,ep,f,65+,0,Extrapulmonary
Saint Kitts and Nevis,2011,sp,m,0-14,0,Smear Positive
Saint Kitts and Nevis,2011,sp,m,15-24,0,Smear Positive
Saint Kitts and Nevis,2011,sp,m,25-34,0,Smear Positive
Saint Kitts and Nevis,2011,sp,m,35-44,0,Smear Positive
Saint Kitts and Nevis,2011,sp,m,45-54,0,Smear Positive
Saint Kitts and Nevis,2011,sp,m,55-64,1,Smear Positive
Saint Kitts and Nevis,2011,sp,m,65+,0,Smear Positive
Saint Kitts and Nevis,2011,sp,f,0-14,0,Smear Positive
Saint Kitts and Nevis,2011,sp,f,15-24,0,Smear Positive
Saint Kitts and Nevis,2011,sp,f,25-34,0,Smear Positive
Saint Kitts and Nevis,2011,sp,f,35-44,0,Smear Positive
Saint Kitts and Nevis,2011,sp,f,45-54,0,Smear Positive
Saint Kitts and Nevis,2011,sp,f,55-64,0,Smear Positive
Saint Kitts and Nevis,2011,sp,f,65+,0,Smear Positive
Saint Kitts and Nevis,2011,sn,m,0-14,0,Smear Negative
Saint Kitts and Nevis,2011,sn,m,15-24,0,Smear Negative
Saint Kitts and Nevis,2011,sn,m,25-34,0,Smear Negative
Saint Kitts and Nevis,2011,sn,m,35-44,0,Smear Negative
Saint Kitts and Nevis,2011,sn,m,45-54,0,Smear Negative
Saint Kitts and Nevis,2011,sn,m,55-64,0,Smear Negative
Saint Kitts and Nevis,2011,sn,m,65+,0,Smear Negative
Saint Kitts and Nevis,2011,sn,f,0-14,0,Smear Negative
Saint Kitts and Nevis,2011,sn,f,15-24,0,Smear Negative
Saint Kitts and Nevis,2011,sn,f,25-34,0,Smear Negative
Saint Kitts and Nevis,2011,sn,f,35-44,0,Smear Negative
Saint Kitts and Nevis,2011,sn,f,45-54,0,Smear Negative
Saint Kitts and Nevis,2011,sn,f,55-64,0,Smear Negative
Saint Kitts and Nevis,2011,sn,f,65+,0,Smear Negative
Saint Kitts and Nevis,2011,ep,m,0-14,0,Extrapulmonary
Saint Kitts and Nevis,2011,ep,m,15-24,0,Extrapulmonary
Saint Kitts and Nevis,2011,ep,m,25-34,0,Extrapulmonary
Saint Kitts and Nevis,2011,ep,m,35-44,0,Extrapulmonary
Saint Kitts and Nevis,2011,ep,m,45-54,0,Extrapulmonary
Saint Kitts and Nevis,2011,ep,m,55-64,0,Extrapulmonary
Saint Kitts and Nevis,2011,ep,m,65+,0,Extrapulmonary
Saint Kitts and Nevis,2011,ep,f,0-14,0,Extrapulmonary
Saint Kitts and Nevis,2011,ep,f,15-24,0,Extrapulmonary
Saint Kitts and Nevis,2011,ep,f,25-34,0,Extrapulmonary
Saint Kitts and Nevis,2011,ep,f,35-44,0,Extrapulmonary
Saint Kitts and Nevis,2011,ep,f,45-54,0,Extrapulmonary
Saint Kitts and Nevis,2011,ep,f,55-64,0,Extrapulmonary
Saint Kitts and Nevis,2011,ep,f,65+,0,Extrapulmonary
Saint Kitts and Nevis,2012,sp,m,0-14,0,Smear Positive
Saint Kitts and Nevis,2012,sp,m,15-24,0,Smear Positive
Saint Kitts and Nevis,2012,sp,m,25-34,0,Smear Positive
Saint Kitts and Nevis,2012,sp,m,35-44,0,Smear Positive
Saint Kitts and Nevis,2012,sp,m,45-54,0,Smear Positive
Saint Kitts and Nevis,2012,sp,m,55-64,0,Smear Positive
Saint Kitts and Nevis,2012,sp,m,65+,1,Smear Positive
Saint Kitts and Nevis,2012,sp,f,0-14,0,Smear Positive
Saint Kitts and Nevis,2012,sp,f,15-24,0,Smear Positive
Saint Kitts and Nevis,2012,sp,f,25-34,1,Smear Positive
Saint Kitts and Nevis,2012,sp,f,35-44,0,Smear Positive
Saint Kitts and Nevis,2012,sp,f,45-54,0,Smear Positive
Saint Kitts and Nevis,2012,sp,f,55-64,0,Smear Positive
Saint Kitts and Nevis,2012,sp,f,65+,0,Smear Positive
Saint Kitts and Nevis,2012,sn,m,0-14,0,Smear Negative
Saint Kitts and Nevis,2012,sn,m,15-24,0,Smear Negative
Saint Kitts and Nevis,2012,sn,m,25-34,0,Smear Negative
Saint Kitts and Nevis,2012,sn,m,35-44,0,Smear Negative
Saint Kitts and Nevis,2012,sn,m,45-54,0,Smear Negative
Saint Kitts and Nevis,2012,sn,m,55-64,0,Smear Negative
Saint Kitts and Nevis,2012,sn,m,65+,0,Smear Negative
Saint Kitts and Nevis,2012,sn,f,0-14,0,Smear Negative
Saint Kitts and Nevis,2012,sn,f,15-24,0,Smear Negative
Saint Kitts and Nevis,2012,sn,f,25-34,0,Smear Negative
Saint Kitts and Nevis,2012,sn,f,35-44,0,Smear Negative
Saint Kitts and Nevis,2012,sn,f,45-54,0,Smear Negative
Saint Kitts and Nevis,2012,sn,f,55-64,0,Smear Negative
Saint Kitts and Nevis,2012,sn,f,65+,0,Smear Negative
Saint Kitts and Nevis,2012,ep,m,0-14,0,Extrapulmonary
Saint Kitts and Nevis,2012,ep,m,15-24,0,Extrapulmonary
Saint Kitts and Nevis,2012,ep,m,25-34,0,Extrapulmonary
Saint Kitts and Nevis,2012,ep,m,35-44,0,Extrapulmonary
Saint Kitts and Nevis,2012,ep,m,45-54,0,Extrapulmonary
Saint Kitts and Nevis,2012,ep,m,55-64,0,Extrapulmonary
Saint Kitts and Nevis,2012,ep,m,65+,0,Extrapulmonary
Saint Kitts and Nevis,2012,ep,f,0-14,0,Extrapulmonary
Saint Kitts and Nevis,2012,ep,f,15-24,0,Extrapulmonary
Saint Kitts and Nevis,2012,ep,f,25-34,0,Extrapulmonary
Saint Kitts and Nevis,2012,ep,f,35-44,0,Extrapulmonary
Saint Kitts and Nevis,2012,ep,f,45-54,0,Extrapulmonary
Saint Kitts and Nevis,2012,ep,f,55-64,0,Extrapulmonary
Saint Kitts and Nevis,2012,ep,f,65+,0,Extrapulmonary
Saint Kitts and Nevis,2013,rel,m,0-14,0,Relapse
Saint Kitts and Nevis,2013,rel,m,15-24,0,Relapse
Saint Kitts and Nevis,2013,rel,m,25-34,0,Relapse
Saint Kitts and Nevis,2013,rel,m,35-44,0,Relapse
Saint Kitts and Nevis,2013,rel,m,45-54,0,Relapse
Saint Kitts and Nevis,2013,rel,m,55-64,0,Relapse
Saint Kitts and Nevis,2013,rel,m,65+,0,Relapse
Saint Kitts and Nevis,2013,rel,f,0-14,0,Relapse
Saint Kitts and Nevis,2013,rel,f,15-24,0,Relapse
Saint Kitts and Nevis,2013,rel,f,25-34,0,Relapse
Saint Kitts and Nevis,2013,rel,f,35-44,0,Relapse
Saint Kitts and Nevis,2013,rel,f,45-54,0,Relapse
Saint Kitts and Nevis,2013,rel,f,55-64,0,Relapse
Saint Kitts and Nevis,2013,rel,f,65+,0,Relapse
Saint Lucia,1997,sp,m,0-14,0,Smear Positive
Saint Lucia,1997,sp,m,15-24,0,Smear Positive
Saint Lucia,1997,sp,m,25-34,1,Smear Positive
Saint Lucia,1997,sp,m,35-44,2,Smear Positive
Saint Lucia,1997,sp,m,45-54,0,Smear Positive
Saint Lucia,1997,sp,m,55-64,1,Smear Positive
Saint Lucia,1997,sp,m,65+,1,Smear Positive
Saint Lucia,1997,sp,f,0-14,1,Smear Positive
Saint Lucia,1997,sp,f,15-24,1,Smear Positive
Saint Lucia,1997,sp,f,25-34,3,Smear Positive
Saint Lucia,1997,sp,f,35-44,0,Smear Positive
Saint Lucia,1997,sp,f,45-54,0,Smear Positive
Saint Lucia,1997,sp,f,55-64,0,Smear Positive
Saint Lucia,1997,sp,f,65+,1,Smear Positive
Saint Lucia,1998,sp,m,0-14,0,Smear Positive
Saint Lucia,1998,sp,m,15-24,2,Smear Positive
Saint Lucia,1998,sp,m,25-34,1,Smear Positive
Saint Lucia,1998,sp,m,35-44,1,Smear Positive
Saint Lucia,1998,sp,m,45-54,0,Smear Positive
Saint Lucia,1998,sp,m,55-64,0,Smear Positive
Saint Lucia,1998,sp,m,65+,1,Smear Positive
Saint Lucia,1998,sp,f,0-14,0,Smear Positive
Saint Lucia,1998,sp,f,15-24,3,Smear Positive
Saint Lucia,1998,sp,f,25-34,2,Smear Positive
Saint Lucia,1998,sp,f,35-44,0,Smear Positive
Saint Lucia,1998,sp,f,45-54,0,Smear Positive
Saint Lucia,1998,sp,f,55-64,1,Smear Positive
Saint Lucia,1998,sp,f,65+,1,Smear Positive
Saint Lucia,1999,sp,m,15-24,1,Smear Positive
Saint Lucia,1999,sp,m,45-54,3,Smear Positive
Saint Lucia,1999,sp,m,55-64,3,Smear Positive
Saint Lucia,1999,sp,f,15-24,1,Smear Positive
Saint Lucia,1999,sp,f,25-34,1,Smear Positive
Saint Lucia,2000,sp,m,0-14,0,Smear Positive
Saint Lucia,2000,sp,m,15-24,0,Smear Positive
Saint Lucia,2000,sp,m,25-34,0,Smear Positive
Saint Lucia,2000,sp,m,35-44,1,Smear Positive
Saint Lucia,2000,sp,m,45-54,0,Smear Positive
Saint Lucia,2000,sp,m,55-64,1,Smear Positive
Saint Lucia,2000,sp,m,65+,2,Smear Positive
Saint Lucia,2000,sp,f,0-14,0,Smear Positive
Saint Lucia,2000,sp,f,15-24,1,Smear Positive
Saint Lucia,2000,sp,f,25-34,0,Smear Positive
Saint Lucia,2000,sp,f,35-44,1,Smear Positive
Saint Lucia,2000,sp,f,45-54,0,Smear Positive
Saint Lucia,2000,sp,f,55-64,1,Smear Positive
Saint Lucia,2000,sp,f,65+,0,Smear Positive
Saint Lucia,2001,sp,m,0-14,0,Smear Positive
Saint Lucia,2001,sp,m,15-24,1,Smear Positive
Saint Lucia,2001,sp,m,25-34,1,Smear Positive
Saint Lucia,2001,sp,m,35-44,0,Smear Positive
Saint Lucia,2001,sp,m,45-54,1,Smear Positive
Saint Lucia,2001,sp,m,55-64,3,Smear Positive
Saint Lucia,2001,sp,m,65+,0,Smear Positive
Saint Lucia,2002,sp,m,25-34,1,Smear Positive
Saint Lucia,2002,sp,m,35-44,1,Smear Positive
Saint Lucia,2002,sp,m,45-54,1,Smear Positive
Saint Lucia,2002,sp,m,55-64,2,Smear Positive
Saint Lucia,2002,sp,m,65+,1,Smear Positive
Saint Lucia,2002,sp,f,45-54,1,Smear Positive
Saint Lucia,2002,sp,f,55-64,1,Smear Positive
Saint Lucia,2003,sp,m,0-14,0,Smear Positive
Saint Lucia,2003,sp,m,15-24,0,Smear Positive
Saint Lucia,2003,sp,m,25-34,0,Smear Positive
Saint Lucia,2003,sp,m,35-44,1,Smear Positive
Saint Lucia,2003,sp,m,45-54,2,Smear Positive
Saint Lucia,2003,sp,m,55-64,2,Smear Positive
Saint Lucia,2003,sp,m,65+,2,Smear Positive
Saint Lucia,2003,sp,f,0-14,0,Smear Positive
Saint Lucia,2003,sp,f,15-24,1,Smear Positive
Saint Lucia,2003,sp,f,25-34,1,Smear Positive
Saint Lucia,2003,sp,f,35-44,0,Smear Positive
Saint Lucia,2003,sp,f,45-54,3,Smear Positive
Saint Lucia,2003,sp,f,55-64,2,Smear Positive
Saint Lucia,2003,sp,f,65+,1,Smear Positive
Saint Lucia,2004,sp,m,0-14,0,Smear Positive
Saint Lucia,2004,sp,m,15-24,0,Smear Positive
Saint Lucia,2004,sp,m,25-34,0,Smear Positive
Saint Lucia,2004,sp,m,35-44,1,Smear Positive
Saint Lucia,2004,sp,m,45-54,2,Smear Positive
Saint Lucia,2004,sp,m,55-64,2,Smear Positive
Saint Lucia,2004,sp,m,65+,2,Smear Positive
Saint Lucia,2004,sp,f,0-14,0,Smear Positive
Saint Lucia,2004,sp,f,15-24,2,Smear Positive
Saint Lucia,2004,sp,f,25-34,3,Smear Positive
Saint Lucia,2004,sp,f,35-44,0,Smear Positive
Saint Lucia,2004,sp,f,45-54,0,Smear Positive
Saint Lucia,2004,sp,f,55-64,0,Smear Positive
Saint Lucia,2004,sp,f,65+,3,Smear Positive
Saint Lucia,2005,sp,m,0-14,0,Smear Positive
Saint Lucia,2005,sp,m,15-24,0,Smear Positive
Saint Lucia,2005,sp,m,25-34,0,Smear Positive
Saint Lucia,2005,sp,m,35-44,0,Smear Positive
Saint Lucia,2005,sp,m,45-54,2,Smear Positive
Saint Lucia,2005,sp,m,55-64,1,Smear Positive
Saint Lucia,2005,sp,m,65+,2,Smear Positive
Saint Lucia,2005,sp,f,0-14,1,Smear Positive
Saint Lucia,2005,sp,f,15-24,1,Smear Positive
Saint Lucia,2005,sp,f,25-34,0,Smear Positive
Saint Lucia,2005,sp,f,35-44,1,Smear Positive
Saint Lucia,2005,sp,f,45-54,1,Smear Positive
Saint Lucia,2005,sp,f,55-64,0,Smear Positive
Saint Lucia,2005,sp,f,65+,2,Smear Positive
Saint Lucia,2006,sp,m,45-54,3,Smear Positive
Saint Lucia,2006,sp,m,55-64,5,Smear Positive
Saint Lucia,2006,sp,m,65+,5,Smear Positive
Saint Lucia,2006,sp,f,55-64,1,Smear Positive
Saint Lucia,2006,sp,f,65+,1,Smear Positive
Saint Lucia,2007,sp,m,25-34,3,Smear Positive
Saint Lucia,2007,sp,m,35-44,3,Smear Positive
Saint Lucia,2007,sp,m,45-54,2,Smear Positive
Saint Lucia,2007,sp,m,55-64,4,Smear Positive
Saint Lucia,2007,sp,m,65+,3,Smear Positive
Saint Lucia,2007,sp,f,45-54,1,Smear Positive
Saint Lucia,2007,sp,f,65+,1,Smear Positive
Saint Lucia,2008,sp,m,0-14,0,Smear Positive
Saint Lucia,2008,sp,m,15-24,2,Smear Positive
Saint Lucia,2008,sp,m,25-34,0,Smear Positive
Saint Lucia,2008,sp,m,35-44,2,Smear Positive
Saint Lucia,2008,sp,m,45-54,2,Smear Positive
Saint Lucia,2008,sp,m,55-64,2,Smear Positive
Saint Lucia,2008,sp,m,65+,1,Smear Positive
Saint Lucia,2008,sp,f,0-14,1,Smear Positive
Saint Lucia,2008,sp,f,15-24,0,Smear Positive
Saint Lucia,2008,sp,f,25-34,1,Smear Positive
Saint Lucia,2008,sp,f,35-44,3,Smear Positive
Saint Lucia,2008,sp,f,45-54,2,Smear Positive
Saint Lucia,2008,sp,f,55-64,1,Smear Positive
Saint Lucia,2008,sp,f,65+,2,Smear Positive
Saint Lucia,2008,sn,m,0-14,0,Smear Negative
Saint Lucia,2008,sn,m,15-24,0,Smear Negative
Saint Lucia,2008,sn,m,25-34,0,Smear Negative
Saint Lucia,2008,sn,m,35-44,0,Smear Negative
Saint Lucia,2008,sn,m,45-54,1,Smear Negative
Saint Lucia,2008,sn,m,55-64,0,Smear Negative
Saint Lucia,2008,sn,m,65+,0,Smear Negative
Saint Lucia,2008,sn,f,0-14,0,Smear Negative
Saint Lucia,2008,sn,f,15-24,0,Smear Negative
Saint Lucia,2008,sn,f,25-34,0,Smear Negative
Saint Lucia,2008,sn,f,35-44,0,Smear Negative
Saint Lucia,2008,sn,f,45-54,0,Smear Negative
Saint Lucia,2008,sn,f,55-64,0,Smear Negative
Saint Lucia,2008,sn,f,65+,0,Smear Negative
Saint Lucia,2008,ep,m,0-14,0,Extrapulmonary
Saint Lucia,2008,ep,m,15-24,0,Extrapulmonary
Saint Lucia,2008,ep,m,25-34,0,Extrapulmonary
Saint Lucia,2008,ep,m,35-44,0,Extrapulmonary
Saint Lucia,2008,ep,m,45-54,0,Extrapulmonary
Saint Lucia,2008,ep,m,55-64,0,Extrapulmonary
Saint Lucia,2008,ep,m,65+,0,Extrapulmonary
Saint Lucia,2008,ep,f,0-14,0,Extrapulmonary
Saint Lucia,2008,ep,f,15-24,0,Extrapulmonary
Saint Lucia,2008,ep,f,25-34,0,Extrapulmonary
Saint Lucia,2008,ep,f,35-44,0,Extrapulmonary
Saint Lucia,2008,ep,f,45-54,0,Extrapulmonary
Saint Lucia,2008,ep,f,55-64,1,Extrapulmonary
Saint Lucia,2008,ep,f,65+,0,Extrapulmonary
Saint Lucia,2009,sp,m,0-14,0,Smear Positive
Saint Lucia,2009,sp,m,15-24,1,Smear Positive
Saint Lucia,2009,sp,m,25-34,0,Smear Positive
Saint Lucia,2009,sp,m,35-44,2,Smear Positive
Saint Lucia,2009,sp,m,45-54,1,Smear Positive
Saint Lucia,2009,sp,m,55-64,2,Smear Positive
Saint Lucia,2009,sp,m,65+,0,Smear Positive
Saint Lucia,2009,sp,f,0-14,0,Smear Positive
Saint Lucia,2009,sp,f,15-24,0,Smear Positive
Saint Lucia,2009,sp,f,25-34,0,Smear Positive
Saint Lucia,2009,sp,f,35-44,1,Smear Positive
Saint Lucia,2009,sp,f,45-54,0,Smear Positive
Saint Lucia,2009,sp,f,55-64,0,Smear Positive
Saint Lucia,2009,sp,f,65+,0,Smear Positive
Saint Lucia,2009,sn,m,0-14,0,Smear Negative
Saint Lucia,2009,sn,m,15-24,0,Smear Negative
Saint Lucia,2009,sn,m,25-34,0,Smear Negative
Saint Lucia,2009,sn,m,35-44,1,Smear Negative
Saint Lucia,2009,sn,m,45-54,0,Smear Negative
Saint Lucia,2009,sn,m,55-64,0,Smear Negative
Saint Lucia,2009,sn,m,65+,0,Smear Negative
Saint Lucia,2009,sn,f,0-14,0,Smear Negative
Saint Lucia,2009,sn,f,15-24,0,Smear Negative
Saint Lucia,2009,sn,f,25-34,0,Smear Negative
Saint Lucia,2009,sn,f,35-44,0,Smear Negative
Saint Lucia,2009,sn,f,45-54,0,Smear Negative
Saint Lucia,2009,sn,f,55-64,0,Smear Negative
Saint Lucia,2009,sn,f,65+,0,Smear Negative
Saint Lucia,2009,ep,m,0-14,0,Extrapulmonary
Saint Lucia,2009,ep,m,15-24,0,Extrapulmonary
Saint Lucia,2009,ep,m,25-34,0,Extrapulmonary
Saint Lucia,2009,ep,m,35-44,1,Extrapulmonary
Saint Lucia,2009,ep,m,45-54,0,Extrapulmonary
Saint Lucia,2009,ep,m,55-64,0,Extrapulmonary
Saint Lucia,2009,ep,m,65+,0,Extrapulmonary
Saint Lucia,2009,ep,f,0-14,0,Extrapulmonary
Saint Lucia,2009,ep,f,15-24,0,Extrapulmonary
Saint Lucia,2009,ep,f,25-34,0,Extrapulmonary
Saint Lucia,2009,ep,f,35-44,0,Extrapulmonary
Saint Lucia,2009,ep,f,45-54,0,Extrapulmonary
Saint Lucia,2009,ep,f,55-64,0,Extrapulmonary
Saint Lucia,2009,ep,f,65+,0,Extrapulmonary
Saint Lucia,2010,sp,m,0-14,0,Smear Positive
Saint Lucia,2010,sp,m,15-24,0,Smear Positive
Saint Lucia,2010,sp,m,25-34,1,Smear Positive
Saint Lucia,2010,sp,m,35-44,2,Smear Positive
Saint Lucia,2010,sp,m,45-54,0,Smear Positive
Saint Lucia,2010,sp,m,55-64,1,Smear Positive
Saint Lucia,2010,sp,m,65+,2,Smear Positive
Saint Lucia,2010,sp,f,0-14,0,Smear Positive
Saint Lucia,2010,sp,f,15-24,0,Smear Positive
Saint Lucia,2010,sp,f,25-34,0,Smear Positive
Saint Lucia,2010,sp,f,35-44,1,Smear Positive
Saint Lucia,2010,sp,f,45-54,0,Smear Positive
Saint Lucia,2010,sp,f,55-64,1,Smear Positive
Saint Lucia,2010,sp,f,65+,1,Smear Positive
Saint Lucia,2010,sn,m,0-14,0,Smear Negative
Saint Lucia,2010,sn,m,15-24,0,Smear Negative
Saint Lucia,2010,sn,m,25-34,0,Smear Negative
Saint Lucia,2010,sn,m,35-44,0,Smear Negative
Saint Lucia,2010,sn,m,45-54,0,Smear Negative
Saint Lucia,2010,sn,m,55-64,0,Smear Negative
Saint Lucia,2010,sn,m,65+,0,Smear Negative
Saint Lucia,2010,sn,f,0-14,0,Smear Negative
Saint Lucia,2010,sn,f,15-24,0,Smear Negative
Saint Lucia,2010,sn,f,25-34,0,Smear Negative
Saint Lucia,2010,sn,f,35-44,0,Smear Negative
Saint Lucia,2010,sn,f,45-54,0,Smear Negative
Saint Lucia,2010,sn,f,55-64,0,Smear Negative
Saint Lucia,2010,sn,f,65+,0,Smear Negative
Saint Lucia,2010,ep,m,0-14,0,Extrapulmonary
Saint Lucia,2010,ep,m,15-24,0,Extrapulmonary
Saint Lucia,2010,ep,m,25-34,0,Extrapulmonary
Saint Lucia,2010,ep,m,35-44,0,Extrapulmonary
Saint Lucia,2010,ep,m,45-54,0,Extrapulmonary
Saint Lucia,2010,ep,m,55-64,0,Extrapulmonary
Saint Lucia,2010,ep,m,65+,0,Extrapulmonary
Saint Lucia,2010,ep,f,0-14,0,Extrapulmonary
Saint Lucia,2010,ep,f,15-24,0,Extrapulmonary
Saint Lucia,2010,ep,f,25-34,0,Extrapulmonary
Saint Lucia,2010,ep,f,35-44,0,Extrapulmonary
Saint Lucia,2010,ep,f,45-54,0,Extrapulmonary
Saint Lucia,2010,ep,f,55-64,0,Extrapulmonary
Saint Lucia,2010,ep,f,65+,0,Extrapulmonary
Saint Lucia,2011,sp,m,0-14,0,Smear Positive
Saint Lucia,2011,sp,m,15-24,0,Smear Positive
Saint Lucia,2011,sp,m,25-34,1,Smear Positive
Saint Lucia,2011,sp,m,35-44,1,Smear Positive
Saint Lucia,2011,sp,m,45-54,0,Smear Positive
Saint Lucia,2011,sp,m,55-64,3,Smear Positive
Saint Lucia,2011,sp,m,65+,2,Smear Positive
Saint Lucia,2011,sp,f,0-14,0,Smear Positive
Saint Lucia,2011,sp,f,15-24,0,Smear Positive
Saint Lucia,2011,sp,f,25-34,0,Smear Positive
Saint Lucia,2011,sp,f,35-44,0,Smear Positive
Saint Lucia,2011,sp,f,45-54,0,Smear Positive
Saint Lucia,2011,sp,f,55-64,0,Smear Positive
Saint Lucia,2011,sp,f,65+,0,Smear Positive
Saint Lucia,2011,sn,m,0-14,0,Smear Negative
Saint Lucia,2011,sn,m,15-24,0,Smear Negative
Saint Lucia,2011,sn,m,25-34,0,Smear Negative
Saint Lucia,2011,sn,m,35-44,0,Smear Negative
Saint Lucia,2011,sn,m,45-54,0,Smear Negative
Saint Lucia,2011,sn,m,55-64,0,Smear Negative
Saint Lucia,2011,sn,m,65+,0,Smear Negative
Saint Lucia,2011,sn,f,0-14,0,Smear Negative
Saint Lucia,2011,sn,f,15-24,0,Smear Negative
Saint Lucia,2011,sn,f,25-34,0,Smear Negative
Saint Lucia,2011,sn,f,35-44,0,Smear Negative
Saint Lucia,2011,sn,f,45-54,0,Smear Negative
Saint Lucia,2011,sn,f,55-64,0,Smear Negative
Saint Lucia,2011,sn,f,65+,0,Smear Negative
Saint Lucia,2011,ep,m,0-14,0,Extrapulmonary
Saint Lucia,2011,ep,m,15-24,0,Extrapulmonary
Saint Lucia,2011,ep,m,25-34,0,Extrapulmonary
Saint Lucia,2011,ep,m,35-44,0,Extrapulmonary
Saint Lucia,2011,ep,m,45-54,0,Extrapulmonary
Saint Lucia,2011,ep,m,55-64,0,Extrapulmonary
Saint Lucia,2011,ep,m,65+,0,Extrapulmonary
Saint Lucia,2011,ep,f,0-14,0,Extrapulmonary
Saint Lucia,2011,ep,f,15-24,0,Extrapulmonary
Saint Lucia,2011,ep,f,25-34,0,Extrapulmonary
Saint Lucia,2011,ep,f,35-44,0,Extrapulmonary
Saint Lucia,2011,ep,f,45-54,0,Extrapulmonary
Saint Lucia,2011,ep,f,55-64,0,Extrapulmonary
Saint Lucia,2011,ep,f,65+,0,Extrapulmonary
Saint Lucia,2012,sp,m,0-14,0,Smear Positive
Saint Lucia,2012,sp,m,15-24,2,Smear Positive
Saint Lucia,2012,sp,m,25-34,0,Smear Positive
Saint Lucia,2012,sp,m,35-44,1,Smear Positive
Saint Lucia,2012,sp,m,45-54,4,Smear Positive
Saint Lucia,2012,sp,m,55-64,0,Smear Positive
Saint Lucia,2012,sp,m,65+,2,Smear Positive
Saint Lucia,2012,sp,f,0-14,0,Smear Positive
Saint Lucia,2012,sp,f,15-24,1,Smear Positive
Saint Lucia,2012,sp,f,25-34,0,Smear Positive
Saint Lucia,2012,sp,f,35-44,0,Smear Positive
Saint Lucia,2012,sp,f,45-54,0,Smear Positive
Saint Lucia,2012,sp,f,55-64,1,Smear Positive
Saint Lucia,2012,sp,f,65+,0,Smear Positive
Saint Lucia,2012,sn,m,0-14,0,Smear Negative
Saint Lucia,2012,sn,m,15-24,0,Smear Negative
Saint Lucia,2012,sn,m,25-34,0,Smear Negative
Saint Lucia,2012,sn,m,35-44,0,Smear Negative
Saint Lucia,2012,sn,m,45-54,0,Smear Negative
Saint Lucia,2012,sn,m,55-64,0,Smear Negative
Saint Lucia,2012,sn,m,65+,0,Smear Negative
Saint Lucia,2012,sn,f,0-14,0,Smear Negative
Saint Lucia,2012,sn,f,15-24,0,Smear Negative
Saint Lucia,2012,sn,f,25-34,0,Smear Negative
Saint Lucia,2012,sn,f,35-44,0,Smear Negative
Saint Lucia,2012,sn,f,45-54,0,Smear Negative
Saint Lucia,2012,sn,f,55-64,0,Smear Negative
Saint Lucia,2012,sn,f,65+,0,Smear Negative
Saint Lucia,2012,ep,m,0-14,0,Extrapulmonary
Saint Lucia,2012,ep,m,15-24,0,Extrapulmonary
Saint Lucia,2012,ep,m,25-34,0,Extrapulmonary
Saint Lucia,2012,ep,m,35-44,0,Extrapulmonary
Saint Lucia,2012,ep,m,45-54,0,Extrapulmonary
Saint Lucia,2012,ep,m,55-64,0,Extrapulmonary
Saint Lucia,2012,ep,m,65+,0,Extrapulmonary
Saint Lucia,2012,ep,f,0-14,0,Extrapulmonary
Saint Lucia,2012,ep,f,15-24,0,Extrapulmonary
Saint Lucia,2012,ep,f,25-34,0,Extrapulmonary
Saint Lucia,2012,ep,f,35-44,0,Extrapulmonary
Saint Lucia,2012,ep,f,45-54,0,Extrapulmonary
Saint Lucia,2012,ep,f,55-64,0,Extrapulmonary
Saint Lucia,2012,ep,f,65+,0,Extrapulmonary
Saint Lucia,2013,rel,m,0-14,1,Relapse
Saint Lucia,2013,rel,m,15-24,1,Relapse
Saint Lucia,2013,rel,m,25-34,0,Relapse
Saint Lucia,2013,rel,m,35-44,1,Relapse
Saint Lucia,2013,rel,m,45-54,0,Relapse
Saint Lucia,2013,rel,m,55-64,0,Relapse
Saint Lucia,2013,rel,m,65+,1,Relapse
Saint Lucia,2013,rel,f,0-14,0,Relapse
Saint Lucia,2013,rel,f,15-24,1,Relapse
Saint Lucia,2013,rel,f,25-34,1,Relapse
Saint Lucia,2013,rel,f,35-44,2,Relapse
Saint Lucia,2013,rel,f,45-54,1,Relapse
Saint Lucia,2013,rel,f,55-64,0,Relapse
Saint Lucia,2013,rel,f,65+,0,Relapse
Saint Vincent and the Grenadines,1998,sp,m,0-14,0,Smear Positive
Saint Vincent and the Grenadines,1998,sp,m,15-24,0,Smear Positive
Saint Vincent and the Grenadines,1998,sp,m,25-34,2,Smear Positive
Saint Vincent and the Grenadines,1998,sp,m,35-44,0,Smear Positive
Saint Vincent and the Grenadines,1998,sp,m,45-54,1,Smear Positive
Saint Vincent and the Grenadines,1998,sp,m,55-64,0,Smear Positive
Saint Vincent and the Grenadines,1998,sp,m,65+,0,Smear Positive
Saint Vincent and the Grenadines,2000,sp,m,0-14,0,Smear Positive
Saint Vincent and the Grenadines,2000,sp,m,15-24,1,Smear Positive
Saint Vincent and the Grenadines,2000,sp,m,25-34,0,Smear Positive
Saint Vincent and the Grenadines,2000,sp,m,35-44,4,Smear Positive
Saint Vincent and the Grenadines,2000,sp,m,45-54,2,Smear Positive
Saint Vincent and the Grenadines,2000,sp,m,55-64,0,Smear Positive
Saint Vincent and the Grenadines,2000,sp,m,65+,1,Smear Positive
Saint Vincent and the Grenadines,2000,sp,f,0-14,1,Smear Positive
Saint Vincent and the Grenadines,2000,sp,f,15-24,0,Smear Positive
Saint Vincent and the Grenadines,2000,sp,f,25-34,0,Smear Positive
Saint Vincent and the Grenadines,2000,sp,f,35-44,0,Smear Positive
Saint Vincent and the Grenadines,2000,sp,f,45-54,0,Smear Positive
Saint Vincent and the Grenadines,2000,sp,f,55-64,0,Smear Positive
Saint Vincent and the Grenadines,2000,sp,f,65+,0,Smear Positive
Saint Vincent and the Grenadines,2001,sp,m,35-44,1,Smear Positive
Saint Vincent and the Grenadines,2001,sp,m,45-54,2,Smear Positive
Saint Vincent and the Grenadines,2002,sp,m,35-44,1,Smear Positive
Saint Vincent and the Grenadines,2002,sp,m,45-54,1,Smear Positive
Saint Vincent and the Grenadines,2002,sp,m,55-64,2,Smear Positive
Saint Vincent and the Grenadines,2002,sp,m,65+,2,Smear Positive
Saint Vincent and the Grenadines,2002,sp,f,25-34,1,Smear Positive
Saint Vincent and the Grenadines,2002,sp,f,65+,1,Smear Positive
Saint Vincent and the Grenadines,2003,sp,m,35-44,2,Smear Positive
Saint Vincent and the Grenadines,2003,sp,m,55-64,1,Smear Positive
Saint Vincent and the Grenadines,2003,sp,f,15-24,1,Smear Positive
Saint Vincent and the Grenadines,2003,sp,f,35-44,1,Smear Positive
Saint Vincent and the Grenadines,2003,sp,f,65+,1,Smear Positive
Saint Vincent and the Grenadines,2005,sp,m,0-14,0,Smear Positive
Saint Vincent and the Grenadines,2005,sp,m,15-24,0,Smear Positive
Saint Vincent and the Grenadines,2005,sp,m,25-34,0,Smear Positive
Saint Vincent and the Grenadines,2005,sp,m,35-44,2,Smear Positive
Saint Vincent and the Grenadines,2005,sp,m,45-54,1,Smear Positive
Saint Vincent and the Grenadines,2005,sp,m,55-64,0,Smear Positive
Saint Vincent and the Grenadines,2005,sp,m,65+,2,Smear Positive
Saint Vincent and the Grenadines,2005,sp,f,0-14,0,Smear Positive
Saint Vincent and the Grenadines,2005,sp,f,15-24,0,Smear Positive
Saint Vincent and the Grenadines,2005,sp,f,25-34,1,Smear Positive
Saint Vincent and the Grenadines,2005,sp,f,35-44,0,Smear Positive
Saint Vincent and the Grenadines,2005,sp,f,45-54,1,Smear Positive
Saint Vincent and the Grenadines,2005,sp,f,55-64,0,Smear Positive
Saint Vincent and the Grenadines,2005,sp,f,65+,0,Smear Positive
Saint Vincent and the Grenadines,2006,sp,m,55-64,4,Smear Positive
Saint Vincent and the Grenadines,2006,sp,m,65+,2,Smear Positive
Saint Vincent and the Grenadines,2006,sp,f,65+,2,Smear Positive
Saint Vincent and the Grenadines,2007,sp,m,0-14,0,Smear Positive
Saint Vincent and the Grenadines,2007,sp,m,15-24,0,Smear Positive
Saint Vincent and the Grenadines,2007,sp,m,25-34,1,Smear Positive
Saint Vincent and the Grenadines,2007,sp,m,35-44,3,Smear Positive
Saint Vincent and the Grenadines,2007,sp,m,45-54,0,Smear Positive
Saint Vincent and the Grenadines,2007,sp,m,55-64,1,Smear Positive
Saint Vincent and the Grenadines,2007,sp,m,65+,0,Smear Positive
Saint Vincent and the Grenadines,2007,sp,f,0-14,0,Smear Positive
Saint Vincent and the Grenadines,2007,sp,f,15-24,0,Smear Positive
Saint Vincent and the Grenadines,2007,sp,f,25-34,0,Smear Positive
Saint Vincent and the Grenadines,2007,sp,f,35-44,0,Smear Positive
Saint Vincent and the Grenadines,2007,sp,f,45-54,0,Smear Positive
Saint Vincent and the Grenadines,2007,sp,f,55-64,0,Smear Positive
Saint Vincent and the Grenadines,2007,sp,f,65+,0,Smear Positive
Saint Vincent and the Grenadines,2007,sn,m,0-14,0,Smear Negative
Saint Vincent and the Grenadines,2007,sn,m,15-24,0,Smear Negative
Saint Vincent and the Grenadines,2007,sn,m,25-34,0,Smear Negative
Saint Vincent and the Grenadines,2007,sn,m,35-44,0,Smear Negative
Saint Vincent and the Grenadines,2007,sn,m,45-54,0,Smear Negative
Saint Vincent and the Grenadines,2007,sn,m,55-64,0,Smear Negative
Saint Vincent and the Grenadines,2007,sn,m,65+,1,Smear Negative
Saint Vincent and the Grenadines,2007,sn,f,0-14,1,Smear Negative
Saint Vincent and the Grenadines,2007,sn,f,15-24,0,Smear Negative
Saint Vincent and the Grenadines,2007,sn,f,25-34,0,Smear Negative
Saint Vincent and the Grenadines,2007,sn,f,35-44,0,Smear Negative
Saint Vincent and the Grenadines,2007,sn,f,45-54,0,Smear Negative
Saint Vincent and the Grenadines,2007,sn,f,55-64,0,Smear Negative
Saint Vincent and the Grenadines,2007,sn,f,65+,2,Smear Negative
Saint Vincent and the Grenadines,2007,ep,m,0-14,0,Extrapulmonary
Saint Vincent and the Grenadines,2007,ep,m,15-24,0,Extrapulmonary
Saint Vincent and the Grenadines,2007,ep,m,25-34,0,Extrapulmonary
Saint Vincent and the Grenadines,2007,ep,m,35-44,0,Extrapulmonary
Saint Vincent and the Grenadines,2007,ep,m,45-54,0,Extrapulmonary
Saint Vincent and the Grenadines,2007,ep,m,55-64,0,Extrapulmonary
Saint Vincent and the Grenadines,2007,ep,m,65+,0,Extrapulmonary
Saint Vincent and the Grenadines,2007,ep,f,0-14,0,Extrapulmonary
Saint Vincent and the Grenadines,2007,ep,f,15-24,0,Extrapulmonary
Saint Vincent and the Grenadines,2007,ep,f,25-34,0,Extrapulmonary
Saint Vincent and the Grenadines,2007,ep,f,35-44,0,Extrapulmonary
Saint Vincent and the Grenadines,2007,ep,f,45-54,0,Extrapulmonary
Saint Vincent and the Grenadines,2007,ep,f,55-64,0,Extrapulmonary
Saint Vincent and the Grenadines,2007,ep,f,65+,0,Extrapulmonary
Saint Vincent and the Grenadines,2008,sn,m,0-14,0,Smear Negative
Saint Vincent and the Grenadines,2008,sn,m,15-24,0,Smear Negative
Saint Vincent and the Grenadines,2008,sn,m,25-34,0,Smear Negative
Saint Vincent and the Grenadines,2008,sn,m,35-44,0,Smear Negative
Saint Vincent and the Grenadines,2008,sn,m,45-54,0,Smear Negative
Saint Vincent and the Grenadines,2008,sn,m,55-64,0,Smear Negative
Saint Vincent and the Grenadines,2008,sn,m,65+,0,Smear Negative
Saint Vincent and the Grenadines,2008,sn,f,0-14,0,Smear Negative
Saint Vincent and the Grenadines,2008,sn,f,15-24,0,Smear Negative
Saint Vincent and the Grenadines,2008,sn,f,25-34,0,Smear Negative
Saint Vincent and the Grenadines,2008,sn,f,35-44,0,Smear Negative
Saint Vincent and the Grenadines,2008,sn,f,45-54,0,Smear Negative
Saint Vincent and the Grenadines,2008,sn,f,55-64,0,Smear Negative
Saint Vincent and the Grenadines,2008,sn,f,65+,0,Smear Negative
Saint Vincent and the Grenadines,2008,ep,m,0-14,0,Extrapulmonary
Saint Vincent and the Grenadines,2008,ep,m,15-24,0,Extrapulmonary
Saint Vincent and the Grenadines,2008,ep,m,25-34,0,Extrapulmonary
Saint Vincent and the Grenadines,2008,ep,m,35-44,0,Extrapulmonary
Saint Vincent and the Grenadines,2008,ep,m,45-54,0,Extrapulmonary
Saint Vincent and the Grenadines,2008,ep,m,55-64,0,Extrapulmonary
Saint Vincent and the Grenadines,2008,ep,m,65+,0,Extrapulmonary
Saint Vincent and the Grenadines,2008,ep,f,0-14,0,Extrapulmonary
Saint Vincent and the Grenadines,2008,ep,f,15-24,0,Extrapulmonary
Saint Vincent and the Grenadines,2008,ep,f,25-34,0,Extrapulmonary
Saint Vincent and the Grenadines,2008,ep,f,35-44,0,Extrapulmonary
Saint Vincent and the Grenadines,2008,ep,f,45-54,0,Extrapulmonary
Saint Vincent and the Grenadines,2008,ep,f,55-64,0,Extrapulmonary
Saint Vincent and the Grenadines,2008,ep,f,65+,0,Extrapulmonary
Saint Vincent and the Grenadines,2009,sp,m,35-44,2,Smear Positive
Saint Vincent and the Grenadines,2009,sp,m,45-54,1,Smear Positive
Saint Vincent and the Grenadines,2009,sn,m,15-24,1,Smear Negative
Saint Vincent and the Grenadines,2009,sn,m,25-34,1,Smear Negative
Saint Vincent and the Grenadines,2009,sn,m,35-44,2,Smear Negative
Saint Vincent and the Grenadines,2009,sn,m,45-54,2,Smear Negative
Saint Vincent and the Grenadines,2010,sp,m,0-14,0,Smear Positive
Saint Vincent and the Grenadines,2010,sp,m,15-24,0,Smear Positive
Saint Vincent and the Grenadines,2010,sp,m,25-34,1,Smear Positive
Saint Vincent and the Grenadines,2010,sp,m,35-44,0,Smear Positive
Saint Vincent and the Grenadines,2010,sp,m,45-54,3,Smear Positive
Saint Vincent and the Grenadines,2010,sp,m,55-64,0,Smear Positive
Saint Vincent and the Grenadines,2010,sp,m,65+,2,Smear Positive
Saint Vincent and the Grenadines,2010,sp,f,0-14,0,Smear Positive
Saint Vincent and the Grenadines,2010,sp,f,15-24,0,Smear Positive
Saint Vincent and the Grenadines,2010,sp,f,25-34,1,Smear Positive
Saint Vincent and the Grenadines,2010,sp,f,35-44,0,Smear Positive
Saint Vincent and the Grenadines,2010,sp,f,45-54,0,Smear Positive
Saint Vincent and the Grenadines,2010,sp,f,55-64,1,Smear Positive
Saint Vincent and the Grenadines,2010,sp,f,65+,0,Smear Positive
Saint Vincent and the Grenadines,2010,sn,m,0-14,0,Smear Negative
Saint Vincent and the Grenadines,2010,sn,m,15-24,0,Smear Negative
Saint Vincent and the Grenadines,2010,sn,m,25-34,0,Smear Negative
Saint Vincent and the Grenadines,2010,sn,m,35-44,2,Smear Negative
Saint Vincent and the Grenadines,2010,sn,m,45-54,1,Smear Negative
Saint Vincent and the Grenadines,2010,sn,m,55-64,1,Smear Negative
Saint Vincent and the Grenadines,2010,sn,m,65+,1,Smear Negative
Saint Vincent and the Grenadines,2010,sn,f,0-14,0,Smear Negative
Saint Vincent and the Grenadines,2010,sn,f,15-24,0,Smear Negative
Saint Vincent and the Grenadines,2010,sn,f,25-34,0,Smear Negative
Saint Vincent and the Grenadines,2010,sn,f,35-44,1,Smear Negative
Saint Vincent and the Grenadines,2010,sn,f,45-54,0,Smear Negative
Saint Vincent and the Grenadines,2010,sn,f,55-64,1,Smear Negative
Saint Vincent and the Grenadines,2010,sn,f,65+,0,Smear Negative
Saint Vincent and the Grenadines,2010,ep,m,0-14,0,Extrapulmonary
Saint Vincent and the Grenadines,2010,ep,m,15-24,0,Extrapulmonary
Saint Vincent and the Grenadines,2010,ep,m,25-34,0,Extrapulmonary
Saint Vincent and the Grenadines,2010,ep,m,35-44,0,Extrapulmonary
Saint Vincent and the Grenadines,2010,ep,m,45-54,0,Extrapulmonary
Saint Vincent and the Grenadines,2010,ep,m,55-64,0,Extrapulmonary
Saint Vincent and the Grenadines,2010,ep,m,65+,0,Extrapulmonary
Saint Vincent and the Grenadines,2010,ep,f,0-14,0,Extrapulmonary
Saint Vincent and the Grenadines,2010,ep,f,15-24,0,Extrapulmonary
Saint Vincent and the Grenadines,2010,ep,f,25-34,0,Extrapulmonary
Saint Vincent and the Grenadines,2010,ep,f,35-44,0,Extrapulmonary
Saint Vincent and the Grenadines,2010,ep,f,45-54,0,Extrapulmonary
Saint Vincent and the Grenadines,2010,ep,f,55-64,0,Extrapulmonary
Saint Vincent and the Grenadines,2010,ep,f,65+,0,Extrapulmonary
Saint Vincent and the Grenadines,2011,sp,m,0-14,0,Smear Positive
Saint Vincent and the Grenadines,2011,sp,m,15-24,0,Smear Positive
Saint Vincent and the Grenadines,2011,sp,m,25-34,2,Smear Positive
Saint Vincent and the Grenadines,2011,sp,m,35-44,2,Smear Positive
Saint Vincent and the Grenadines,2011,sp,m,45-54,2,Smear Positive
Saint Vincent and the Grenadines,2011,sp,m,55-64,0,Smear Positive
Saint Vincent and the Grenadines,2011,sp,m,65+,0,Smear Positive
Saint Vincent and the Grenadines,2011,sp,f,0-14,0,Smear Positive
Saint Vincent and the Grenadines,2011,sp,f,15-24,0,Smear Positive
Saint Vincent and the Grenadines,2011,sp,f,25-34,1,Smear Positive
Saint Vincent and the Grenadines,2011,sp,f,35-44,0,Smear Positive
Saint Vincent and the Grenadines,2011,sp,f,45-54,1,Smear Positive
Saint Vincent and the Grenadines,2011,sp,f,55-64,0,Smear Positive
Saint Vincent and the Grenadines,2011,sp,f,65+,0,Smear Positive
Saint Vincent and the Grenadines,2011,sn,m,0-14,1,Smear Negative
Saint Vincent and the Grenadines,2011,sn,m,15-24,0,Smear Negative
Saint Vincent and the Grenadines,2011,sn,m,25-34,0,Smear Negative
Saint Vincent and the Grenadines,2011,sn,m,35-44,2,Smear Negative
Saint Vincent and the Grenadines,2011,sn,m,45-54,2,Smear Negative
Saint Vincent and the Grenadines,2011,sn,m,55-64,1,Smear Negative
Saint Vincent and the Grenadines,2011,sn,m,65+,2,Smear Negative
Saint Vincent and the Grenadines,2011,sn,f,0-14,0,Smear Negative
Saint Vincent and the Grenadines,2011,sn,f,15-24,0,Smear Negative
Saint Vincent and the Grenadines,2011,sn,f,25-34,0,Smear Negative
Saint Vincent and the Grenadines,2011,sn,f,35-44,0,Smear Negative
Saint Vincent and the Grenadines,2011,sn,f,45-54,0,Smear Negative
Saint Vincent and the Grenadines,2011,sn,f,55-64,1,Smear Negative
Saint Vincent and the Grenadines,2011,sn,f,65+,0,Smear Negative
Saint Vincent and the Grenadines,2011,ep,m,0-14,0,Extrapulmonary
Saint Vincent and the Grenadines,2011,ep,m,15-24,0,Extrapulmonary
Saint Vincent and the Grenadines,2011,ep,m,25-34,0,Extrapulmonary
Saint Vincent and the Grenadines,2011,ep,m,35-44,0,Extrapulmonary
Saint Vincent and the Grenadines,2011,ep,m,45-54,0,Extrapulmonary
Saint Vincent and the Grenadines,2011,ep,m,55-64,0,Extrapulmonary
Saint Vincent and the Grenadines,2011,ep,m,65+,0,Extrapulmonary
Saint Vincent and the Grenadines,2011,ep,f,0-14,0,Extrapulmonary
Saint Vincent and the Grenadines,2011,ep,f,15-24,0,Extrapulmonary
Saint Vincent and the Grenadines,2011,ep,f,25-34,0,Extrapulmonary
Saint Vincent and the Grenadines,2011,ep,f,35-44,0,Extrapulmonary
Saint Vincent and the Grenadines,2011,ep,f,45-54,0,Extrapulmonary
Saint Vincent and the Grenadines,2011,ep,f,55-64,0,Extrapulmonary
Saint Vincent and the Grenadines,2011,ep,f,65+,0,Extrapulmonary
Saint Vincent and the Grenadines,2012,sp,m,0-14,0,Smear Positive
Saint Vincent and the Grenadines,2012,sp,m,15-24,1,Smear Positive
Saint Vincent and the Grenadines,2012,sp,m,25-34,5,Smear Positive
Saint Vincent and the Grenadines,2012,sp,m,35-44,1,Smear Positive
Saint Vincent and the Grenadines,2012,sp,m,45-54,3,Smear Positive
Saint Vincent and the Grenadines,2012,sp,m,55-64,5,Smear Positive
Saint Vincent and the Grenadines,2012,sp,m,65+,4,Smear Positive
Saint Vincent and the Grenadines,2012,sp,f,0-14,0,Smear Positive
Saint Vincent and the Grenadines,2012,sp,f,15-24,1,Smear Positive
Saint Vincent and the Grenadines,2012,sp,f,25-34,3,Smear Positive
Saint Vincent and the Grenadines,2012,sp,f,35-44,1,Smear Positive
Saint Vincent and the Grenadines,2012,sp,f,45-54,3,Smear Positive
Saint Vincent and the Grenadines,2012,sp,f,55-64,0,Smear Positive
Saint Vincent and the Grenadines,2012,sp,f,65+,0,Smear Positive
Saint Vincent and the Grenadines,2012,sn,m,0-14,0,Smear Negative
Saint Vincent and the Grenadines,2012,sn,m,15-24,0,Smear Negative
Saint Vincent and the Grenadines,2012,sn,m,25-34,0,Smear Negative
Saint Vincent and the Grenadines,2012,sn,m,35-44,2,Smear Negative
Saint Vincent and the Grenadines,2012,sn,m,45-54,0,Smear Negative
Saint Vincent and the Grenadines,2012,sn,m,55-64,1,Smear Negative
Saint Vincent and the Grenadines,2012,sn,m,65+,0,Smear Negative
Saint Vincent and the Grenadines,2012,sn,f,0-14,0,Smear Negative
Saint Vincent and the Grenadines,2012,sn,f,15-24,0,Smear Negative
Saint Vincent and the Grenadines,2012,sn,f,25-34,0,Smear Negative
Saint Vincent and the Grenadines,2012,sn,f,35-44,0,Smear Negative
Saint Vincent and the Grenadines,2012,sn,f,45-54,0,Smear Negative
Saint Vincent and the Grenadines,2012,sn,f,55-64,0,Smear Negative
Saint Vincent and the Grenadines,2012,sn,f,65+,0,Smear Negative
Saint Vincent and the Grenadines,2012,ep,m,0-14,0,Extrapulmonary
Saint Vincent and the Grenadines,2012,ep,m,15-24,0,Extrapulmonary
Saint Vincent and the Grenadines,2012,ep,m,25-34,0,Extrapulmonary
Saint Vincent and the Grenadines,2012,ep,m,35-44,0,Extrapulmonary
Saint Vincent and the Grenadines,2012,ep,m,45-54,0,Extrapulmonary
Saint Vincent and the Grenadines,2012,ep,m,55-64,0,Extrapulmonary
Saint Vincent and the Grenadines,2012,ep,m,65+,0,Extrapulmonary
Saint Vincent and the Grenadines,2012,ep,f,0-14,0,Extrapulmonary
Saint Vincent and the Grenadines,2012,ep,f,15-24,0,Extrapulmonary
Saint Vincent and the Grenadines,2012,ep,f,25-34,0,Extrapulmonary
Saint Vincent and the Grenadines,2012,ep,f,35-44,0,Extrapulmonary
Saint Vincent and the Grenadines,2012,ep,f,45-54,0,Extrapulmonary
Saint Vincent and the Grenadines,2012,ep,f,55-64,0,Extrapulmonary
Saint Vincent and the Grenadines,2012,ep,f,65+,0,Extrapulmonary
Saint Vincent and the Grenadines,2013,rel,m,25-34,1,Relapse
Saint Vincent and the Grenadines,2013,rel,m,45-54,1,Relapse
Saint Vincent and the Grenadines,2013,rel,m,55-64,1,Relapse
Samoa,1995,sp,m,0-14,0,Smear Positive
Samoa,1995,sp,m,15-24,1,Smear Positive
Samoa,1995,sp,m,25-34,1,Smear Positive
Samoa,1995,sp,m,35-44,1,Smear Positive
Samoa,1995,sp,m,45-54,0,Smear Positive
Samoa,1995,sp,m,55-64,3,Smear Positive
Samoa,1995,sp,m,65+,2,Smear Positive
Samoa,1995,sp,f,0-14,1,Smear Positive
Samoa,1995,sp,f,15-24,2,Smear Positive
Samoa,1995,sp,f,25-34,2,Smear Positive
Samoa,1995,sp,f,35-44,0,Smear Positive
Samoa,1995,sp,f,45-54,0,Smear Positive
Samoa,1995,sp,f,55-64,1,Smear Positive
Samoa,1995,sp,f,65+,1,Smear Positive
Samoa,1996,sp,m,0-14,0,Smear Positive
Samoa,1996,sp,m,15-24,0,Smear Positive
Samoa,1996,sp,m,25-34,0,Smear Positive
Samoa,1996,sp,m,35-44,0,Smear Positive
Samoa,1996,sp,m,45-54,0,Smear Positive
Samoa,1996,sp,m,55-64,1,Smear Positive
Samoa,1996,sp,m,65+,2,Smear Positive
Samoa,1996,sp,f,0-14,0,Smear Positive
Samoa,1996,sp,f,15-24,0,Smear Positive
Samoa,1996,sp,f,25-34,3,Smear Positive
Samoa,1996,sp,f,35-44,2,Smear Positive
Samoa,1996,sp,f,45-54,2,Smear Positive
Samoa,1996,sp,f,55-64,0,Smear Positive
Samoa,1996,sp,f,65+,0,Smear Positive
Samoa,1997,sp,m,0-14,0,Smear Positive
Samoa,1997,sp,m,15-24,1,Smear Positive
Samoa,1997,sp,m,25-34,4,Smear Positive
Samoa,1997,sp,m,35-44,1,Smear Positive
Samoa,1997,sp,m,45-54,0,Smear Positive
Samoa,1997,sp,m,55-64,1,Smear Positive
Samoa,1997,sp,m,65+,1,Smear Positive
Samoa,1997,sp,f,0-14,0,Smear Positive
Samoa,1997,sp,f,15-24,2,Smear Positive
Samoa,1997,sp,f,25-34,1,Smear Positive
Samoa,1997,sp,f,35-44,1,Smear Positive
Samoa,1997,sp,f,45-54,0,Smear Positive
Samoa,1997,sp,f,55-64,2,Smear Positive
Samoa,1997,sp,f,65+,0,Smear Positive
Samoa,1998,sp,m,0-14,1,Smear Positive
Samoa,1998,sp,m,15-24,1,Smear Positive
Samoa,1998,sp,m,25-34,1,Smear Positive
Samoa,1998,sp,m,35-44,0,Smear Positive
Samoa,1998,sp,m,45-54,1,Smear Positive
Samoa,1998,sp,m,55-64,1,Smear Positive
Samoa,1998,sp,m,65+,0,Smear Positive
Samoa,1998,sp,f,0-14,0,Smear Positive
Samoa,1998,sp,f,15-24,1,Smear Positive
Samoa,1998,sp,f,25-34,1,Smear Positive
Samoa,1998,sp,f,35-44,0,Smear Positive
Samoa,1998,sp,f,45-54,0,Smear Positive
Samoa,1998,sp,f,55-64,0,Smear Positive
Samoa,1998,sp,f,65+,0,Smear Positive
Samoa,1999,sp,m,0-14,0,Smear Positive
Samoa,1999,sp,m,15-24,1,Smear Positive
Samoa,1999,sp,m,25-34,2,Smear Positive
Samoa,1999,sp,m,35-44,0,Smear Positive
Samoa,1999,sp,m,45-54,1,Smear Positive
Samoa,1999,sp,m,55-64,1,Smear Positive
Samoa,1999,sp,m,65+,4,Smear Positive
Samoa,1999,sp,f,0-14,0,Smear Positive
Samoa,1999,sp,f,15-24,3,Smear Positive
Samoa,1999,sp,f,25-34,2,Smear Positive
Samoa,1999,sp,f,35-44,1,Smear Positive
Samoa,1999,sp,f,45-54,0,Smear Positive
Samoa,1999,sp,f,55-64,0,Smear Positive
Samoa,1999,sp,f,65+,2,Smear Positive
Samoa,2000,sp,m,0-14,0,Smear Positive
Samoa,2000,sp,m,15-24,3,Smear Positive
Samoa,2000,sp,m,25-34,1,Smear Positive
Samoa,2000,sp,m,35-44,1,Smear Positive
Samoa,2000,sp,m,45-54,1,Smear Positive
Samoa,2000,sp,m,55-64,2,Smear Positive
Samoa,2000,sp,m,65+,1,Smear Positive
Samoa,2000,sp,f,0-14,0,Smear Positive
Samoa,2000,sp,f,15-24,2,Smear Positive
Samoa,2000,sp,f,25-34,1,Smear Positive
Samoa,2000,sp,f,35-44,1,Smear Positive
Samoa,2000,sp,f,45-54,0,Smear Positive
Samoa,2000,sp,f,55-64,0,Smear Positive
Samoa,2000,sp,f,65+,0,Smear Positive
Samoa,2001,sp,m,0-14,1,Smear Positive
Samoa,2001,sp,m,15-24,3,Smear Positive
Samoa,2001,sp,m,25-34,1,Smear Positive
Samoa,2001,sp,m,35-44,1,Smear Positive
Samoa,2001,sp,m,45-54,0,Smear Positive
Samoa,2001,sp,m,55-64,0,Smear Positive
Samoa,2001,sp,m,65+,1,Smear Positive
Samoa,2001,sp,f,0-14,0,Smear Positive
Samoa,2001,sp,f,15-24,1,Smear Positive
Samoa,2001,sp,f,25-34,1,Smear Positive
Samoa,2001,sp,f,35-44,2,Smear Positive
Samoa,2001,sp,f,45-54,1,Smear Positive
Samoa,2001,sp,f,55-64,1,Smear Positive
Samoa,2001,sp,f,65+,1,Smear Positive
Samoa,2002,sp,m,0-14,0,Smear Positive
Samoa,2002,sp,m,15-24,1,Smear Positive
Samoa,2002,sp,m,25-34,2,Smear Positive
Samoa,2002,sp,m,35-44,0,Smear Positive
Samoa,2002,sp,m,45-54,1,Smear Positive
Samoa,2002,sp,m,55-64,1,Smear Positive
Samoa,2002,sp,m,65+,1,Smear Positive
Samoa,2002,sp,f,0-14,1,Smear Positive
Samoa,2002,sp,f,15-24,4,Smear Positive
Samoa,2002,sp,f,25-34,5,Smear Positive
Samoa,2002,sp,f,35-44,0,Smear Positive
Samoa,2002,sp,f,45-54,2,Smear Positive
Samoa,2002,sp,f,55-64,0,Smear Positive
Samoa,2002,sp,f,65+,0,Smear Positive
Samoa,2003,sp,m,15-24,2,Smear Positive
Samoa,2003,sp,m,55-64,1,Smear Positive
Samoa,2003,sp,f,15-24,2,Smear Positive
Samoa,2003,sp,f,25-34,2,Smear Positive
Samoa,2003,sp,f,35-44,2,Smear Positive
Samoa,2003,sp,f,55-64,2,Smear Positive
Samoa,2003,sp,f,65+,1,Smear Positive
Samoa,2005,sp,m,0-14,0,Smear Positive
Samoa,2005,sp,m,15-24,4,Smear Positive
Samoa,2005,sp,m,25-34,0,Smear Positive
Samoa,2005,sp,m,35-44,1,Smear Positive
Samoa,2005,sp,m,45-54,1,Smear Positive
Samoa,2005,sp,m,55-64,0,Smear Positive
Samoa,2005,sp,m,65+,0,Smear Positive
Samoa,2005,sp,f,0-14,0,Smear Positive
Samoa,2005,sp,f,15-24,2,Smear Positive
Samoa,2005,sp,f,25-34,0,Smear Positive
Samoa,2005,sp,f,35-44,2,Smear Positive
Samoa,2005,sp,f,45-54,0,Smear Positive
Samoa,2005,sp,f,55-64,1,Smear Positive
Samoa,2005,sp,f,65+,0,Smear Positive
Samoa,2006,sp,m,15-24,3,Smear Positive
Samoa,2006,sp,m,25-34,2,Smear Positive
Samoa,2006,sp,m,35-44,1,Smear Positive
Samoa,2006,sp,m,45-54,1,Smear Positive
Samoa,2006,sp,m,55-64,1,Smear Positive
Samoa,2006,sp,m,65+,2,Smear Positive
Samoa,2006,sp,f,15-24,3,Smear Positive
Samoa,2006,sp,f,45-54,1,Smear Positive
Samoa,2006,sn,m,35-44,1,Smear Negative
Samoa,2006,sn,f,35-44,2,Smear Negative
Samoa,2006,sn,f,45-54,1,Smear Negative
Samoa,2006,sn,f,65+,1,Smear Negative
Samoa,2006,ep,m,35-44,1,Extrapulmonary
Samoa,2006,ep,m,55-64,1,Extrapulmonary
Samoa,2008,sp,m,0-14,0,Smear Positive
Samoa,2008,sp,m,15-24,1,Smear Positive
Samoa,2008,sp,m,25-34,0,Smear Positive
Samoa,2008,sp,m,35-44,0,Smear Positive
Samoa,2008,sp,m,45-54,0,Smear Positive
Samoa,2008,sp,m,55-64,1,Smear Positive
Samoa,2008,sp,m,65+,0,Smear Positive
Samoa,2008,sp,f,0-14,0,Smear Positive
Samoa,2008,sp,f,15-24,1,Smear Positive
Samoa,2008,sp,f,25-34,1,Smear Positive
Samoa,2008,sp,f,35-44,1,Smear Positive
Samoa,2008,sp,f,45-54,0,Smear Positive
Samoa,2008,sp,f,55-64,0,Smear Positive
Samoa,2008,sp,f,65+,1,Smear Positive
Samoa,2008,sn,m,0-14,0,Smear Negative
Samoa,2008,sn,m,15-24,0,Smear Negative
Samoa,2008,sn,m,25-34,1,Smear Negative
Samoa,2008,sn,m,35-44,0,Smear Negative
Samoa,2008,sn,m,45-54,1,Smear Negative
Samoa,2008,sn,m,55-64,1,Smear Negative
Samoa,2008,sn,m,65+,1,Smear Negative
Samoa,2008,sn,f,0-14,0,Smear Negative
Samoa,2008,sn,f,15-24,0,Smear Negative
Samoa,2008,sn,f,25-34,0,Smear Negative
Samoa,2008,sn,f,35-44,1,Smear Negative
Samoa,2008,sn,f,45-54,0,Smear Negative
Samoa,2008,sn,f,55-64,0,Smear Negative
Samoa,2008,sn,f,65+,0,Smear Negative
Samoa,2008,ep,m,0-14,0,Extrapulmonary
Samoa,2008,ep,m,15-24,0,Extrapulmonary
Samoa,2008,ep,m,25-34,0,Extrapulmonary
Samoa,2008,ep,m,35-44,1,Extrapulmonary
Samoa,2008,ep,m,45-54,0,Extrapulmonary
Samoa,2008,ep,m,55-64,1,Extrapulmonary
Samoa,2008,ep,m,65+,0,Extrapulmonary
Samoa,2008,ep,f,0-14,0,Extrapulmonary
Samoa,2008,ep,f,15-24,0,Extrapulmonary
Samoa,2008,ep,f,25-34,0,Extrapulmonary
Samoa,2008,ep,f,35-44,0,Extrapulmonary
Samoa,2008,ep,f,45-54,0,Extrapulmonary
Samoa,2008,ep,f,55-64,0,Extrapulmonary
Samoa,2008,ep,f,65+,0,Extrapulmonary
Samoa,2009,sp,m,35-44,1,Smear Positive
Samoa,2009,sp,m,55-64,111,Smear Positive
Samoa,2009,sp,m,65+,111,Smear Positive
Samoa,2009,sp,f,35-44,1,Smear Positive
Samoa,2009,sp,f,45-54,11,Smear Positive
Samoa,2009,sp,f,55-64,11,Smear Positive
Samoa,2009,sp,f,65+,1111,Smear Positive
Samoa,2009,sn,m,0-14,0,Smear Negative
Samoa,2009,sn,m,15-24,0,Smear Negative
Samoa,2009,sn,m,25-34,0,Smear Negative
Samoa,2009,sn,m,35-44,0,Smear Negative
Samoa,2009,sn,m,45-54,0,Smear Negative
Samoa,2009,sn,m,55-64,0,Smear Negative
Samoa,2009,sn,m,65+,1,Smear Negative
Samoa,2009,sn,f,0-14,0,Smear Negative
Samoa,2009,sn,f,15-24,1,Smear Negative
Samoa,2009,sn,f,25-34,0,Smear Negative
Samoa,2009,sn,f,35-44,0,Smear Negative
Samoa,2009,sn,f,45-54,0,Smear Negative
Samoa,2009,sn,f,55-64,1,Smear Negative
Samoa,2009,sn,f,65+,3,Smear Negative
Samoa,2009,ep,m,0-14,0,Extrapulmonary
Samoa,2009,ep,m,15-24,0,Extrapulmonary
Samoa,2009,ep,m,25-34,0,Extrapulmonary
Samoa,2009,ep,m,35-44,0,Extrapulmonary
Samoa,2009,ep,m,45-54,0,Extrapulmonary
Samoa,2009,ep,m,55-64,1,Extrapulmonary
Samoa,2009,ep,m,65+,0,Extrapulmonary
Samoa,2009,ep,f,0-14,0,Extrapulmonary
Samoa,2009,ep,f,15-24,1,Extrapulmonary
Samoa,2009,ep,f,25-34,0,Extrapulmonary
Samoa,2009,ep,f,35-44,0,Extrapulmonary
Samoa,2009,ep,f,45-54,0,Extrapulmonary
Samoa,2009,ep,f,55-64,0,Extrapulmonary
Samoa,2009,ep,f,65+,1,Extrapulmonary
Samoa,2010,sp,m,15-24,1,Smear Positive
Samoa,2010,sp,m,25-34,1,Smear Positive
Samoa,2010,sp,m,55-64,1,Smear Positive
Samoa,2010,sp,f,35-44,2,Smear Positive
Samoa,2010,sp,f,55-64,1,Smear Positive
Samoa,2010,sn,m,15-24,1,Smear Negative
Samoa,2010,sn,m,25-34,1,Smear Negative
Samoa,2010,sn,f,45-54,2,Smear Negative
Samoa,2010,sn,f,55-64,1,Smear Negative
Samoa,2010,ep,m,55-64,1,Extrapulmonary
Samoa,2010,ep,f,25-34,1,Extrapulmonary
Samoa,2010,ep,f,45-54,1,Extrapulmonary
Samoa,2011,sp,m,0-14,0,Smear Positive
Samoa,2011,sp,m,15-24,1,Smear Positive
Samoa,2011,sp,m,25-34,0,Smear Positive
Samoa,2011,sp,m,35-44,0,Smear Positive
Samoa,2011,sp,m,45-54,0,Smear Positive
Samoa,2011,sp,m,55-64,0,Smear Positive
Samoa,2011,sp,m,65+,0,Smear Positive
Samoa,2011,sp,f,0-14,0,Smear Positive
Samoa,2011,sp,f,15-24,2,Smear Positive
Samoa,2011,sp,f,25-34,1,Smear Positive
Samoa,2011,sp,f,35-44,0,Smear Positive
Samoa,2011,sp,f,45-54,1,Smear Positive
Samoa,2011,sp,f,55-64,0,Smear Positive
Samoa,2011,sp,f,65+,1,Smear Positive
Samoa,2011,sn,m,0-14,1,Smear Negative
Samoa,2011,sn,m,15-24,0,Smear Negative
Samoa,2011,sn,m,25-34,0,Smear Negative
Samoa,2011,sn,m,35-44,0,Smear Negative
Samoa,2011,sn,m,45-54,1,Smear Negative
Samoa,2011,sn,m,55-64,1,Smear Negative
Samoa,2011,sn,m,65+,5,Smear Negative
Samoa,2011,sn,f,0-14,0,Smear Negative
Samoa,2011,sn,f,15-24,1,Smear Negative
Samoa,2011,sn,f,25-34,1,Smear Negative
Samoa,2011,sn,f,35-44,0,Smear Negative
Samoa,2011,sn,f,45-54,0,Smear Negative
Samoa,2011,sn,f,55-64,0,Smear Negative
Samoa,2011,sn,f,65+,0,Smear Negative
Samoa,2011,ep,m,0-14,0,Extrapulmonary
Samoa,2011,ep,m,15-24,0,Extrapulmonary
Samoa,2011,ep,m,25-34,0,Extrapulmonary
Samoa,2011,ep,m,35-44,0,Extrapulmonary
Samoa,2011,ep,m,45-54,1,Extrapulmonary
Samoa,2011,ep,m,55-64,0,Extrapulmonary
Samoa,2011,ep,m,65+,1,Extrapulmonary
Samoa,2011,ep,f,0-14,0,Extrapulmonary
Samoa,2011,ep,f,15-24,0,Extrapulmonary
Samoa,2011,ep,f,25-34,0,Extrapulmonary
Samoa,2011,ep,f,35-44,0,Extrapulmonary
Samoa,2011,ep,f,45-54,0,Extrapulmonary
Samoa,2011,ep,f,55-64,0,Extrapulmonary
Samoa,2011,ep,f,65+,0,Extrapulmonary
Samoa,2012,sp,m,0-14,0,Smear Positive
Samoa,2012,sp,m,15-24,4,Smear Positive
Samoa,2012,sp,m,25-34,3,Smear Positive
Samoa,2012,sp,m,35-44,1,Smear Positive
Samoa,2012,sp,m,45-54,1,Smear Positive
Samoa,2012,sp,m,55-64,1,Smear Positive
Samoa,2012,sp,m,65+,0,Smear Positive
Samoa,2012,sp,f,0-14,1,Smear Positive
Samoa,2012,sp,f,15-24,1,Smear Positive
Samoa,2012,sp,f,25-34,0,Smear Positive
Samoa,2012,sp,f,35-44,1,Smear Positive
Samoa,2012,sp,f,45-54,1,Smear Positive
Samoa,2012,sp,f,55-64,0,Smear Positive
Samoa,2012,sp,f,65+,1,Smear Positive
Samoa,2012,sn,m,0-14,0,Smear Negative
Samoa,2012,sn,m,15-24,1,Smear Negative
Samoa,2012,sn,m,25-34,1,Smear Negative
Samoa,2012,sn,m,35-44,0,Smear Negative
Samoa,2012,sn,m,45-54,0,Smear Negative
Samoa,2012,sn,m,55-64,1,Smear Negative
Samoa,2012,sn,m,65+,0,Smear Negative
Samoa,2012,sn,f,0-14,0,Smear Negative
Samoa,2012,sn,f,15-24,0,Smear Negative
Samoa,2012,sn,f,25-34,0,Smear Negative
Samoa,2012,sn,f,35-44,0,Smear Negative
Samoa,2012,sn,f,45-54,0,Smear Negative
Samoa,2012,sn,f,55-64,0,Smear Negative
Samoa,2012,sn,f,65+,0,Smear Negative
Samoa,2012,ep,m,0-14,0,Extrapulmonary
Samoa,2012,ep,m,15-24,0,Extrapulmonary
Samoa,2012,ep,m,25-34,0,Extrapulmonary
Samoa,2012,ep,m,35-44,1,Extrapulmonary
Samoa,2012,ep,m,45-54,1,Extrapulmonary
Samoa,2012,ep,m,55-64,0,Extrapulmonary
Samoa,2012,ep,m,65+,0,Extrapulmonary
Samoa,2012,ep,f,0-14,0,Extrapulmonary
Samoa,2012,ep,f,15-24,0,Extrapulmonary
Samoa,2012,ep,f,25-34,0,Extrapulmonary
Samoa,2012,ep,f,35-44,0,Extrapulmonary
Samoa,2012,ep,f,45-54,2,Extrapulmonary
Samoa,2012,ep,f,55-64,0,Extrapulmonary
Samoa,2012,ep,f,65+,0,Extrapulmonary
Samoa,2013,rel,m,0-14,3,Relapse
Samoa,2013,rel,m,15-24,1,Relapse
Samoa,2013,rel,m,25-34,2,Relapse
Samoa,2013,rel,m,35-44,1,Relapse
Samoa,2013,rel,m,45-54,3,Relapse
Samoa,2013,rel,m,55-64,3,Relapse
Samoa,2013,rel,m,65+,3,Relapse
Samoa,2013,rel,f,0-14,0,Relapse
Samoa,2013,rel,f,15-24,3,Relapse
Samoa,2013,rel,f,25-34,0,Relapse
Samoa,2013,rel,f,35-44,0,Relapse
Samoa,2013,rel,f,45-54,0,Relapse
Samoa,2013,rel,f,55-64,1,Relapse
Samoa,2013,rel,f,65+,2,Relapse
San Marino,1997,sp,f,0-14,0,Smear Positive
San Marino,1997,sp,f,15-24,0,Smear Positive
San Marino,1997,sp,f,25-34,1,Smear Positive
San Marino,1997,sp,f,35-44,0,Smear Positive
San Marino,1997,sp,f,45-54,0,Smear Positive
San Marino,1997,sp,f,55-64,0,Smear Positive
San Marino,1997,sp,f,65+,0,Smear Positive
San Marino,2000,sp,m,65+,1,Smear Positive
San Marino,2003,sp,m,0-14,0,Smear Positive
San Marino,2003,sp,m,15-24,0,Smear Positive
San Marino,2003,sp,m,25-34,0,Smear Positive
San Marino,2003,sp,m,35-44,0,Smear Positive
San Marino,2003,sp,m,45-54,0,Smear Positive
San Marino,2003,sp,m,55-64,0,Smear Positive
San Marino,2003,sp,m,65+,0,Smear Positive
San Marino,2003,sp,f,0-14,0,Smear Positive
San Marino,2003,sp,f,15-24,0,Smear Positive
San Marino,2003,sp,f,25-34,0,Smear Positive
San Marino,2003,sp,f,35-44,0,Smear Positive
San Marino,2003,sp,f,45-54,0,Smear Positive
San Marino,2003,sp,f,55-64,0,Smear Positive
San Marino,2003,sp,f,65+,0,Smear Positive
San Marino,2004,sp,m,0-14,0,Smear Positive
San Marino,2004,sp,m,15-24,0,Smear Positive
San Marino,2004,sp,m,25-34,0,Smear Positive
San Marino,2004,sp,m,35-44,0,Smear Positive
San Marino,2004,sp,m,45-54,0,Smear Positive
San Marino,2004,sp,m,55-64,0,Smear Positive
San Marino,2004,sp,m,65+,0,Smear Positive
San Marino,2004,sp,f,0-14,0,Smear Positive
San Marino,2004,sp,f,15-24,0,Smear Positive
San Marino,2004,sp,f,25-34,0,Smear Positive
San Marino,2004,sp,f,35-44,0,Smear Positive
San Marino,2004,sp,f,45-54,0,Smear Positive
San Marino,2004,sp,f,55-64,0,Smear Positive
San Marino,2004,sp,f,65+,0,Smear Positive
Sao Tome and Principe,2000,sp,m,0-14,1,Smear Positive
Sao Tome and Principe,2000,sp,m,15-24,5,Smear Positive
Sao Tome and Principe,2000,sp,m,25-34,11,Smear Positive
Sao Tome and Principe,2000,sp,m,35-44,4,Smear Positive
Sao Tome and Principe,2000,sp,m,45-54,7,Smear Positive
Sao Tome and Principe,2000,sp,m,55-64,3,Smear Positive
Sao Tome and Principe,2000,sp,m,65+,10,Smear Positive
Sao Tome and Principe,2000,sp,f,0-14,3,Smear Positive
Sao Tome and Principe,2000,sp,f,15-24,7,Smear Positive
Sao Tome and Principe,2000,sp,f,25-34,15,Smear Positive
Sao Tome and Principe,2000,sp,f,35-44,5,Smear Positive
Sao Tome and Principe,2000,sp,f,45-54,7,Smear Positive
Sao Tome and Principe,2000,sp,f,55-64,4,Smear Positive
Sao Tome and Principe,2000,sp,f,65+,15,Smear Positive
Sao Tome and Principe,2001,sp,m,0-14,0,Smear Positive
Sao Tome and Principe,2001,sp,m,15-24,7,Smear Positive
Sao Tome and Principe,2001,sp,m,25-34,14,Smear Positive
Sao Tome and Principe,2001,sp,m,35-44,6,Smear Positive
Sao Tome and Principe,2001,sp,m,45-54,6,Smear Positive
Sao Tome and Principe,2001,sp,m,55-64,5,Smear Positive
Sao Tome and Principe,2001,sp,m,65+,12,Smear Positive
Sao Tome and Principe,2001,sp,f,0-14,1,Smear Positive
Sao Tome and Principe,2001,sp,f,15-24,4,Smear Positive
Sao Tome and Principe,2001,sp,f,25-34,10,Smear Positive
Sao Tome and Principe,2001,sp,f,35-44,4,Smear Positive
Sao Tome and Principe,2001,sp,f,45-54,8,Smear Positive
Sao Tome and Principe,2001,sp,f,55-64,6,Smear Positive
Sao Tome and Principe,2001,sp,f,65+,14,Smear Positive
Sao Tome and Principe,2002,sp,m,0-14,1,Smear Positive
Sao Tome and Principe,2002,sp,m,15-24,7,Smear Positive
Sao Tome and Principe,2002,sp,m,25-34,6,Smear Positive
Sao Tome and Principe,2002,sp,m,35-44,2,Smear Positive
Sao Tome and Principe,2002,sp,m,45-54,2,Smear Positive
Sao Tome and Principe,2002,sp,m,55-64,2,Smear Positive
Sao Tome and Principe,2002,sp,m,65+,2,Smear Positive
Sao Tome and Principe,2002,sp,f,0-14,0,Smear Positive
Sao Tome and Principe,2002,sp,f,15-24,6,Smear Positive
Sao Tome and Principe,2002,sp,f,25-34,5,Smear Positive
Sao Tome and Principe,2002,sp,f,35-44,2,Smear Positive
Sao Tome and Principe,2002,sp,f,45-54,3,Smear Positive
Sao Tome and Principe,2002,sp,f,55-64,2,Smear Positive
Sao Tome and Principe,2002,sp,f,65+,2,Smear Positive
Sao Tome and Principe,2003,sp,m,0-14,1,Smear Positive
Sao Tome and Principe,2003,sp,m,15-24,2,Smear Positive
Sao Tome and Principe,2003,sp,m,25-34,4,Smear Positive
Sao Tome and Principe,2003,sp,m,35-44,5,Smear Positive
Sao Tome and Principe,2003,sp,m,45-54,3,Smear Positive
Sao Tome and Principe,2003,sp,m,55-64,0,Smear Positive
Sao Tome and Principe,2003,sp,m,65+,1,Smear Positive
Sao Tome and Principe,2003,sp,f,0-14,0,Smear Positive
Sao Tome and Principe,2003,sp,f,15-24,3,Smear Positive
Sao Tome and Principe,2003,sp,f,25-34,7,Smear Positive
Sao Tome and Principe,2003,sp,f,35-44,8,Smear Positive
Sao Tome and Principe,2003,sp,f,45-54,1,Smear Positive
Sao Tome and Principe,2003,sp,f,55-64,0,Smear Positive
Sao Tome and Principe,2003,sp,f,65+,0,Smear Positive
Sao Tome and Principe,2004,sp,m,0-14,3,Smear Positive
Sao Tome and Principe,2004,sp,m,15-24,5,Smear Positive
Sao Tome and Principe,2004,sp,m,25-34,7,Smear Positive
Sao Tome and Principe,2004,sp,m,35-44,6,Smear Positive
Sao Tome and Principe,2004,sp,m,45-54,5,Smear Positive
Sao Tome and Principe,2004,sp,m,55-64,2,Smear Positive
Sao Tome and Principe,2004,sp,m,65+,3,Smear Positive
Sao Tome and Principe,2004,sp,f,0-14,1,Smear Positive
Sao Tome and Principe,2004,sp,f,15-24,4,Smear Positive
Sao Tome and Principe,2004,sp,f,25-34,5,Smear Positive
Sao Tome and Principe,2004,sp,f,35-44,5,Smear Positive
Sao Tome and Principe,2004,sp,f,45-54,2,Smear Positive
Sao Tome and Principe,2004,sp,f,55-64,1,Smear Positive
Sao Tome and Principe,2004,sp,f,65+,1,Smear Positive
Sao Tome and Principe,2005,sp,m,0-14,2,Smear Positive
Sao Tome and Principe,2005,sp,m,15-24,5,Smear Positive
Sao Tome and Principe,2005,sp,m,25-34,7,Smear Positive
Sao Tome and Principe,2005,sp,m,35-44,6,Smear Positive
Sao Tome and Principe,2005,sp,m,45-54,4,Smear Positive
Sao Tome and Principe,2005,sp,m,55-64,5,Smear Positive
Sao Tome and Principe,2005,sp,m,65+,2,Smear Positive
Sao Tome and Principe,2005,sp,f,0-14,1,Smear Positive
Sao Tome and Principe,2005,sp,f,15-24,4,Smear Positive
Sao Tome and Principe,2005,sp,f,25-34,5,Smear Positive
Sao Tome and Principe,2005,sp,f,35-44,3,Smear Positive
Sao Tome and Principe,2005,sp,f,45-54,2,Smear Positive
Sao Tome and Principe,2005,sp,f,55-64,3,Smear Positive
Sao Tome and Principe,2005,sp,f,65+,0,Smear Positive
Sao Tome and Principe,2006,sp,m,0-14,0,Smear Positive
Sao Tome and Principe,2006,sp,m,15-24,5,Smear Positive
Sao Tome and Principe,2006,sp,m,25-34,8,Smear Positive
Sao Tome and Principe,2006,sp,m,35-44,4,Smear Positive
Sao Tome and Principe,2006,sp,m,45-54,2,Smear Positive
Sao Tome and Principe,2006,sp,m,55-64,1,Smear Positive
Sao Tome and Principe,2006,sp,m,65+,2,Smear Positive
Sao Tome and Principe,2006,sp,f,0-14,1,Smear Positive
Sao Tome and Principe,2006,sp,f,15-24,4,Smear Positive
Sao Tome and Principe,2006,sp,f,25-34,7,Smear Positive
Sao Tome and Principe,2006,sp,f,35-44,0,Smear Positive
Sao Tome and Principe,2006,sp,f,45-54,0,Smear Positive
Sao Tome and Principe,2006,sp,f,55-64,1,Smear Positive
Sao Tome and Principe,2006,sp,f,65+,1,Smear Positive
Sao Tome and Principe,2006,sn,m,0-14,3,Smear Negative
Sao Tome and Principe,2006,sn,m,15-24,10,Smear Negative
Sao Tome and Principe,2006,sn,m,25-34,25,Smear Negative
Sao Tome and Principe,2006,sn,m,35-44,16,Smear Negative
Sao Tome and Principe,2006,sn,m,45-54,8,Smear Negative
Sao Tome and Principe,2006,sn,m,55-64,5,Smear Negative
Sao Tome and Principe,2006,sn,m,65+,2,Smear Negative
Sao Tome and Principe,2006,sn,f,0-14,2,Smear Negative
Sao Tome and Principe,2006,sn,f,15-24,8,Smear Negative
Sao Tome and Principe,2006,sn,f,25-34,15,Smear Negative
Sao Tome and Principe,2006,sn,f,35-44,11,Smear Negative
Sao Tome and Principe,2006,sn,f,45-54,6,Smear Negative
Sao Tome and Principe,2006,sn,f,55-64,4,Smear Negative
Sao Tome and Principe,2006,sn,f,65+,1,Smear Negative
Sao Tome and Principe,2006,ep,m,0-14,0,Extrapulmonary
Sao Tome and Principe,2006,ep,m,15-24,0,Extrapulmonary
Sao Tome and Principe,2006,ep,m,25-34,0,Extrapulmonary
Sao Tome and Principe,2006,ep,m,35-44,0,Extrapulmonary
Sao Tome and Principe,2006,ep,m,45-54,0,Extrapulmonary
Sao Tome and Principe,2006,ep,m,55-64,0,Extrapulmonary
Sao Tome and Principe,2006,ep,m,65+,0,Extrapulmonary
Sao Tome and Principe,2006,ep,f,0-14,0,Extrapulmonary
Sao Tome and Principe,2006,ep,f,15-24,0,Extrapulmonary
Sao Tome and Principe,2006,ep,f,25-34,0,Extrapulmonary
Sao Tome and Principe,2006,ep,f,35-44,1,Extrapulmonary
Sao Tome and Principe,2006,ep,f,45-54,0,Extrapulmonary
Sao Tome and Principe,2006,ep,f,55-64,0,Extrapulmonary
Sao Tome and Principe,2006,ep,f,65+,0,Extrapulmonary
Sao Tome and Principe,2007,sp,m,0-14,0,Smear Positive
Sao Tome and Principe,2007,sp,m,15-24,4,Smear Positive
Sao Tome and Principe,2007,sp,m,25-34,12,Smear Positive
Sao Tome and Principe,2007,sp,m,35-44,8,Smear Positive
Sao Tome and Principe,2007,sp,m,45-54,4,Smear Positive
Sao Tome and Principe,2007,sp,m,55-64,4,Smear Positive
Sao Tome and Principe,2007,sp,m,65+,0,Smear Positive
Sao Tome and Principe,2007,sp,f,0-14,0,Smear Positive
Sao Tome and Principe,2007,sp,f,15-24,9,Smear Positive
Sao Tome and Principe,2007,sp,f,25-34,6,Smear Positive
Sao Tome and Principe,2007,sp,f,35-44,3,Smear Positive
Sao Tome and Principe,2007,sp,f,45-54,3,Smear Positive
Sao Tome and Principe,2007,sp,f,55-64,5,Smear Positive
Sao Tome and Principe,2007,sp,f,65+,0,Smear Positive
Sao Tome and Principe,2007,sn,m,0-14,0,Smear Negative
Sao Tome and Principe,2007,sn,m,15-24,1,Smear Negative
Sao Tome and Principe,2007,sn,m,25-34,2,Smear Negative
Sao Tome and Principe,2007,sn,m,35-44,3,Smear Negative
Sao Tome and Principe,2007,sn,m,45-54,3,Smear Negative
Sao Tome and Principe,2007,sn,m,55-64,4,Smear Negative
Sao Tome and Principe,2007,sn,m,65+,1,Smear Negative
Sao Tome and Principe,2007,sn,f,0-14,0,Smear Negative
Sao Tome and Principe,2007,sn,f,15-24,3,Smear Negative
Sao Tome and Principe,2007,sn,f,25-34,1,Smear Negative
Sao Tome and Principe,2007,sn,f,35-44,5,Smear Negative
Sao Tome and Principe,2007,sn,f,45-54,3,Smear Negative
Sao Tome and Principe,2007,sn,f,55-64,0,Smear Negative
Sao Tome and Principe,2007,sn,f,65+,1,Smear Negative
Sao Tome and Principe,2007,ep,m,0-14,0,Extrapulmonary
Sao Tome and Principe,2007,ep,m,15-24,0,Extrapulmonary
Sao Tome and Principe,2007,ep,m,25-34,0,Extrapulmonary
Sao Tome and Principe,2007,ep,m,35-44,0,Extrapulmonary
Sao Tome and Principe,2007,ep,m,45-54,0,Extrapulmonary
Sao Tome and Principe,2007,ep,m,55-64,0,Extrapulmonary
Sao Tome and Principe,2007,ep,m,65+,0,Extrapulmonary
Sao Tome and Principe,2007,ep,f,0-14,0,Extrapulmonary
Sao Tome and Principe,2007,ep,f,15-24,0,Extrapulmonary
Sao Tome and Principe,2007,ep,f,25-34,0,Extrapulmonary
Sao Tome and Principe,2007,ep,f,35-44,1,Extrapulmonary
Sao Tome and Principe,2007,ep,f,45-54,0,Extrapulmonary
Sao Tome and Principe,2007,ep,f,55-64,1,Extrapulmonary
Sao Tome and Principe,2007,ep,f,65+,0,Extrapulmonary
Sao Tome and Principe,2008,sp,m,0-14,1,Smear Positive
Sao Tome and Principe,2008,sp,m,15-24,5,Smear Positive
Sao Tome and Principe,2008,sp,m,25-34,13,Smear Positive
Sao Tome and Principe,2008,sp,m,35-44,5,Smear Positive
Sao Tome and Principe,2008,sp,m,45-54,6,Smear Positive
Sao Tome and Principe,2008,sp,m,55-64,1,Smear Positive
Sao Tome and Principe,2008,sp,m,65+,0,Smear Positive
Sao Tome and Principe,2008,sp,f,0-14,2,Smear Positive
Sao Tome and Principe,2008,sp,f,15-24,5,Smear Positive
Sao Tome and Principe,2008,sp,f,25-34,6,Smear Positive
Sao Tome and Principe,2008,sp,f,35-44,6,Smear Positive
Sao Tome and Principe,2008,sp,f,45-54,2,Smear Positive
Sao Tome and Principe,2008,sp,f,55-64,0,Smear Positive
Sao Tome and Principe,2008,sp,f,65+,0,Smear Positive
Sao Tome and Principe,2008,sn,m,0-14,0,Smear Negative
Sao Tome and Principe,2008,sn,m,15-24,0,Smear Negative
Sao Tome and Principe,2008,sn,m,25-34,4,Smear Negative
Sao Tome and Principe,2008,sn,m,35-44,1,Smear Negative
Sao Tome and Principe,2008,sn,m,45-54,1,Smear Negative
Sao Tome and Principe,2008,sn,m,55-64,0,Smear Negative
Sao Tome and Principe,2008,sn,m,65+,0,Smear Negative
Sao Tome and Principe,2008,sn,f,0-14,1,Smear Negative
Sao Tome and Principe,2008,sn,f,15-24,1,Smear Negative
Sao Tome and Principe,2008,sn,f,25-34,1,Smear Negative
Sao Tome and Principe,2008,sn,f,35-44,1,Smear Negative
Sao Tome and Principe,2008,sn,f,45-54,1,Smear Negative
Sao Tome and Principe,2008,sn,f,55-64,0,Smear Negative
Sao Tome and Principe,2008,sn,f,65+,0,Smear Negative
Sao Tome and Principe,2008,ep,m,0-14,0,Extrapulmonary
Sao Tome and Principe,2008,ep,m,15-24,0,Extrapulmonary
Sao Tome and Principe,2008,ep,m,25-34,0,Extrapulmonary
Sao Tome and Principe,2008,ep,m,35-44,0,Extrapulmonary
Sao Tome and Principe,2008,ep,m,45-54,0,Extrapulmonary
Sao Tome and Principe,2008,ep,m,55-64,0,Extrapulmonary
Sao Tome and Principe,2008,ep,m,65+,0,Extrapulmonary
Sao Tome and Principe,2008,ep,f,0-14,0,Extrapulmonary
Sao Tome and Principe,2008,ep,f,15-24,0,Extrapulmonary
Sao Tome and Principe,2008,ep,f,25-34,0,Extrapulmonary
Sao Tome and Principe,2008,ep,f,35-44,0,Extrapulmonary
Sao Tome and Principe,2008,ep,f,45-54,0,Extrapulmonary
Sao Tome and Principe,2008,ep,f,55-64,0,Extrapulmonary
Sao Tome and Principe,2008,ep,f,65+,0,Extrapulmonary
Sao Tome and Principe,2009,sp,m,0-14,0,Smear Positive
Sao Tome and Principe,2009,sp,m,15-24,2,Smear Positive
Sao Tome and Principe,2009,sp,m,25-34,10,Smear Positive
Sao Tome and Principe,2009,sp,m,35-44,8,Smear Positive
Sao Tome and Principe,2009,sp,m,45-54,4,Smear Positive
Sao Tome and Principe,2009,sp,m,55-64,6,Smear Positive
Sao Tome and Principe,2009,sp,m,65+,0,Smear Positive
Sao Tome and Principe,2009,sp,f,0-14,1,Smear Positive
Sao Tome and Principe,2009,sp,f,15-24,4,Smear Positive
Sao Tome and Principe,2009,sp,f,25-34,10,Smear Positive
Sao Tome and Principe,2009,sp,f,35-44,4,Smear Positive
Sao Tome and Principe,2009,sp,f,45-54,2,Smear Positive
Sao Tome and Principe,2009,sp,f,55-64,1,Smear Positive
Sao Tome and Principe,2009,sp,f,65+,0,Smear Positive
Sao Tome and Principe,2009,sn,m,0-14,2,Smear Negative
Sao Tome and Principe,2009,sn,m,15-24,0,Smear Negative
Sao Tome and Principe,2009,sn,m,25-34,2,Smear Negative
Sao Tome and Principe,2009,sn,m,35-44,1,Smear Negative
Sao Tome and Principe,2009,sn,m,45-54,3,Smear Negative
Sao Tome and Principe,2009,sn,m,55-64,1,Smear Negative
Sao Tome and Principe,2009,sn,m,65+,1,Smear Negative
Sao Tome and Principe,2009,sn,f,0-14,0,Smear Negative
Sao Tome and Principe,2009,sn,f,15-24,1,Smear Negative
Sao Tome and Principe,2009,sn,f,25-34,2,Smear Negative
Sao Tome and Principe,2009,sn,f,35-44,3,Smear Negative
Sao Tome and Principe,2009,sn,f,45-54,2,Smear Negative
Sao Tome and Principe,2009,sn,f,55-64,2,Smear Negative
Sao Tome and Principe,2009,sn,f,65+,0,Smear Negative
Sao Tome and Principe,2009,ep,m,0-14,0,Extrapulmonary
Sao Tome and Principe,2009,ep,m,15-24,1,Extrapulmonary
Sao Tome and Principe,2009,ep,m,25-34,1,Extrapulmonary
Sao Tome and Principe,2009,ep,m,35-44,0,Extrapulmonary
Sao Tome and Principe,2009,ep,m,45-54,0,Extrapulmonary
Sao Tome and Principe,2009,ep,m,55-64,0,Extrapulmonary
Sao Tome and Principe,2009,ep,m,65+,0,Extrapulmonary
Sao Tome and Principe,2009,ep,f,0-14,0,Extrapulmonary
Sao Tome and Principe,2009,ep,f,15-24,0,Extrapulmonary
Sao Tome and Principe,2009,ep,f,25-34,2,Extrapulmonary
Sao Tome and Principe,2009,ep,f,35-44,0,Extrapulmonary
Sao Tome and Principe,2009,ep,f,45-54,0,Extrapulmonary
Sao Tome and Principe,2009,ep,f,55-64,0,Extrapulmonary
Sao Tome and Principe,2009,ep,f,65+,0,Extrapulmonary
Sao Tome and Principe,2010,sp,m,0-14,0,Smear Positive
Sao Tome and Principe,2010,sp,m,15-24,10,Smear Positive
Sao Tome and Principe,2010,sp,m,25-34,14,Smear Positive
Sao Tome and Principe,2010,sp,m,35-44,7,Smear Positive
Sao Tome and Principe,2010,sp,m,45-54,1,Smear Positive
Sao Tome and Principe,2010,sp,m,55-64,0,Smear Positive
Sao Tome and Principe,2010,sp,m,65+,1,Smear Positive
Sao Tome and Principe,2010,sp,f,0-14,0,Smear Positive
Sao Tome and Principe,2010,sp,f,15-24,5,Smear Positive
Sao Tome and Principe,2010,sp,f,25-34,4,Smear Positive
Sao Tome and Principe,2010,sp,f,35-44,3,Smear Positive
Sao Tome and Principe,2010,sp,f,45-54,2,Smear Positive
Sao Tome and Principe,2010,sp,f,55-64,0,Smear Positive
Sao Tome and Principe,2010,sp,f,65+,0,Smear Positive
Sao Tome and Principe,2010,sn,m,0-14,6,Smear Negative
Sao Tome and Principe,2010,sn,m,15-24,3,Smear Negative
Sao Tome and Principe,2010,sn,m,25-34,11,Smear Negative
Sao Tome and Principe,2010,sn,m,35-44,6,Smear Negative
Sao Tome and Principe,2010,sn,m,45-54,7,Smear Negative
Sao Tome and Principe,2010,sn,m,55-64,2,Smear Negative
Sao Tome and Principe,2010,sn,m,65+,4,Smear Negative
Sao Tome and Principe,2010,sn,f,0-14,2,Smear Negative
Sao Tome and Principe,2010,sn,f,15-24,5,Smear Negative
Sao Tome and Principe,2010,sn,f,25-34,10,Smear Negative
Sao Tome and Principe,2010,sn,f,35-44,3,Smear Negative
Sao Tome and Principe,2010,sn,f,45-54,2,Smear Negative
Sao Tome and Principe,2010,sn,f,55-64,0,Smear Negative
Sao Tome and Principe,2010,sn,f,65+,2,Smear Negative
Sao Tome and Principe,2010,ep,m,0-14,1,Extrapulmonary
Sao Tome and Principe,2010,ep,m,15-24,1,Extrapulmonary
Sao Tome and Principe,2010,ep,m,25-34,2,Extrapulmonary
Sao Tome and Principe,2010,ep,m,35-44,0,Extrapulmonary
Sao Tome and Principe,2010,ep,m,45-54,1,Extrapulmonary
Sao Tome and Principe,2010,ep,m,55-64,0,Extrapulmonary
Sao Tome and Principe,2010,ep,m,65+,0,Extrapulmonary
Sao Tome and Principe,2010,ep,f,0-14,1,Extrapulmonary
Sao Tome and Principe,2010,ep,f,15-24,3,Extrapulmonary
Sao Tome and Principe,2010,ep,f,25-34,0,Extrapulmonary
Sao Tome and Principe,2010,ep,f,35-44,1,Extrapulmonary
Sao Tome and Principe,2010,ep,f,45-54,0,Extrapulmonary
Sao Tome and Principe,2010,ep,f,55-64,0,Extrapulmonary
Sao Tome and Principe,2010,ep,f,65+,0,Extrapulmonary
Sao Tome and Principe,2011,sp,m,0-14,0,Smear Positive
Sao Tome and Principe,2011,sp,m,15-24,5,Smear Positive
Sao Tome and Principe,2011,sp,m,25-34,9,Smear Positive
Sao Tome and Principe,2011,sp,m,35-44,8,Smear Positive
Sao Tome and Principe,2011,sp,m,45-54,7,Smear Positive
Sao Tome and Principe,2011,sp,m,55-64,1,Smear Positive
Sao Tome and Principe,2011,sp,m,65+,4,Smear Positive
Sao Tome and Principe,2011,sp,f,0-14,2,Smear Positive
Sao Tome and Principe,2011,sp,f,15-24,2,Smear Positive
Sao Tome and Principe,2011,sp,f,25-34,10,Smear Positive
Sao Tome and Principe,2011,sp,f,35-44,4,Smear Positive
Sao Tome and Principe,2011,sp,f,45-54,1,Smear Positive
Sao Tome and Principe,2011,sp,f,55-64,0,Smear Positive
Sao Tome and Principe,2011,sp,f,65+,0,Smear Positive
Sao Tome and Principe,2011,sn,m,0-14,2,Smear Negative
Sao Tome and Principe,2011,sn,m,15-24,4,Smear Negative
Sao Tome and Principe,2011,sn,m,25-34,2,Smear Negative
Sao Tome and Principe,2011,sn,m,35-44,5,Smear Negative
Sao Tome and Principe,2011,sn,m,45-54,4,Smear Negative
Sao Tome and Principe,2011,sn,m,55-64,2,Smear Negative
Sao Tome and Principe,2011,sn,m,65+,5,Smear Negative
Sao Tome and Principe,2011,sn,f,0-14,0,Smear Negative
Sao Tome and Principe,2011,sn,f,15-24,3,Smear Negative
Sao Tome and Principe,2011,sn,f,25-34,5,Smear Negative
Sao Tome and Principe,2011,sn,f,35-44,5,Smear Negative
Sao Tome and Principe,2011,sn,f,45-54,4,Smear Negative
Sao Tome and Principe,2011,sn,f,55-64,3,Smear Negative
Sao Tome and Principe,2011,sn,f,65+,5,Smear Negative
Sao Tome and Principe,2011,ep,m,0-14,2,Extrapulmonary
Sao Tome and Principe,2011,ep,m,15-24,2,Extrapulmonary
Sao Tome and Principe,2011,ep,m,25-34,4,Extrapulmonary
Sao Tome and Principe,2011,ep,m,35-44,3,Extrapulmonary
Sao Tome and Principe,2011,ep,m,45-54,1,Extrapulmonary
Sao Tome and Principe,2011,ep,m,55-64,0,Extrapulmonary
Sao Tome and Principe,2011,ep,m,65+,0,Extrapulmonary
Sao Tome and Principe,2011,ep,f,0-14,1,Extrapulmonary
Sao Tome and Principe,2011,ep,f,15-24,2,Extrapulmonary
Sao Tome and Principe,2011,ep,f,25-34,4,Extrapulmonary
Sao Tome and Principe,2011,ep,f,35-44,0,Extrapulmonary
Sao Tome and Principe,2011,ep,f,45-54,3,Extrapulmonary
Sao Tome and Principe,2011,ep,f,55-64,4,Extrapulmonary
Sao Tome and Principe,2011,ep,f,65+,2,Extrapulmonary
Sao Tome and Principe,2012,sp,m,0-14,1,Smear Positive
Sao Tome and Principe,2012,sp,m,15-24,6,Smear Positive
Sao Tome and Principe,2012,sp,m,25-34,11,Smear Positive
Sao Tome and Principe,2012,sp,m,35-44,8,Smear Positive
Sao Tome and Principe,2012,sp,m,45-54,8,Smear Positive
Sao Tome and Principe,2012,sp,m,55-64,2,Smear Positive
Sao Tome and Principe,2012,sp,m,65+,0,Smear Positive
Sao Tome and Principe,2012,sp,f,0-14,0,Smear Positive
Sao Tome and Principe,2012,sp,f,15-24,6,Smear Positive
Sao Tome and Principe,2012,sp,f,25-34,10,Smear Positive
Sao Tome and Principe,2012,sp,f,35-44,6,Smear Positive
Sao Tome and Principe,2012,sp,f,45-54,0,Smear Positive
Sao Tome and Principe,2012,sp,f,55-64,0,Smear Positive
Sao Tome and Principe,2012,sp,f,65+,1,Smear Positive
Sao Tome and Principe,2012,sn,m,0-14,4,Smear Negative
Sao Tome and Principe,2012,sn,m,15-24,3,Smear Negative
Sao Tome and Principe,2012,sn,m,25-34,4,Smear Negative
Sao Tome and Principe,2012,sn,m,35-44,8,Smear Negative
Sao Tome and Principe,2012,sn,m,45-54,1,Smear Negative
Sao Tome and Principe,2012,sn,m,55-64,1,Smear Negative
Sao Tome and Principe,2012,sn,m,65+,1,Smear Negative
Sao Tome and Principe,2012,sn,f,0-14,4,Smear Negative
Sao Tome and Principe,2012,sn,f,15-24,0,Smear Negative
Sao Tome and Principe,2012,sn,f,25-34,4,Smear Negative
Sao Tome and Principe,2012,sn,f,35-44,4,Smear Negative
Sao Tome and Principe,2012,sn,f,45-54,2,Smear Negative
Sao Tome and Principe,2012,sn,f,55-64,0,Smear Negative
Sao Tome and Principe,2012,sn,f,65+,1,Smear Negative
Sao Tome and Principe,2012,ep,m,0-14,4,Extrapulmonary
Sao Tome and Principe,2012,ep,m,15-24,1,Extrapulmonary
Sao Tome and Principe,2012,ep,m,25-34,2,Extrapulmonary
Sao Tome and Principe,2012,ep,m,35-44,0,Extrapulmonary
Sao Tome and Principe,2012,ep,m,45-54,1,Extrapulmonary
Sao Tome and Principe,2012,ep,m,55-64,0,Extrapulmonary
Sao Tome and Principe,2012,ep,m,65+,1,Extrapulmonary
Sao Tome and Principe,2012,ep,f,0-14,2,Extrapulmonary
Sao Tome and Principe,2012,ep,f,15-24,1,Extrapulmonary
Sao Tome and Principe,2012,ep,f,25-34,1,Extrapulmonary
Sao Tome and Principe,2012,ep,f,35-44,0,Extrapulmonary
Sao Tome and Principe,2012,ep,f,45-54,1,Extrapulmonary
Sao Tome and Principe,2012,ep,f,55-64,1,Extrapulmonary
Sao Tome and Principe,2012,ep,f,65+,1,Extrapulmonary
Sao Tome and Principe,2013,rel,m,0-14,9,Relapse
Sao Tome and Principe,2013,rel,m,15-24,12,Relapse
Sao Tome and Principe,2013,rel,m,25-34,14,Relapse
Sao Tome and Principe,2013,rel,m,35-44,16,Relapse
Sao Tome and Principe,2013,rel,m,45-54,17,Relapse
Sao Tome and Principe,2013,rel,m,55-64,4,Relapse
Sao Tome and Principe,2013,rel,m,65+,8,Relapse
Sao Tome and Principe,2013,rel,f,0-14,9,Relapse
Sao Tome and Principe,2013,rel,f,15-24,10,Relapse
Sao Tome and Principe,2013,rel,f,25-34,9,Relapse
Sao Tome and Principe,2013,rel,f,35-44,15,Relapse
Sao Tome and Principe,2013,rel,f,45-54,9,Relapse
Sao Tome and Principe,2013,rel,f,55-64,9,Relapse
Sao Tome and Principe,2013,rel,f,65+,6,Relapse
Saudi Arabia,1998,sp,m,0-14,2,Smear Positive
Saudi Arabia,1998,sp,m,15-24,76,Smear Positive
Saudi Arabia,1998,sp,m,25-34,140,Smear Positive
Saudi Arabia,1998,sp,m,35-44,96,Smear Positive
Saudi Arabia,1998,sp,m,45-54,65,Smear Positive
Saudi Arabia,1998,sp,m,55-64,45,Smear Positive
Saudi Arabia,1998,sp,m,65+,62,Smear Positive
Saudi Arabia,1998,sp,f,0-14,16,Smear Positive
Saudi Arabia,1998,sp,f,15-24,82,Smear Positive
Saudi Arabia,1998,sp,f,25-34,86,Smear Positive
Saudi Arabia,1998,sp,f,35-44,32,Smear Positive
Saudi Arabia,1998,sp,f,45-54,27,Smear Positive
Saudi Arabia,1998,sp,f,55-64,28,Smear Positive
Saudi Arabia,1998,sp,f,65+,40,Smear Positive
Saudi Arabia,1999,sp,m,0-14,5,Smear Positive
Saudi Arabia,1999,sp,m,15-24,155,Smear Positive
Saudi Arabia,1999,sp,m,25-34,314,Smear Positive
Saudi Arabia,1999,sp,m,35-44,245,Smear Positive
Saudi Arabia,1999,sp,m,45-54,152,Smear Positive
Saudi Arabia,1999,sp,m,55-64,103,Smear Positive
Saudi Arabia,1999,sp,m,65+,143,Smear Positive
Saudi Arabia,1999,sp,f,0-14,39,Smear Positive
Saudi Arabia,1999,sp,f,15-24,182,Smear Positive
Saudi Arabia,1999,sp,f,25-34,201,Smear Positive
Saudi Arabia,1999,sp,f,35-44,94,Smear Positive
Saudi Arabia,1999,sp,f,45-54,74,Smear Positive
Saudi Arabia,1999,sp,f,55-64,73,Smear Positive
Saudi Arabia,1999,sp,f,65+,80,Smear Positive
Saudi Arabia,2000,sp,m,0-14,0,Smear Positive
Saudi Arabia,2000,sp,m,15-24,131,Smear Positive
Saudi Arabia,2000,sp,m,25-34,268,Smear Positive
Saudi Arabia,2000,sp,m,35-44,213,Smear Positive
Saudi Arabia,2000,sp,m,45-54,158,Smear Positive
Saudi Arabia,2000,sp,m,55-64,86,Smear Positive
Saudi Arabia,2000,sp,m,65+,107,Smear Positive
Saudi Arabia,2000,sp,f,0-14,28,Smear Positive
Saudi Arabia,2000,sp,f,15-24,172,Smear Positive
Saudi Arabia,2000,sp,f,25-34,182,Smear Positive
Saudi Arabia,2000,sp,f,35-44,79,Smear Positive
Saudi Arabia,2000,sp,f,45-54,51,Smear Positive
Saudi Arabia,2000,sp,f,55-64,50,Smear Positive
Saudi Arabia,2000,sp,f,65+,70,Smear Positive
Saudi Arabia,2001,sp,m,0-14,7,Smear Positive
Saudi Arabia,2001,sp,m,15-24,141,Smear Positive
Saudi Arabia,2001,sp,m,25-34,221,Smear Positive
Saudi Arabia,2001,sp,m,35-44,163,Smear Positive
Saudi Arabia,2001,sp,m,45-54,135,Smear Positive
Saudi Arabia,2001,sp,m,55-64,62,Smear Positive
Saudi Arabia,2001,sp,m,65+,106,Smear Positive
Saudi Arabia,2001,sp,f,0-14,28,Smear Positive
Saudi Arabia,2001,sp,f,15-24,161,Smear Positive
Saudi Arabia,2001,sp,f,25-34,163,Smear Positive
Saudi Arabia,2001,sp,f,35-44,88,Smear Positive
Saudi Arabia,2001,sp,f,45-54,44,Smear Positive
Saudi Arabia,2001,sp,f,55-64,39,Smear Positive
Saudi Arabia,2001,sp,f,65+,44,Smear Positive
Saudi Arabia,2002,sp,m,0-14,11,Smear Positive
Saudi Arabia,2002,sp,m,15-24,148,Smear Positive
Saudi Arabia,2002,sp,m,25-34,309,Smear Positive
Saudi Arabia,2002,sp,m,35-44,211,Smear Positive
Saudi Arabia,2002,sp,m,45-54,138,Smear Positive
Saudi Arabia,2002,sp,m,55-64,104,Smear Positive
Saudi Arabia,2002,sp,m,65+,110,Smear Positive
Saudi Arabia,2002,sp,f,0-14,28,Smear Positive
Saudi Arabia,2002,sp,f,15-24,186,Smear Positive
Saudi Arabia,2002,sp,f,25-34,194,Smear Positive
Saudi Arabia,2002,sp,f,35-44,72,Smear Positive
Saudi Arabia,2002,sp,f,45-54,60,Smear Positive
Saudi Arabia,2002,sp,f,55-64,51,Smear Positive
Saudi Arabia,2002,sp,f,65+,52,Smear Positive
Saudi Arabia,2003,sp,m,0-14,5,Smear Positive
Saudi Arabia,2003,sp,m,15-24,150,Smear Positive
Saudi Arabia,2003,sp,m,25-34,285,Smear Positive
Saudi Arabia,2003,sp,m,35-44,200,Smear Positive
Saudi Arabia,2003,sp,m,45-54,145,Smear Positive
Saudi Arabia,2003,sp,m,55-64,102,Smear Positive
Saudi Arabia,2003,sp,m,65+,107,Smear Positive
Saudi Arabia,2003,sp,f,0-14,18,Smear Positive
Saudi Arabia,2003,sp,f,15-24,210,Smear Positive
Saudi Arabia,2003,sp,f,25-34,181,Smear Positive
Saudi Arabia,2003,sp,f,35-44,75,Smear Positive
Saudi Arabia,2003,sp,f,45-54,58,Smear Positive
Saudi Arabia,2003,sp,f,55-64,51,Smear Positive
Saudi Arabia,2003,sp,f,65+,59,Smear Positive
Saudi Arabia,2004,sp,m,0-14,4,Smear Positive
Saudi Arabia,2004,sp,m,15-24,202,Smear Positive
Saudi Arabia,2004,sp,m,25-34,289,Smear Positive
Saudi Arabia,2004,sp,m,35-44,217,Smear Positive
Saudi Arabia,2004,sp,m,45-54,163,Smear Positive
Saudi Arabia,2004,sp,m,55-64,89,Smear Positive
Saudi Arabia,2004,sp,m,65+,85,Smear Positive
Saudi Arabia,2004,sp,f,0-14,24,Smear Positive
Saudi Arabia,2004,sp,f,15-24,204,Smear Positive
Saudi Arabia,2004,sp,f,25-34,171,Smear Positive
Saudi Arabia,2004,sp,f,35-44,80,Smear Positive
Saudi Arabia,2004,sp,f,45-54,53,Smear Positive
Saudi Arabia,2004,sp,f,55-64,47,Smear Positive
Saudi Arabia,2004,sp,f,65+,64,Smear Positive
Saudi Arabia,2005,sp,m,0-14,8,Smear Positive
Saudi Arabia,2005,sp,m,15-24,182,Smear Positive
Saudi Arabia,2005,sp,m,25-34,276,Smear Positive
Saudi Arabia,2005,sp,m,35-44,201,Smear Positive
Saudi Arabia,2005,sp,m,45-54,175,Smear Positive
Saudi Arabia,2005,sp,m,55-64,70,Smear Positive
Saudi Arabia,2005,sp,m,65+,107,Smear Positive
Saudi Arabia,2005,sp,f,0-14,31,Smear Positive
Saudi Arabia,2005,sp,f,15-24,205,Smear Positive
Saudi Arabia,2005,sp,f,25-34,184,Smear Positive
Saudi Arabia,2005,sp,f,35-44,98,Smear Positive
Saudi Arabia,2005,sp,f,45-54,73,Smear Positive
Saudi Arabia,2005,sp,f,55-64,51,Smear Positive
Saudi Arabia,2005,sp,f,65+,61,Smear Positive
Saudi Arabia,2006,sp,m,0-14,10,Smear Positive
Saudi Arabia,2006,sp,m,15-24,256,Smear Positive
Saudi Arabia,2006,sp,m,25-34,323,Smear Positive
Saudi Arabia,2006,sp,m,35-44,229,Smear Positive
Saudi Arabia,2006,sp,m,45-54,169,Smear Positive
Saudi Arabia,2006,sp,m,55-64,94,Smear Positive
Saudi Arabia,2006,sp,m,65+,101,Smear Positive
Saudi Arabia,2006,sp,f,0-14,39,Smear Positive
Saudi Arabia,2006,sp,f,15-24,226,Smear Positive
Saudi Arabia,2006,sp,f,25-34,211,Smear Positive
Saudi Arabia,2006,sp,f,35-44,107,Smear Positive
Saudi Arabia,2006,sp,f,45-54,56,Smear Positive
Saudi Arabia,2006,sp,f,55-64,37,Smear Positive
Saudi Arabia,2006,sp,f,65+,56,Smear Positive
Saudi Arabia,2006,sn,m,0-14,39,Smear Negative
Saudi Arabia,2006,sn,m,15-24,67,Smear Negative
Saudi Arabia,2006,sn,m,25-34,91,Smear Negative
Saudi Arabia,2006,sn,m,35-44,51,Smear Negative
Saudi Arabia,2006,sn,m,45-54,41,Smear Negative
Saudi Arabia,2006,sn,m,55-64,29,Smear Negative
Saudi Arabia,2006,sn,m,65+,49,Smear Negative
Saudi Arabia,2006,sn,f,0-14,47,Smear Negative
Saudi Arabia,2006,sn,f,15-24,76,Smear Negative
Saudi Arabia,2006,sn,f,25-34,59,Smear Negative
Saudi Arabia,2006,sn,f,35-44,37,Smear Negative
Saudi Arabia,2006,sn,f,45-54,30,Smear Negative
Saudi Arabia,2006,sn,f,55-64,22,Smear Negative
Saudi Arabia,2006,sn,f,65+,25,Smear Negative
Saudi Arabia,2006,ep,m,0-14,35,Extrapulmonary
Saudi Arabia,2006,ep,m,15-24,100,Extrapulmonary
Saudi Arabia,2006,ep,m,25-34,163,Extrapulmonary
Saudi Arabia,2006,ep,m,35-44,97,Extrapulmonary
Saudi Arabia,2006,ep,m,45-54,43,Extrapulmonary
Saudi Arabia,2006,ep,m,55-64,48,Extrapulmonary
Saudi Arabia,2006,ep,m,65+,47,Extrapulmonary
Saudi Arabia,2006,ep,f,0-14,71,Extrapulmonary
Saudi Arabia,2006,ep,f,15-24,123,Extrapulmonary
Saudi Arabia,2006,ep,f,25-34,187,Extrapulmonary
Saudi Arabia,2006,ep,f,35-44,85,Extrapulmonary
Saudi Arabia,2006,ep,f,45-54,37,Extrapulmonary
Saudi Arabia,2006,ep,f,55-64,33,Extrapulmonary
Saudi Arabia,2006,ep,f,65+,27,Extrapulmonary
Saudi Arabia,2007,sp,m,0-14,8,Smear Positive
Saudi Arabia,2007,sp,m,15-24,246,Smear Positive
Saudi Arabia,2007,sp,m,25-34,312,Smear Positive
Saudi Arabia,2007,sp,m,35-44,219,Smear Positive
Saudi Arabia,2007,sp,m,45-54,187,Smear Positive
Saudi Arabia,2007,sp,m,55-64,111,Smear Positive
Saudi Arabia,2007,sp,m,65+,92,Smear Positive
Saudi Arabia,2007,sp,f,0-14,30,Smear Positive
Saudi Arabia,2007,sp,f,15-24,298,Smear Positive
Saudi Arabia,2007,sp,f,25-34,197,Smear Positive
Saudi Arabia,2007,sp,f,35-44,110,Smear Positive
Saudi Arabia,2007,sp,f,45-54,71,Smear Positive
Saudi Arabia,2007,sp,f,55-64,39,Smear Positive
Saudi Arabia,2007,sp,f,65+,64,Smear Positive
Saudi Arabia,2007,sn,m,0-14,34,Smear Negative
Saudi Arabia,2007,sn,m,15-24,45,Smear Negative
Saudi Arabia,2007,sn,m,25-34,61,Smear Negative
Saudi Arabia,2007,sn,m,35-44,46,Smear Negative
Saudi Arabia,2007,sn,m,45-54,41,Smear Negative
Saudi Arabia,2007,sn,m,55-64,25,Smear Negative
Saudi Arabia,2007,sn,m,65+,53,Smear Negative
Saudi Arabia,2007,sn,f,0-14,37,Smear Negative
Saudi Arabia,2007,sn,f,15-24,67,Smear Negative
Saudi Arabia,2007,sn,f,25-34,45,Smear Negative
Saudi Arabia,2007,sn,f,35-44,35,Smear Negative
Saudi Arabia,2007,sn,f,45-54,26,Smear Negative
Saudi Arabia,2007,sn,f,55-64,25,Smear Negative
Saudi Arabia,2007,sn,f,65+,42,Smear Negative
Saudi Arabia,2007,ep,m,0-14,52,Extrapulmonary
Saudi Arabia,2007,ep,m,15-24,115,Extrapulmonary
Saudi Arabia,2007,ep,m,25-34,219,Extrapulmonary
Saudi Arabia,2007,ep,m,35-44,129,Extrapulmonary
Saudi Arabia,2007,ep,m,45-54,54,Extrapulmonary
Saudi Arabia,2007,ep,m,55-64,43,Extrapulmonary
Saudi Arabia,2007,ep,m,65+,55,Extrapulmonary
Saudi Arabia,2007,ep,f,0-14,50,Extrapulmonary
Saudi Arabia,2007,ep,f,15-24,130,Extrapulmonary
Saudi Arabia,2007,ep,f,25-34,218,Extrapulmonary
Saudi Arabia,2007,ep,f,35-44,86,Extrapulmonary
Saudi Arabia,2007,ep,f,45-54,60,Extrapulmonary
Saudi Arabia,2007,ep,f,55-64,40,Extrapulmonary
Saudi Arabia,2007,ep,f,65+,46,Extrapulmonary
Saudi Arabia,2008,sp,m,0-14,16,Smear Positive
Saudi Arabia,2008,sp,m,15-24,295,Smear Positive
Saudi Arabia,2008,sp,m,25-34,334,Smear Positive
Saudi Arabia,2008,sp,m,35-44,184,Smear Positive
Saudi Arabia,2008,sp,m,45-54,153,Smear Positive
Saudi Arabia,2008,sp,m,55-64,93,Smear Positive
Saudi Arabia,2008,sp,m,65+,102,Smear Positive
Saudi Arabia,2008,sp,f,0-14,33,Smear Positive
Saudi Arabia,2008,sp,f,15-24,274,Smear Positive
Saudi Arabia,2008,sp,f,25-34,271,Smear Positive
Saudi Arabia,2008,sp,f,35-44,137,Smear Positive
Saudi Arabia,2008,sp,f,45-54,85,Smear Positive
Saudi Arabia,2008,sp,f,55-64,48,Smear Positive
Saudi Arabia,2008,sp,f,65+,83,Smear Positive
Saudi Arabia,2008,sn,m,0-14,22,Smear Negative
Saudi Arabia,2008,sn,m,15-24,75,Smear Negative
Saudi Arabia,2008,sn,m,25-34,52,Smear Negative
Saudi Arabia,2008,sn,m,35-44,22,Smear Negative
Saudi Arabia,2008,sn,m,45-54,13,Smear Negative
Saudi Arabia,2008,sn,m,55-64,17,Smear Negative
Saudi Arabia,2008,sn,m,65+,27,Smear Negative
Saudi Arabia,2008,sn,f,0-14,20,Smear Negative
Saudi Arabia,2008,sn,f,15-24,63,Smear Negative
Saudi Arabia,2008,sn,f,25-34,87,Smear Negative
Saudi Arabia,2008,sn,f,35-44,34,Smear Negative
Saudi Arabia,2008,sn,f,45-54,35,Smear Negative
Saudi Arabia,2008,sn,f,55-64,28,Smear Negative
Saudi Arabia,2008,sn,f,65+,50,Smear Negative
Saudi Arabia,2008,ep,m,0-14,51,Extrapulmonary
Saudi Arabia,2008,ep,m,15-24,135,Extrapulmonary
Saudi Arabia,2008,ep,m,25-34,188,Extrapulmonary
Saudi Arabia,2008,ep,m,35-44,107,Extrapulmonary
Saudi Arabia,2008,ep,m,45-54,67,Extrapulmonary
Saudi Arabia,2008,ep,m,55-64,44,Extrapulmonary
Saudi Arabia,2008,ep,m,65+,43,Extrapulmonary
Saudi Arabia,2008,ep,f,0-14,60,Extrapulmonary
Saudi Arabia,2008,ep,f,15-24,127,Extrapulmonary
Saudi Arabia,2008,ep,f,25-34,193,Extrapulmonary
Saudi Arabia,2008,ep,f,35-44,98,Extrapulmonary
Saudi Arabia,2008,ep,f,45-54,67,Extrapulmonary
Saudi Arabia,2008,ep,f,55-64,33,Extrapulmonary
Saudi Arabia,2008,ep,f,65+,53,Extrapulmonary
Saudi Arabia,2009,sp,m,0-14,15,Smear Positive
Saudi Arabia,2009,sp,m,15-24,280,Smear Positive
Saudi Arabia,2009,sp,m,25-34,386,Smear Positive
Saudi Arabia,2009,sp,m,35-44,257,Smear Positive
Saudi Arabia,2009,sp,m,45-54,200,Smear Positive
Saudi Arabia,2009,sp,m,55-64,129,Smear Positive
Saudi Arabia,2009,sp,m,65+,105,Smear Positive
Saudi Arabia,2009,sp,f,0-14,43,Smear Positive
Saudi Arabia,2009,sp,f,15-24,260,Smear Positive
Saudi Arabia,2009,sp,f,25-34,245,Smear Positive
Saudi Arabia,2009,sp,f,35-44,112,Smear Positive
Saudi Arabia,2009,sp,f,45-54,61,Smear Positive
Saudi Arabia,2009,sp,f,55-64,55,Smear Positive
Saudi Arabia,2009,sp,f,65+,53,Smear Positive
Saudi Arabia,2009,sn,m,0-14,27,Smear Negative
Saudi Arabia,2009,sn,m,15-24,65,Smear Negative
Saudi Arabia,2009,sn,m,25-34,98,Smear Negative
Saudi Arabia,2009,sn,m,35-44,39,Smear Negative
Saudi Arabia,2009,sn,m,45-54,31,Smear Negative
Saudi Arabia,2009,sn,m,55-64,27,Smear Negative
Saudi Arabia,2009,sn,m,65+,42,Smear Negative
Saudi Arabia,2009,sn,f,0-14,32,Smear Negative
Saudi Arabia,2009,sn,f,15-24,65,Smear Negative
Saudi Arabia,2009,sn,f,25-34,52,Smear Negative
Saudi Arabia,2009,sn,f,35-44,28,Smear Negative
Saudi Arabia,2009,sn,f,45-54,25,Smear Negative
Saudi Arabia,2009,sn,f,55-64,16,Smear Negative
Saudi Arabia,2009,sn,f,65+,31,Smear Negative
Saudi Arabia,2009,ep,m,0-14,26,Extrapulmonary
Saudi Arabia,2009,ep,m,15-24,137,Extrapulmonary
Saudi Arabia,2009,ep,m,25-34,200,Extrapulmonary
Saudi Arabia,2009,ep,m,35-44,99,Extrapulmonary
Saudi Arabia,2009,ep,m,45-54,64,Extrapulmonary
Saudi Arabia,2009,ep,m,55-64,35,Extrapulmonary
Saudi Arabia,2009,ep,m,65+,46,Extrapulmonary
Saudi Arabia,2009,ep,f,0-14,46,Extrapulmonary
Saudi Arabia,2009,ep,f,15-24,136,Extrapulmonary
Saudi Arabia,2009,ep,f,25-34,160,Extrapulmonary
Saudi Arabia,2009,ep,f,35-44,102,Extrapulmonary
Saudi Arabia,2009,ep,f,45-54,54,Extrapulmonary
Saudi Arabia,2009,ep,f,55-64,28,Extrapulmonary
Saudi Arabia,2009,ep,f,65+,37,Extrapulmonary
Saudi Arabia,2010,sp,m,0-14,14,Smear Positive
Saudi Arabia,2010,sp,m,15-24,335,Smear Positive
Saudi Arabia,2010,sp,m,25-34,458,Smear Positive
Saudi Arabia,2010,sp,m,35-44,242,Smear Positive
Saudi Arabia,2010,sp,m,45-54,210,Smear Positive
Saudi Arabia,2010,sp,m,55-64,116,Smear Positive
Saudi Arabia,2010,sp,m,65+,102,Smear Positive
Saudi Arabia,2010,sp,f,0-14,33,Smear Positive
Saudi Arabia,2010,sp,f,15-24,239,Smear Positive
Saudi Arabia,2010,sp,f,25-34,271,Smear Positive
Saudi Arabia,2010,sp,f,35-44,105,Smear Positive
Saudi Arabia,2010,sp,f,45-54,70,Smear Positive
Saudi Arabia,2010,sp,f,55-64,49,Smear Positive
Saudi Arabia,2010,sp,f,65+,58,Smear Positive
Saudi Arabia,2010,sn,m,0-14,19,Smear Negative
Saudi Arabia,2010,sn,m,15-24,90,Smear Negative
Saudi Arabia,2010,sn,m,25-34,112,Smear Negative
Saudi Arabia,2010,sn,m,35-44,47,Smear Negative
Saudi Arabia,2010,sn,m,45-54,45,Smear Negative
Saudi Arabia,2010,sn,m,55-64,38,Smear Negative
Saudi Arabia,2010,sn,m,65+,48,Smear Negative
Saudi Arabia,2010,sn,f,0-14,29,Smear Negative
Saudi Arabia,2010,sn,f,15-24,67,Smear Negative
Saudi Arabia,2010,sn,f,25-34,83,Smear Negative
Saudi Arabia,2010,sn,f,35-44,32,Smear Negative
Saudi Arabia,2010,sn,f,45-54,23,Smear Negative
Saudi Arabia,2010,sn,f,55-64,20,Smear Negative
Saudi Arabia,2010,sn,f,65+,34,Smear Negative
Saudi Arabia,2010,ep,m,0-14,48,Extrapulmonary
Saudi Arabia,2010,ep,m,15-24,134,Extrapulmonary
Saudi Arabia,2010,ep,m,25-34,243,Extrapulmonary
Saudi Arabia,2010,ep,m,35-44,133,Extrapulmonary
Saudi Arabia,2010,ep,m,45-54,78,Extrapulmonary
Saudi Arabia,2010,ep,m,55-64,43,Extrapulmonary
Saudi Arabia,2010,ep,m,65+,59,Extrapulmonary
Saudi Arabia,2010,ep,f,0-14,38,Extrapulmonary
Saudi Arabia,2010,ep,f,15-24,115,Extrapulmonary
Saudi Arabia,2010,ep,f,25-34,178,Extrapulmonary
Saudi Arabia,2010,ep,f,35-44,111,Extrapulmonary
Saudi Arabia,2010,ep,f,45-54,58,Extrapulmonary
Saudi Arabia,2010,ep,f,55-64,35,Extrapulmonary
Saudi Arabia,2010,ep,f,65+,32,Extrapulmonary
Saudi Arabia,2011,sp,m,0-14,4,Smear Positive
Saudi Arabia,2011,sp,m,15-24,227,Smear Positive
Saudi Arabia,2011,sp,m,25-34,406,Smear Positive
Saudi Arabia,2011,sp,m,35-44,225,Smear Positive
Saudi Arabia,2011,sp,m,45-54,225,Smear Positive
Saudi Arabia,2011,sp,m,55-64,113,Smear Positive
Saudi Arabia,2011,sp,m,65+,106,Smear Positive
Saudi Arabia,2011,sp,f,0-14,35,Smear Positive
Saudi Arabia,2011,sp,f,15-24,200,Smear Positive
Saudi Arabia,2011,sp,f,25-34,245,Smear Positive
Saudi Arabia,2011,sp,f,35-44,110,Smear Positive
Saudi Arabia,2011,sp,f,45-54,64,Smear Positive
Saudi Arabia,2011,sp,f,55-64,49,Smear Positive
Saudi Arabia,2011,sp,f,65+,46,Smear Positive
Saudi Arabia,2011,sn,m,0-14,13,Smear Negative
Saudi Arabia,2011,sn,m,15-24,74,Smear Negative
Saudi Arabia,2011,sn,m,25-34,83,Smear Negative
Saudi Arabia,2011,sn,m,35-44,63,Smear Negative
Saudi Arabia,2011,sn,m,45-54,35,Smear Negative
Saudi Arabia,2011,sn,m,55-64,26,Smear Negative
Saudi Arabia,2011,sn,m,65+,35,Smear Negative
Saudi Arabia,2011,sn,f,0-14,18,Smear Negative
Saudi Arabia,2011,sn,f,15-24,60,Smear Negative
Saudi Arabia,2011,sn,f,25-34,70,Smear Negative
Saudi Arabia,2011,sn,f,35-44,37,Smear Negative
Saudi Arabia,2011,sn,f,45-54,20,Smear Negative
Saudi Arabia,2011,sn,f,55-64,18,Smear Negative
Saudi Arabia,2011,sn,f,65+,34,Smear Negative
Saudi Arabia,2011,ep,m,0-14,29,Extrapulmonary
Saudi Arabia,2011,ep,m,15-24,136,Extrapulmonary
Saudi Arabia,2011,ep,m,25-34,249,Extrapulmonary
Saudi Arabia,2011,ep,m,35-44,105,Extrapulmonary
Saudi Arabia,2011,ep,m,45-54,73,Extrapulmonary
Saudi Arabia,2011,ep,m,55-64,51,Extrapulmonary
Saudi Arabia,2011,ep,m,65+,60,Extrapulmonary
Saudi Arabia,2011,ep,f,0-14,43,Extrapulmonary
Saudi Arabia,2011,ep,f,15-24,97,Extrapulmonary
Saudi Arabia,2011,ep,f,25-34,170,Extrapulmonary
Saudi Arabia,2011,ep,f,35-44,98,Extrapulmonary
Saudi Arabia,2011,ep,f,45-54,49,Extrapulmonary
Saudi Arabia,2011,ep,f,55-64,40,Extrapulmonary
Saudi Arabia,2011,ep,f,65+,27,Extrapulmonary
Saudi Arabia,2012,sp,m,0-14,13,Smear Positive
Saudi Arabia,2012,sp,m,15-24,228,Smear Positive
Saudi Arabia,2012,sp,m,25-34,394,Smear Positive
Saudi Arabia,2012,sp,m,35-44,214,Smear Positive
Saudi Arabia,2012,sp,m,45-54,210,Smear Positive
Saudi Arabia,2012,sp,m,55-64,133,Smear Positive
Saudi Arabia,2012,sp,m,65+,96,Smear Positive
Saudi Arabia,2012,sp,f,0-14,28,Smear Positive
Saudi Arabia,2012,sp,f,15-24,207,Smear Positive
Saudi Arabia,2012,sp,f,25-34,236,Smear Positive
Saudi Arabia,2012,sp,f,35-44,107,Smear Positive
Saudi Arabia,2012,sp,f,45-54,50,Smear Positive
Saudi Arabia,2012,sp,f,55-64,49,Smear Positive
Saudi Arabia,2012,sp,f,65+,63,Smear Positive
Saudi Arabia,2012,sn,m,0-14,13,Smear Negative
Saudi Arabia,2012,sn,m,15-24,63,Smear Negative
Saudi Arabia,2012,sn,m,25-34,88,Smear Negative
Saudi Arabia,2012,sn,m,35-44,51,Smear Negative
Saudi Arabia,2012,sn,m,45-54,30,Smear Negative
Saudi Arabia,2012,sn,m,55-64,34,Smear Negative
Saudi Arabia,2012,sn,m,65+,46,Smear Negative
Saudi Arabia,2012,sn,f,0-14,17,Smear Negative
Saudi Arabia,2012,sn,f,15-24,57,Smear Negative
Saudi Arabia,2012,sn,f,25-34,57,Smear Negative
Saudi Arabia,2012,sn,f,35-44,27,Smear Negative
Saudi Arabia,2012,sn,f,45-54,20,Smear Negative
Saudi Arabia,2012,sn,f,55-64,22,Smear Negative
Saudi Arabia,2012,sn,f,65+,24,Smear Negative
Saudi Arabia,2012,ep,m,0-14,31,Extrapulmonary
Saudi Arabia,2012,ep,m,15-24,104,Extrapulmonary
Saudi Arabia,2012,ep,m,25-34,209,Extrapulmonary
Saudi Arabia,2012,ep,m,35-44,128,Extrapulmonary
Saudi Arabia,2012,ep,m,45-54,64,Extrapulmonary
Saudi Arabia,2012,ep,m,55-64,32,Extrapulmonary
Saudi Arabia,2012,ep,m,65+,48,Extrapulmonary
Saudi Arabia,2012,ep,f,0-14,26,Extrapulmonary
Saudi Arabia,2012,ep,f,15-24,70,Extrapulmonary
Saudi Arabia,2012,ep,f,25-34,123,Extrapulmonary
Saudi Arabia,2012,ep,f,35-44,78,Extrapulmonary
Saudi Arabia,2012,ep,f,45-54,43,Extrapulmonary
Saudi Arabia,2012,ep,f,55-64,31,Extrapulmonary
Saudi Arabia,2012,ep,f,65+,35,Extrapulmonary
Saudi Arabia,2013,rel,m,0-14,41,Relapse
Saudi Arabia,2013,rel,m,15-24,400,Relapse
Saudi Arabia,2013,rel,m,25-34,743,Relapse
Saudi Arabia,2013,rel,m,35-44,399,Relapse
Saudi Arabia,2013,rel,m,45-54,317,Relapse
Saudi Arabia,2013,rel,m,55-64,204,Relapse
Saudi Arabia,2013,rel,m,65+,177,Relapse
Saudi Arabia,2013,rel,f,0-14,63,Relapse
Saudi Arabia,2013,rel,f,15-24,298,Relapse
Saudi Arabia,2013,rel,f,25-34,388,Relapse
Saudi Arabia,2013,rel,f,35-44,143,Relapse
Saudi Arabia,2013,rel,f,45-54,92,Relapse
Saudi Arabia,2013,rel,f,55-64,72,Relapse
Saudi Arabia,2013,rel,f,65+,98,Relapse
Senegal,1995,sp,m,0-14,94,Smear Positive
Senegal,1995,sp,m,15-24,717,Smear Positive
Senegal,1995,sp,m,25-34,1219,Smear Positive
Senegal,1995,sp,m,35-44,813,Smear Positive
Senegal,1995,sp,m,45-54,408,Smear Positive
Senegal,1995,sp,m,55-64,300,Smear Positive
Senegal,1995,sp,m,65+,213,Smear Positive
Senegal,1995,sp,f,0-14,84,Smear Positive
Senegal,1995,sp,f,15-24,428,Smear Positive
Senegal,1995,sp,f,25-34,461,Smear Positive
Senegal,1995,sp,f,35-44,283,Smear Positive
Senegal,1995,sp,f,45-54,203,Smear Positive
Senegal,1995,sp,f,55-64,126,Smear Positive
Senegal,1995,sp,f,65+,72,Smear Positive
Senegal,1996,sp,m,0-14,74,Smear Positive
Senegal,1996,sp,m,15-24,773,Smear Positive
Senegal,1996,sp,m,25-34,1281,Smear Positive
Senegal,1996,sp,m,35-44,973,Smear Positive
Senegal,1996,sp,m,45-54,474,Smear Positive
Senegal,1996,sp,m,55-64,277,Smear Positive
Senegal,1996,sp,m,65+,264,Smear Positive
Senegal,1996,sp,f,0-14,89,Smear Positive
Senegal,1996,sp,f,15-24,450,Smear Positive
Senegal,1996,sp,f,25-34,549,Smear Positive
Senegal,1996,sp,f,35-44,341,Smear Positive
Senegal,1996,sp,f,45-54,209,Smear Positive
Senegal,1996,sp,f,55-64,121,Smear Positive
Senegal,1996,sp,f,65+,74,Smear Positive
Senegal,1997,sp,m,0-14,64,Smear Positive
Senegal,1997,sp,m,15-24,753,Smear Positive
Senegal,1997,sp,m,25-34,1151,Smear Positive
Senegal,1997,sp,m,35-44,876,Smear Positive
Senegal,1997,sp,m,45-54,467,Smear Positive
Senegal,1997,sp,m,55-64,267,Smear Positive
Senegal,1997,sp,m,65+,215,Smear Positive
Senegal,1997,sp,f,0-14,75,Smear Positive
Senegal,1997,sp,f,15-24,421,Smear Positive
Senegal,1997,sp,f,25-34,509,Smear Positive
Senegal,1997,sp,f,35-44,292,Smear Positive
Senegal,1997,sp,f,45-54,191,Smear Positive
Senegal,1997,sp,f,55-64,87,Smear Positive
Senegal,1997,sp,f,65+,62,Smear Positive
Senegal,1998,sp,m,0-14,90,Smear Positive
Senegal,1998,sp,m,15-24,781,Smear Positive
Senegal,1998,sp,m,25-34,1208,Smear Positive
Senegal,1998,sp,m,35-44,856,Smear Positive
Senegal,1998,sp,m,45-54,453,Smear Positive
Senegal,1998,sp,m,55-64,250,Smear Positive
Senegal,1998,sp,m,65+,215,Smear Positive
Senegal,1998,sp,f,0-14,84,Smear Positive
Senegal,1998,sp,f,15-24,412,Smear Positive
Senegal,1998,sp,f,25-34,447,Smear Positive
Senegal,1998,sp,f,35-44,307,Smear Positive
Senegal,1998,sp,f,45-54,178,Smear Positive
Senegal,1998,sp,f,55-64,98,Smear Positive
Senegal,1998,sp,f,65+,75,Smear Positive
Senegal,1999,sp,m,0-14,50,Smear Positive
Senegal,1999,sp,m,15-24,721,Smear Positive
Senegal,1999,sp,m,25-34,1070,Smear Positive
Senegal,1999,sp,m,35-44,749,Smear Positive
Senegal,1999,sp,m,45-54,424,Smear Positive
Senegal,1999,sp,m,55-64,233,Smear Positive
Senegal,1999,sp,m,65+,185,Smear Positive
Senegal,1999,sp,f,0-14,58,Smear Positive
Senegal,1999,sp,f,15-24,441,Smear Positive
Senegal,1999,sp,f,25-34,434,Smear Positive
Senegal,1999,sp,f,35-44,298,Smear Positive
Senegal,1999,sp,f,45-54,184,Smear Positive
Senegal,1999,sp,f,55-64,106,Smear Positive
Senegal,1999,sp,f,65+,58,Smear Positive
Senegal,2000,sp,m,0-14,60,Smear Positive
Senegal,2000,sp,m,15-24,772,Smear Positive
Senegal,2000,sp,m,25-34,1297,Smear Positive
Senegal,2000,sp,m,35-44,857,Smear Positive
Senegal,2000,sp,m,45-54,470,Smear Positive
Senegal,2000,sp,m,55-64,279,Smear Positive
Senegal,2000,sp,m,65+,189,Smear Positive
Senegal,2000,sp,f,0-14,77,Smear Positive
Senegal,2000,sp,f,15-24,521,Smear Positive
Senegal,2000,sp,f,25-34,540,Smear Positive
Senegal,2000,sp,f,35-44,376,Smear Positive
Senegal,2000,sp,f,45-54,217,Smear Positive
Senegal,2000,sp,f,55-64,107,Smear Positive
Senegal,2000,sp,f,65+,61,Smear Positive
Senegal,2001,sp,m,0-14,77,Smear Positive
Senegal,2001,sp,m,15-24,908,Smear Positive
Senegal,2001,sp,m,25-34,1331,Smear Positive
Senegal,2001,sp,m,35-44,890,Smear Positive
Senegal,2001,sp,m,45-54,498,Smear Positive
Senegal,2001,sp,m,55-64,258,Smear Positive
Senegal,2001,sp,m,65+,226,Smear Positive
Senegal,2001,sp,f,0-14,90,Smear Positive
Senegal,2001,sp,f,15-24,540,Smear Positive
Senegal,2001,sp,f,25-34,531,Smear Positive
Senegal,2001,sp,f,35-44,333,Smear Positive
Senegal,2001,sp,f,45-54,204,Smear Positive
Senegal,2001,sp,f,55-64,113,Smear Positive
Senegal,2001,sp,f,65+,95,Smear Positive
Senegal,2002,sp,m,0-14,58,Smear Positive
Senegal,2002,sp,m,15-24,815,Smear Positive
Senegal,2002,sp,m,25-34,1271,Smear Positive
Senegal,2002,sp,m,35-44,813,Smear Positive
Senegal,2002,sp,m,45-54,488,Smear Positive
Senegal,2002,sp,m,55-64,279,Smear Positive
Senegal,2002,sp,m,65+,212,Smear Positive
Senegal,2002,sp,f,0-14,61,Smear Positive
Senegal,2002,sp,f,15-24,545,Smear Positive
Senegal,2002,sp,f,25-34,523,Smear Positive
Senegal,2002,sp,f,35-44,317,Smear Positive
Senegal,2002,sp,f,45-54,210,Smear Positive
Senegal,2002,sp,f,55-64,118,Smear Positive
Senegal,2002,sp,f,65+,86,Smear Positive
Senegal,2003,sp,m,0-14,50,Smear Positive
Senegal,2003,sp,m,15-24,1005,Smear Positive
Senegal,2003,sp,m,25-34,1438,Smear Positive
Senegal,2003,sp,m,35-44,896,Smear Positive
Senegal,2003,sp,m,45-54,531,Smear Positive
Senegal,2003,sp,m,55-64,293,Smear Positive
Senegal,2003,sp,m,65+,250,Smear Positive
Senegal,2003,sp,f,0-14,77,Smear Positive
Senegal,2003,sp,f,15-24,629,Smear Positive
Senegal,2003,sp,f,25-34,600,Smear Positive
Senegal,2003,sp,f,35-44,398,Smear Positive
Senegal,2003,sp,f,45-54,212,Smear Positive
Senegal,2003,sp,f,55-64,122,Smear Positive
Senegal,2003,sp,f,65+,86,Smear Positive
Senegal,2004,sp,m,0-14,60,Smear Positive
Senegal,2004,sp,m,15-24,1085,Smear Positive
Senegal,2004,sp,m,25-34,1464,Smear Positive
Senegal,2004,sp,m,35-44,915,Smear Positive
Senegal,2004,sp,m,45-54,506,Smear Positive
Senegal,2004,sp,m,55-64,264,Smear Positive
Senegal,2004,sp,m,65+,213,Smear Positive
Senegal,2004,sp,f,0-14,73,Smear Positive
Senegal,2004,sp,f,15-24,620,Smear Positive
Senegal,2004,sp,f,25-34,485,Smear Positive
Senegal,2004,sp,f,35-44,324,Smear Positive
Senegal,2004,sp,f,45-54,211,Smear Positive
Senegal,2004,sp,f,55-64,139,Smear Positive
Senegal,2004,sp,f,65+,78,Smear Positive
Senegal,2005,sp,m,0-14,71,Smear Positive
Senegal,2005,sp,m,15-24,1050,Smear Positive
Senegal,2005,sp,m,25-34,1561,Smear Positive
Senegal,2005,sp,m,35-44,904,Smear Positive
Senegal,2005,sp,m,45-54,533,Smear Positive
Senegal,2005,sp,m,55-64,274,Smear Positive
Senegal,2005,sp,m,65+,236,Smear Positive
Senegal,2005,sp,f,0-14,83,Smear Positive
Senegal,2005,sp,f,15-24,709,Smear Positive
Senegal,2005,sp,f,25-34,568,Smear Positive
Senegal,2005,sp,f,35-44,351,Smear Positive
Senegal,2005,sp,f,45-54,185,Smear Positive
Senegal,2005,sp,f,55-64,116,Smear Positive
Senegal,2005,sp,f,65+,81,Smear Positive
Senegal,2006,sp,m,0-14,60,Smear Positive
Senegal,2006,sp,m,15-24,1124,Smear Positive
Senegal,2006,sp,m,25-34,1606,Smear Positive
Senegal,2006,sp,m,35-44,919,Smear Positive
Senegal,2006,sp,m,45-54,553,Smear Positive
Senegal,2006,sp,m,55-64,292,Smear Positive
Senegal,2006,sp,m,65+,230,Smear Positive
Senegal,2006,sp,f,0-14,74,Smear Positive
Senegal,2006,sp,f,15-24,676,Smear Positive
Senegal,2006,sp,f,25-34,572,Smear Positive
Senegal,2006,sp,f,35-44,360,Smear Positive
Senegal,2006,sp,f,45-54,204,Smear Positive
Senegal,2006,sp,f,55-64,124,Smear Positive
Senegal,2006,sp,f,65+,88,Smear Positive
Senegal,2007,sp,m,0-14,57,Smear Positive
Senegal,2007,sp,m,15-24,1053,Smear Positive
Senegal,2007,sp,m,25-34,1722,Smear Positive
Senegal,2007,sp,m,35-44,875,Smear Positive
Senegal,2007,sp,m,45-54,549,Smear Positive
Senegal,2007,sp,m,55-64,329,Smear Positive
Senegal,2007,sp,m,65+,251,Smear Positive
Senegal,2007,sp,f,0-14,73,Smear Positive
Senegal,2007,sp,f,15-24,761,Smear Positive
Senegal,2007,sp,f,25-34,603,Smear Positive
Senegal,2007,sp,f,35-44,378,Smear Positive
Senegal,2007,sp,f,45-54,241,Smear Positive
Senegal,2007,sp,f,55-64,121,Smear Positive
Senegal,2007,sp,f,65+,95,Smear Positive
Senegal,2007,sn,m,0-14,0,Smear Negative
Senegal,2007,sn,m,15-24,0,Smear Negative
Senegal,2007,sn,m,25-34,0,Smear Negative
Senegal,2007,sn,m,35-44,0,Smear Negative
Senegal,2007,sn,m,45-54,0,Smear Negative
Senegal,2007,sn,m,55-64,0,Smear Negative
Senegal,2007,sn,m,65+,0,Smear Negative
Senegal,2007,sn,f,0-14,0,Smear Negative
Senegal,2007,sn,f,15-24,0,Smear Negative
Senegal,2007,sn,f,25-34,0,Smear Negative
Senegal,2007,sn,f,35-44,0,Smear Negative
Senegal,2007,sn,f,45-54,0,Smear Negative
Senegal,2007,sn,f,55-64,0,Smear Negative
Senegal,2007,sn,f,65+,0,Smear Negative
Senegal,2007,ep,m,0-14,0,Extrapulmonary
Senegal,2007,ep,m,15-24,0,Extrapulmonary
Senegal,2007,ep,m,25-34,0,Extrapulmonary
Senegal,2007,ep,m,35-44,0,Extrapulmonary
Senegal,2007,ep,m,45-54,0,Extrapulmonary
Senegal,2007,ep,m,55-64,0,Extrapulmonary
Senegal,2007,ep,m,65+,0,Extrapulmonary
Senegal,2007,ep,f,0-14,0,Extrapulmonary
Senegal,2007,ep,f,15-24,0,Extrapulmonary
Senegal,2007,ep,f,25-34,0,Extrapulmonary
Senegal,2007,ep,f,35-44,0,Extrapulmonary
Senegal,2007,ep,f,45-54,0,Extrapulmonary
Senegal,2007,ep,f,55-64,0,Extrapulmonary
Senegal,2007,ep,f,65+,0,Extrapulmonary
Senegal,2008,sp,m,0-14,67,Smear Positive
Senegal,2008,sp,m,15-24,1274,Smear Positive
Senegal,2008,sp,m,25-34,1767,Smear Positive
Senegal,2008,sp,m,35-44,907,Smear Positive
Senegal,2008,sp,m,45-54,593,Smear Positive
Senegal,2008,sp,m,55-64,351,Smear Positive
Senegal,2008,sp,m,65+,228,Smear Positive
Senegal,2008,sp,f,0-14,79,Smear Positive
Senegal,2008,sp,f,15-24,816,Smear Positive
Senegal,2008,sp,f,25-34,659,Smear Positive
Senegal,2008,sp,f,35-44,368,Smear Positive
Senegal,2008,sp,f,45-54,230,Smear Positive
Senegal,2008,sp,f,55-64,148,Smear Positive
Senegal,2008,sp,f,65+,97,Smear Positive
Senegal,2009,sp,m,0-14,66,Smear Positive
Senegal,2009,sp,m,15-24,1362,Smear Positive
Senegal,2009,sp,m,25-34,1790,Smear Positive
Senegal,2009,sp,m,35-44,1035,Smear Positive
Senegal,2009,sp,m,45-54,638,Smear Positive
Senegal,2009,sp,m,55-64,335,Smear Positive
Senegal,2009,sp,m,65+,250,Smear Positive
Senegal,2009,sp,f,0-14,108,Smear Positive
Senegal,2009,sp,f,15-24,815,Smear Positive
Senegal,2009,sp,f,25-34,660,Smear Positive
Senegal,2009,sp,f,35-44,352,Smear Positive
Senegal,2009,sp,f,45-54,231,Smear Positive
Senegal,2009,sp,f,55-64,127,Smear Positive
Senegal,2009,sp,f,65+,114,Smear Positive
Senegal,2010,sp,m,0-14,81,Smear Positive
Senegal,2010,sp,m,15-24,1351,Smear Positive
Senegal,2010,sp,m,25-34,1793,Smear Positive
Senegal,2010,sp,m,35-44,972,Smear Positive
Senegal,2010,sp,m,45-54,590,Smear Positive
Senegal,2010,sp,m,55-64,329,Smear Positive
Senegal,2010,sp,m,65+,221,Smear Positive
Senegal,2010,sp,f,0-14,81,Smear Positive
Senegal,2010,sp,f,15-24,835,Smear Positive
Senegal,2010,sp,f,25-34,643,Smear Positive
Senegal,2010,sp,f,35-44,332,Smear Positive
Senegal,2010,sp,f,45-54,217,Smear Positive
Senegal,2010,sp,f,55-64,136,Smear Positive
Senegal,2010,sp,f,65+,105,Smear Positive
Senegal,2011,sp,m,0-14,75,Smear Positive
Senegal,2011,sp,m,15-24,1264,Smear Positive
Senegal,2011,sp,m,25-34,1835,Smear Positive
Senegal,2011,sp,m,35-44,981,Smear Positive
Senegal,2011,sp,m,45-54,582,Smear Positive
Senegal,2011,sp,m,55-64,335,Smear Positive
Senegal,2011,sp,m,65+,214,Smear Positive
Senegal,2011,sp,f,0-14,88,Smear Positive
Senegal,2011,sp,f,15-24,807,Smear Positive
Senegal,2011,sp,f,25-34,664,Smear Positive
Senegal,2011,sp,f,35-44,362,Smear Positive
Senegal,2011,sp,f,45-54,208,Smear Positive
Senegal,2011,sp,f,55-64,144,Smear Positive
Senegal,2011,sp,f,65+,74,Smear Positive
Senegal,2012,sp,m,0-14,84,Smear Positive
Senegal,2012,sp,m,15-24,1454,Smear Positive
Senegal,2012,sp,m,25-34,2036,Smear Positive
Senegal,2012,sp,m,35-44,1121,Smear Positive
Senegal,2012,sp,m,45-54,597,Smear Positive
Senegal,2012,sp,m,55-64,365,Smear Positive
Senegal,2012,sp,m,65+,224,Smear Positive
Senegal,2012,sp,f,0-14,125,Smear Positive
Senegal,2012,sp,f,15-24,836,Smear Positive
Senegal,2012,sp,f,25-34,715,Smear Positive
Senegal,2012,sp,f,35-44,383,Smear Positive
Senegal,2012,sp,f,45-54,263,Smear Positive
Senegal,2012,sp,f,55-64,155,Smear Positive
Senegal,2012,sp,f,65+,90,Smear Positive
Serbia,2005,sp,m,0-14,3,Smear Positive
Serbia,2005,sp,m,15-24,62,Smear Positive
Serbia,2005,sp,m,25-34,96,Smear Positive
Serbia,2005,sp,m,35-44,118,Smear Positive
Serbia,2005,sp,m,45-54,156,Smear Positive
Serbia,2005,sp,m,55-64,112,Smear Positive
Serbia,2005,sp,m,65+,132,Smear Positive
Serbia,2005,sp,f,0-14,6,Smear Positive
Serbia,2005,sp,f,15-24,69,Smear Positive
Serbia,2005,sp,f,25-34,76,Smear Positive
Serbia,2005,sp,f,35-44,55,Smear Positive
Serbia,2005,sp,f,45-54,49,Smear Positive
Serbia,2005,sp,f,55-64,22,Smear Positive
Serbia,2005,sp,f,65+,149,Smear Positive
Serbia,2006,sp,m,0-14,6,Smear Positive
Serbia,2006,sp,m,15-24,87,Smear Positive
Serbia,2006,sp,m,25-34,91,Smear Positive
Serbia,2006,sp,m,35-44,107,Smear Positive
Serbia,2006,sp,m,45-54,167,Smear Positive
Serbia,2006,sp,m,55-64,83,Smear Positive
Serbia,2006,sp,m,65+,144,Smear Positive
Serbia,2006,sp,f,0-14,7,Smear Positive
Serbia,2006,sp,f,15-24,78,Smear Positive
Serbia,2006,sp,f,25-34,74,Smear Positive
Serbia,2006,sp,f,35-44,43,Smear Positive
Serbia,2006,sp,f,45-54,44,Smear Positive
Serbia,2006,sp,f,55-64,44,Smear Positive
Serbia,2006,sp,f,65+,152,Smear Positive
Serbia,2006,sn,m,0-14,2,Smear Negative
Serbia,2006,sn,m,15-24,21,Smear Negative
Serbia,2006,sn,m,25-34,47,Smear Negative
Serbia,2006,sn,m,35-44,54,Smear Negative
Serbia,2006,sn,m,45-54,104,Smear Negative
Serbia,2006,sn,m,55-64,66,Smear Negative
Serbia,2006,sn,m,65+,171,Smear Negative
Serbia,2006,sn,f,0-14,6,Smear Negative
Serbia,2006,sn,f,15-24,23,Smear Negative
Serbia,2006,sn,f,25-34,25,Smear Negative
Serbia,2006,sn,f,35-44,25,Smear Negative
Serbia,2006,sn,f,45-54,48,Smear Negative
Serbia,2006,sn,f,55-64,25,Smear Negative
Serbia,2006,sn,f,65+,129,Smear Negative
Serbia,2006,ep,m,0-14,4,Extrapulmonary
Serbia,2006,ep,m,15-24,15,Extrapulmonary
Serbia,2006,ep,m,25-34,16,Extrapulmonary
Serbia,2006,ep,m,35-44,26,Extrapulmonary
Serbia,2006,ep,m,45-54,11,Extrapulmonary
Serbia,2006,ep,m,55-64,27,Extrapulmonary
Serbia,2006,ep,m,65+,31,Extrapulmonary
Serbia,2006,ep,f,0-14,3,Extrapulmonary
Serbia,2006,ep,f,15-24,14,Extrapulmonary
Serbia,2006,ep,f,25-34,16,Extrapulmonary
Serbia,2006,ep,f,35-44,25,Extrapulmonary
Serbia,2006,ep,f,45-54,23,Extrapulmonary
Serbia,2006,ep,f,55-64,21,Extrapulmonary
Serbia,2006,ep,f,65+,43,Extrapulmonary
Serbia,2007,sp,m,0-14,0,Smear Positive
Serbia,2007,sp,m,15-24,42,Smear Positive
Serbia,2007,sp,m,25-34,59,Smear Positive
Serbia,2007,sp,m,35-44,102,Smear Positive
Serbia,2007,sp,m,45-54,163,Smear Positive
Serbia,2007,sp,m,55-64,94,Smear Positive
Serbia,2007,sp,m,65+,106,Smear Positive
Serbia,2007,sp,f,0-14,2,Smear Positive
Serbia,2007,sp,f,15-24,38,Smear Positive
Serbia,2007,sp,f,25-34,52,Smear Positive
Serbia,2007,sp,f,35-44,43,Smear Positive
Serbia,2007,sp,f,45-54,43,Smear Positive
Serbia,2007,sp,f,55-64,26,Smear Positive
Serbia,2007,sp,f,65+,135,Smear Positive
Serbia,2007,sn,m,0-14,9,Smear Negative
Serbia,2007,sn,m,15-24,16,Smear Negative
Serbia,2007,sn,m,25-34,33,Smear Negative
Serbia,2007,sn,m,35-44,42,Smear Negative
Serbia,2007,sn,m,45-54,81,Smear Negative
Serbia,2007,sn,m,55-64,61,Smear Negative
Serbia,2007,sn,m,65+,118,Smear Negative
Serbia,2007,sn,f,0-14,10,Smear Negative
Serbia,2007,sn,f,15-24,17,Smear Negative
Serbia,2007,sn,f,25-34,26,Smear Negative
Serbia,2007,sn,f,35-44,44,Smear Negative
Serbia,2007,sn,f,45-54,27,Smear Negative
Serbia,2007,sn,f,55-64,36,Smear Negative
Serbia,2007,sn,f,65+,120,Smear Negative
Serbia,2007,ep,m,0-14,6,Extrapulmonary
Serbia,2007,ep,m,15-24,20,Extrapulmonary
Serbia,2007,ep,m,25-34,8,Extrapulmonary
Serbia,2007,ep,m,35-44,13,Extrapulmonary
Serbia,2007,ep,m,45-54,19,Extrapulmonary
Serbia,2007,ep,m,55-64,8,Extrapulmonary
Serbia,2007,ep,m,65+,45,Extrapulmonary
Serbia,2007,ep,f,0-14,1,Extrapulmonary
Serbia,2007,ep,f,15-24,9,Extrapulmonary
Serbia,2007,ep,f,25-34,12,Extrapulmonary
Serbia,2007,ep,f,35-44,12,Extrapulmonary
Serbia,2007,ep,f,45-54,22,Extrapulmonary
Serbia,2007,ep,f,55-64,18,Extrapulmonary
Serbia,2007,ep,f,65+,36,Extrapulmonary
Serbia,2008,sp,m,0-14,3,Smear Positive
Serbia,2008,sp,m,15-24,66,Smear Positive
Serbia,2008,sp,m,25-34,89,Smear Positive
Serbia,2008,sp,m,35-44,111,Smear Positive
Serbia,2008,sp,m,45-54,149,Smear Positive
Serbia,2008,sp,m,55-64,135,Smear Positive
Serbia,2008,sp,m,65+,139,Smear Positive
Serbia,2008,sp,f,0-14,3,Smear Positive
Serbia,2008,sp,f,15-24,68,Smear Positive
Serbia,2008,sp,f,25-34,66,Smear Positive
Serbia,2008,sp,f,35-44,46,Smear Positive
Serbia,2008,sp,f,45-54,51,Smear Positive
Serbia,2008,sp,f,55-64,37,Smear Positive
Serbia,2008,sp,f,65+,169,Smear Positive
Serbia,2008,sn,m,0-14,9,Smear Negative
Serbia,2008,sn,m,15-24,17,Smear Negative
Serbia,2008,sn,m,25-34,26,Smear Negative
Serbia,2008,sn,m,35-44,25,Smear Negative
Serbia,2008,sn,m,45-54,74,Smear Negative
Serbia,2008,sn,m,55-64,58,Smear Negative
Serbia,2008,sn,m,65+,85,Smear Negative
Serbia,2008,sn,f,0-14,7,Smear Negative
Serbia,2008,sn,f,15-24,20,Smear Negative
Serbia,2008,sn,f,25-34,26,Smear Negative
Serbia,2008,sn,f,35-44,32,Smear Negative
Serbia,2008,sn,f,45-54,32,Smear Negative
Serbia,2008,sn,f,55-64,27,Smear Negative
Serbia,2008,sn,f,65+,82,Smear Negative
Serbia,2008,ep,m,0-14,2,Extrapulmonary
Serbia,2008,ep,m,15-24,11,Extrapulmonary
Serbia,2008,ep,m,25-34,8,Extrapulmonary
Serbia,2008,ep,m,35-44,17,Extrapulmonary
Serbia,2008,ep,m,45-54,22,Extrapulmonary
Serbia,2008,ep,m,55-64,17,Extrapulmonary
Serbia,2008,ep,m,65+,31,Extrapulmonary
Serbia,2008,ep,f,0-14,0,Extrapulmonary
Serbia,2008,ep,f,15-24,12,Extrapulmonary
Serbia,2008,ep,f,25-34,12,Extrapulmonary
Serbia,2008,ep,f,35-44,20,Extrapulmonary
Serbia,2008,ep,f,45-54,13,Extrapulmonary
Serbia,2008,ep,f,55-64,18,Extrapulmonary
Serbia,2008,ep,f,65+,30,Extrapulmonary
Serbia,2009,sp,m,0-14,1,Smear Positive
Serbia,2009,sp,m,15-24,76,Smear Positive
Serbia,2009,sp,m,25-34,67,Smear Positive
Serbia,2009,sp,m,35-44,111,Smear Positive
Serbia,2009,sp,m,45-54,119,Smear Positive
Serbia,2009,sp,m,55-64,105,Smear Positive
Serbia,2009,sp,m,65+,145,Smear Positive
Serbia,2009,sp,f,0-14,5,Smear Positive
Serbia,2009,sp,f,15-24,63,Smear Positive
Serbia,2009,sp,f,25-34,59,Smear Positive
Serbia,2009,sp,f,35-44,55,Smear Positive
Serbia,2009,sp,f,45-54,38,Smear Positive
Serbia,2009,sp,f,55-64,44,Smear Positive
Serbia,2009,sp,f,65+,167,Smear Positive
Serbia,2009,sn,m,0-14,7,Smear Negative
Serbia,2009,sn,m,15-24,20,Smear Negative
Serbia,2009,sn,m,25-34,18,Smear Negative
Serbia,2009,sn,m,35-44,34,Smear Negative
Serbia,2009,sn,m,45-54,52,Smear Negative
Serbia,2009,sn,m,55-64,69,Smear Negative
Serbia,2009,sn,m,65+,95,Smear Negative
Serbia,2009,sn,f,0-14,6,Smear Negative
Serbia,2009,sn,f,15-24,22,Smear Negative
Serbia,2009,sn,f,25-34,22,Smear Negative
Serbia,2009,sn,f,35-44,27,Smear Negative
Serbia,2009,sn,f,45-54,23,Smear Negative
Serbia,2009,sn,f,55-64,28,Smear Negative
Serbia,2009,sn,f,65+,65,Smear Negative
Serbia,2009,ep,m,0-14,4,Extrapulmonary
Serbia,2009,ep,m,15-24,17,Extrapulmonary
Serbia,2009,ep,m,25-34,13,Extrapulmonary
Serbia,2009,ep,m,35-44,14,Extrapulmonary
Serbia,2009,ep,m,45-54,14,Extrapulmonary
Serbia,2009,ep,m,55-64,14,Extrapulmonary
Serbia,2009,ep,m,65+,27,Extrapulmonary
Serbia,2009,ep,f,0-14,2,Extrapulmonary
Serbia,2009,ep,f,15-24,13,Extrapulmonary
Serbia,2009,ep,f,25-34,7,Extrapulmonary
Serbia,2009,ep,f,35-44,5,Extrapulmonary
Serbia,2009,ep,f,45-54,17,Extrapulmonary
Serbia,2009,ep,f,55-64,16,Extrapulmonary
Serbia,2009,ep,f,65+,34,Extrapulmonary
Serbia,2010,sp,m,0-14,2,Smear Positive
Serbia,2010,sp,m,15-24,76,Smear Positive
Serbia,2010,sp,m,25-34,70,Smear Positive
Serbia,2010,sp,m,35-44,93,Smear Positive
Serbia,2010,sp,m,45-54,116,Smear Positive
Serbia,2010,sp,m,55-64,83,Smear Positive
Serbia,2010,sp,m,65+,109,Smear Positive
Serbia,2010,sp,f,0-14,5,Smear Positive
Serbia,2010,sp,f,15-24,66,Smear Positive
Serbia,2010,sp,f,25-34,74,Smear Positive
Serbia,2010,sp,f,35-44,46,Smear Positive
Serbia,2010,sp,f,45-54,39,Smear Positive
Serbia,2010,sp,f,55-64,34,Smear Positive
Serbia,2010,sp,f,65+,164,Smear Positive
Serbia,2010,sn,m,0-14,6,Smear Negative
Serbia,2010,sn,m,15-24,20,Smear Negative
Serbia,2010,sn,m,25-34,17,Smear Negative
Serbia,2010,sn,m,35-44,42,Smear Negative
Serbia,2010,sn,m,45-54,49,Smear Negative
Serbia,2010,sn,m,55-64,50,Smear Negative
Serbia,2010,sn,m,65+,74,Smear Negative
Serbia,2010,sn,f,0-14,4,Smear Negative
Serbia,2010,sn,f,15-24,15,Smear Negative
Serbia,2010,sn,f,25-34,20,Smear Negative
Serbia,2010,sn,f,35-44,25,Smear Negative
Serbia,2010,sn,f,45-54,18,Smear Negative
Serbia,2010,sn,f,55-64,20,Smear Negative
Serbia,2010,sn,f,65+,71,Smear Negative
Serbia,2010,ep,m,0-14,0,Extrapulmonary
Serbia,2010,ep,m,15-24,22,Extrapulmonary
Serbia,2010,ep,m,25-34,10,Extrapulmonary
Serbia,2010,ep,m,35-44,13,Extrapulmonary
Serbia,2010,ep,m,45-54,14,Extrapulmonary
Serbia,2010,ep,m,55-64,18,Extrapulmonary
Serbia,2010,ep,m,65+,25,Extrapulmonary
Serbia,2010,ep,f,0-14,2,Extrapulmonary
Serbia,2010,ep,f,15-24,12,Extrapulmonary
Serbia,2010,ep,f,25-34,6,Extrapulmonary
Serbia,2010,ep,f,35-44,10,Extrapulmonary
Serbia,2010,ep,f,45-54,12,Extrapulmonary
Serbia,2010,ep,f,55-64,16,Extrapulmonary
Serbia,2010,ep,f,65+,42,Extrapulmonary
Serbia,2011,sp,m,0-14,2,Smear Positive
Serbia,2011,sp,m,15-24,60,Smear Positive
Serbia,2011,sp,m,25-34,73,Smear Positive
Serbia,2011,sp,m,35-44,74,Smear Positive
Serbia,2011,sp,m,45-54,122,Smear Positive
Serbia,2011,sp,m,55-64,112,Smear Positive
Serbia,2011,sp,m,65+,101,Smear Positive
Serbia,2011,sp,f,0-14,5,Smear Positive
Serbia,2011,sp,f,15-24,46,Smear Positive
Serbia,2011,sp,f,25-34,59,Smear Positive
Serbia,2011,sp,f,35-44,43,Smear Positive
Serbia,2011,sp,f,45-54,30,Smear Positive
Serbia,2011,sp,f,55-64,20,Smear Positive
Serbia,2011,sp,f,65+,129,Smear Positive
Serbia,2011,sn,m,0-14,6,Smear Negative
Serbia,2011,sn,m,15-24,11,Smear Negative
Serbia,2011,sn,m,25-34,25,Smear Negative
Serbia,2011,sn,m,35-44,23,Smear Negative
Serbia,2011,sn,m,45-54,53,Smear Negative
Serbia,2011,sn,m,55-64,49,Smear Negative
Serbia,2011,sn,m,65+,62,Smear Negative
Serbia,2011,sn,f,0-14,4,Smear Negative
Serbia,2011,sn,f,15-24,16,Smear Negative
Serbia,2011,sn,f,25-34,13,Smear Negative
Serbia,2011,sn,f,35-44,18,Smear Negative
Serbia,2011,sn,f,45-54,21,Smear Negative
Serbia,2011,sn,f,55-64,25,Smear Negative
Serbia,2011,sn,f,65+,70,Smear Negative
Serbia,2011,ep,m,0-14,1,Extrapulmonary
Serbia,2011,ep,m,15-24,4,Extrapulmonary
Serbia,2011,ep,m,25-34,10,Extrapulmonary
Serbia,2011,ep,m,35-44,6,Extrapulmonary
Serbia,2011,ep,m,45-54,15,Extrapulmonary
Serbia,2011,ep,m,55-64,18,Extrapulmonary
Serbia,2011,ep,m,65+,19,Extrapulmonary
Serbia,2011,ep,f,0-14,1,Extrapulmonary
Serbia,2011,ep,f,15-24,9,Extrapulmonary
Serbia,2011,ep,f,25-34,9,Extrapulmonary
Serbia,2011,ep,f,35-44,13,Extrapulmonary
Serbia,2011,ep,f,45-54,9,Extrapulmonary
Serbia,2011,ep,f,55-64,9,Extrapulmonary
Serbia,2011,ep,f,65+,32,Extrapulmonary
Serbia,2012,sp,m,0-14,1,Smear Positive
Serbia,2012,sp,m,15-24,70,Smear Positive
Serbia,2012,sp,m,25-34,72,Smear Positive
Serbia,2012,sp,m,35-44,77,Smear Positive
Serbia,2012,sp,m,45-54,98,Smear Positive
Serbia,2012,sp,m,55-64,86,Smear Positive
Serbia,2012,sp,m,65+,77,Smear Positive
Serbia,2012,sp,f,0-14,4,Smear Positive
Serbia,2012,sp,f,15-24,46,Smear Positive
Serbia,2012,sp,f,25-34,66,Smear Positive
Serbia,2012,sp,f,35-44,38,Smear Positive
Serbia,2012,sp,f,45-54,31,Smear Positive
Serbia,2012,sp,f,55-64,35,Smear Positive
Serbia,2012,sp,f,65+,118,Smear Positive
Serbia,2012,sn,m,0-14,4,Smear Negative
Serbia,2012,sn,m,15-24,14,Smear Negative
Serbia,2012,sn,m,25-34,20,Smear Negative
Serbia,2012,sn,m,35-44,25,Smear Negative
Serbia,2012,sn,m,45-54,47,Smear Negative
Serbia,2012,sn,m,55-64,49,Smear Negative
Serbia,2012,sn,m,65+,71,Smear Negative
Serbia,2012,sn,f,0-14,8,Smear Negative
Serbia,2012,sn,f,15-24,12,Smear Negative
Serbia,2012,sn,f,25-34,20,Smear Negative
Serbia,2012,sn,f,35-44,21,Smear Negative
Serbia,2012,sn,f,45-54,15,Smear Negative
Serbia,2012,sn,f,55-64,19,Smear Negative
Serbia,2012,sn,f,65+,58,Smear Negative
Serbia,2012,ep,m,0-14,2,Extrapulmonary
Serbia,2012,ep,m,15-24,15,Extrapulmonary
Serbia,2012,ep,m,25-34,9,Extrapulmonary
Serbia,2012,ep,m,35-44,9,Extrapulmonary
Serbia,2012,ep,m,45-54,8,Extrapulmonary
Serbia,2012,ep,m,55-64,15,Extrapulmonary
Serbia,2012,ep,m,65+,14,Extrapulmonary
Serbia,2012,ep,f,0-14,1,Extrapulmonary
Serbia,2012,ep,f,15-24,6,Extrapulmonary
Serbia,2012,ep,f,25-34,4,Extrapulmonary
Serbia,2012,ep,f,35-44,8,Extrapulmonary
Serbia,2012,ep,f,45-54,5,Extrapulmonary
Serbia,2012,ep,f,55-64,11,Extrapulmonary
Serbia,2012,ep,f,65+,23,Extrapulmonary
Serbia,2013,rel,m,0-14,5,Relapse
Serbia,2013,rel,m,15-24,43,Relapse
Serbia,2013,rel,m,25-34,66,Relapse
Serbia,2013,rel,m,35-44,99,Relapse
Serbia,2013,rel,m,45-54,134,Relapse
Serbia,2013,rel,m,55-64,161,Relapse
Serbia,2013,rel,m,65+,207,Relapse
Serbia,2013,rel,f,0-14,9,Relapse
Serbia,2013,rel,f,15-24,46,Relapse
Serbia,2013,rel,f,25-34,63,Relapse
Serbia,2013,rel,f,35-44,60,Relapse
Serbia,2013,rel,f,45-54,53,Relapse
Serbia,2013,rel,f,55-64,45,Relapse
Serbia,2013,rel,f,65+,170,Relapse
Serbia & Montenegro,1995,sp,m,0-14,10,Smear Positive
Serbia & Montenegro,1995,sp,m,15-24,108,Smear Positive
Serbia & Montenegro,1995,sp,m,25-34,204,Smear Positive
Serbia & Montenegro,1995,sp,m,35-44,317,Smear Positive
Serbia & Montenegro,1995,sp,m,45-54,296,Smear Positive
Serbia & Montenegro,1995,sp,m,55-64,350,Smear Positive
Serbia & Montenegro,1995,sp,m,65+,386,Smear Positive
Serbia & Montenegro,1995,sp,f,0-14,11,Smear Positive
Serbia & Montenegro,1995,sp,f,15-24,127,Smear Positive
Serbia & Montenegro,1995,sp,f,25-34,167,Smear Positive
Serbia & Montenegro,1995,sp,f,35-44,133,Smear Positive
Serbia & Montenegro,1995,sp,f,45-54,83,Smear Positive
Serbia & Montenegro,1995,sp,f,55-64,158,Smear Positive
Serbia & Montenegro,1995,sp,f,65+,275,Smear Positive
Serbia & Montenegro,1996,sp,m,0-14,45,Smear Positive
Serbia & Montenegro,1996,sp,m,15-24,207,Smear Positive
Serbia & Montenegro,1996,sp,m,25-34,310,Smear Positive
Serbia & Montenegro,1996,sp,m,35-44,461,Smear Positive
Serbia & Montenegro,1996,sp,m,45-54,396,Smear Positive
Serbia & Montenegro,1996,sp,m,55-64,389,Smear Positive
Serbia & Montenegro,1996,sp,m,65+,474,Smear Positive
Serbia & Montenegro,1996,sp,f,0-14,57,Smear Positive
Serbia & Montenegro,1996,sp,f,15-24,192,Smear Positive
Serbia & Montenegro,1996,sp,f,25-34,159,Smear Positive
Serbia & Montenegro,1996,sp,f,35-44,183,Smear Positive
Serbia & Montenegro,1996,sp,f,45-54,152,Smear Positive
Serbia & Montenegro,1996,sp,f,55-64,217,Smear Positive
Serbia & Montenegro,1996,sp,f,65+,384,Smear Positive
Serbia & Montenegro,1997,sp,m,0-14,45,Smear Positive
Serbia & Montenegro,1997,sp,m,15-24,136,Smear Positive
Serbia & Montenegro,1997,sp,m,25-34,310,Smear Positive
Serbia & Montenegro,1997,sp,m,35-44,450,Smear Positive
Serbia & Montenegro,1997,sp,m,45-54,415,Smear Positive
Serbia & Montenegro,1997,sp,m,55-64,410,Smear Positive
Serbia & Montenegro,1997,sp,m,65+,463,Smear Positive
Serbia & Montenegro,1997,sp,f,0-14,30,Smear Positive
Serbia & Montenegro,1997,sp,f,15-24,146,Smear Positive
Serbia & Montenegro,1997,sp,f,25-34,274,Smear Positive
Serbia & Montenegro,1997,sp,f,35-44,254,Smear Positive
Serbia & Montenegro,1997,sp,f,45-54,170,Smear Positive
Serbia & Montenegro,1997,sp,f,55-64,239,Smear Positive
Serbia & Montenegro,1997,sp,f,65+,399,Smear Positive
Serbia & Montenegro,2001,sp,m,0-14,3,Smear Positive
Serbia & Montenegro,2001,sp,m,15-24,52,Smear Positive
Serbia & Montenegro,2001,sp,m,25-34,48,Smear Positive
Serbia & Montenegro,2001,sp,m,35-44,44,Smear Positive
Serbia & Montenegro,2001,sp,m,45-54,34,Smear Positive
Serbia & Montenegro,2001,sp,m,55-64,31,Smear Positive
Serbia & Montenegro,2001,sp,m,65+,18,Smear Positive
Serbia & Montenegro,2001,sp,f,0-14,5,Smear Positive
Serbia & Montenegro,2001,sp,f,15-24,49,Smear Positive
Serbia & Montenegro,2001,sp,f,25-34,46,Smear Positive
Serbia & Montenegro,2001,sp,f,35-44,23,Smear Positive
Serbia & Montenegro,2001,sp,f,45-54,25,Smear Positive
Serbia & Montenegro,2001,sp,f,55-64,23,Smear Positive
Serbia & Montenegro,2001,sp,f,65+,20,Smear Positive
Serbia & Montenegro,2002,sp,m,0-14,7,Smear Positive
Serbia & Montenegro,2002,sp,m,15-24,37,Smear Positive
Serbia & Montenegro,2002,sp,m,25-34,53,Smear Positive
Serbia & Montenegro,2002,sp,m,35-44,44,Smear Positive
Serbia & Montenegro,2002,sp,m,45-54,29,Smear Positive
Serbia & Montenegro,2002,sp,m,55-64,22,Smear Positive
Serbia & Montenegro,2002,sp,m,65+,33,Smear Positive
Serbia & Montenegro,2002,sp,f,0-14,9,Smear Positive
Serbia & Montenegro,2002,sp,f,15-24,46,Smear Positive
Serbia & Montenegro,2002,sp,f,25-34,48,Smear Positive
Serbia & Montenegro,2002,sp,f,35-44,19,Smear Positive
Serbia & Montenegro,2002,sp,f,45-54,17,Smear Positive
Serbia & Montenegro,2002,sp,f,55-64,19,Smear Positive
Serbia & Montenegro,2002,sp,f,65+,19,Smear Positive
Serbia & Montenegro,2003,sp,m,0-14,1,Smear Positive
Serbia & Montenegro,2003,sp,m,15-24,51,Smear Positive
Serbia & Montenegro,2003,sp,m,25-34,64,Smear Positive
Serbia & Montenegro,2003,sp,m,35-44,70,Smear Positive
Serbia & Montenegro,2003,sp,m,45-54,113,Smear Positive
Serbia & Montenegro,2003,sp,m,55-64,54,Smear Positive
Serbia & Montenegro,2003,sp,m,65+,61,Smear Positive
Serbia & Montenegro,2003,sp,f,0-14,1,Smear Positive
Serbia & Montenegro,2003,sp,f,15-24,44,Smear Positive
Serbia & Montenegro,2003,sp,f,25-34,58,Smear Positive
Serbia & Montenegro,2003,sp,f,35-44,38,Smear Positive
Serbia & Montenegro,2003,sp,f,45-54,28,Smear Positive
Serbia & Montenegro,2003,sp,f,55-64,20,Smear Positive
Serbia & Montenegro,2003,sp,f,65+,54,Smear Positive
Serbia & Montenegro,2004,sp,m,0-14,4,Smear Positive
Serbia & Montenegro,2004,sp,m,15-24,61,Smear Positive
Serbia & Montenegro,2004,sp,m,25-34,106,Smear Positive
Serbia & Montenegro,2004,sp,m,35-44,125,Smear Positive
Serbia & Montenegro,2004,sp,m,45-54,182,Smear Positive
Serbia & Montenegro,2004,sp,m,55-64,128,Smear Positive
Serbia & Montenegro,2004,sp,m,65+,157,Smear Positive
Serbia & Montenegro,2004,sp,f,0-14,3,Smear Positive
Serbia & Montenegro,2004,sp,f,15-24,66,Smear Positive
Serbia & Montenegro,2004,sp,f,25-34,89,Smear Positive
Serbia & Montenegro,2004,sp,f,35-44,75,Smear Positive
Serbia & Montenegro,2004,sp,f,45-54,48,Smear Positive
Serbia & Montenegro,2004,sp,f,55-64,41,Smear Positive
Serbia & Montenegro,2004,sp,f,65+,145,Smear Positive
Seychelles,1995,sp,m,0-14,0,Smear Positive
Seychelles,1995,sp,m,15-24,2,Smear Positive
Seychelles,1995,sp,m,25-34,0,Smear Positive
Seychelles,1995,sp,m,35-44,1,Smear Positive
Seychelles,1995,sp,m,45-54,1,Smear Positive
Seychelles,1995,sp,m,55-64,2,Smear Positive
Seychelles,1995,sp,m,65+,1,Smear Positive
Seychelles,1995,sp,f,0-14,0,Smear Positive
Seychelles,1995,sp,f,15-24,0,Smear Positive
Seychelles,1995,sp,f,25-34,1,Smear Positive
Seychelles,1995,sp,f,35-44,0,Smear Positive
Seychelles,1995,sp,f,45-54,0,Smear Positive
Seychelles,1995,sp,f,55-64,0,Smear Positive
Seychelles,1995,sp,f,65+,1,Smear Positive
Seychelles,1996,sp,m,0-14,0,Smear Positive
Seychelles,1996,sp,m,15-24,0,Smear Positive
Seychelles,1996,sp,m,25-34,1,Smear Positive
Seychelles,1996,sp,m,35-44,3,Smear Positive
Seychelles,1996,sp,m,45-54,1,Smear Positive
Seychelles,1996,sp,m,55-64,1,Smear Positive
Seychelles,1996,sp,m,65+,0,Smear Positive
Seychelles,1996,sp,f,0-14,0,Smear Positive
Seychelles,1996,sp,f,15-24,1,Smear Positive
Seychelles,1996,sp,f,25-34,0,Smear Positive
Seychelles,1996,sp,f,35-44,0,Smear Positive
Seychelles,1996,sp,f,45-54,0,Smear Positive
Seychelles,1996,sp,f,55-64,1,Smear Positive
Seychelles,1996,sp,f,65+,1,Smear Positive
Seychelles,1997,sp,m,0-14,0,Smear Positive
Seychelles,1997,sp,m,15-24,1,Smear Positive
Seychelles,1997,sp,m,25-34,2,Smear Positive
Seychelles,1997,sp,m,35-44,2,Smear Positive
Seychelles,1997,sp,m,45-54,1,Smear Positive
Seychelles,1997,sp,m,55-64,1,Smear Positive
Seychelles,1997,sp,m,65+,1,Smear Positive
Seychelles,1997,sp,f,0-14,0,Smear Positive
Seychelles,1997,sp,f,15-24,1,Smear Positive
Seychelles,1997,sp,f,25-34,0,Smear Positive
Seychelles,1997,sp,f,35-44,0,Smear Positive
Seychelles,1997,sp,f,45-54,0,Smear Positive
Seychelles,1997,sp,f,55-64,1,Smear Positive
Seychelles,1997,sp,f,65+,1,Smear Positive
Seychelles,1998,sp,m,0-14,0,Smear Positive
Seychelles,1998,sp,m,15-24,0,Smear Positive
Seychelles,1998,sp,m,25-34,1,Smear Positive
Seychelles,1998,sp,m,35-44,3,Smear Positive
Seychelles,1998,sp,m,45-54,2,Smear Positive
Seychelles,1998,sp,m,55-64,1,Smear Positive
Seychelles,1998,sp,m,65+,1,Smear Positive
Seychelles,1998,sp,f,0-14,0,Smear Positive
Seychelles,1998,sp,f,15-24,0,Smear Positive
Seychelles,1998,sp,f,25-34,0,Smear Positive
Seychelles,1998,sp,f,35-44,1,Smear Positive
Seychelles,1998,sp,f,45-54,0,Smear Positive
Seychelles,1998,sp,f,55-64,1,Smear Positive
Seychelles,1998,sp,f,65+,0,Smear Positive
Seychelles,2000,sp,m,25-34,2,Smear Positive
Seychelles,2000,sp,m,35-44,4,Smear Positive
Seychelles,2000,sp,m,45-54,1,Smear Positive
Seychelles,2000,sp,m,55-64,1,Smear Positive
Seychelles,2000,sp,f,25-34,1,Smear Positive
Seychelles,2000,sp,f,35-44,0,Smear Positive
Seychelles,2000,sp,f,45-54,1,Smear Positive
Seychelles,2000,sp,f,55-64,1,Smear Positive
Seychelles,2001,sp,m,0-14,0,Smear Positive
Seychelles,2001,sp,m,15-24,0,Smear Positive
Seychelles,2001,sp,m,25-34,2,Smear Positive
Seychelles,2001,sp,m,35-44,4,Smear Positive
Seychelles,2001,sp,m,45-54,0,Smear Positive
Seychelles,2001,sp,m,55-64,2,Smear Positive
Seychelles,2001,sp,m,65+,2,Smear Positive
Seychelles,2001,sp,f,0-14,0,Smear Positive
Seychelles,2001,sp,f,15-24,0,Smear Positive
Seychelles,2001,sp,f,25-34,2,Smear Positive
Seychelles,2001,sp,f,35-44,0,Smear Positive
Seychelles,2001,sp,f,45-54,1,Smear Positive
Seychelles,2001,sp,f,55-64,0,Smear Positive
Seychelles,2001,sp,f,65+,1,Smear Positive
Seychelles,2002,sp,m,0-14,0,Smear Positive
Seychelles,2002,sp,m,15-24,1,Smear Positive
Seychelles,2002,sp,m,25-34,3,Smear Positive
Seychelles,2002,sp,m,35-44,1,Smear Positive
Seychelles,2002,sp,m,45-54,0,Smear Positive
Seychelles,2002,sp,m,55-64,1,Smear Positive
Seychelles,2002,sp,m,65+,1,Smear Positive
Seychelles,2002,sp,f,0-14,0,Smear Positive
Seychelles,2002,sp,f,15-24,0,Smear Positive
Seychelles,2002,sp,f,25-34,0,Smear Positive
Seychelles,2002,sp,f,35-44,0,Smear Positive
Seychelles,2002,sp,f,45-54,0,Smear Positive
Seychelles,2002,sp,f,55-64,0,Smear Positive
Seychelles,2002,sp,f,65+,2,Smear Positive
Seychelles,2003,sp,m,0-14,0,Smear Positive
Seychelles,2003,sp,m,15-24,1,Smear Positive
Seychelles,2003,sp,m,25-34,0,Smear Positive
Seychelles,2003,sp,m,35-44,0,Smear Positive
Seychelles,2003,sp,m,45-54,1,Smear Positive
Seychelles,2003,sp,m,55-64,2,Smear Positive
Seychelles,2003,sp,m,65+,0,Smear Positive
Seychelles,2003,sp,f,0-14,0,Smear Positive
Seychelles,2003,sp,f,15-24,0,Smear Positive
Seychelles,2003,sp,f,25-34,0,Smear Positive
Seychelles,2003,sp,f,35-44,0,Smear Positive
Seychelles,2003,sp,f,45-54,0,Smear Positive
Seychelles,2003,sp,f,55-64,0,Smear Positive
Seychelles,2003,sp,f,65+,0,Smear Positive
Seychelles,2004,sp,m,0-14,0,Smear Positive
Seychelles,2004,sp,m,15-24,0,Smear Positive
Seychelles,2004,sp,m,25-34,2,Smear Positive
Seychelles,2004,sp,m,35-44,0,Smear Positive
Seychelles,2004,sp,m,45-54,3,Smear Positive
Seychelles,2004,sp,m,55-64,2,Smear Positive
Seychelles,2004,sp,m,65+,0,Smear Positive
Seychelles,2004,sp,f,0-14,0,Smear Positive
Seychelles,2004,sp,f,15-24,0,Smear Positive
Seychelles,2004,sp,f,25-34,1,Smear Positive
Seychelles,2004,sp,f,35-44,2,Smear Positive
Seychelles,2004,sp,f,45-54,2,Smear Positive
Seychelles,2004,sp,f,55-64,1,Smear Positive
Seychelles,2004,sp,f,65+,0,Smear Positive
Seychelles,2005,sp,m,0-14,0,Smear Positive
Seychelles,2005,sp,m,15-24,2,Smear Positive
Seychelles,2005,sp,m,25-34,1,Smear Positive
Seychelles,2005,sp,m,35-44,2,Smear Positive
Seychelles,2005,sp,m,45-54,1,Smear Positive
Seychelles,2005,sp,m,55-64,0,Smear Positive
Seychelles,2005,sp,m,65+,0,Smear Positive
Seychelles,2005,sp,f,0-14,0,Smear Positive
Seychelles,2005,sp,f,15-24,0,Smear Positive
Seychelles,2005,sp,f,25-34,1,Smear Positive
Seychelles,2005,sp,f,35-44,1,Smear Positive
Seychelles,2005,sp,f,45-54,0,Smear Positive
Seychelles,2005,sp,f,55-64,0,Smear Positive
Seychelles,2005,sp,f,65+,0,Smear Positive
Seychelles,2008,sp,m,0-14,0,Smear Positive
Seychelles,2008,sp,m,15-24,0,Smear Positive
Seychelles,2008,sp,m,25-34,1,Smear Positive
Seychelles,2008,sp,m,35-44,0,Smear Positive
Seychelles,2008,sp,m,45-54,1,Smear Positive
Seychelles,2008,sp,m,55-64,0,Smear Positive
Seychelles,2008,sp,m,65+,2,Smear Positive
Seychelles,2008,sp,f,0-14,0,Smear Positive
Seychelles,2008,sp,f,15-24,0,Smear Positive
Seychelles,2008,sp,f,25-34,0,Smear Positive
Seychelles,2008,sp,f,35-44,0,Smear Positive
Seychelles,2008,sp,f,45-54,0,Smear Positive
Seychelles,2008,sp,f,55-64,0,Smear Positive
Seychelles,2008,sp,f,65+,0,Smear Positive
Seychelles,2008,sn,m,0-14,0,Smear Negative
Seychelles,2008,sn,m,15-24,0,Smear Negative
Seychelles,2008,sn,m,25-34,0,Smear Negative
Seychelles,2008,sn,m,35-44,0,Smear Negative
Seychelles,2008,sn,m,45-54,0,Smear Negative
Seychelles,2008,sn,m,55-64,0,Smear Negative
Seychelles,2008,sn,m,65+,0,Smear Negative
Seychelles,2008,sn,f,0-14,0,Smear Negative
Seychelles,2008,sn,f,15-24,0,Smear Negative
Seychelles,2008,sn,f,25-34,0,Smear Negative
Seychelles,2008,sn,f,35-44,0,Smear Negative
Seychelles,2008,sn,f,45-54,0,Smear Negative
Seychelles,2008,sn,f,55-64,0,Smear Negative
Seychelles,2008,sn,f,65+,0,Smear Negative
Seychelles,2008,ep,m,0-14,0,Extrapulmonary
Seychelles,2008,ep,m,15-24,0,Extrapulmonary
Seychelles,2008,ep,m,25-34,0,Extrapulmonary
Seychelles,2008,ep,m,35-44,0,Extrapulmonary
Seychelles,2008,ep,m,45-54,2,Extrapulmonary
Seychelles,2008,ep,m,55-64,0,Extrapulmonary
Seychelles,2008,ep,m,65+,0,Extrapulmonary
Seychelles,2008,ep,f,0-14,0,Extrapulmonary
Seychelles,2008,ep,f,15-24,0,Extrapulmonary
Seychelles,2008,ep,f,25-34,0,Extrapulmonary
Seychelles,2008,ep,f,35-44,0,Extrapulmonary
Seychelles,2008,ep,f,45-54,0,Extrapulmonary
Seychelles,2008,ep,f,55-64,0,Extrapulmonary
Seychelles,2008,ep,f,65+,0,Extrapulmonary
Seychelles,2009,sp,m,0-14,0,Smear Positive
Seychelles,2009,sp,m,15-24,0,Smear Positive
Seychelles,2009,sp,m,25-34,4,Smear Positive
Seychelles,2009,sp,m,35-44,1,Smear Positive
Seychelles,2009,sp,m,45-54,1,Smear Positive
Seychelles,2009,sp,m,55-64,1,Smear Positive
Seychelles,2009,sp,m,65+,2,Smear Positive
Seychelles,2009,sp,f,0-14,0,Smear Positive
Seychelles,2009,sp,f,15-24,0,Smear Positive
Seychelles,2009,sp,f,25-34,1,Smear Positive
Seychelles,2009,sp,f,35-44,0,Smear Positive
Seychelles,2009,sp,f,45-54,1,Smear Positive
Seychelles,2009,sp,f,55-64,0,Smear Positive
Seychelles,2009,sp,f,65+,0,Smear Positive
Seychelles,2009,sn,m,0-14,0,Smear Negative
Seychelles,2009,sn,m,15-24,0,Smear Negative
Seychelles,2009,sn,m,25-34,0,Smear Negative
Seychelles,2009,sn,m,35-44,1,Smear Negative
Seychelles,2009,sn,m,45-54,0,Smear Negative
Seychelles,2009,sn,m,55-64,1,Smear Negative
Seychelles,2009,sn,m,65+,0,Smear Negative
Seychelles,2009,sn,f,0-14,0,Smear Negative
Seychelles,2009,sn,f,15-24,0,Smear Negative
Seychelles,2009,sn,f,25-34,0,Smear Negative
Seychelles,2009,sn,f,35-44,0,Smear Negative
Seychelles,2009,sn,f,45-54,0,Smear Negative
Seychelles,2009,sn,f,55-64,0,Smear Negative
Seychelles,2009,sn,f,65+,0,Smear Negative
Seychelles,2009,ep,m,0-14,0,Extrapulmonary
Seychelles,2009,ep,m,15-24,0,Extrapulmonary
Seychelles,2009,ep,m,25-34,0,Extrapulmonary
Seychelles,2009,ep,m,35-44,2,Extrapulmonary
Seychelles,2009,ep,m,45-54,0,Extrapulmonary
Seychelles,2009,ep,m,55-64,0,Extrapulmonary
Seychelles,2009,ep,m,65+,0,Extrapulmonary
Seychelles,2009,ep,f,0-14,0,Extrapulmonary
Seychelles,2009,ep,f,15-24,0,Extrapulmonary
Seychelles,2009,ep,f,25-34,0,Extrapulmonary
Seychelles,2009,ep,f,35-44,0,Extrapulmonary
Seychelles,2009,ep,f,45-54,0,Extrapulmonary
Seychelles,2009,ep,f,55-64,0,Extrapulmonary
Seychelles,2009,ep,f,65+,0,Extrapulmonary
Seychelles,2010,sp,m,0-14,0,Smear Positive
Seychelles,2010,sp,m,15-24,0,Smear Positive
Seychelles,2010,sp,m,25-34,0,Smear Positive
Seychelles,2010,sp,m,35-44,6,Smear Positive
Seychelles,2010,sp,m,45-54,0,Smear Positive
Seychelles,2010,sp,m,55-64,0,Smear Positive
Seychelles,2010,sp,m,65+,1,Smear Positive
Seychelles,2010,sp,f,0-14,0,Smear Positive
Seychelles,2010,sp,f,15-24,2,Smear Positive
Seychelles,2010,sp,f,25-34,0,Smear Positive
Seychelles,2010,sp,f,35-44,0,Smear Positive
Seychelles,2010,sp,f,45-54,0,Smear Positive
Seychelles,2010,sp,f,55-64,0,Smear Positive
Seychelles,2010,sp,f,65+,0,Smear Positive
Seychelles,2010,sn,m,0-14,0,Smear Negative
Seychelles,2010,sn,m,15-24,0,Smear Negative
Seychelles,2010,sn,m,25-34,3,Smear Negative
Seychelles,2010,sn,m,35-44,0,Smear Negative
Seychelles,2010,sn,m,45-54,1,Smear Negative
Seychelles,2010,sn,m,55-64,1,Smear Negative
Seychelles,2010,sn,m,65+,2,Smear Negative
Seychelles,2010,sn,f,0-14,0,Smear Negative
Seychelles,2010,sn,f,15-24,0,Smear Negative
Seychelles,2010,sn,f,25-34,0,Smear Negative
Seychelles,2010,sn,f,35-44,0,Smear Negative
Seychelles,2010,sn,f,45-54,0,Smear Negative
Seychelles,2010,sn,f,55-64,1,Smear Negative
Seychelles,2010,sn,f,65+,0,Smear Negative
Seychelles,2010,ep,m,0-14,0,Extrapulmonary
Seychelles,2010,ep,m,15-24,0,Extrapulmonary
Seychelles,2010,ep,m,25-34,0,Extrapulmonary
Seychelles,2010,ep,m,35-44,0,Extrapulmonary
Seychelles,2010,ep,m,45-54,0,Extrapulmonary
Seychelles,2010,ep,m,55-64,0,Extrapulmonary
Seychelles,2010,ep,m,65+,0,Extrapulmonary
Seychelles,2010,ep,f,0-14,0,Extrapulmonary
Seychelles,2010,ep,f,15-24,0,Extrapulmonary
Seychelles,2010,ep,f,25-34,0,Extrapulmonary
Seychelles,2010,ep,f,35-44,0,Extrapulmonary
Seychelles,2010,ep,f,45-54,0,Extrapulmonary
Seychelles,2010,ep,f,55-64,0,Extrapulmonary
Seychelles,2010,ep,f,65+,0,Extrapulmonary
Seychelles,2011,sp,m,0-14,0,Smear Positive
Seychelles,2011,sp,m,15-24,0,Smear Positive
Seychelles,2011,sp,m,25-34,1,Smear Positive
Seychelles,2011,sp,m,35-44,0,Smear Positive
Seychelles,2011,sp,m,45-54,0,Smear Positive
Seychelles,2011,sp,m,55-64,0,Smear Positive
Seychelles,2011,sp,m,65+,0,Smear Positive
Seychelles,2011,sp,f,0-14,0,Smear Positive
Seychelles,2011,sp,f,15-24,1,Smear Positive
Seychelles,2011,sp,f,25-34,0,Smear Positive
Seychelles,2011,sp,f,35-44,0,Smear Positive
Seychelles,2011,sp,f,45-54,0,Smear Positive
Seychelles,2011,sp,f,55-64,0,Smear Positive
Seychelles,2011,sp,f,65+,0,Smear Positive
Seychelles,2011,sn,m,0-14,0,Smear Negative
Seychelles,2011,sn,m,15-24,1,Smear Negative
Seychelles,2011,sn,m,25-34,2,Smear Negative
Seychelles,2011,sn,m,35-44,4,Smear Negative
Seychelles,2011,sn,m,45-54,13,Smear Negative
Seychelles,2011,sn,m,55-64,2,Smear Negative
Seychelles,2011,sn,m,65+,0,Smear Negative
Seychelles,2011,sn,f,0-14,0,Smear Negative
Seychelles,2011,sn,f,15-24,0,Smear Negative
Seychelles,2011,sn,f,25-34,0,Smear Negative
Seychelles,2011,sn,f,35-44,1,Smear Negative
Seychelles,2011,sn,f,45-54,0,Smear Negative
Seychelles,2011,sn,f,55-64,1,Smear Negative
Seychelles,2011,sn,f,65+,0,Smear Negative
Seychelles,2011,ep,m,0-14,0,Extrapulmonary
Seychelles,2011,ep,m,15-24,0,Extrapulmonary
Seychelles,2011,ep,m,25-34,2,Extrapulmonary
Seychelles,2011,ep,m,35-44,1,Extrapulmonary
Seychelles,2011,ep,m,45-54,0,Extrapulmonary
Seychelles,2011,ep,m,55-64,2,Extrapulmonary
Seychelles,2011,ep,m,65+,0,Extrapulmonary
Seychelles,2011,ep,f,0-14,0,Extrapulmonary
Seychelles,2011,ep,f,15-24,0,Extrapulmonary
Seychelles,2011,ep,f,25-34,0,Extrapulmonary
Seychelles,2011,ep,f,35-44,0,Extrapulmonary
Seychelles,2011,ep,f,45-54,0,Extrapulmonary
Seychelles,2011,ep,f,55-64,0,Extrapulmonary
Seychelles,2011,ep,f,65+,0,Extrapulmonary
Seychelles,2012,sp,m,0-14,0,Smear Positive
Seychelles,2012,sp,m,15-24,0,Smear Positive
Seychelles,2012,sp,m,25-34,1,Smear Positive
Seychelles,2012,sp,m,35-44,2,Smear Positive
Seychelles,2012,sp,m,45-54,2,Smear Positive
Seychelles,2012,sp,m,55-64,0,Smear Positive
Seychelles,2012,sp,m,65+,0,Smear Positive
Seychelles,2012,sp,f,0-14,0,Smear Positive
Seychelles,2012,sp,f,15-24,0,Smear Positive
Seychelles,2012,sp,f,25-34,1,Smear Positive
Seychelles,2012,sp,f,35-44,1,Smear Positive
Seychelles,2012,sp,f,45-54,1,Smear Positive
Seychelles,2012,sp,f,55-64,0,Smear Positive
Seychelles,2012,sp,f,65+,1,Smear Positive
Seychelles,2012,sn,m,0-14,0,Smear Negative
Seychelles,2012,sn,m,15-24,1,Smear Negative
Seychelles,2012,sn,m,25-34,0,Smear Negative
Seychelles,2012,sn,m,35-44,1,Smear Negative
Seychelles,2012,sn,m,45-54,1,Smear Negative
Seychelles,2012,sn,m,55-64,1,Smear Negative
Seychelles,2012,sn,m,65+,0,Smear Negative
Seychelles,2012,sn,f,0-14,0,Smear Negative
Seychelles,2012,sn,f,15-24,0,Smear Negative
Seychelles,2012,sn,f,25-34,0,Smear Negative
Seychelles,2012,sn,f,35-44,0,Smear Negative
Seychelles,2012,sn,f,45-54,1,Smear Negative
Seychelles,2012,sn,f,55-64,1,Smear Negative
Seychelles,2012,sn,f,65+,2,Smear Negative
Seychelles,2012,ep,m,0-14,0,Extrapulmonary
Seychelles,2012,ep,m,15-24,1,Extrapulmonary
Seychelles,2012,ep,m,25-34,0,Extrapulmonary
Seychelles,2012,ep,m,35-44,0,Extrapulmonary
Seychelles,2012,ep,m,45-54,0,Extrapulmonary
Seychelles,2012,ep,m,55-64,0,Extrapulmonary
Seychelles,2012,ep,m,65+,0,Extrapulmonary
Seychelles,2012,ep,f,0-14,0,Extrapulmonary
Seychelles,2012,ep,f,15-24,0,Extrapulmonary
Seychelles,2012,ep,f,25-34,0,Extrapulmonary
Seychelles,2012,ep,f,35-44,0,Extrapulmonary
Seychelles,2012,ep,f,45-54,1,Extrapulmonary
Seychelles,2012,ep,f,55-64,0,Extrapulmonary
Seychelles,2012,ep,f,65+,0,Extrapulmonary
Seychelles,2013,rel,m,0-14,0,Relapse
Seychelles,2013,rel,m,15-24,0,Relapse
Seychelles,2013,rel,m,25-34,5,Relapse
Seychelles,2013,rel,m,35-44,3,Relapse
Seychelles,2013,rel,m,45-54,3,Relapse
Seychelles,2013,rel,m,55-64,5,Relapse
Seychelles,2013,rel,m,65+,1,Relapse
Seychelles,2013,rel,f,0-14,0,Relapse
Seychelles,2013,rel,f,15-24,2,Relapse
Seychelles,2013,rel,f,25-34,1,Relapse
Seychelles,2013,rel,f,35-44,1,Relapse
Seychelles,2013,rel,f,45-54,0,Relapse
Seychelles,2013,rel,f,55-64,1,Relapse
Seychelles,2013,rel,f,65+,2,Relapse
Sierra Leone,1995,sp,m,0-14,10,Smear Positive
Sierra Leone,1995,sp,m,15-24,184,Smear Positive
Sierra Leone,1995,sp,m,25-34,305,Smear Positive
Sierra Leone,1995,sp,m,35-44,201,Smear Positive
Sierra Leone,1995,sp,m,45-54,99,Smear Positive
Sierra Leone,1995,sp,m,55-64,47,Smear Positive
Sierra Leone,1995,sp,m,65+,22,Smear Positive
Sierra Leone,1995,sp,f,0-14,18,Smear Positive
Sierra Leone,1995,sp,f,15-24,165,Smear Positive
Sierra Leone,1995,sp,f,25-34,193,Smear Positive
Sierra Leone,1995,sp,f,35-44,110,Smear Positive
Sierra Leone,1995,sp,f,45-54,65,Smear Positive
Sierra Leone,1995,sp,f,55-64,24,Smear Positive
Sierra Leone,1995,sp,f,65+,11,Smear Positive
Sierra Leone,1996,sp,m,0-14,23,Smear Positive
Sierra Leone,1996,sp,m,15-24,249,Smear Positive
Sierra Leone,1996,sp,m,25-34,450,Smear Positive
Sierra Leone,1996,sp,m,35-44,310,Smear Positive
Sierra Leone,1996,sp,m,45-54,180,Smear Positive
Sierra Leone,1996,sp,m,55-64,79,Smear Positive
Sierra Leone,1996,sp,m,65+,51,Smear Positive
Sierra Leone,1996,sp,f,0-14,35,Smear Positive
Sierra Leone,1996,sp,f,15-24,201,Smear Positive
Sierra Leone,1996,sp,f,25-34,278,Smear Positive
Sierra Leone,1996,sp,f,35-44,218,Smear Positive
Sierra Leone,1996,sp,f,45-54,89,Smear Positive
Sierra Leone,1996,sp,f,55-64,49,Smear Positive
Sierra Leone,1996,sp,f,65+,22,Smear Positive
Sierra Leone,1997,sp,m,0-14,14,Smear Positive
Sierra Leone,1997,sp,m,15-24,230,Smear Positive
Sierra Leone,1997,sp,m,25-34,470,Smear Positive
Sierra Leone,1997,sp,m,35-44,359,Smear Positive
Sierra Leone,1997,sp,m,45-54,182,Smear Positive
Sierra Leone,1997,sp,m,55-64,89,Smear Positive
Sierra Leone,1997,sp,m,65+,47,Smear Positive
Sierra Leone,1997,sp,f,0-14,21,Smear Positive
Sierra Leone,1997,sp,f,15-24,207,Smear Positive
Sierra Leone,1997,sp,f,25-34,328,Smear Positive
Sierra Leone,1997,sp,f,35-44,228,Smear Positive
Sierra Leone,1997,sp,f,45-54,67,Smear Positive
Sierra Leone,1997,sp,f,55-64,39,Smear Positive
Sierra Leone,1997,sp,f,65+,15,Smear Positive
Sierra Leone,1998,sp,m,0-14,14,Smear Positive
Sierra Leone,1998,sp,m,15-24,226,Smear Positive
Sierra Leone,1998,sp,m,25-34,445,Smear Positive
Sierra Leone,1998,sp,m,35-44,338,Smear Positive
Sierra Leone,1998,sp,m,45-54,191,Smear Positive
Sierra Leone,1998,sp,m,55-64,78,Smear Positive
Sierra Leone,1998,sp,m,65+,42,Smear Positive
Sierra Leone,1998,sp,f,0-14,36,Smear Positive
Sierra Leone,1998,sp,f,15-24,235,Smear Positive
Sierra Leone,1998,sp,f,25-34,294,Smear Positive
Sierra Leone,1998,sp,f,35-44,217,Smear Positive
Sierra Leone,1998,sp,f,45-54,86,Smear Positive
Sierra Leone,1998,sp,f,55-64,43,Smear Positive
Sierra Leone,1998,sp,f,65+,17,Smear Positive
Sierra Leone,2000,sp,m,0-14,18,Smear Positive
Sierra Leone,2000,sp,m,15-24,287,Smear Positive
Sierra Leone,2000,sp,m,25-34,486,Smear Positive
Sierra Leone,2000,sp,m,35-44,361,Smear Positive
Sierra Leone,2000,sp,m,45-54,190,Smear Positive
Sierra Leone,2000,sp,m,55-64,113,Smear Positive
Sierra Leone,2000,sp,m,65+,47,Smear Positive
Sierra Leone,2000,sp,f,0-14,27,Smear Positive
Sierra Leone,2000,sp,f,15-24,249,Smear Positive
Sierra Leone,2000,sp,f,25-34,298,Smear Positive
Sierra Leone,2000,sp,f,35-44,225,Smear Positive
Sierra Leone,2000,sp,f,45-54,92,Smear Positive
Sierra Leone,2000,sp,f,55-64,49,Smear Positive
Sierra Leone,2000,sp,f,65+,30,Smear Positive
Sierra Leone,2001,sp,m,0-14,19,Smear Positive
Sierra Leone,2001,sp,m,15-24,268,Smear Positive
Sierra Leone,2001,sp,m,25-34,546,Smear Positive
Sierra Leone,2001,sp,m,35-44,406,Smear Positive
Sierra Leone,2001,sp,m,45-54,230,Smear Positive
Sierra Leone,2001,sp,m,55-64,123,Smear Positive
Sierra Leone,2001,sp,m,65+,51,Smear Positive
Sierra Leone,2001,sp,f,0-14,36,Smear Positive
Sierra Leone,2001,sp,f,15-24,279,Smear Positive
Sierra Leone,2001,sp,f,25-34,292,Smear Positive
Sierra Leone,2001,sp,f,35-44,234,Smear Positive
Sierra Leone,2001,sp,f,45-54,120,Smear Positive
Sierra Leone,2001,sp,f,55-64,61,Smear Positive
Sierra Leone,2001,sp,f,65+,27,Smear Positive
Sierra Leone,2002,sp,m,0-14,23,Smear Positive
Sierra Leone,2002,sp,m,15-24,317,Smear Positive
Sierra Leone,2002,sp,m,25-34,561,Smear Positive
Sierra Leone,2002,sp,m,35-44,427,Smear Positive
Sierra Leone,2002,sp,m,45-54,246,Smear Positive
Sierra Leone,2002,sp,m,55-64,102,Smear Positive
Sierra Leone,2002,sp,m,65+,58,Smear Positive
Sierra Leone,2002,sp,f,0-14,31,Smear Positive
Sierra Leone,2002,sp,f,15-24,300,Smear Positive
Sierra Leone,2002,sp,f,25-34,382,Smear Positive
Sierra Leone,2002,sp,f,35-44,284,Smear Positive
Sierra Leone,2002,sp,f,45-54,133,Smear Positive
Sierra Leone,2002,sp,f,55-64,48,Smear Positive
Sierra Leone,2002,sp,f,65+,26,Smear Positive
Sierra Leone,2003,sp,m,0-14,19,Smear Positive
Sierra Leone,2003,sp,m,15-24,351,Smear Positive
Sierra Leone,2003,sp,m,25-34,564,Smear Positive
Sierra Leone,2003,sp,m,35-44,481,Smear Positive
Sierra Leone,2003,sp,m,45-54,264,Smear Positive
Sierra Leone,2003,sp,m,55-64,149,Smear Positive
Sierra Leone,2003,sp,m,65+,77,Smear Positive
Sierra Leone,2003,sp,f,0-14,26,Smear Positive
Sierra Leone,2003,sp,f,15-24,308,Smear Positive
Sierra Leone,2003,sp,f,25-34,394,Smear Positive
Sierra Leone,2003,sp,f,35-44,249,Smear Positive
Sierra Leone,2003,sp,f,45-54,122,Smear Positive
Sierra Leone,2003,sp,f,55-64,77,Smear Positive
Sierra Leone,2003,sp,f,65+,32,Smear Positive
Sierra Leone,2004,sp,m,0-14,19,Smear Positive
Sierra Leone,2004,sp,m,15-24,417,Smear Positive
Sierra Leone,2004,sp,m,25-34,659,Smear Positive
Sierra Leone,2004,sp,m,35-44,581,Smear Positive
Sierra Leone,2004,sp,m,45-54,364,Smear Positive
Sierra Leone,2004,sp,m,55-64,153,Smear Positive
Sierra Leone,2004,sp,m,65+,130,Smear Positive
Sierra Leone,2004,sp,f,0-14,40,Smear Positive
Sierra Leone,2004,sp,f,15-24,304,Smear Positive
Sierra Leone,2004,sp,f,25-34,440,Smear Positive
Sierra Leone,2004,sp,f,35-44,319,Smear Positive
Sierra Leone,2004,sp,f,45-54,170,Smear Positive
Sierra Leone,2004,sp,f,55-64,89,Smear Positive
Sierra Leone,2004,sp,f,65+,50,Smear Positive
Sierra Leone,2005,sp,m,0-14,45,Smear Positive
Sierra Leone,2005,sp,m,15-24,490,Smear Positive
Sierra Leone,2005,sp,m,25-34,792,Smear Positive
Sierra Leone,2005,sp,m,35-44,651,Smear Positive
Sierra Leone,2005,sp,m,45-54,397,Smear Positive
Sierra Leone,2005,sp,m,55-64,226,Smear Positive
Sierra Leone,2005,sp,m,65+,124,Smear Positive
Sierra Leone,2005,sp,f,0-14,54,Smear Positive
Sierra Leone,2005,sp,f,15-24,393,Smear Positive
Sierra Leone,2005,sp,f,25-34,518,Smear Positive
Sierra Leone,2005,sp,f,35-44,312,Smear Positive
Sierra Leone,2005,sp,f,45-54,207,Smear Positive
Sierra Leone,2005,sp,f,55-64,114,Smear Positive
Sierra Leone,2005,sp,f,65+,47,Smear Positive
Sierra Leone,2006,sp,m,0-14,43,Smear Positive
Sierra Leone,2006,sp,m,15-24,485,Smear Positive
Sierra Leone,2006,sp,m,25-34,851,Smear Positive
Sierra Leone,2006,sp,m,35-44,709,Smear Positive
Sierra Leone,2006,sp,m,45-54,446,Smear Positive
Sierra Leone,2006,sp,m,55-64,216,Smear Positive
Sierra Leone,2006,sp,m,65+,166,Smear Positive
Sierra Leone,2006,sp,f,0-14,68,Smear Positive
Sierra Leone,2006,sp,f,15-24,375,Smear Positive
Sierra Leone,2006,sp,f,25-34,536,Smear Positive
Sierra Leone,2006,sp,f,35-44,357,Smear Positive
Sierra Leone,2006,sp,f,45-54,207,Smear Positive
Sierra Leone,2006,sp,f,55-64,111,Smear Positive
Sierra Leone,2006,sp,f,65+,59,Smear Positive
Sierra Leone,2007,sp,m,0-14,45,Smear Positive
Sierra Leone,2007,sp,m,15-24,538,Smear Positive
Sierra Leone,2007,sp,m,25-34,1032,Smear Positive
Sierra Leone,2007,sp,m,35-44,797,Smear Positive
Sierra Leone,2007,sp,m,45-54,520,Smear Positive
Sierra Leone,2007,sp,m,55-64,258,Smear Positive
Sierra Leone,2007,sp,m,65+,172,Smear Positive
Sierra Leone,2007,sp,f,0-14,74,Smear Positive
Sierra Leone,2007,sp,f,15-24,398,Smear Positive
Sierra Leone,2007,sp,f,25-34,568,Smear Positive
Sierra Leone,2007,sp,f,35-44,468,Smear Positive
Sierra Leone,2007,sp,f,45-54,255,Smear Positive
Sierra Leone,2007,sp,f,55-64,143,Smear Positive
Sierra Leone,2007,sp,f,65+,79,Smear Positive
Sierra Leone,2007,sn,m,0-14,1081,Smear Negative
Sierra Leone,2007,sn,m,15-24,2116,Smear Negative
Sierra Leone,2007,ep,m,0-14,337,Extrapulmonary
Sierra Leone,2007,ep,m,15-24,369,Extrapulmonary
Sierra Leone,2008,sp,m,15-24,625,Smear Positive
Sierra Leone,2008,sp,m,25-34,1062,Smear Positive
Sierra Leone,2008,sp,m,35-44,938,Smear Positive
Sierra Leone,2008,sp,m,45-54,573,Smear Positive
Sierra Leone,2008,sp,m,55-64,265,Smear Positive
Sierra Leone,2008,sp,m,65+,188,Smear Positive
Sierra Leone,2008,sp,f,15-24,460,Smear Positive
Sierra Leone,2008,sp,f,25-34,609,Smear Positive
Sierra Leone,2008,sp,f,35-44,501,Smear Positive
Sierra Leone,2008,sp,f,45-54,269,Smear Positive
Sierra Leone,2008,sp,f,55-64,153,Smear Positive
Sierra Leone,2008,sp,f,65+,83,Smear Positive
Sierra Leone,2009,sp,m,0-14,44,Smear Positive
Sierra Leone,2009,sp,m,15-24,737,Smear Positive
Sierra Leone,2009,sp,m,25-34,1073,Smear Positive
Sierra Leone,2009,sp,m,35-44,905,Smear Positive
Sierra Leone,2009,sp,m,45-54,621,Smear Positive
Sierra Leone,2009,sp,m,55-64,280,Smear Positive
Sierra Leone,2009,sp,m,65+,195,Smear Positive
Sierra Leone,2009,sp,f,0-14,66,Smear Positive
Sierra Leone,2009,sp,f,15-24,524,Smear Positive
Sierra Leone,2009,sp,f,25-34,645,Smear Positive
Sierra Leone,2009,sp,f,35-44,506,Smear Positive
Sierra Leone,2009,sp,f,45-54,260,Smear Positive
Sierra Leone,2009,sp,f,55-64,146,Smear Positive
Sierra Leone,2009,sp,f,65+,90,Smear Positive
Sierra Leone,2010,sp,m,0-14,64,Smear Positive
Sierra Leone,2010,sp,m,15-24,718,Smear Positive
Sierra Leone,2010,sp,m,25-34,1176,Smear Positive
Sierra Leone,2010,sp,m,35-44,1076,Smear Positive
Sierra Leone,2010,sp,m,45-54,663,Smear Positive
Sierra Leone,2010,sp,m,55-64,320,Smear Positive
Sierra Leone,2010,sp,m,65+,254,Smear Positive
Sierra Leone,2010,sp,f,0-14,77,Smear Positive
Sierra Leone,2010,sp,f,15-24,648,Smear Positive
Sierra Leone,2010,sp,f,25-34,742,Smear Positive
Sierra Leone,2010,sp,f,35-44,556,Smear Positive
Sierra Leone,2010,sp,f,45-54,293,Smear Positive
Sierra Leone,2010,sp,f,55-64,180,Smear Positive
Sierra Leone,2010,sp,f,65+,131,Smear Positive
Sierra Leone,2011,sp,m,0-14,75,Smear Positive
Sierra Leone,2011,sp,m,15-24,825,Smear Positive
Sierra Leone,2011,sp,m,25-34,1224,Smear Positive
Sierra Leone,2011,sp,m,35-44,1099,Smear Positive
Sierra Leone,2011,sp,m,45-54,781,Smear Positive
Sierra Leone,2011,sp,m,55-64,334,Smear Positive
Sierra Leone,2011,sp,m,65+,287,Smear Positive
Sierra Leone,2011,sp,f,0-14,115,Smear Positive
Sierra Leone,2011,sp,f,15-24,678,Smear Positive
Sierra Leone,2011,sp,f,25-34,796,Smear Positive
Sierra Leone,2011,sp,f,35-44,543,Smear Positive
Sierra Leone,2011,sp,f,45-54,343,Smear Positive
Sierra Leone,2011,sp,f,55-64,219,Smear Positive
Sierra Leone,2011,sp,f,65+,116,Smear Positive
Sierra Leone,2012,sp,m,0-14,70,Smear Positive
Sierra Leone,2012,sp,m,15-24,858,Smear Positive
Sierra Leone,2012,sp,m,25-34,1324,Smear Positive
Sierra Leone,2012,sp,m,35-44,1213,Smear Positive
Sierra Leone,2012,sp,m,45-54,841,Smear Positive
Sierra Leone,2012,sp,m,55-64,416,Smear Positive
Sierra Leone,2012,sp,m,65+,274,Smear Positive
Sierra Leone,2012,sp,f,0-14,80,Smear Positive
Sierra Leone,2012,sp,f,15-24,703,Smear Positive
Sierra Leone,2012,sp,f,25-34,861,Smear Positive
Sierra Leone,2012,sp,f,35-44,667,Smear Positive
Sierra Leone,2012,sp,f,45-54,391,Smear Positive
Sierra Leone,2012,sp,f,55-64,201,Smear Positive
Sierra Leone,2012,sp,f,65+,132,Smear Positive
Sierra Leone,2012,sn,m,0-14,811,Smear Negative
Sierra Leone,2012,sn,f,0-14,634,Smear Negative
Sierra Leone,2012,ep,m,0-14,112,Extrapulmonary
Sierra Leone,2012,ep,f,0-14,103,Extrapulmonary
Sierra Leone,2013,rel,m,0-14,51,Relapse
Sierra Leone,2013,rel,m,15-24,810,Relapse
Sierra Leone,2013,rel,m,25-34,1231,Relapse
Sierra Leone,2013,rel,m,35-44,1109,Relapse
Sierra Leone,2013,rel,m,45-54,791,Relapse
Sierra Leone,2013,rel,m,55-64,384,Relapse
Sierra Leone,2013,rel,m,65+,233,Relapse
Sierra Leone,2013,rel,f,0-14,52,Relapse
Sierra Leone,2013,rel,f,15-24,618,Relapse
Sierra Leone,2013,rel,f,25-34,785,Relapse
Sierra Leone,2013,rel,f,35-44,618,Relapse
Sierra Leone,2013,rel,f,45-54,351,Relapse
Sierra Leone,2013,rel,f,55-64,229,Relapse
Sierra Leone,2013,rel,f,65+,128,Relapse
Singapore,1995,sp,m,0-14,0,Smear Positive
Singapore,1995,sp,m,15-24,9,Smear Positive
Singapore,1995,sp,m,25-34,40,Smear Positive
Singapore,1995,sp,m,35-44,60,Smear Positive
Singapore,1995,sp,m,45-54,62,Smear Positive
Singapore,1995,sp,m,55-64,70,Smear Positive
Singapore,1995,sp,m,65+,94,Smear Positive
Singapore,1995,sp,f,0-14,1,Smear Positive
Singapore,1995,sp,f,15-24,8,Smear Positive
Singapore,1995,sp,f,25-34,18,Smear Positive
Singapore,1995,sp,f,35-44,21,Smear Positive
Singapore,1995,sp,f,45-54,22,Smear Positive
Singapore,1995,sp,f,55-64,19,Smear Positive
Singapore,1995,sp,f,65+,31,Smear Positive
Singapore,1997,sp,m,0-14,0,Smear Positive
Singapore,1997,sp,m,15-24,8,Smear Positive
Singapore,1997,sp,m,25-34,27,Smear Positive
Singapore,1997,sp,m,35-44,49,Smear Positive
Singapore,1997,sp,m,45-54,60,Smear Positive
Singapore,1997,sp,m,55-64,88,Smear Positive
Singapore,1997,sp,m,65+,101,Smear Positive
Singapore,1997,sp,f,0-14,0,Smear Positive
Singapore,1997,sp,f,15-24,11,Smear Positive
Singapore,1997,sp,f,25-34,16,Smear Positive
Singapore,1997,sp,f,35-44,12,Smear Positive
Singapore,1997,sp,f,45-54,16,Smear Positive
Singapore,1997,sp,f,55-64,12,Smear Positive
Singapore,1997,sp,f,65+,32,Smear Positive
Singapore,1998,sp,m,0-14,1,Smear Positive
Singapore,1998,sp,m,15-24,9,Smear Positive
Singapore,1998,sp,m,25-34,36,Smear Positive
Singapore,1998,sp,m,35-44,70,Smear Positive
Singapore,1998,sp,m,45-54,63,Smear Positive
Singapore,1998,sp,m,55-64,81,Smear Positive
Singapore,1998,sp,m,65+,104,Smear Positive
Singapore,1998,sp,f,0-14,2,Smear Positive
Singapore,1998,sp,f,15-24,6,Smear Positive
Singapore,1998,sp,f,25-34,18,Smear Positive
Singapore,1998,sp,f,35-44,11,Smear Positive
Singapore,1998,sp,f,45-54,20,Smear Positive
Singapore,1998,sp,f,55-64,25,Smear Positive
Singapore,1998,sp,f,65+,34,Smear Positive
Singapore,1999,sp,m,0-14,0,Smear Positive
Singapore,1999,sp,m,15-24,18,Smear Positive
Singapore,1999,sp,m,25-34,23,Smear Positive
Singapore,1999,sp,m,35-44,41,Smear Positive
Singapore,1999,sp,m,45-54,72,Smear Positive
Singapore,1999,sp,m,55-64,55,Smear Positive
Singapore,1999,sp,m,65+,124,Smear Positive
Singapore,1999,sp,f,0-14,0,Smear Positive
Singapore,1999,sp,f,15-24,12,Smear Positive
Singapore,1999,sp,f,25-34,21,Smear Positive
Singapore,1999,sp,f,35-44,18,Smear Positive
Singapore,1999,sp,f,45-54,23,Smear Positive
Singapore,1999,sp,f,55-64,17,Smear Positive
Singapore,1999,sp,f,65+,29,Smear Positive
Singapore,2000,sp,m,0-14,1,Smear Positive
Singapore,2000,sp,m,15-24,8,Smear Positive
Singapore,2000,sp,m,25-34,9,Smear Positive
Singapore,2000,sp,m,35-44,34,Smear Positive
Singapore,2000,sp,m,45-54,51,Smear Positive
Singapore,2000,sp,m,55-64,26,Smear Positive
Singapore,2000,sp,m,65+,64,Smear Positive
Singapore,2000,sp,f,0-14,1,Smear Positive
Singapore,2000,sp,f,15-24,9,Smear Positive
Singapore,2000,sp,f,25-34,8,Smear Positive
Singapore,2000,sp,f,35-44,7,Smear Positive
Singapore,2000,sp,f,45-54,9,Smear Positive
Singapore,2000,sp,f,55-64,5,Smear Positive
Singapore,2000,sp,f,65+,16,Smear Positive
Singapore,2001,sp,m,0-14,1,Smear Positive
Singapore,2001,sp,m,15-24,6,Smear Positive
Singapore,2001,sp,m,25-34,19,Smear Positive
Singapore,2001,sp,m,35-44,39,Smear Positive
Singapore,2001,sp,m,45-54,70,Smear Positive
Singapore,2001,sp,m,55-64,66,Smear Positive
Singapore,2001,sp,m,65+,76,Smear Positive
Singapore,2001,sp,f,0-14,1,Smear Positive
Singapore,2001,sp,f,15-24,5,Smear Positive
Singapore,2001,sp,f,25-34,7,Smear Positive
Singapore,2001,sp,f,35-44,19,Smear Positive
Singapore,2001,sp,f,45-54,15,Smear Positive
Singapore,2001,sp,f,55-64,9,Smear Positive
Singapore,2001,sp,f,65+,24,Smear Positive
Singapore,2002,sp,m,0-14,0,Smear Positive
Singapore,2002,sp,m,15-24,14,Smear Positive
Singapore,2002,sp,m,25-34,28,Smear Positive
Singapore,2002,sp,m,35-44,73,Smear Positive
Singapore,2002,sp,m,45-54,88,Smear Positive
Singapore,2002,sp,m,55-64,65,Smear Positive
Singapore,2002,sp,m,65+,130,Smear Positive
Singapore,2002,sp,f,0-14,2,Smear Positive
Singapore,2002,sp,f,15-24,10,Smear Positive
Singapore,2002,sp,f,25-34,15,Smear Positive
Singapore,2002,sp,f,35-44,30,Smear Positive
Singapore,2002,sp,f,45-54,32,Smear Positive
Singapore,2002,sp,f,55-64,24,Smear Positive
Singapore,2002,sp,f,65+,38,Smear Positive
Singapore,2003,sp,m,0-14,1,Smear Positive
Singapore,2003,sp,m,15-24,17,Smear Positive
Singapore,2003,sp,m,25-34,28,Smear Positive
Singapore,2003,sp,m,35-44,68,Smear Positive
Singapore,2003,sp,m,45-54,96,Smear Positive
Singapore,2003,sp,m,55-64,80,Smear Positive
Singapore,2003,sp,m,65+,133,Smear Positive
Singapore,2003,sp,f,0-14,0,Smear Positive
Singapore,2003,sp,f,15-24,6,Smear Positive
Singapore,2003,sp,f,25-34,26,Smear Positive
Singapore,2003,sp,f,35-44,30,Smear Positive
Singapore,2003,sp,f,45-54,20,Smear Positive
Singapore,2003,sp,f,55-64,20,Smear Positive
Singapore,2003,sp,f,65+,58,Smear Positive
Singapore,2004,sp,m,0-14,1,Smear Positive
Singapore,2004,sp,m,15-24,12,Smear Positive
Singapore,2004,sp,m,25-34,32,Smear Positive
Singapore,2004,sp,m,35-44,56,Smear Positive
Singapore,2004,sp,m,45-54,83,Smear Positive
Singapore,2004,sp,m,55-64,75,Smear Positive
Singapore,2004,sp,m,65+,119,Smear Positive
Singapore,2004,sp,f,0-14,0,Smear Positive
Singapore,2004,sp,f,15-24,6,Smear Positive
Singapore,2004,sp,f,25-34,15,Smear Positive
Singapore,2004,sp,f,35-44,18,Smear Positive
Singapore,2004,sp,f,45-54,17,Smear Positive
Singapore,2004,sp,f,55-64,19,Smear Positive
Singapore,2004,sp,f,65+,48,Smear Positive
Singapore,2005,sp,m,0-14,0,Smear Positive
Singapore,2005,sp,m,15-24,8,Smear Positive
Singapore,2005,sp,m,25-34,25,Smear Positive
Singapore,2005,sp,m,35-44,61,Smear Positive
Singapore,2005,sp,m,45-54,94,Smear Positive
Singapore,2005,sp,m,55-64,96,Smear Positive
Singapore,2005,sp,m,65+,118,Smear Positive
Singapore,2005,sp,f,0-14,0,Smear Positive
Singapore,2005,sp,f,15-24,5,Smear Positive
Singapore,2005,sp,f,25-34,20,Smear Positive
Singapore,2005,sp,f,35-44,33,Smear Positive
Singapore,2005,sp,f,45-54,29,Smear Positive
Singapore,2005,sp,f,55-64,20,Smear Positive
Singapore,2005,sp,f,65+,43,Smear Positive
Singapore,2006,sp,m,0-14,2,Smear Positive
Singapore,2006,sp,m,15-24,7,Smear Positive
Singapore,2006,sp,m,25-34,31,Smear Positive
Singapore,2006,sp,m,35-44,67,Smear Positive
Singapore,2006,sp,m,45-54,107,Smear Positive
Singapore,2006,sp,m,55-64,75,Smear Positive
Singapore,2006,sp,m,65+,106,Smear Positive
Singapore,2006,sp,f,0-14,0,Smear Positive
Singapore,2006,sp,f,15-24,19,Smear Positive
Singapore,2006,sp,f,25-34,22,Smear Positive
Singapore,2006,sp,f,35-44,22,Smear Positive
Singapore,2006,sp,f,45-54,22,Smear Positive
Singapore,2006,sp,f,55-64,27,Smear Positive
Singapore,2006,sp,f,65+,31,Smear Positive
Singapore,2006,sn,m,0-14,3,Smear Negative
Singapore,2006,sn,m,15-24,21,Smear Negative
Singapore,2006,sn,m,25-34,35,Smear Negative
Singapore,2006,sn,m,35-44,42,Smear Negative
Singapore,2006,sn,m,45-54,56,Smear Negative
Singapore,2006,sn,m,55-64,69,Smear Negative
Singapore,2006,sn,m,65+,137,Smear Negative
Singapore,2006,sn,f,0-14,7,Smear Negative
Singapore,2006,sn,f,15-24,16,Smear Negative
Singapore,2006,sn,f,25-34,33,Smear Negative
Singapore,2006,sn,f,35-44,31,Smear Negative
Singapore,2006,sn,f,45-54,13,Smear Negative
Singapore,2006,sn,f,55-64,20,Smear Negative
Singapore,2006,sn,f,65+,42,Smear Negative
Singapore,2006,ep,m,0-14,10,Extrapulmonary
Singapore,2006,ep,m,15-24,5,Extrapulmonary
Singapore,2006,ep,m,25-34,13,Extrapulmonary
Singapore,2006,ep,m,35-44,22,Extrapulmonary
Singapore,2006,ep,m,45-54,12,Extrapulmonary
Singapore,2006,ep,m,55-64,13,Extrapulmonary
Singapore,2006,ep,m,65+,25,Extrapulmonary
Singapore,2006,ep,f,0-14,5,Extrapulmonary
Singapore,2006,ep,f,15-24,8,Extrapulmonary
Singapore,2006,ep,f,25-34,10,Extrapulmonary
Singapore,2006,ep,f,35-44,14,Extrapulmonary
Singapore,2006,ep,f,45-54,17,Extrapulmonary
Singapore,2006,ep,f,55-64,16,Extrapulmonary
Singapore,2006,ep,f,65+,13,Extrapulmonary
Singapore,2007,sp,m,0-14,0,Smear Positive
Singapore,2007,sp,m,15-24,15,Smear Positive
Singapore,2007,sp,m,25-34,18,Smear Positive
Singapore,2007,sp,m,35-44,63,Smear Positive
Singapore,2007,sp,m,45-54,98,Smear Positive
Singapore,2007,sp,m,55-64,80,Smear Positive
Singapore,2007,sp,m,65+,105,Smear Positive
Singapore,2007,sp,f,0-14,1,Smear Positive
Singapore,2007,sp,f,15-24,13,Smear Positive
Singapore,2007,sp,f,25-34,13,Smear Positive
Singapore,2007,sp,f,35-44,25,Smear Positive
Singapore,2007,sp,f,45-54,23,Smear Positive
Singapore,2007,sp,f,55-64,11,Smear Positive
Singapore,2007,sp,f,65+,39,Smear Positive
Singapore,2007,sn,m,0-14,2,Smear Negative
Singapore,2007,sn,m,15-24,29,Smear Negative
Singapore,2007,sn,m,25-34,38,Smear Negative
Singapore,2007,sn,m,35-44,50,Smear Negative
Singapore,2007,sn,m,45-54,69,Smear Negative
Singapore,2007,sn,m,55-64,53,Smear Negative
Singapore,2007,sn,m,65+,130,Smear Negative
Singapore,2007,sn,f,0-14,7,Smear Negative
Singapore,2007,sn,f,15-24,32,Smear Negative
Singapore,2007,sn,f,25-34,29,Smear Negative
Singapore,2007,sn,f,35-44,17,Smear Negative
Singapore,2007,sn,f,45-54,29,Smear Negative
Singapore,2007,sn,f,55-64,21,Smear Negative
Singapore,2007,sn,f,65+,58,Smear Negative
Singapore,2007,ep,m,0-14,1,Extrapulmonary
Singapore,2007,ep,m,15-24,10,Extrapulmonary
Singapore,2007,ep,m,25-34,11,Extrapulmonary
Singapore,2007,ep,m,35-44,18,Extrapulmonary
Singapore,2007,ep,m,45-54,14,Extrapulmonary
Singapore,2007,ep,m,55-64,22,Extrapulmonary
Singapore,2007,ep,m,65+,21,Extrapulmonary
Singapore,2007,ep,f,0-14,1,Extrapulmonary
Singapore,2007,ep,f,15-24,8,Extrapulmonary
Singapore,2007,ep,f,25-34,18,Extrapulmonary
Singapore,2007,ep,f,35-44,14,Extrapulmonary
Singapore,2007,ep,f,45-54,14,Extrapulmonary
Singapore,2007,ep,f,55-64,18,Extrapulmonary
Singapore,2007,ep,f,65+,11,Extrapulmonary
Singapore,2008,sp,m,0-14,0,Smear Positive
Singapore,2008,sp,m,15-24,10,Smear Positive
Singapore,2008,sp,m,25-34,21,Smear Positive
Singapore,2008,sp,m,35-44,46,Smear Positive
Singapore,2008,sp,m,45-54,106,Smear Positive
Singapore,2008,sp,m,55-64,94,Smear Positive
Singapore,2008,sp,m,65+,127,Smear Positive
Singapore,2008,sp,f,0-14,0,Smear Positive
Singapore,2008,sp,f,15-24,9,Smear Positive
Singapore,2008,sp,f,25-34,16,Smear Positive
Singapore,2008,sp,f,35-44,20,Smear Positive
Singapore,2008,sp,f,45-54,26,Smear Positive
Singapore,2008,sp,f,55-64,17,Smear Positive
Singapore,2008,sp,f,65+,33,Smear Positive
Singapore,2008,sn,m,0-14,1,Smear Negative
Singapore,2008,sn,m,15-24,45,Smear Negative
Singapore,2008,sn,m,25-34,42,Smear Negative
Singapore,2008,sn,m,35-44,64,Smear Negative
Singapore,2008,sn,m,45-54,88,Smear Negative
Singapore,2008,sn,m,55-64,74,Smear Negative
Singapore,2008,sn,m,65+,173,Smear Negative
Singapore,2008,sn,f,0-14,1,Smear Negative
Singapore,2008,sn,f,15-24,25,Smear Negative
Singapore,2008,sn,f,25-34,35,Smear Negative
Singapore,2008,sn,f,35-44,24,Smear Negative
Singapore,2008,sn,f,45-54,21,Smear Negative
Singapore,2008,sn,f,55-64,29,Smear Negative
Singapore,2008,sn,f,65+,50,Smear Negative
Singapore,2008,ep,m,0-14,3,Extrapulmonary
Singapore,2008,ep,m,15-24,12,Extrapulmonary
Singapore,2008,ep,m,25-34,18,Extrapulmonary
Singapore,2008,ep,m,35-44,20,Extrapulmonary
Singapore,2008,ep,m,45-54,23,Extrapulmonary
Singapore,2008,ep,m,55-64,16,Extrapulmonary
Singapore,2008,ep,m,65+,31,Extrapulmonary
Singapore,2008,ep,f,0-14,3,Extrapulmonary
Singapore,2008,ep,f,15-24,10,Extrapulmonary
Singapore,2008,ep,f,25-34,15,Extrapulmonary
Singapore,2008,ep,f,35-44,20,Extrapulmonary
Singapore,2008,ep,f,45-54,19,Extrapulmonary
Singapore,2008,ep,f,55-64,20,Extrapulmonary
Singapore,2008,ep,f,65+,30,Extrapulmonary
Singapore,2009,sp,m,0-14,0,Smear Positive
Singapore,2009,sp,m,15-24,16,Smear Positive
Singapore,2009,sp,m,25-34,27,Smear Positive
Singapore,2009,sp,m,35-44,56,Smear Positive
Singapore,2009,sp,m,45-54,100,Smear Positive
Singapore,2009,sp,m,55-64,92,Smear Positive
Singapore,2009,sp,m,65+,131,Smear Positive
Singapore,2009,sp,f,0-14,0,Smear Positive
Singapore,2009,sp,f,15-24,15,Smear Positive
Singapore,2009,sp,f,25-34,22,Smear Positive
Singapore,2009,sp,f,35-44,24,Smear Positive
Singapore,2009,sp,f,45-54,18,Smear Positive
Singapore,2009,sp,f,55-64,23,Smear Positive
Singapore,2009,sp,f,65+,28,Smear Positive
Singapore,2009,sn,m,0-14,5,Smear Negative
Singapore,2009,sn,m,15-24,31,Smear Negative
Singapore,2009,sn,m,25-34,33,Smear Negative
Singapore,2009,sn,m,35-44,63,Smear Negative
Singapore,2009,sn,m,45-54,99,Smear Negative
Singapore,2009,sn,m,55-64,112,Smear Negative
Singapore,2009,sn,m,65+,151,Smear Negative
Singapore,2009,sn,f,0-14,5,Smear Negative
Singapore,2009,sn,f,15-24,17,Smear Negative
Singapore,2009,sn,f,25-34,35,Smear Negative
Singapore,2009,sn,f,35-44,23,Smear Negative
Singapore,2009,sn,f,45-54,27,Smear Negative
Singapore,2009,sn,f,55-64,23,Smear Negative
Singapore,2009,sn,f,65+,31,Smear Negative
Singapore,2009,ep,m,0-14,3,Extrapulmonary
Singapore,2009,ep,m,15-24,9,Extrapulmonary
Singapore,2009,ep,m,25-34,13,Extrapulmonary
Singapore,2009,ep,m,35-44,28,Extrapulmonary
Singapore,2009,ep,m,45-54,28,Extrapulmonary
Singapore,2009,ep,m,55-64,13,Extrapulmonary
Singapore,2009,ep,m,65+,30,Extrapulmonary
Singapore,2009,ep,f,0-14,4,Extrapulmonary
Singapore,2009,ep,f,15-24,7,Extrapulmonary
Singapore,2009,ep,f,25-34,23,Extrapulmonary
Singapore,2009,ep,f,35-44,17,Extrapulmonary
Singapore,2009,ep,f,45-54,19,Extrapulmonary
Singapore,2009,ep,f,55-64,20,Extrapulmonary
Singapore,2009,ep,f,65+,21,Extrapulmonary
Singapore,2010,sp,m,0-14,0,Smear Positive
Singapore,2010,sp,m,15-24,11,Smear Positive
Singapore,2010,sp,m,25-34,21,Smear Positive
Singapore,2010,sp,m,35-44,38,Smear Positive
Singapore,2010,sp,m,45-54,105,Smear Positive
Singapore,2010,sp,m,55-64,86,Smear Positive
Singapore,2010,sp,m,65+,120,Smear Positive
Singapore,2010,sp,f,0-14,1,Smear Positive
Singapore,2010,sp,f,15-24,15,Smear Positive
Singapore,2010,sp,f,25-34,21,Smear Positive
Singapore,2010,sp,f,35-44,26,Smear Positive
Singapore,2010,sp,f,45-54,21,Smear Positive
Singapore,2010,sp,f,55-64,21,Smear Positive
Singapore,2010,sp,f,65+,44,Smear Positive
Singapore,2010,sn,m,0-14,5,Smear Negative
Singapore,2010,sn,m,15-24,35,Smear Negative
Singapore,2010,sn,m,25-34,46,Smear Negative
Singapore,2010,sn,m,35-44,61,Smear Negative
Singapore,2010,sn,m,45-54,87,Smear Negative
Singapore,2010,sn,m,55-64,102,Smear Negative
Singapore,2010,sn,m,65+,156,Smear Negative
Singapore,2010,sn,f,0-14,10,Smear Negative
Singapore,2010,sn,f,15-24,22,Smear Negative
Singapore,2010,sn,f,25-34,60,Smear Negative
Singapore,2010,sn,f,35-44,25,Smear Negative
Singapore,2010,sn,f,45-54,43,Smear Negative
Singapore,2010,sn,f,55-64,28,Smear Negative
Singapore,2010,sn,f,65+,55,Smear Negative
Singapore,2010,ep,m,0-14,2,Extrapulmonary
Singapore,2010,ep,m,15-24,8,Extrapulmonary
Singapore,2010,ep,m,25-34,13,Extrapulmonary
Singapore,2010,ep,m,35-44,17,Extrapulmonary
Singapore,2010,ep,m,45-54,18,Extrapulmonary
Singapore,2010,ep,m,55-64,32,Extrapulmonary
Singapore,2010,ep,m,65+,33,Extrapulmonary
Singapore,2010,ep,f,0-14,2,Extrapulmonary
Singapore,2010,ep,f,15-24,7,Extrapulmonary
Singapore,2010,ep,f,25-34,11,Extrapulmonary
Singapore,2010,ep,f,35-44,15,Extrapulmonary
Singapore,2010,ep,f,45-54,19,Extrapulmonary
Singapore,2010,ep,f,55-64,14,Extrapulmonary
Singapore,2010,ep,f,65+,22,Extrapulmonary
Singapore,2011,sp,m,0-14,0,Smear Positive
Singapore,2011,sp,m,15-24,21,Smear Positive
Singapore,2011,sp,m,25-34,21,Smear Positive
Singapore,2011,sp,m,35-44,44,Smear Positive
Singapore,2011,sp,m,45-54,108,Smear Positive
Singapore,2011,sp,m,55-64,119,Smear Positive
Singapore,2011,sp,m,65+,126,Smear Positive
Singapore,2011,sp,f,0-14,0,Smear Positive
Singapore,2011,sp,f,15-24,11,Smear Positive
Singapore,2011,sp,f,25-34,25,Smear Positive
Singapore,2011,sp,f,35-44,23,Smear Positive
Singapore,2011,sp,f,45-54,23,Smear Positive
Singapore,2011,sp,f,55-64,20,Smear Positive
Singapore,2011,sp,f,65+,51,Smear Positive
Singapore,2011,sn,m,0-14,2,Smear Negative
Singapore,2011,sn,m,15-24,28,Smear Negative
Singapore,2011,sn,m,25-34,49,Smear Negative
Singapore,2011,sn,m,35-44,64,Smear Negative
Singapore,2011,sn,m,45-54,112,Smear Negative
Singapore,2011,sn,m,55-64,102,Smear Negative
Singapore,2011,sn,m,65+,150,Smear Negative
Singapore,2011,sn,f,0-14,4,Smear Negative
Singapore,2011,sn,f,15-24,26,Smear Negative
Singapore,2011,sn,f,25-34,29,Smear Negative
Singapore,2011,sn,f,35-44,34,Smear Negative
Singapore,2011,sn,f,45-54,29,Smear Negative
Singapore,2011,sn,f,55-64,35,Smear Negative
Singapore,2011,sn,f,65+,53,Smear Negative
Singapore,2011,ep,m,0-14,0,Extrapulmonary
Singapore,2011,ep,m,15-24,7,Extrapulmonary
Singapore,2011,ep,m,25-34,21,Extrapulmonary
Singapore,2011,ep,m,35-44,22,Extrapulmonary
Singapore,2011,ep,m,45-54,25,Extrapulmonary
Singapore,2011,ep,m,55-64,17,Extrapulmonary
Singapore,2011,ep,m,65+,29,Extrapulmonary
Singapore,2011,ep,f,0-14,3,Extrapulmonary
Singapore,2011,ep,f,15-24,13,Extrapulmonary
Singapore,2011,ep,f,25-34,14,Extrapulmonary
Singapore,2011,ep,f,35-44,19,Extrapulmonary
Singapore,2011,ep,f,45-54,21,Extrapulmonary
Singapore,2011,ep,f,55-64,13,Extrapulmonary
Singapore,2011,ep,f,65+,20,Extrapulmonary
Singapore,2012,sp,m,0-14,1,Smear Positive
Singapore,2012,sp,m,15-24,31,Smear Positive
Singapore,2012,sp,m,25-34,36,Smear Positive
Singapore,2012,sp,m,35-44,54,Smear Positive
Singapore,2012,sp,m,45-54,106,Smear Positive
Singapore,2012,sp,m,55-64,124,Smear Positive
Singapore,2012,sp,m,65+,143,Smear Positive
Singapore,2012,sp,f,0-14,0,Smear Positive
Singapore,2012,sp,f,15-24,26,Smear Positive
Singapore,2012,sp,f,25-34,46,Smear Positive
Singapore,2012,sp,f,35-44,27,Smear Positive
Singapore,2012,sp,f,45-54,26,Smear Positive
Singapore,2012,sp,f,55-64,19,Smear Positive
Singapore,2012,sp,f,65+,39,Smear Positive
Singapore,2012,sn,m,0-14,1,Smear Negative
Singapore,2012,sn,m,15-24,76,Smear Negative
Singapore,2012,sn,m,25-34,144,Smear Negative
Singapore,2012,sn,m,35-44,124,Smear Negative
Singapore,2012,sn,m,45-54,130,Smear Negative
Singapore,2012,sn,m,55-64,125,Smear Negative
Singapore,2012,sn,m,65+,156,Smear Negative
Singapore,2012,sn,f,0-14,5,Smear Negative
Singapore,2012,sn,f,15-24,45,Smear Negative
Singapore,2012,sn,f,25-34,196,Smear Negative
Singapore,2012,sn,f,35-44,82,Smear Negative
Singapore,2012,sn,f,45-54,46,Smear Negative
Singapore,2012,sn,f,55-64,44,Smear Negative
Singapore,2012,sn,f,65+,45,Smear Negative
Singapore,2012,ep,m,0-14,1,Extrapulmonary
Singapore,2012,ep,m,15-24,25,Extrapulmonary
Singapore,2012,ep,m,25-34,37,Extrapulmonary
Singapore,2012,ep,m,35-44,33,Extrapulmonary
Singapore,2012,ep,m,45-54,18,Extrapulmonary
Singapore,2012,ep,m,55-64,15,Extrapulmonary
Singapore,2012,ep,m,65+,31,Extrapulmonary
Singapore,2012,ep,f,0-14,1,Extrapulmonary
Singapore,2012,ep,f,15-24,16,Extrapulmonary
Singapore,2012,ep,f,25-34,53,Extrapulmonary
Singapore,2012,ep,f,35-44,18,Extrapulmonary
Singapore,2012,ep,f,45-54,22,Extrapulmonary
Singapore,2012,ep,f,55-64,16,Extrapulmonary
Singapore,2012,ep,f,65+,20,Extrapulmonary
Singapore,2013,rel,m,0-14,8,Relapse
Singapore,2013,rel,m,15-24,99,Relapse
Singapore,2013,rel,m,25-34,199,Relapse
Singapore,2013,rel,m,35-44,201,Relapse
Singapore,2013,rel,m,45-54,256,Relapse
Singapore,2013,rel,m,55-64,262,Relapse
Singapore,2013,rel,m,65+,352,Relapse
Singapore,2013,rel,f,0-14,4,Relapse
Singapore,2013,rel,f,15-24,85,Relapse
Singapore,2013,rel,f,25-34,289,Relapse
Singapore,2013,rel,f,35-44,143,Relapse
Singapore,2013,rel,f,45-54,64,Relapse
Singapore,2013,rel,f,55-64,72,Relapse
Singapore,2013,rel,f,65+,130,Relapse
Sint Maarten (Dutch part),2010,sp,m,25-34,1,Smear Positive
Sint Maarten (Dutch part),2010,sp,f,45-54,2,Smear Positive
Sint Maarten (Dutch part),2010,sn,m,0-14,0,Smear Negative
Sint Maarten (Dutch part),2010,sn,m,15-24,0,Smear Negative
Sint Maarten (Dutch part),2010,sn,m,25-34,0,Smear Negative
Sint Maarten (Dutch part),2010,sn,m,35-44,0,Smear Negative
Sint Maarten (Dutch part),2010,sn,m,45-54,0,Smear Negative
Sint Maarten (Dutch part),2010,sn,m,55-64,0,Smear Negative
Sint Maarten (Dutch part),2010,sn,m,65+,0,Smear Negative
Sint Maarten (Dutch part),2010,sn,f,0-14,0,Smear Negative
Sint Maarten (Dutch part),2010,sn,f,15-24,0,Smear Negative
Sint Maarten (Dutch part),2010,sn,f,25-34,0,Smear Negative
Sint Maarten (Dutch part),2010,sn,f,35-44,0,Smear Negative
Sint Maarten (Dutch part),2010,sn,f,45-54,0,Smear Negative
Sint Maarten (Dutch part),2010,sn,f,55-64,0,Smear Negative
Sint Maarten (Dutch part),2010,sn,f,65+,0,Smear Negative
Sint Maarten (Dutch part),2010,ep,m,0-14,0,Extrapulmonary
Sint Maarten (Dutch part),2010,ep,m,15-24,0,Extrapulmonary
Sint Maarten (Dutch part),2010,ep,m,25-34,0,Extrapulmonary
Sint Maarten (Dutch part),2010,ep,m,35-44,0,Extrapulmonary
Sint Maarten (Dutch part),2010,ep,m,45-54,0,Extrapulmonary
Sint Maarten (Dutch part),2010,ep,m,55-64,0,Extrapulmonary
Sint Maarten (Dutch part),2010,ep,m,65+,0,Extrapulmonary
Sint Maarten (Dutch part),2010,ep,f,0-14,0,Extrapulmonary
Sint Maarten (Dutch part),2010,ep,f,15-24,0,Extrapulmonary
Sint Maarten (Dutch part),2010,ep,f,25-34,0,Extrapulmonary
Sint Maarten (Dutch part),2010,ep,f,35-44,0,Extrapulmonary
Sint Maarten (Dutch part),2010,ep,f,45-54,0,Extrapulmonary
Sint Maarten (Dutch part),2010,ep,f,55-64,0,Extrapulmonary
Sint Maarten (Dutch part),2010,ep,f,65+,0,Extrapulmonary
Sint Maarten (Dutch part),2011,sp,m,15-24,1,Smear Positive
Sint Maarten (Dutch part),2011,sp,f,25-34,1,Smear Positive
Sint Maarten (Dutch part),2012,sp,m,0-14,0,Smear Positive
Sint Maarten (Dutch part),2012,sp,m,15-24,0,Smear Positive
Sint Maarten (Dutch part),2012,sp,m,25-34,0,Smear Positive
Sint Maarten (Dutch part),2012,sp,m,35-44,0,Smear Positive
Sint Maarten (Dutch part),2012,sp,m,45-54,0,Smear Positive
Sint Maarten (Dutch part),2012,sp,m,55-64,0,Smear Positive
Sint Maarten (Dutch part),2012,sp,m,65+,0,Smear Positive
Sint Maarten (Dutch part),2012,sp,f,0-14,0,Smear Positive
Sint Maarten (Dutch part),2012,sp,f,15-24,1,Smear Positive
Sint Maarten (Dutch part),2012,sp,f,25-34,0,Smear Positive
Sint Maarten (Dutch part),2012,sp,f,35-44,0,Smear Positive
Sint Maarten (Dutch part),2012,sp,f,45-54,0,Smear Positive
Sint Maarten (Dutch part),2012,sp,f,55-64,0,Smear Positive
Sint Maarten (Dutch part),2012,sp,f,65+,0,Smear Positive
Sint Maarten (Dutch part),2012,sn,m,0-14,0,Smear Negative
Sint Maarten (Dutch part),2012,sn,m,15-24,0,Smear Negative
Sint Maarten (Dutch part),2012,sn,m,25-34,0,Smear Negative
Sint Maarten (Dutch part),2012,sn,m,35-44,0,Smear Negative
Sint Maarten (Dutch part),2012,sn,m,45-54,0,Smear Negative
Sint Maarten (Dutch part),2012,sn,m,55-64,0,Smear Negative
Sint Maarten (Dutch part),2012,sn,m,65+,0,Smear Negative
Sint Maarten (Dutch part),2012,sn,f,0-14,0,Smear Negative
Sint Maarten (Dutch part),2012,sn,f,15-24,1,Smear Negative
Sint Maarten (Dutch part),2012,sn,f,25-34,0,Smear Negative
Sint Maarten (Dutch part),2012,sn,f,35-44,0,Smear Negative
Sint Maarten (Dutch part),2012,sn,f,45-54,0,Smear Negative
Sint Maarten (Dutch part),2012,sn,f,55-64,0,Smear Negative
Sint Maarten (Dutch part),2012,sn,f,65+,0,Smear Negative
Sint Maarten (Dutch part),2012,ep,m,0-14,0,Extrapulmonary
Sint Maarten (Dutch part),2012,ep,m,15-24,0,Extrapulmonary
Sint Maarten (Dutch part),2012,ep,m,25-34,0,Extrapulmonary
Sint Maarten (Dutch part),2012,ep,m,35-44,0,Extrapulmonary
Sint Maarten (Dutch part),2012,ep,m,45-54,0,Extrapulmonary
Sint Maarten (Dutch part),2012,ep,m,55-64,0,Extrapulmonary
Sint Maarten (Dutch part),2012,ep,m,65+,0,Extrapulmonary
Sint Maarten (Dutch part),2012,ep,f,0-14,0,Extrapulmonary
Sint Maarten (Dutch part),2012,ep,f,15-24,0,Extrapulmonary
Sint Maarten (Dutch part),2012,ep,f,25-34,0,Extrapulmonary
Sint Maarten (Dutch part),2012,ep,f,35-44,0,Extrapulmonary
Sint Maarten (Dutch part),2012,ep,f,45-54,0,Extrapulmonary
Sint Maarten (Dutch part),2012,ep,f,55-64,0,Extrapulmonary
Sint Maarten (Dutch part),2012,ep,f,65+,0,Extrapulmonary
Sint Maarten (Dutch part),2013,rel,m,35-44,1,Relapse
Sint Maarten (Dutch part),2013,rel,f,65+,1,Relapse
Slovakia,1995,sp,m,0-14,4,Smear Positive
Slovakia,1995,sp,m,15-24,18,Smear Positive
Slovakia,1995,sp,m,25-34,44,Smear Positive
Slovakia,1995,sp,m,35-44,123,Smear Positive
Slovakia,1995,sp,m,45-54,108,Smear Positive
Slovakia,1995,sp,m,55-64,63,Smear Positive
Slovakia,1995,sp,m,65+,152,Smear Positive
Slovakia,1995,sp,f,0-14,5,Smear Positive
Slovakia,1995,sp,f,15-24,16,Smear Positive
Slovakia,1995,sp,f,25-34,17,Smear Positive
Slovakia,1995,sp,f,35-44,22,Smear Positive
Slovakia,1995,sp,f,45-54,24,Smear Positive
Slovakia,1995,sp,f,55-64,33,Smear Positive
Slovakia,1995,sp,f,65+,159,Smear Positive
Slovakia,1996,sp,m,0-14,2,Smear Positive
Slovakia,1996,sp,m,15-24,16,Smear Positive
Slovakia,1996,sp,m,25-34,42,Smear Positive
Slovakia,1996,sp,m,35-44,64,Smear Positive
Slovakia,1996,sp,m,45-54,105,Smear Positive
Slovakia,1996,sp,m,55-64,61,Smear Positive
Slovakia,1996,sp,m,65+,134,Smear Positive
Slovakia,1996,sp,f,0-14,4,Smear Positive
Slovakia,1996,sp,f,15-24,23,Smear Positive
Slovakia,1996,sp,f,25-34,28,Smear Positive
Slovakia,1996,sp,f,35-44,24,Smear Positive
Slovakia,1996,sp,f,45-54,17,Smear Positive
Slovakia,1996,sp,f,55-64,17,Smear Positive
Slovakia,1996,sp,f,65+,203,Smear Positive
Slovakia,1997,sp,m,0-14,1,Smear Positive
Slovakia,1997,sp,m,15-24,2,Smear Positive
Slovakia,1997,sp,m,25-34,24,Smear Positive
Slovakia,1997,sp,m,35-44,54,Smear Positive
Slovakia,1997,sp,m,45-54,38,Smear Positive
Slovakia,1997,sp,m,55-64,31,Smear Positive
Slovakia,1997,sp,m,65+,40,Smear Positive
Slovakia,1997,sp,f,0-14,0,Smear Positive
Slovakia,1997,sp,f,15-24,10,Smear Positive
Slovakia,1997,sp,f,25-34,11,Smear Positive
Slovakia,1997,sp,f,35-44,10,Smear Positive
Slovakia,1997,sp,f,45-54,3,Smear Positive
Slovakia,1997,sp,f,55-64,9,Smear Positive
Slovakia,1997,sp,f,65+,50,Smear Positive
Slovakia,1998,sp,m,0-14,0,Smear Positive
Slovakia,1998,sp,m,15-24,5,Smear Positive
Slovakia,1998,sp,m,25-34,30,Smear Positive
Slovakia,1998,sp,m,35-44,53,Smear Positive
Slovakia,1998,sp,m,45-54,50,Smear Positive
Slovakia,1998,sp,m,55-64,37,Smear Positive
Slovakia,1998,sp,m,65+,35,Smear Positive
Slovakia,1998,sp,f,0-14,0,Smear Positive
Slovakia,1998,sp,f,15-24,5,Smear Positive
Slovakia,1998,sp,f,25-34,3,Smear Positive
Slovakia,1998,sp,f,35-44,16,Smear Positive
Slovakia,1998,sp,f,45-54,6,Smear Positive
Slovakia,1998,sp,f,55-64,5,Smear Positive
Slovakia,1998,sp,f,65+,58,Smear Positive
Slovakia,1999,sp,m,0-14,1,Smear Positive
Slovakia,1999,sp,m,15-24,2,Smear Positive
Slovakia,1999,sp,m,25-34,19,Smear Positive
Slovakia,1999,sp,m,35-44,42,Smear Positive
Slovakia,1999,sp,m,45-54,51,Smear Positive
Slovakia,1999,sp,m,55-64,19,Smear Positive
Slovakia,1999,sp,m,65+,29,Smear Positive
Slovakia,1999,sp,f,0-14,0,Smear Positive
Slovakia,1999,sp,f,15-24,8,Smear Positive
Slovakia,1999,sp,f,25-34,10,Smear Positive
Slovakia,1999,sp,f,35-44,7,Smear Positive
Slovakia,1999,sp,f,45-54,7,Smear Positive
Slovakia,1999,sp,f,55-64,8,Smear Positive
Slovakia,1999,sp,f,65+,43,Smear Positive
Slovakia,2000,sp,m,0-14,2,Smear Positive
Slovakia,2000,sp,m,15-24,6,Smear Positive
Slovakia,2000,sp,m,25-34,15,Smear Positive
Slovakia,2000,sp,m,35-44,31,Smear Positive
Slovakia,2000,sp,m,45-54,50,Smear Positive
Slovakia,2000,sp,m,55-64,16,Smear Positive
Slovakia,2000,sp,m,65+,32,Smear Positive
Slovakia,2000,sp,f,0-14,0,Smear Positive
Slovakia,2000,sp,f,15-24,5,Smear Positive
Slovakia,2000,sp,f,25-34,9,Smear Positive
Slovakia,2000,sp,f,35-44,7,Smear Positive
Slovakia,2000,sp,f,45-54,5,Smear Positive
Slovakia,2000,sp,f,55-64,4,Smear Positive
Slovakia,2000,sp,f,65+,54,Smear Positive
Slovakia,2001,sp,m,0-14,0,Smear Positive
Slovakia,2001,sp,m,15-24,8,Smear Positive
Slovakia,2001,sp,m,25-34,13,Smear Positive
Slovakia,2001,sp,m,35-44,30,Smear Positive
Slovakia,2001,sp,m,45-54,48,Smear Positive
Slovakia,2001,sp,m,55-64,26,Smear Positive
Slovakia,2001,sp,m,65+,22,Smear Positive
Slovakia,2001,sp,f,0-14,1,Smear Positive
Slovakia,2001,sp,f,15-24,4,Smear Positive
Slovakia,2001,sp,f,25-34,9,Smear Positive
Slovakia,2001,sp,f,35-44,12,Smear Positive
Slovakia,2001,sp,f,45-54,8,Smear Positive
Slovakia,2001,sp,f,55-64,4,Smear Positive
Slovakia,2001,sp,f,65+,41,Smear Positive
Slovakia,2002,sp,m,0-14,0,Smear Positive
Slovakia,2002,sp,m,15-24,4,Smear Positive
Slovakia,2002,sp,m,25-34,18,Smear Positive
Slovakia,2002,sp,m,35-44,35,Smear Positive
Slovakia,2002,sp,m,45-54,40,Smear Positive
Slovakia,2002,sp,m,55-64,21,Smear Positive
Slovakia,2002,sp,m,65+,26,Smear Positive
Slovakia,2002,sp,f,0-14,0,Smear Positive
Slovakia,2002,sp,f,15-24,6,Smear Positive
Slovakia,2002,sp,f,25-34,9,Smear Positive
Slovakia,2002,sp,f,35-44,7,Smear Positive
Slovakia,2002,sp,f,45-54,3,Smear Positive
Slovakia,2002,sp,f,55-64,5,Smear Positive
Slovakia,2002,sp,f,65+,26,Smear Positive
Slovakia,2003,sp,m,0-14,1,Smear Positive
Slovakia,2003,sp,m,15-24,6,Smear Positive
Slovakia,2003,sp,m,25-34,8,Smear Positive
Slovakia,2003,sp,m,35-44,31,Smear Positive
Slovakia,2003,sp,m,45-54,36,Smear Positive
Slovakia,2003,sp,m,55-64,19,Smear Positive
Slovakia,2003,sp,m,65+,25,Smear Positive
Slovakia,2003,sp,f,0-14,1,Smear Positive
Slovakia,2003,sp,f,15-24,8,Smear Positive
Slovakia,2003,sp,f,25-34,9,Smear Positive
Slovakia,2003,sp,f,35-44,10,Smear Positive
Slovakia,2003,sp,f,45-54,3,Smear Positive
Slovakia,2003,sp,f,55-64,4,Smear Positive
Slovakia,2003,sp,f,65+,38,Smear Positive
Slovakia,2004,sp,m,0-14,0,Smear Positive
Slovakia,2004,sp,m,15-24,2,Smear Positive
Slovakia,2004,sp,m,25-34,17,Smear Positive
Slovakia,2004,sp,m,35-44,30,Smear Positive
Slovakia,2004,sp,m,45-54,30,Smear Positive
Slovakia,2004,sp,m,55-64,12,Smear Positive
Slovakia,2004,sp,m,65+,21,Smear Positive
Slovakia,2004,sp,f,0-14,1,Smear Positive
Slovakia,2004,sp,f,15-24,1,Smear Positive
Slovakia,2004,sp,f,25-34,2,Smear Positive
Slovakia,2004,sp,f,35-44,3,Smear Positive
Slovakia,2004,sp,f,45-54,6,Smear Positive
Slovakia,2004,sp,f,55-64,4,Smear Positive
Slovakia,2004,sp,f,65+,26,Smear Positive
Slovakia,2005,sp,m,0-14,0,Smear Positive
Slovakia,2005,sp,m,15-24,3,Smear Positive
Slovakia,2005,sp,m,25-34,13,Smear Positive
Slovakia,2005,sp,m,35-44,16,Smear Positive
Slovakia,2005,sp,m,45-54,25,Smear Positive
Slovakia,2005,sp,m,55-64,25,Smear Positive
Slovakia,2005,sp,m,65+,20,Smear Positive
Slovakia,2005,sp,f,0-14,0,Smear Positive
Slovakia,2005,sp,f,15-24,1,Smear Positive
Slovakia,2005,sp,f,25-34,8,Smear Positive
Slovakia,2005,sp,f,35-44,9,Smear Positive
Slovakia,2005,sp,f,45-54,5,Smear Positive
Slovakia,2005,sp,f,55-64,6,Smear Positive
Slovakia,2005,sp,f,65+,27,Smear Positive
Slovakia,2006,sp,m,0-14,4,Smear Positive
Slovakia,2006,sp,m,15-24,8,Smear Positive
Slovakia,2006,sp,m,25-34,11,Smear Positive
Slovakia,2006,sp,m,35-44,18,Smear Positive
Slovakia,2006,sp,m,45-54,27,Smear Positive
Slovakia,2006,sp,m,55-64,29,Smear Positive
Slovakia,2006,sp,m,65+,17,Smear Positive
Slovakia,2006,sp,f,0-14,0,Smear Positive
Slovakia,2006,sp,f,15-24,6,Smear Positive
Slovakia,2006,sp,f,25-34,6,Smear Positive
Slovakia,2006,sp,f,35-44,7,Smear Positive
Slovakia,2006,sp,f,45-54,4,Smear Positive
Slovakia,2006,sp,f,55-64,3,Smear Positive
Slovakia,2006,sp,f,65+,20,Smear Positive
Slovakia,2006,sn,m,0-14,9,Smear Negative
Slovakia,2006,sn,m,15-24,13,Smear Negative
Slovakia,2006,sn,m,25-34,11,Smear Negative
Slovakia,2006,sn,m,35-44,27,Smear Negative
Slovakia,2006,sn,m,45-54,46,Smear Negative
Slovakia,2006,sn,m,55-64,43,Smear Negative
Slovakia,2006,sn,m,65+,66,Smear Negative
Slovakia,2006,sn,f,0-14,7,Smear Negative
Slovakia,2006,sn,f,15-24,4,Smear Negative
Slovakia,2006,sn,f,25-34,9,Smear Negative
Slovakia,2006,sn,f,35-44,7,Smear Negative
Slovakia,2006,sn,f,45-54,19,Smear Negative
Slovakia,2006,sn,f,55-64,16,Smear Negative
Slovakia,2006,sn,f,65+,67,Smear Negative
Slovakia,2006,ep,m,0-14,3,Extrapulmonary
Slovakia,2006,ep,m,15-24,6,Extrapulmonary
Slovakia,2006,ep,m,25-34,4,Extrapulmonary
Slovakia,2006,ep,m,35-44,10,Extrapulmonary
Slovakia,2006,ep,m,45-54,11,Extrapulmonary
Slovakia,2006,ep,m,55-64,11,Extrapulmonary
Slovakia,2006,ep,m,65+,18,Extrapulmonary
Slovakia,2006,ep,f,0-14,0,Extrapulmonary
Slovakia,2006,ep,f,15-24,1,Extrapulmonary
Slovakia,2006,ep,f,25-34,4,Extrapulmonary
Slovakia,2006,ep,f,35-44,1,Extrapulmonary
Slovakia,2006,ep,f,45-54,17,Extrapulmonary
Slovakia,2006,ep,f,55-64,13,Extrapulmonary
Slovakia,2006,ep,f,65+,23,Extrapulmonary
Slovakia,2007,sp,m,0-14,0,Smear Positive
Slovakia,2007,sp,m,15-24,8,Smear Positive
Slovakia,2007,sp,m,25-34,10,Smear Positive
Slovakia,2007,sp,m,35-44,18,Smear Positive
Slovakia,2007,sp,m,45-54,51,Smear Positive
Slovakia,2007,sp,m,55-64,15,Smear Positive
Slovakia,2007,sp,m,65+,23,Smear Positive
Slovakia,2007,sp,f,0-14,1,Smear Positive
Slovakia,2007,sp,f,15-24,5,Smear Positive
Slovakia,2007,sp,f,25-34,3,Smear Positive
Slovakia,2007,sp,f,35-44,5,Smear Positive
Slovakia,2007,sp,f,45-54,6,Smear Positive
Slovakia,2007,sp,f,55-64,3,Smear Positive
Slovakia,2007,sp,f,65+,28,Smear Positive
Slovakia,2007,sn,m,0-14,5,Smear Negative
Slovakia,2007,sn,m,15-24,9,Smear Negative
Slovakia,2007,sn,m,25-34,14,Smear Negative
Slovakia,2007,sn,m,35-44,26,Smear Negative
Slovakia,2007,sn,m,45-54,43,Smear Negative
Slovakia,2007,sn,m,55-64,36,Smear Negative
Slovakia,2007,sn,m,65+,48,Smear Negative
Slovakia,2007,sn,f,0-14,5,Smear Negative
Slovakia,2007,sn,f,15-24,9,Smear Negative
Slovakia,2007,sn,f,25-34,9,Smear Negative
Slovakia,2007,sn,f,35-44,14,Smear Negative
Slovakia,2007,sn,f,45-54,18,Smear Negative
Slovakia,2007,sn,f,55-64,10,Smear Negative
Slovakia,2007,sn,f,65+,43,Smear Negative
Slovakia,2007,ep,m,0-14,4,Extrapulmonary
Slovakia,2007,ep,m,15-24,4,Extrapulmonary
Slovakia,2007,ep,m,25-34,7,Extrapulmonary
Slovakia,2007,ep,m,35-44,4,Extrapulmonary
Slovakia,2007,ep,m,45-54,11,Extrapulmonary
Slovakia,2007,ep,m,55-64,16,Extrapulmonary
Slovakia,2007,ep,m,65+,15,Extrapulmonary
Slovakia,2007,ep,f,0-14,1,Extrapulmonary
Slovakia,2007,ep,f,15-24,2,Extrapulmonary
Slovakia,2007,ep,f,25-34,6,Extrapulmonary
Slovakia,2007,ep,f,35-44,8,Extrapulmonary
Slovakia,2007,ep,f,45-54,9,Extrapulmonary
Slovakia,2007,ep,f,55-64,8,Extrapulmonary
Slovakia,2007,ep,f,65+,25,Extrapulmonary
Slovakia,2008,sp,m,0-14,0,Smear Positive
Slovakia,2008,sp,m,15-24,2,Smear Positive
Slovakia,2008,sp,m,25-34,7,Smear Positive
Slovakia,2008,sp,m,35-44,16,Smear Positive
Slovakia,2008,sp,m,45-54,46,Smear Positive
Slovakia,2008,sp,m,55-64,10,Smear Positive
Slovakia,2008,sp,m,65+,11,Smear Positive
Slovakia,2008,sp,f,0-14,1,Smear Positive
Slovakia,2008,sp,f,15-24,2,Smear Positive
Slovakia,2008,sp,f,25-34,4,Smear Positive
Slovakia,2008,sp,f,35-44,4,Smear Positive
Slovakia,2008,sp,f,45-54,5,Smear Positive
Slovakia,2008,sp,f,55-64,1,Smear Positive
Slovakia,2008,sp,f,65+,17,Smear Positive
Slovakia,2008,sn,m,0-14,4,Smear Negative
Slovakia,2008,sn,m,15-24,5,Smear Negative
Slovakia,2008,sn,m,25-34,17,Smear Negative
Slovakia,2008,sn,m,35-44,17,Smear Negative
Slovakia,2008,sn,m,45-54,42,Smear Negative
Slovakia,2008,sn,m,55-64,29,Smear Negative
Slovakia,2008,sn,m,65+,56,Smear Negative
Slovakia,2008,sn,f,0-14,3,Smear Negative
Slovakia,2008,sn,f,15-24,6,Smear Negative
Slovakia,2008,sn,f,25-34,15,Smear Negative
Slovakia,2008,sn,f,35-44,6,Smear Negative
Slovakia,2008,sn,f,45-54,15,Smear Negative
Slovakia,2008,sn,f,55-64,18,Smear Negative
Slovakia,2008,sn,f,65+,52,Smear Negative
Slovakia,2008,ep,m,0-14,3,Extrapulmonary
Slovakia,2008,ep,m,15-24,5,Extrapulmonary
Slovakia,2008,ep,m,25-34,2,Extrapulmonary
Slovakia,2008,ep,m,35-44,5,Extrapulmonary
Slovakia,2008,ep,m,45-54,6,Extrapulmonary
Slovakia,2008,ep,m,55-64,10,Extrapulmonary
Slovakia,2008,ep,m,65+,14,Extrapulmonary
Slovakia,2008,ep,f,0-14,3,Extrapulmonary
Slovakia,2008,ep,f,15-24,3,Extrapulmonary
Slovakia,2008,ep,f,25-34,5,Extrapulmonary
Slovakia,2008,ep,f,35-44,2,Extrapulmonary
Slovakia,2008,ep,f,45-54,6,Extrapulmonary
Slovakia,2008,ep,f,55-64,9,Extrapulmonary
Slovakia,2008,ep,f,65+,26,Extrapulmonary
Slovakia,2009,sp,m,0-14,0,Smear Positive
Slovakia,2009,sp,m,15-24,3,Smear Positive
Slovakia,2009,sp,m,25-34,14,Smear Positive
Slovakia,2009,sp,m,35-44,19,Smear Positive
Slovakia,2009,sp,m,45-54,22,Smear Positive
Slovakia,2009,sp,m,55-64,18,Smear Positive
Slovakia,2009,sp,m,65+,9,Smear Positive
Slovakia,2009,sp,f,0-14,0,Smear Positive
Slovakia,2009,sp,f,15-24,0,Smear Positive
Slovakia,2009,sp,f,25-34,5,Smear Positive
Slovakia,2009,sp,f,35-44,6,Smear Positive
Slovakia,2009,sp,f,45-54,2,Smear Positive
Slovakia,2009,sp,f,55-64,5,Smear Positive
Slovakia,2009,sp,f,65+,18,Smear Positive
Slovakia,2009,sn,m,0-14,3,Smear Negative
Slovakia,2009,sn,m,15-24,11,Smear Negative
Slovakia,2009,sn,m,25-34,9,Smear Negative
Slovakia,2009,sn,m,35-44,15,Smear Negative
Slovakia,2009,sn,m,45-54,26,Smear Negative
Slovakia,2009,sn,m,55-64,28,Smear Negative
Slovakia,2009,sn,m,65+,35,Smear Negative
Slovakia,2009,sn,f,0-14,4,Smear Negative
Slovakia,2009,sn,f,15-24,1,Smear Negative
Slovakia,2009,sn,f,25-34,6,Smear Negative
Slovakia,2009,sn,f,35-44,7,Smear Negative
Slovakia,2009,sn,f,45-54,10,Smear Negative
Slovakia,2009,sn,f,55-64,11,Smear Negative
Slovakia,2009,sn,f,65+,36,Smear Negative
Slovakia,2009,ep,m,0-14,2,Extrapulmonary
Slovakia,2009,ep,m,15-24,0,Extrapulmonary
Slovakia,2009,ep,m,25-34,2,Extrapulmonary
Slovakia,2009,ep,m,35-44,7,Extrapulmonary
Slovakia,2009,ep,m,45-54,9,Extrapulmonary
Slovakia,2009,ep,m,55-64,14,Extrapulmonary
Slovakia,2009,ep,m,65+,9,Extrapulmonary
Slovakia,2009,ep,f,0-14,0,Extrapulmonary
Slovakia,2009,ep,f,15-24,3,Extrapulmonary
Slovakia,2009,ep,f,25-34,3,Extrapulmonary
Slovakia,2009,ep,f,35-44,0,Extrapulmonary
Slovakia,2009,ep,f,45-54,8,Extrapulmonary
Slovakia,2009,ep,f,55-64,6,Extrapulmonary
Slovakia,2009,ep,f,65+,20,Extrapulmonary
Slovakia,2010,sp,m,0-14,1,Smear Positive
Slovakia,2010,sp,m,15-24,7,Smear Positive
Slovakia,2010,sp,m,25-34,7,Smear Positive
Slovakia,2010,sp,m,35-44,18,Smear Positive
Slovakia,2010,sp,m,45-54,17,Smear Positive
Slovakia,2010,sp,m,55-64,17,Smear Positive
Slovakia,2010,sp,m,65+,15,Smear Positive
Slovakia,2010,sp,f,0-14,0,Smear Positive
Slovakia,2010,sp,f,15-24,1,Smear Positive
Slovakia,2010,sp,f,25-34,6,Smear Positive
Slovakia,2010,sp,f,35-44,7,Smear Positive
Slovakia,2010,sp,f,45-54,2,Smear Positive
Slovakia,2010,sp,f,55-64,3,Smear Positive
Slovakia,2010,sp,f,65+,11,Smear Positive
Slovakia,2010,sn,m,0-14,8,Smear Negative
Slovakia,2010,sn,m,15-24,3,Smear Negative
Slovakia,2010,sn,m,25-34,13,Smear Negative
Slovakia,2010,sn,m,35-44,26,Smear Negative
Slovakia,2010,sn,m,45-54,26,Smear Negative
Slovakia,2010,sn,m,55-64,19,Smear Negative
Slovakia,2010,sn,m,65+,33,Smear Negative
Slovakia,2010,sn,f,0-14,2,Smear Negative
Slovakia,2010,sn,f,15-24,4,Smear Negative
Slovakia,2010,sn,f,25-34,6,Smear Negative
Slovakia,2010,sn,f,35-44,3,Smear Negative
Slovakia,2010,sn,f,45-54,13,Smear Negative
Slovakia,2010,sn,f,55-64,8,Smear Negative
Slovakia,2010,sn,f,65+,26,Smear Negative
Slovakia,2010,ep,m,0-14,0,Extrapulmonary
Slovakia,2010,ep,m,15-24,2,Extrapulmonary
Slovakia,2010,ep,m,25-34,2,Extrapulmonary
Slovakia,2010,ep,m,35-44,0,Extrapulmonary
Slovakia,2010,ep,m,45-54,7,Extrapulmonary
Slovakia,2010,ep,m,55-64,10,Extrapulmonary
Slovakia,2010,ep,m,65+,7,Extrapulmonary
Slovakia,2010,ep,f,0-14,0,Extrapulmonary
Slovakia,2010,ep,f,15-24,2,Extrapulmonary
Slovakia,2010,ep,f,25-34,3,Extrapulmonary
Slovakia,2010,ep,f,35-44,2,Extrapulmonary
Slovakia,2010,ep,f,45-54,4,Extrapulmonary
Slovakia,2010,ep,f,55-64,6,Extrapulmonary
Slovakia,2010,ep,f,65+,14,Extrapulmonary
Slovakia,2011,sp,m,0-14,0,Smear Positive
Slovakia,2011,sp,m,15-24,6,Smear Positive
Slovakia,2011,sp,m,25-34,8,Smear Positive
Slovakia,2011,sp,m,35-44,6,Smear Positive
Slovakia,2011,sp,m,45-54,20,Smear Positive
Slovakia,2011,sp,m,55-64,16,Smear Positive
Slovakia,2011,sp,m,65+,13,Smear Positive
Slovakia,2011,sp,f,0-14,0,Smear Positive
Slovakia,2011,sp,f,15-24,2,Smear Positive
Slovakia,2011,sp,f,25-34,3,Smear Positive
Slovakia,2011,sp,f,35-44,4,Smear Positive
Slovakia,2011,sp,f,45-54,6,Smear Positive
Slovakia,2011,sp,f,55-64,1,Smear Positive
Slovakia,2011,sp,f,65+,11,Smear Positive
Slovakia,2011,sn,m,0-14,5,Smear Negative
Slovakia,2011,sn,m,15-24,11,Smear Negative
Slovakia,2011,sn,m,25-34,10,Smear Negative
Slovakia,2011,sn,m,35-44,11,Smear Negative
Slovakia,2011,sn,m,45-54,27,Smear Negative
Slovakia,2011,sn,m,55-64,18,Smear Negative
Slovakia,2011,sn,m,65+,22,Smear Negative
Slovakia,2011,sn,f,0-14,6,Smear Negative
Slovakia,2011,sn,f,15-24,4,Smear Negative
Slovakia,2011,sn,f,25-34,5,Smear Negative
Slovakia,2011,sn,f,35-44,8,Smear Negative
Slovakia,2011,sn,f,45-54,7,Smear Negative
Slovakia,2011,sn,f,55-64,9,Smear Negative
Slovakia,2011,sn,f,65+,27,Smear Negative
Slovakia,2011,ep,m,0-14,2,Extrapulmonary
Slovakia,2011,ep,m,15-24,3,Extrapulmonary
Slovakia,2011,ep,m,25-34,0,Extrapulmonary
Slovakia,2011,ep,m,35-44,3,Extrapulmonary
Slovakia,2011,ep,m,45-54,5,Extrapulmonary
Slovakia,2011,ep,m,55-64,3,Extrapulmonary
Slovakia,2011,ep,m,65+,8,Extrapulmonary
Slovakia,2011,ep,f,0-14,4,Extrapulmonary
Slovakia,2011,ep,f,15-24,3,Extrapulmonary
Slovakia,2011,ep,f,25-34,3,Extrapulmonary
Slovakia,2011,ep,f,35-44,2,Extrapulmonary
Slovakia,2011,ep,f,45-54,4,Extrapulmonary
Slovakia,2011,ep,f,55-64,4,Extrapulmonary
Slovakia,2011,ep,f,65+,13,Extrapulmonary
Slovakia,2012,sp,m,0-14,0,Smear Positive
Slovakia,2012,sp,m,15-24,2,Smear Positive
Slovakia,2012,sp,m,25-34,9,Smear Positive
Slovakia,2012,sp,m,35-44,17,Smear Positive
Slovakia,2012,sp,m,45-54,20,Smear Positive
Slovakia,2012,sp,m,55-64,12,Smear Positive
Slovakia,2012,sp,m,65+,7,Smear Positive
Slovakia,2012,sp,f,0-14,0,Smear Positive
Slovakia,2012,sp,f,15-24,2,Smear Positive
Slovakia,2012,sp,f,25-34,3,Smear Positive
Slovakia,2012,sp,f,35-44,4,Smear Positive
Slovakia,2012,sp,f,45-54,6,Smear Positive
Slovakia,2012,sp,f,55-64,1,Smear Positive
Slovakia,2012,sp,f,65+,13,Smear Positive
Slovakia,2012,sn,m,0-14,10,Smear Negative
Slovakia,2012,sn,m,15-24,6,Smear Negative
Slovakia,2012,sn,m,25-34,5,Smear Negative
Slovakia,2012,sn,m,35-44,7,Smear Negative
Slovakia,2012,sn,m,45-54,14,Smear Negative
Slovakia,2012,sn,m,55-64,22,Smear Negative
Slovakia,2012,sn,m,65+,26,Smear Negative
Slovakia,2012,sn,f,0-14,5,Smear Negative
Slovakia,2012,sn,f,15-24,5,Smear Negative
Slovakia,2012,sn,f,25-34,6,Smear Negative
Slovakia,2012,sn,f,35-44,0,Smear Negative
Slovakia,2012,sn,f,45-54,9,Smear Negative
Slovakia,2012,sn,f,55-64,12,Smear Negative
Slovakia,2012,sn,f,65+,17,Smear Negative
Slovakia,2012,ep,m,0-14,1,Extrapulmonary
Slovakia,2012,ep,m,15-24,0,Extrapulmonary
Slovakia,2012,ep,m,25-34,1,Extrapulmonary
Slovakia,2012,ep,m,35-44,4,Extrapulmonary
Slovakia,2012,ep,m,45-54,2,Extrapulmonary
Slovakia,2012,ep,m,55-64,7,Extrapulmonary
Slovakia,2012,ep,m,65+,8,Extrapulmonary
Slovakia,2012,ep,f,0-14,1,Extrapulmonary
Slovakia,2012,ep,f,15-24,3,Extrapulmonary
Slovakia,2012,ep,f,25-34,3,Extrapulmonary
Slovakia,2012,ep,f,35-44,2,Extrapulmonary
Slovakia,2012,ep,f,45-54,0,Extrapulmonary
Slovakia,2012,ep,f,55-64,3,Extrapulmonary
Slovakia,2012,ep,f,65+,4,Extrapulmonary
Slovakia,2013,rel,m,0-14,18,Relapse
Slovakia,2013,rel,m,15-24,17,Relapse
Slovakia,2013,rel,m,25-34,20,Relapse
Slovakia,2013,rel,m,35-44,28,Relapse
Slovakia,2013,rel,m,45-54,52,Relapse
Slovakia,2013,rel,m,55-64,68,Relapse
Slovakia,2013,rel,m,65+,50,Relapse
Slovakia,2013,rel,f,0-14,20,Relapse
Slovakia,2013,rel,f,15-24,12,Relapse
Slovakia,2013,rel,f,25-34,11,Relapse
Slovakia,2013,rel,f,35-44,10,Relapse
Slovakia,2013,rel,f,45-54,15,Relapse
Slovakia,2013,rel,f,55-64,21,Relapse
Slovakia,2013,rel,f,65+,56,Relapse
Slovenia,1995,sp,m,0-14,1,Smear Positive
Slovenia,1995,sp,m,15-24,13,Smear Positive
Slovenia,1995,sp,m,25-34,39,Smear Positive
Slovenia,1995,sp,m,35-44,63,Smear Positive
Slovenia,1995,sp,m,45-54,36,Smear Positive
Slovenia,1995,sp,m,55-64,26,Smear Positive
Slovenia,1995,sp,m,65+,27,Smear Positive
Slovenia,1995,sp,f,0-14,0,Smear Positive
Slovenia,1995,sp,f,15-24,7,Smear Positive
Slovenia,1995,sp,f,25-34,24,Smear Positive
Slovenia,1995,sp,f,35-44,11,Smear Positive
Slovenia,1995,sp,f,45-54,9,Smear Positive
Slovenia,1995,sp,f,55-64,5,Smear Positive
Slovenia,1995,sp,f,65+,42,Smear Positive
Slovenia,1996,sp,m,0-14,0,Smear Positive
Slovenia,1996,sp,m,15-24,5,Smear Positive
Slovenia,1996,sp,m,25-34,27,Smear Positive
Slovenia,1996,sp,m,35-44,46,Smear Positive
Slovenia,1996,sp,m,45-54,37,Smear Positive
Slovenia,1996,sp,m,55-64,28,Smear Positive
Slovenia,1996,sp,m,65+,13,Smear Positive
Slovenia,1996,sp,f,0-14,0,Smear Positive
Slovenia,1996,sp,f,15-24,8,Smear Positive
Slovenia,1996,sp,f,25-34,15,Smear Positive
Slovenia,1996,sp,f,35-44,9,Smear Positive
Slovenia,1996,sp,f,45-54,7,Smear Positive
Slovenia,1996,sp,f,55-64,7,Smear Positive
Slovenia,1996,sp,f,65+,19,Smear Positive
Slovenia,1997,sp,m,0-14,0,Smear Positive
Slovenia,1997,sp,m,15-24,4,Smear Positive
Slovenia,1997,sp,m,25-34,16,Smear Positive
Slovenia,1997,sp,m,35-44,33,Smear Positive
Slovenia,1997,sp,m,45-54,19,Smear Positive
Slovenia,1997,sp,m,55-64,15,Smear Positive
Slovenia,1997,sp,m,65+,20,Smear Positive
Slovenia,1997,sp,f,0-14,0,Smear Positive
Slovenia,1997,sp,f,15-24,8,Smear Positive
Slovenia,1997,sp,f,25-34,15,Smear Positive
Slovenia,1997,sp,f,35-44,8,Smear Positive
Slovenia,1997,sp,f,45-54,1,Smear Positive
Slovenia,1997,sp,f,55-64,4,Smear Positive
Slovenia,1997,sp,f,65+,13,Smear Positive
Slovenia,1998,sp,m,0-14,0,Smear Positive
Slovenia,1998,sp,m,15-24,5,Smear Positive
Slovenia,1998,sp,m,25-34,22,Smear Positive
Slovenia,1998,sp,m,35-44,27,Smear Positive
Slovenia,1998,sp,m,45-54,19,Smear Positive
Slovenia,1998,sp,m,55-64,13,Smear Positive
Slovenia,1998,sp,m,65+,14,Smear Positive
Slovenia,1998,sp,f,0-14,0,Smear Positive
Slovenia,1998,sp,f,15-24,8,Smear Positive
Slovenia,1998,sp,f,25-34,12,Smear Positive
Slovenia,1998,sp,f,35-44,10,Smear Positive
Slovenia,1998,sp,f,45-54,7,Smear Positive
Slovenia,1998,sp,f,55-64,2,Smear Positive
Slovenia,1998,sp,f,65+,18,Smear Positive
Slovenia,1999,sp,m,0-14,0,Smear Positive
Slovenia,1999,sp,m,15-24,3,Smear Positive
Slovenia,1999,sp,m,25-34,21,Smear Positive
Slovenia,1999,sp,m,35-44,40,Smear Positive
Slovenia,1999,sp,m,45-54,27,Smear Positive
Slovenia,1999,sp,m,55-64,11,Smear Positive
Slovenia,1999,sp,m,65+,15,Smear Positive
Slovenia,1999,sp,f,0-14,0,Smear Positive
Slovenia,1999,sp,f,15-24,0,Smear Positive
Slovenia,1999,sp,f,25-34,5,Smear Positive
Slovenia,1999,sp,f,35-44,6,Smear Positive
Slovenia,1999,sp,f,45-54,5,Smear Positive
Slovenia,1999,sp,f,55-64,6,Smear Positive
Slovenia,1999,sp,f,65+,20,Smear Positive
Slovenia,2000,sp,m,0-14,0,Smear Positive
Slovenia,2000,sp,m,15-24,3,Smear Positive
Slovenia,2000,sp,m,25-34,11,Smear Positive
Slovenia,2000,sp,m,35-44,36,Smear Positive
Slovenia,2000,sp,m,45-54,22,Smear Positive
Slovenia,2000,sp,m,55-64,14,Smear Positive
Slovenia,2000,sp,m,65+,17,Smear Positive
Slovenia,2000,sp,f,0-14,0,Smear Positive
Slovenia,2000,sp,f,15-24,3,Smear Positive
Slovenia,2000,sp,f,25-34,9,Smear Positive
Slovenia,2000,sp,f,35-44,3,Smear Positive
Slovenia,2000,sp,f,45-54,4,Smear Positive
Slovenia,2000,sp,f,55-64,3,Smear Positive
Slovenia,2000,sp,f,65+,20,Smear Positive
Slovenia,2001,sp,m,0-14,0,Smear Positive
Slovenia,2001,sp,m,15-24,4,Smear Positive
Slovenia,2001,sp,m,25-34,11,Smear Positive
Slovenia,2001,sp,m,35-44,30,Smear Positive
Slovenia,2001,sp,m,45-54,27,Smear Positive
Slovenia,2001,sp,m,55-64,11,Smear Positive
Slovenia,2001,sp,m,65+,7,Smear Positive
Slovenia,2001,sp,f,0-14,0,Smear Positive
Slovenia,2001,sp,f,15-24,5,Smear Positive
Slovenia,2001,sp,f,25-34,11,Smear Positive
Slovenia,2001,sp,f,35-44,11,Smear Positive
Slovenia,2001,sp,f,45-54,3,Smear Positive
Slovenia,2001,sp,f,55-64,5,Smear Positive
Slovenia,2001,sp,f,65+,14,Smear Positive
Slovenia,2002,sp,m,0-14,0,Smear Positive
Slovenia,2002,sp,m,15-24,8,Smear Positive
Slovenia,2002,sp,m,25-34,11,Smear Positive
Slovenia,2002,sp,m,35-44,25,Smear Positive
Slovenia,2002,sp,m,45-54,26,Smear Positive
Slovenia,2002,sp,m,55-64,14,Smear Positive
Slovenia,2002,sp,m,65+,9,Smear Positive
Slovenia,2002,sp,f,0-14,0,Smear Positive
Slovenia,2002,sp,f,15-24,3,Smear Positive
Slovenia,2002,sp,f,25-34,7,Smear Positive
Slovenia,2002,sp,f,35-44,6,Smear Positive
Slovenia,2002,sp,f,45-54,1,Smear Positive
Slovenia,2002,sp,f,55-64,3,Smear Positive
Slovenia,2002,sp,f,65+,17,Smear Positive
Slovenia,2003,sp,m,0-14,0,Smear Positive
Slovenia,2003,sp,m,15-24,3,Smear Positive
Slovenia,2003,sp,m,25-34,9,Smear Positive
Slovenia,2003,sp,m,35-44,23,Smear Positive
Slovenia,2003,sp,m,45-54,22,Smear Positive
Slovenia,2003,sp,m,55-64,7,Smear Positive
Slovenia,2003,sp,m,65+,15,Smear Positive
Slovenia,2003,sp,f,0-14,0,Smear Positive
Slovenia,2003,sp,f,15-24,5,Smear Positive
Slovenia,2003,sp,f,25-34,5,Smear Positive
Slovenia,2003,sp,f,35-44,4,Smear Positive
Slovenia,2003,sp,f,45-54,3,Smear Positive
Slovenia,2003,sp,f,55-64,4,Smear Positive
Slovenia,2003,sp,f,65+,16,Smear Positive
Slovenia,2004,sp,m,0-14,0,Smear Positive
Slovenia,2004,sp,m,15-24,5,Smear Positive
Slovenia,2004,sp,m,25-34,7,Smear Positive
Slovenia,2004,sp,m,35-44,10,Smear Positive
Slovenia,2004,sp,m,45-54,10,Smear Positive
Slovenia,2004,sp,m,55-64,8,Smear Positive
Slovenia,2004,sp,m,65+,13,Smear Positive
Slovenia,2004,sp,f,0-14,0,Smear Positive
Slovenia,2004,sp,f,15-24,4,Smear Positive
Slovenia,2004,sp,f,25-34,6,Smear Positive
Slovenia,2004,sp,f,35-44,4,Smear Positive
Slovenia,2004,sp,f,45-54,3,Smear Positive
Slovenia,2004,sp,f,55-64,2,Smear Positive
Slovenia,2004,sp,f,65+,17,Smear Positive
Slovenia,2005,sp,m,0-14,0,Smear Positive
Slovenia,2005,sp,m,15-24,4,Smear Positive
Slovenia,2005,sp,m,25-34,10,Smear Positive
Slovenia,2005,sp,m,35-44,16,Smear Positive
Slovenia,2005,sp,m,45-54,15,Smear Positive
Slovenia,2005,sp,m,55-64,11,Smear Positive
Slovenia,2005,sp,m,65+,14,Smear Positive
Slovenia,2005,sp,f,0-14,0,Smear Positive
Slovenia,2005,sp,f,15-24,4,Smear Positive
Slovenia,2005,sp,f,25-34,4,Smear Positive
Slovenia,2005,sp,f,35-44,6,Smear Positive
Slovenia,2005,sp,f,45-54,5,Smear Positive
Slovenia,2005,sp,f,55-64,4,Smear Positive
Slovenia,2005,sp,f,65+,16,Smear Positive
Slovenia,2006,sp,m,0-14,0,Smear Positive
Slovenia,2006,sp,m,15-24,3,Smear Positive
Slovenia,2006,sp,m,25-34,5,Smear Positive
Slovenia,2006,sp,m,35-44,9,Smear Positive
Slovenia,2006,sp,m,45-54,12,Smear Positive
Slovenia,2006,sp,m,55-64,7,Smear Positive
Slovenia,2006,sp,m,65+,6,Smear Positive
Slovenia,2006,sp,f,0-14,0,Smear Positive
Slovenia,2006,sp,f,15-24,5,Smear Positive
Slovenia,2006,sp,f,25-34,7,Smear Positive
Slovenia,2006,sp,f,35-44,4,Smear Positive
Slovenia,2006,sp,f,45-54,2,Smear Positive
Slovenia,2006,sp,f,55-64,4,Smear Positive
Slovenia,2006,sp,f,65+,19,Smear Positive
Slovenia,2006,sn,m,0-14,5,Smear Negative
Slovenia,2006,sn,m,15-24,6,Smear Negative
Slovenia,2006,sn,m,25-34,1,Smear Negative
Slovenia,2006,sn,m,35-44,5,Smear Negative
Slovenia,2006,sn,m,45-54,4,Smear Negative
Slovenia,2006,sn,m,55-64,10,Smear Negative
Slovenia,2006,sn,m,65+,16,Smear Negative
Slovenia,2006,sn,f,0-14,2,Smear Negative
Slovenia,2006,sn,f,15-24,0,Smear Negative
Slovenia,2006,sn,f,25-34,6,Smear Negative
Slovenia,2006,sn,f,35-44,2,Smear Negative
Slovenia,2006,sn,f,45-54,5,Smear Negative
Slovenia,2006,sn,f,55-64,1,Smear Negative
Slovenia,2006,sn,f,65+,18,Smear Negative
Slovenia,2006,ep,m,0-14,1,Extrapulmonary
Slovenia,2006,ep,m,15-24,1,Extrapulmonary
Slovenia,2006,ep,m,25-34,4,Extrapulmonary
Slovenia,2006,ep,m,35-44,4,Extrapulmonary
Slovenia,2006,ep,m,45-54,0,Extrapulmonary
Slovenia,2006,ep,m,55-64,3,Extrapulmonary
Slovenia,2006,ep,m,65+,5,Extrapulmonary
Slovenia,2006,ep,f,0-14,0,Extrapulmonary
Slovenia,2006,ep,f,15-24,1,Extrapulmonary
Slovenia,2006,ep,f,25-34,2,Extrapulmonary
Slovenia,2006,ep,f,35-44,0,Extrapulmonary
Slovenia,2006,ep,f,45-54,1,Extrapulmonary
Slovenia,2006,ep,f,55-64,1,Extrapulmonary
Slovenia,2006,ep,f,65+,15,Extrapulmonary
Slovenia,2007,sp,m,0-14,0,Smear Positive
Slovenia,2007,sp,m,15-24,0,Smear Positive
Slovenia,2007,sp,m,25-34,7,Smear Positive
Slovenia,2007,sp,m,35-44,15,Smear Positive
Slovenia,2007,sp,m,45-54,14,Smear Positive
Slovenia,2007,sp,m,55-64,12,Smear Positive
Slovenia,2007,sp,m,65+,9,Smear Positive
Slovenia,2007,sp,f,0-14,0,Smear Positive
Slovenia,2007,sp,f,15-24,1,Smear Positive
Slovenia,2007,sp,f,25-34,5,Smear Positive
Slovenia,2007,sp,f,35-44,6,Smear Positive
Slovenia,2007,sp,f,45-54,2,Smear Positive
Slovenia,2007,sp,f,55-64,3,Smear Positive
Slovenia,2007,sp,f,65+,16,Smear Positive
Slovenia,2007,sn,m,0-14,1,Smear Negative
Slovenia,2007,sn,m,15-24,3,Smear Negative
Slovenia,2007,sn,m,25-34,6,Smear Negative
Slovenia,2007,sn,m,35-44,3,Smear Negative
Slovenia,2007,sn,m,45-54,6,Smear Negative
Slovenia,2007,sn,m,55-64,6,Smear Negative
Slovenia,2007,sn,m,65+,15,Smear Negative
Slovenia,2007,sn,f,0-14,2,Smear Negative
Slovenia,2007,sn,f,15-24,3,Smear Negative
Slovenia,2007,sn,f,25-34,2,Smear Negative
Slovenia,2007,sn,f,35-44,1,Smear Negative
Slovenia,2007,sn,f,45-54,3,Smear Negative
Slovenia,2007,sn,f,55-64,5,Smear Negative
Slovenia,2007,sn,f,65+,15,Smear Negative
Slovenia,2007,ep,m,0-14,3,Extrapulmonary
Slovenia,2007,ep,m,15-24,2,Extrapulmonary
Slovenia,2007,ep,m,25-34,1,Extrapulmonary
Slovenia,2007,ep,m,35-44,1,Extrapulmonary
Slovenia,2007,ep,m,45-54,1,Extrapulmonary
Slovenia,2007,ep,m,65+,10,Extrapulmonary
Slovenia,2007,ep,f,0-14,0,Extrapulmonary
Slovenia,2007,ep,f,15-24,1,Extrapulmonary
Slovenia,2007,ep,f,25-34,3,Extrapulmonary
Slovenia,2007,ep,f,35-44,2,Extrapulmonary
Slovenia,2007,ep,f,45-54,1,Extrapulmonary
Slovenia,2007,ep,f,55-64,1,Extrapulmonary
Slovenia,2007,ep,f,65+,11,Extrapulmonary
Slovenia,2008,sp,m,0-14,0,Smear Positive
Slovenia,2008,sp,m,15-24,3,Smear Positive
Slovenia,2008,sp,m,25-34,12,Smear Positive
Slovenia,2008,sp,m,35-44,9,Smear Positive
Slovenia,2008,sp,m,45-54,17,Smear Positive
Slovenia,2008,sp,m,55-64,12,Smear Positive
Slovenia,2008,sp,m,65+,3,Smear Positive
Slovenia,2008,sp,f,0-14,0,Smear Positive
Slovenia,2008,sp,f,15-24,2,Smear Positive
Slovenia,2008,sp,f,25-34,7,Smear Positive
Slovenia,2008,sp,f,35-44,2,Smear Positive
Slovenia,2008,sp,f,45-54,5,Smear Positive
Slovenia,2008,sp,f,55-64,2,Smear Positive
Slovenia,2008,sp,f,65+,7,Smear Positive
Slovenia,2008,sn,m,0-14,1,Smear Negative
Slovenia,2008,sn,m,15-24,3,Smear Negative
Slovenia,2008,sn,m,25-34,5,Smear Negative
Slovenia,2008,sn,m,35-44,5,Smear Negative
Slovenia,2008,sn,m,45-54,12,Smear Negative
Slovenia,2008,sn,m,55-64,7,Smear Negative
Slovenia,2008,sn,m,65+,14,Smear Negative
Slovenia,2008,sn,f,0-14,1,Smear Negative
Slovenia,2008,sn,f,15-24,1,Smear Negative
Slovenia,2008,sn,f,25-34,3,Smear Negative
Slovenia,2008,sn,f,35-44,1,Smear Negative
Slovenia,2008,sn,f,45-54,4,Smear Negative
Slovenia,2008,sn,f,55-64,0,Smear Negative
Slovenia,2008,sn,f,65+,26,Smear Negative
Slovenia,2008,ep,m,0-14,0,Extrapulmonary
Slovenia,2008,ep,m,15-24,1,Extrapulmonary
Slovenia,2008,ep,m,25-34,1,Extrapulmonary
Slovenia,2008,ep,m,35-44,1,Extrapulmonary
Slovenia,2008,ep,m,45-54,1,Extrapulmonary
Slovenia,2008,ep,m,55-64,5,Extrapulmonary
Slovenia,2008,ep,m,65+,9,Extrapulmonary
Slovenia,2008,ep,f,0-14,1,Extrapulmonary
Slovenia,2008,ep,f,15-24,2,Extrapulmonary
Slovenia,2008,ep,f,25-34,1,Extrapulmonary
Slovenia,2008,ep,f,35-44,1,Extrapulmonary
Slovenia,2008,ep,f,45-54,1,Extrapulmonary
Slovenia,2008,ep,f,55-64,0,Extrapulmonary
Slovenia,2008,ep,f,65+,9,Extrapulmonary
Slovenia,2009,sp,m,0-14,0,Smear Positive
Slovenia,2009,sp,m,15-24,3,Smear Positive
Slovenia,2009,sp,m,25-34,8,Smear Positive
Slovenia,2009,sp,m,35-44,13,Smear Positive
Slovenia,2009,sp,m,45-54,14,Smear Positive
Slovenia,2009,sp,m,55-64,6,Smear Positive
Slovenia,2009,sp,m,65+,7,Smear Positive
Slovenia,2009,sp,f,0-14,0,Smear Positive
Slovenia,2009,sp,f,15-24,3,Smear Positive
Slovenia,2009,sp,f,25-34,6,Smear Positive
Slovenia,2009,sp,f,35-44,4,Smear Positive
Slovenia,2009,sp,f,45-54,1,Smear Positive
Slovenia,2009,sp,f,55-64,3,Smear Positive
Slovenia,2009,sp,f,65+,17,Smear Positive
Slovenia,2009,sn,m,0-14,3,Smear Negative
Slovenia,2009,sn,m,15-24,4,Smear Negative
Slovenia,2009,sn,m,25-34,6,Smear Negative
Slovenia,2009,sn,m,35-44,5,Smear Negative
Slovenia,2009,sn,m,45-54,6,Smear Negative
Slovenia,2009,sn,m,55-64,7,Smear Negative
Slovenia,2009,sn,m,65+,5,Smear Negative
Slovenia,2009,sn,f,0-14,2,Smear Negative
Slovenia,2009,sn,f,15-24,1,Smear Negative
Slovenia,2009,sn,f,25-34,4,Smear Negative
Slovenia,2009,sn,f,35-44,6,Smear Negative
Slovenia,2009,sn,f,45-54,6,Smear Negative
Slovenia,2009,sn,f,55-64,2,Smear Negative
Slovenia,2009,sn,f,65+,13,Smear Negative
Slovenia,2009,ep,m,0-14,1,Extrapulmonary
Slovenia,2009,ep,m,15-24,1,Extrapulmonary
Slovenia,2009,ep,m,25-34,3,Extrapulmonary
Slovenia,2009,ep,m,35-44,1,Extrapulmonary
Slovenia,2009,ep,m,45-54,1,Extrapulmonary
Slovenia,2009,ep,m,55-64,1,Extrapulmonary
Slovenia,2009,ep,m,65+,7,Extrapulmonary
Slovenia,2009,ep,f,0-14,0,Extrapulmonary
Slovenia,2009,ep,f,15-24,0,Extrapulmonary
Slovenia,2009,ep,f,25-34,0,Extrapulmonary
Slovenia,2009,ep,f,35-44,0,Extrapulmonary
Slovenia,2009,ep,f,45-54,2,Extrapulmonary
Slovenia,2009,ep,f,55-64,1,Extrapulmonary
Slovenia,2009,ep,f,65+,7,Extrapulmonary
Slovenia,2010,sp,m,0-14,0,Smear Positive
Slovenia,2010,sp,m,15-24,4,Smear Positive
Slovenia,2010,sp,m,25-34,7,Smear Positive
Slovenia,2010,sp,m,35-44,10,Smear Positive
Slovenia,2010,sp,m,45-54,9,Smear Positive
Slovenia,2010,sp,m,55-64,6,Smear Positive
Slovenia,2010,sp,m,65+,12,Smear Positive
Slovenia,2010,sp,f,0-14,0,Smear Positive
Slovenia,2010,sp,f,15-24,1,Smear Positive
Slovenia,2010,sp,f,25-34,5,Smear Positive
Slovenia,2010,sp,f,35-44,2,Smear Positive
Slovenia,2010,sp,f,45-54,4,Smear Positive
Slovenia,2010,sp,f,55-64,1,Smear Positive
Slovenia,2010,sp,f,65+,3,Smear Positive
Slovenia,2010,sn,m,0-14,0,Smear Negative
Slovenia,2010,sn,m,15-24,2,Smear Negative
Slovenia,2010,sn,m,25-34,3,Smear Negative
Slovenia,2010,sn,m,35-44,9,Smear Negative
Slovenia,2010,sn,m,45-54,3,Smear Negative
Slovenia,2010,sn,m,55-64,7,Smear Negative
Slovenia,2010,sn,m,65+,11,Smear Negative
Slovenia,2010,sn,f,0-14,3,Smear Negative
Slovenia,2010,sn,f,15-24,4,Smear Negative
Slovenia,2010,sn,f,25-34,6,Smear Negative
Slovenia,2010,sn,f,35-44,0,Smear Negative
Slovenia,2010,sn,f,45-54,1,Smear Negative
Slovenia,2010,sn,f,55-64,3,Smear Negative
Slovenia,2010,sn,f,65+,15,Smear Negative
Slovenia,2010,ep,m,0-14,0,Extrapulmonary
Slovenia,2010,ep,m,15-24,1,Extrapulmonary
Slovenia,2010,ep,m,25-34,3,Extrapulmonary
Slovenia,2010,ep,m,35-44,4,Extrapulmonary
Slovenia,2010,ep,m,45-54,1,Extrapulmonary
Slovenia,2010,ep,m,55-64,2,Extrapulmonary
Slovenia,2010,ep,m,65+,4,Extrapulmonary
Slovenia,2010,ep,f,0-14,0,Extrapulmonary
Slovenia,2010,ep,f,15-24,1,Extrapulmonary
Slovenia,2010,ep,f,25-34,1,Extrapulmonary
Slovenia,2010,ep,f,35-44,0,Extrapulmonary
Slovenia,2010,ep,f,45-54,3,Extrapulmonary
Slovenia,2010,ep,f,55-64,2,Extrapulmonary
Slovenia,2010,ep,f,65+,8,Extrapulmonary
Slovenia,2011,sp,m,0-14,0,Smear Positive
Slovenia,2011,sp,m,15-24,3,Smear Positive
Slovenia,2011,sp,m,25-34,9,Smear Positive
Slovenia,2011,sp,m,35-44,16,Smear Positive
Slovenia,2011,sp,m,45-54,12,Smear Positive
Slovenia,2011,sp,m,55-64,8,Smear Positive
Slovenia,2011,sp,m,65+,5,Smear Positive
Slovenia,2011,sp,f,0-14,0,Smear Positive
Slovenia,2011,sp,f,15-24,0,Smear Positive
Slovenia,2011,sp,f,25-34,5,Smear Positive
Slovenia,2011,sp,f,35-44,4,Smear Positive
Slovenia,2011,sp,f,45-54,2,Smear Positive
Slovenia,2011,sp,f,55-64,1,Smear Positive
Slovenia,2011,sp,f,65+,17,Smear Positive
Slovenia,2011,sn,m,0-14,0,Smear Negative
Slovenia,2011,sn,m,15-24,2,Smear Negative
Slovenia,2011,sn,m,25-34,10,Smear Negative
Slovenia,2011,sn,m,35-44,4,Smear Negative
Slovenia,2011,sn,m,45-54,5,Smear Negative
Slovenia,2011,sn,m,55-64,7,Smear Negative
Slovenia,2011,sn,m,65+,13,Smear Negative
Slovenia,2011,sn,f,0-14,2,Smear Negative
Slovenia,2011,sn,f,15-24,0,Smear Negative
Slovenia,2011,sn,f,25-34,5,Smear Negative
Slovenia,2011,sn,f,35-44,5,Smear Negative
Slovenia,2011,sn,f,45-54,3,Smear Negative
Slovenia,2011,sn,f,55-64,3,Smear Negative
Slovenia,2011,sn,f,65+,14,Smear Negative
Slovenia,2011,ep,m,0-14,0,Extrapulmonary
Slovenia,2011,ep,m,15-24,0,Extrapulmonary
Slovenia,2011,ep,m,25-34,3,Extrapulmonary
Slovenia,2011,ep,m,35-44,2,Extrapulmonary
Slovenia,2011,ep,m,45-54,2,Extrapulmonary
Slovenia,2011,ep,m,55-64,3,Extrapulmonary
Slovenia,2011,ep,m,65+,3,Extrapulmonary
Slovenia,2011,ep,f,0-14,2,Extrapulmonary
Slovenia,2011,ep,f,15-24,1,Extrapulmonary
Slovenia,2011,ep,f,25-34,0,Extrapulmonary
Slovenia,2011,ep,f,35-44,1,Extrapulmonary
Slovenia,2011,ep,f,45-54,0,Extrapulmonary
Slovenia,2011,ep,f,55-64,5,Extrapulmonary
Slovenia,2011,ep,f,65+,4,Extrapulmonary
Slovenia,2012,sp,m,0-14,0,Smear Positive
Slovenia,2012,sp,m,15-24,2,Smear Positive
Slovenia,2012,sp,m,25-34,6,Smear Positive
Slovenia,2012,sp,m,35-44,4,Smear Positive
Slovenia,2012,sp,m,45-54,8,Smear Positive
Slovenia,2012,sp,m,55-64,6,Smear Positive
Slovenia,2012,sp,m,65+,5,Smear Positive
Slovenia,2012,sp,f,0-14,0,Smear Positive
Slovenia,2012,sp,f,15-24,2,Smear Positive
Slovenia,2012,sp,f,25-34,3,Smear Positive
Slovenia,2012,sp,f,35-44,0,Smear Positive
Slovenia,2012,sp,f,45-54,1,Smear Positive
Slovenia,2012,sp,f,55-64,1,Smear Positive
Slovenia,2012,sp,f,65+,9,Smear Positive
Slovenia,2012,sn,m,0-14,3,Smear Negative
Slovenia,2012,sn,m,15-24,0,Smear Negative
Slovenia,2012,sn,m,25-34,2,Smear Negative
Slovenia,2012,sn,m,35-44,1,Smear Negative
Slovenia,2012,sn,m,45-54,5,Smear Negative
Slovenia,2012,sn,m,55-64,4,Smear Negative
Slovenia,2012,sn,m,65+,16,Smear Negative
Slovenia,2012,sn,f,0-14,2,Smear Negative
Slovenia,2012,sn,f,15-24,2,Smear Negative
Slovenia,2012,sn,f,25-34,3,Smear Negative
Slovenia,2012,sn,f,35-44,2,Smear Negative
Slovenia,2012,sn,f,45-54,4,Smear Negative
Slovenia,2012,sn,f,55-64,3,Smear Negative
Slovenia,2012,sn,f,65+,17,Smear Negative
Slovenia,2012,ep,m,0-14,0,Extrapulmonary
Slovenia,2012,ep,m,15-24,0,Extrapulmonary
Slovenia,2012,ep,m,25-34,2,Extrapulmonary
Slovenia,2012,ep,m,35-44,2,Extrapulmonary
Slovenia,2012,ep,m,45-54,0,Extrapulmonary
Slovenia,2012,ep,m,55-64,1,Extrapulmonary
Slovenia,2012,ep,m,65+,2,Extrapulmonary
Slovenia,2012,ep,f,0-14,0,Extrapulmonary
Slovenia,2012,ep,f,15-24,0,Extrapulmonary
Slovenia,2012,ep,f,25-34,2,Extrapulmonary
Slovenia,2012,ep,f,35-44,0,Extrapulmonary
Slovenia,2012,ep,f,45-54,2,Extrapulmonary
Slovenia,2012,ep,f,55-64,1,Extrapulmonary
Slovenia,2012,ep,f,65+,1,Extrapulmonary
Slovenia,2013,rel,m,0-14,1,Relapse
Slovenia,2013,rel,m,15-24,3,Relapse
Slovenia,2013,rel,m,25-34,12,Relapse
Slovenia,2013,rel,m,35-44,5,Relapse
Slovenia,2013,rel,m,45-54,18,Relapse
Slovenia,2013,rel,m,55-64,13,Relapse
Slovenia,2013,rel,m,65+,19,Relapse
Slovenia,2013,rel,f,0-14,1,Relapse
Slovenia,2013,rel,f,15-24,2,Relapse
Slovenia,2013,rel,f,25-34,7,Relapse
Slovenia,2013,rel,f,35-44,3,Relapse
Slovenia,2013,rel,f,45-54,10,Relapse
Slovenia,2013,rel,f,55-64,6,Relapse
Slovenia,2013,rel,f,65+,39,Relapse
Solomon Islands,1995,sp,m,0-14,2,Smear Positive
Solomon Islands,1995,sp,m,15-24,14,Smear Positive
Solomon Islands,1995,sp,m,25-34,6,Smear Positive
Solomon Islands,1995,sp,m,35-44,5,Smear Positive
Solomon Islands,1995,sp,m,45-54,7,Smear Positive
Solomon Islands,1995,sp,m,55-64,9,Smear Positive
Solomon Islands,1995,sp,m,65+,3,Smear Positive
Solomon Islands,1995,sp,f,0-14,3,Smear Positive
Solomon Islands,1995,sp,f,15-24,17,Smear Positive
Solomon Islands,1995,sp,f,25-34,11,Smear Positive
Solomon Islands,1995,sp,f,35-44,7,Smear Positive
Solomon Islands,1995,sp,f,45-54,12,Smear Positive
Solomon Islands,1995,sp,f,55-64,13,Smear Positive
Solomon Islands,1995,sp,f,65+,0,Smear Positive
Solomon Islands,1996,sp,m,0-14,4,Smear Positive
Solomon Islands,1996,sp,m,15-24,9,Smear Positive
Solomon Islands,1996,sp,m,25-34,9,Smear Positive
Solomon Islands,1996,sp,m,35-44,3,Smear Positive
Solomon Islands,1996,sp,m,45-54,7,Smear Positive
Solomon Islands,1996,sp,m,55-64,4,Smear Positive
Solomon Islands,1996,sp,m,65+,6,Smear Positive
Solomon Islands,1996,sp,f,0-14,5,Smear Positive
Solomon Islands,1996,sp,f,15-24,5,Smear Positive
Solomon Islands,1996,sp,f,25-34,9,Smear Positive
Solomon Islands,1996,sp,f,35-44,8,Smear Positive
Solomon Islands,1996,sp,f,45-54,12,Smear Positive
Solomon Islands,1996,sp,f,55-64,6,Smear Positive
Solomon Islands,1996,sp,f,65+,3,Smear Positive
Solomon Islands,1997,sp,m,0-14,2,Smear Positive
Solomon Islands,1997,sp,m,15-24,20,Smear Positive
Solomon Islands,1997,sp,m,25-34,8,Smear Positive
Solomon Islands,1997,sp,m,35-44,6,Smear Positive
Solomon Islands,1997,sp,m,45-54,9,Smear Positive
Solomon Islands,1997,sp,m,55-64,4,Smear Positive
Solomon Islands,1997,sp,m,65+,5,Smear Positive
Solomon Islands,1997,sp,f,0-14,3,Smear Positive
Solomon Islands,1997,sp,f,15-24,19,Smear Positive
Solomon Islands,1997,sp,f,25-34,14,Smear Positive
Solomon Islands,1997,sp,f,35-44,10,Smear Positive
Solomon Islands,1997,sp,f,45-54,8,Smear Positive
Solomon Islands,1997,sp,f,55-64,4,Smear Positive
Solomon Islands,1997,sp,f,65+,1,Smear Positive
Solomon Islands,1998,sp,m,0-14,3,Smear Positive
Solomon Islands,1998,sp,m,15-24,15,Smear Positive
Solomon Islands,1998,sp,m,25-34,9,Smear Positive
Solomon Islands,1998,sp,m,35-44,14,Smear Positive
Solomon Islands,1998,sp,m,45-54,18,Smear Positive
Solomon Islands,1998,sp,m,55-64,7,Smear Positive
Solomon Islands,1998,sp,m,65+,12,Smear Positive
Solomon Islands,1998,sp,f,0-14,2,Smear Positive
Solomon Islands,1998,sp,f,15-24,14,Smear Positive
Solomon Islands,1998,sp,f,25-34,16,Smear Positive
Solomon Islands,1998,sp,f,35-44,10,Smear Positive
Solomon Islands,1998,sp,f,45-54,11,Smear Positive
Solomon Islands,1998,sp,f,55-64,7,Smear Positive
Solomon Islands,1998,sp,f,65+,2,Smear Positive
Solomon Islands,2000,sp,m,0-14,3,Smear Positive
Solomon Islands,2000,sp,m,15-24,13,Smear Positive
Solomon Islands,2000,sp,m,25-34,4,Smear Positive
Solomon Islands,2000,sp,m,35-44,8,Smear Positive
Solomon Islands,2000,sp,m,45-54,8,Smear Positive
Solomon Islands,2000,sp,m,55-64,10,Smear Positive
Solomon Islands,2000,sp,m,65+,6,Smear Positive
Solomon Islands,2000,sp,f,0-14,8,Smear Positive
Solomon Islands,2000,sp,f,15-24,15,Smear Positive
Solomon Islands,2000,sp,f,25-34,13,Smear Positive
Solomon Islands,2000,sp,f,35-44,7,Smear Positive
Solomon Islands,2000,sp,f,45-54,7,Smear Positive
Solomon Islands,2000,sp,f,55-64,5,Smear Positive
Solomon Islands,2000,sp,f,65+,2,Smear Positive
Solomon Islands,2002,sp,m,0-14,3,Smear Positive
Solomon Islands,2002,sp,m,15-24,16,Smear Positive
Solomon Islands,2002,sp,m,25-34,12,Smear Positive
Solomon Islands,2002,sp,m,35-44,9,Smear Positive
Solomon Islands,2002,sp,m,45-54,9,Smear Positive
Solomon Islands,2002,sp,m,55-64,7,Smear Positive
Solomon Islands,2002,sp,m,65+,4,Smear Positive
Solomon Islands,2002,sp,f,0-14,0,Smear Positive
Solomon Islands,2002,sp,f,15-24,16,Smear Positive
Solomon Islands,2002,sp,f,25-34,15,Smear Positive
Solomon Islands,2002,sp,f,35-44,4,Smear Positive
Solomon Islands,2002,sp,f,45-54,2,Smear Positive
Solomon Islands,2002,sp,f,55-64,7,Smear Positive
Solomon Islands,2002,sp,f,65+,4,Smear Positive
Solomon Islands,2003,sp,m,0-14,4,Smear Positive
Solomon Islands,2003,sp,m,15-24,14,Smear Positive
Solomon Islands,2003,sp,m,25-34,9,Smear Positive
Solomon Islands,2003,sp,m,35-44,12,Smear Positive
Solomon Islands,2003,sp,m,45-54,14,Smear Positive
Solomon Islands,2003,sp,m,55-64,8,Smear Positive
Solomon Islands,2003,sp,m,65+,0,Smear Positive
Solomon Islands,2003,sp,f,0-14,9,Smear Positive
Solomon Islands,2003,sp,f,15-24,14,Smear Positive
Solomon Islands,2003,sp,f,25-34,14,Smear Positive
Solomon Islands,2003,sp,f,35-44,16,Smear Positive
Solomon Islands,2003,sp,f,45-54,13,Smear Positive
Solomon Islands,2003,sp,f,55-64,10,Smear Positive
Solomon Islands,2003,sp,f,65+,1,Smear Positive
Solomon Islands,2004,sp,m,0-14,6,Smear Positive
Solomon Islands,2004,sp,m,15-24,11,Smear Positive
Solomon Islands,2004,sp,m,25-34,12,Smear Positive
Solomon Islands,2004,sp,m,35-44,8,Smear Positive
Solomon Islands,2004,sp,m,45-54,11,Smear Positive
Solomon Islands,2004,sp,m,55-64,9,Smear Positive
Solomon Islands,2004,sp,m,65+,5,Smear Positive
Solomon Islands,2004,sp,f,0-14,10,Smear Positive
Solomon Islands,2004,sp,f,15-24,22,Smear Positive
Solomon Islands,2004,sp,f,25-34,20,Smear Positive
Solomon Islands,2004,sp,f,35-44,13,Smear Positive
Solomon Islands,2004,sp,f,45-54,14,Smear Positive
Solomon Islands,2004,sp,f,55-64,8,Smear Positive
Solomon Islands,2004,sp,f,65+,3,Smear Positive
Solomon Islands,2005,sp,m,0-14,4,Smear Positive
Solomon Islands,2005,sp,m,15-24,14,Smear Positive
Solomon Islands,2005,sp,m,25-34,18,Smear Positive
Solomon Islands,2005,sp,m,35-44,9,Smear Positive
Solomon Islands,2005,sp,m,45-54,15,Smear Positive
Solomon Islands,2005,sp,m,55-64,12,Smear Positive
Solomon Islands,2005,sp,m,65+,11,Smear Positive
Solomon Islands,2005,sp,f,0-14,9,Smear Positive
Solomon Islands,2005,sp,f,15-24,23,Smear Positive
Solomon Islands,2005,sp,f,25-34,21,Smear Positive
Solomon Islands,2005,sp,f,35-44,12,Smear Positive
Solomon Islands,2005,sp,f,45-54,11,Smear Positive
Solomon Islands,2005,sp,f,55-64,9,Smear Positive
Solomon Islands,2005,sp,f,65+,1,Smear Positive
Solomon Islands,2006,sp,m,0-14,1,Smear Positive
Solomon Islands,2006,sp,m,15-24,13,Smear Positive
Solomon Islands,2006,sp,m,25-34,11,Smear Positive
Solomon Islands,2006,sp,m,35-44,4,Smear Positive
Solomon Islands,2006,sp,m,45-54,4,Smear Positive
Solomon Islands,2006,sp,m,55-64,14,Smear Positive
Solomon Islands,2006,sp,m,65+,8,Smear Positive
Solomon Islands,2006,sp,f,0-14,4,Smear Positive
Solomon Islands,2006,sp,f,15-24,16,Smear Positive
Solomon Islands,2006,sp,f,25-34,14,Smear Positive
Solomon Islands,2006,sp,f,35-44,9,Smear Positive
Solomon Islands,2006,sp,f,45-54,14,Smear Positive
Solomon Islands,2006,sp,f,55-64,8,Smear Positive
Solomon Islands,2006,sp,f,65+,4,Smear Positive
Solomon Islands,2006,sn,m,0-14,21,Smear Negative
Solomon Islands,2006,sn,m,15-24,8,Smear Negative
Solomon Islands,2006,sn,m,25-34,14,Smear Negative
Solomon Islands,2006,sn,m,35-44,11,Smear Negative
Solomon Islands,2006,sn,m,45-54,13,Smear Negative
Solomon Islands,2006,sn,m,55-64,16,Smear Negative
Solomon Islands,2006,sn,m,65+,9,Smear Negative
Solomon Islands,2006,sn,f,0-14,26,Smear Negative
Solomon Islands,2006,sn,f,15-24,7,Smear Negative
Solomon Islands,2006,sn,f,25-34,4,Smear Negative
Solomon Islands,2006,sn,f,35-44,10,Smear Negative
Solomon Islands,2006,sn,f,45-54,15,Smear Negative
Solomon Islands,2006,sn,f,55-64,9,Smear Negative
Solomon Islands,2006,sn,f,65+,5,Smear Negative
Solomon Islands,2006,ep,m,0-14,18,Extrapulmonary
Solomon Islands,2006,ep,m,15-24,4,Extrapulmonary
Solomon Islands,2006,ep,m,25-34,4,Extrapulmonary
Solomon Islands,2006,ep,m,35-44,3,Extrapulmonary
Solomon Islands,2006,ep,m,45-54,2,Extrapulmonary
Solomon Islands,2006,ep,m,55-64,3,Extrapulmonary
Solomon Islands,2006,ep,m,65+,2,Extrapulmonary
Solomon Islands,2006,ep,f,0-14,14,Extrapulmonary
Solomon Islands,2006,ep,f,15-24,9,Extrapulmonary
Solomon Islands,2006,ep,f,25-34,7,Extrapulmonary
Solomon Islands,2006,ep,f,35-44,3,Extrapulmonary
Solomon Islands,2006,ep,f,45-54,2,Extrapulmonary
Solomon Islands,2006,ep,f,55-64,3,Extrapulmonary
Solomon Islands,2006,ep,f,65+,0,Extrapulmonary
Solomon Islands,2007,sp,m,0-14,5,Smear Positive
Solomon Islands,2007,sp,m,15-24,15,Smear Positive
Solomon Islands,2007,sp,m,25-34,16,Smear Positive
Solomon Islands,2007,sp,m,35-44,12,Smear Positive
Solomon Islands,2007,sp,m,45-54,9,Smear Positive
Solomon Islands,2007,sp,m,55-64,8,Smear Positive
Solomon Islands,2007,sp,m,65+,6,Smear Positive
Solomon Islands,2007,sp,f,0-14,5,Smear Positive
Solomon Islands,2007,sp,f,15-24,12,Smear Positive
Solomon Islands,2007,sp,f,25-34,25,Smear Positive
Solomon Islands,2007,sp,f,35-44,9,Smear Positive
Solomon Islands,2007,sp,f,45-54,10,Smear Positive
Solomon Islands,2007,sp,f,55-64,5,Smear Positive
Solomon Islands,2007,sp,f,65+,5,Smear Positive
Solomon Islands,2007,sn,m,0-14,17,Smear Negative
Solomon Islands,2007,sn,m,15-24,9,Smear Negative
Solomon Islands,2007,sn,m,25-34,4,Smear Negative
Solomon Islands,2007,sn,m,35-44,9,Smear Negative
Solomon Islands,2007,sn,m,45-54,14,Smear Negative
Solomon Islands,2007,sn,m,55-64,14,Smear Negative
Solomon Islands,2007,sn,m,65+,9,Smear Negative
Solomon Islands,2007,sn,f,0-14,12,Smear Negative
Solomon Islands,2007,sn,f,15-24,12,Smear Negative
Solomon Islands,2007,sn,f,25-34,14,Smear Negative
Solomon Islands,2007,sn,f,35-44,6,Smear Negative
Solomon Islands,2007,sn,f,45-54,14,Smear Negative
Solomon Islands,2007,sn,f,55-64,11,Smear Negative
Solomon Islands,2007,sn,f,65+,2,Smear Negative
Solomon Islands,2007,ep,m,0-14,20,Extrapulmonary
Solomon Islands,2007,ep,m,15-24,13,Extrapulmonary
Solomon Islands,2007,ep,m,25-34,10,Extrapulmonary
Solomon Islands,2007,ep,m,35-44,9,Extrapulmonary
Solomon Islands,2007,ep,m,45-54,6,Extrapulmonary
Solomon Islands,2007,ep,m,55-64,0,Extrapulmonary
Solomon Islands,2007,ep,m,65+,4,Extrapulmonary
Solomon Islands,2007,ep,f,0-14,16,Extrapulmonary
Solomon Islands,2007,ep,f,15-24,3,Extrapulmonary
Solomon Islands,2007,ep,f,25-34,10,Extrapulmonary
Solomon Islands,2007,ep,f,35-44,5,Extrapulmonary
Solomon Islands,2007,ep,f,45-54,2,Extrapulmonary
Solomon Islands,2007,ep,f,55-64,1,Extrapulmonary
Solomon Islands,2007,ep,f,65+,0,Extrapulmonary
Solomon Islands,2008,sp,m,0-14,3,Smear Positive
Solomon Islands,2008,sp,m,15-24,17,Smear Positive
Solomon Islands,2008,sp,m,25-34,12,Smear Positive
Solomon Islands,2008,sp,m,35-44,11,Smear Positive
Solomon Islands,2008,sp,m,45-54,10,Smear Positive
Solomon Islands,2008,sp,m,55-64,11,Smear Positive
Solomon Islands,2008,sp,m,65+,7,Smear Positive
Solomon Islands,2008,sp,f,0-14,4,Smear Positive
Solomon Islands,2008,sp,f,15-24,13,Smear Positive
Solomon Islands,2008,sp,f,25-34,23,Smear Positive
Solomon Islands,2008,sp,f,35-44,11,Smear Positive
Solomon Islands,2008,sp,f,45-54,13,Smear Positive
Solomon Islands,2008,sp,f,55-64,3,Smear Positive
Solomon Islands,2008,sp,f,65+,2,Smear Positive
Solomon Islands,2008,sn,m,0-14,18,Smear Negative
Solomon Islands,2008,sn,m,15-24,9,Smear Negative
Solomon Islands,2008,sn,m,25-34,6,Smear Negative
Solomon Islands,2008,sn,m,35-44,7,Smear Negative
Solomon Islands,2008,sn,m,45-54,11,Smear Negative
Solomon Islands,2008,sn,m,55-64,9,Smear Negative
Solomon Islands,2008,sn,m,65+,11,Smear Negative
Solomon Islands,2008,sn,f,0-14,16,Smear Negative
Solomon Islands,2008,sn,f,15-24,6,Smear Negative
Solomon Islands,2008,sn,f,25-34,5,Smear Negative
Solomon Islands,2008,sn,f,35-44,14,Smear Negative
Solomon Islands,2008,sn,f,45-54,8,Smear Negative
Solomon Islands,2008,sn,f,55-64,14,Smear Negative
Solomon Islands,2008,sn,f,65+,2,Smear Negative
Solomon Islands,2008,ep,m,0-14,11,Extrapulmonary
Solomon Islands,2008,ep,m,15-24,10,Extrapulmonary
Solomon Islands,2008,ep,m,25-34,13,Extrapulmonary
Solomon Islands,2008,ep,m,35-44,10,Extrapulmonary
Solomon Islands,2008,ep,m,45-54,7,Extrapulmonary
Solomon Islands,2008,ep,m,55-64,7,Extrapulmonary
Solomon Islands,2008,ep,m,65+,0,Extrapulmonary
Solomon Islands,2008,ep,f,0-14,11,Extrapulmonary
Solomon Islands,2008,ep,f,15-24,8,Extrapulmonary
Solomon Islands,2008,ep,f,25-34,7,Extrapulmonary
Solomon Islands,2008,ep,f,35-44,5,Extrapulmonary
Solomon Islands,2008,ep,f,45-54,3,Extrapulmonary
Solomon Islands,2008,ep,f,55-64,4,Extrapulmonary
Solomon Islands,2008,ep,f,65+,1,Extrapulmonary
Solomon Islands,2009,sp,m,0-14,3,Smear Positive
Solomon Islands,2009,sp,m,15-24,11,Smear Positive
Solomon Islands,2009,sp,m,25-34,17,Smear Positive
Solomon Islands,2009,sp,m,35-44,8,Smear Positive
Solomon Islands,2009,sp,m,45-54,8,Smear Positive
Solomon Islands,2009,sp,m,55-64,8,Smear Positive
Solomon Islands,2009,sp,m,65+,6,Smear Positive
Solomon Islands,2009,sp,f,0-14,9,Smear Positive
Solomon Islands,2009,sp,f,15-24,19,Smear Positive
Solomon Islands,2009,sp,f,25-34,19,Smear Positive
Solomon Islands,2009,sp,f,35-44,9,Smear Positive
Solomon Islands,2009,sp,f,45-54,11,Smear Positive
Solomon Islands,2009,sp,f,55-64,7,Smear Positive
Solomon Islands,2009,sp,f,65+,3,Smear Positive
Solomon Islands,2009,sn,m,0-14,7,Smear Negative
Solomon Islands,2009,sn,m,15-24,2,Smear Negative
Solomon Islands,2009,sn,m,25-34,6,Smear Negative
Solomon Islands,2009,sn,m,35-44,4,Smear Negative
Solomon Islands,2009,sn,m,45-54,6,Smear Negative
Solomon Islands,2009,sn,m,55-64,9,Smear Negative
Solomon Islands,2009,sn,m,65+,6,Smear Negative
Solomon Islands,2009,sn,f,0-14,14,Smear Negative
Solomon Islands,2009,sn,f,15-24,1,Smear Negative
Solomon Islands,2009,sn,f,25-34,7,Smear Negative
Solomon Islands,2009,sn,f,35-44,7,Smear Negative
Solomon Islands,2009,sn,f,45-54,6,Smear Negative
Solomon Islands,2009,sn,f,55-64,9,Smear Negative
Solomon Islands,2009,sn,f,65+,2,Smear Negative
Solomon Islands,2009,ep,m,0-14,29,Extrapulmonary
Solomon Islands,2009,ep,m,15-24,8,Extrapulmonary
Solomon Islands,2009,ep,m,25-34,5,Extrapulmonary
Solomon Islands,2009,ep,m,35-44,7,Extrapulmonary
Solomon Islands,2009,ep,m,45-54,12,Extrapulmonary
Solomon Islands,2009,ep,m,55-64,7,Extrapulmonary
Solomon Islands,2009,ep,m,65+,4,Extrapulmonary
Solomon Islands,2009,ep,f,0-14,22,Extrapulmonary
Solomon Islands,2009,ep,f,15-24,7,Extrapulmonary
Solomon Islands,2009,ep,f,25-34,13,Extrapulmonary
Solomon Islands,2009,ep,f,35-44,8,Extrapulmonary
Solomon Islands,2009,ep,f,45-54,5,Extrapulmonary
Solomon Islands,2009,ep,f,55-64,7,Extrapulmonary
Solomon Islands,2009,ep,f,65+,3,Extrapulmonary
Solomon Islands,2010,sp,m,0-14,4,Smear Positive
Solomon Islands,2010,sp,m,15-24,16,Smear Positive
Solomon Islands,2010,sp,m,25-34,18,Smear Positive
Solomon Islands,2010,sp,m,35-44,16,Smear Positive
Solomon Islands,2010,sp,m,45-54,8,Smear Positive
Solomon Islands,2010,sp,m,55-64,3,Smear Positive
Solomon Islands,2010,sp,m,65+,3,Smear Positive
Solomon Islands,2010,sp,f,0-14,4,Smear Positive
Solomon Islands,2010,sp,f,15-24,19,Smear Positive
Solomon Islands,2010,sp,f,25-34,17,Smear Positive
Solomon Islands,2010,sp,f,35-44,11,Smear Positive
Solomon Islands,2010,sp,f,45-54,5,Smear Positive
Solomon Islands,2010,sp,f,55-64,4,Smear Positive
Solomon Islands,2010,sp,f,65+,5,Smear Positive
Solomon Islands,2010,sn,m,0-14,11,Smear Negative
Solomon Islands,2010,sn,m,15-24,7,Smear Negative
Solomon Islands,2010,sn,m,25-34,6,Smear Negative
Solomon Islands,2010,sn,m,35-44,7,Smear Negative
Solomon Islands,2010,sn,m,45-54,9,Smear Negative
Solomon Islands,2010,sn,m,55-64,3,Smear Negative
Solomon Islands,2010,sn,m,65+,8,Smear Negative
Solomon Islands,2010,sn,f,0-14,15,Smear Negative
Solomon Islands,2010,sn,f,15-24,7,Smear Negative
Solomon Islands,2010,sn,f,25-34,4,Smear Negative
Solomon Islands,2010,sn,f,35-44,3,Smear Negative
Solomon Islands,2010,sn,f,45-54,7,Smear Negative
Solomon Islands,2010,sn,f,55-64,7,Smear Negative
Solomon Islands,2010,sn,f,65+,4,Smear Negative
Solomon Islands,2010,ep,m,0-14,15,Extrapulmonary
Solomon Islands,2010,ep,m,15-24,17,Extrapulmonary
Solomon Islands,2010,ep,m,25-34,6,Extrapulmonary
Solomon Islands,2010,ep,m,35-44,6,Extrapulmonary
Solomon Islands,2010,ep,m,45-54,4,Extrapulmonary
Solomon Islands,2010,ep,m,55-64,3,Extrapulmonary
Solomon Islands,2010,ep,m,65+,2,Extrapulmonary
Solomon Islands,2010,ep,f,0-14,21,Extrapulmonary
Solomon Islands,2010,ep,f,15-24,11,Extrapulmonary
Solomon Islands,2010,ep,f,25-34,7,Extrapulmonary
Solomon Islands,2010,ep,f,35-44,2,Extrapulmonary
Solomon Islands,2010,ep,f,45-54,8,Extrapulmonary
Solomon Islands,2010,ep,f,55-64,3,Extrapulmonary
Solomon Islands,2010,ep,f,65+,0,Extrapulmonary
Solomon Islands,2011,sp,m,0-14,3,Smear Positive
Solomon Islands,2011,sp,m,15-24,15,Smear Positive
Solomon Islands,2011,sp,m,25-34,22,Smear Positive
Solomon Islands,2011,sp,m,35-44,12,Smear Positive
Solomon Islands,2011,sp,m,45-54,7,Smear Positive
Solomon Islands,2011,sp,m,55-64,8,Smear Positive
Solomon Islands,2011,sp,m,65+,6,Smear Positive
Solomon Islands,2011,sp,f,0-14,3,Smear Positive
Solomon Islands,2011,sp,f,15-24,13,Smear Positive
Solomon Islands,2011,sp,f,25-34,27,Smear Positive
Solomon Islands,2011,sp,f,35-44,15,Smear Positive
Solomon Islands,2011,sp,f,45-54,10,Smear Positive
Solomon Islands,2011,sp,f,55-64,16,Smear Positive
Solomon Islands,2011,sp,f,65+,2,Smear Positive
Solomon Islands,2011,sn,m,0-14,14,Smear Negative
Solomon Islands,2011,sn,m,15-24,6,Smear Negative
Solomon Islands,2011,sn,m,25-34,7,Smear Negative
Solomon Islands,2011,sn,m,35-44,6,Smear Negative
Solomon Islands,2011,sn,m,45-54,3,Smear Negative
Solomon Islands,2011,sn,m,55-64,11,Smear Negative
Solomon Islands,2011,sn,m,65+,4,Smear Negative
Solomon Islands,2011,sn,f,0-14,20,Smear Negative
Solomon Islands,2011,sn,f,15-24,7,Smear Negative
Solomon Islands,2011,sn,f,25-34,5,Smear Negative
Solomon Islands,2011,sn,f,35-44,7,Smear Negative
Solomon Islands,2011,sn,f,45-54,9,Smear Negative
Solomon Islands,2011,sn,f,55-64,6,Smear Negative
Solomon Islands,2011,sn,f,65+,3,Smear Negative
Solomon Islands,2011,ep,m,0-14,28,Extrapulmonary
Solomon Islands,2011,ep,m,15-24,14,Extrapulmonary
Solomon Islands,2011,ep,m,25-34,9,Extrapulmonary
Solomon Islands,2011,ep,m,35-44,5,Extrapulmonary
Solomon Islands,2011,ep,m,45-54,3,Extrapulmonary
Solomon Islands,2011,ep,m,55-64,0,Extrapulmonary
Solomon Islands,2011,ep,m,65+,5,Extrapulmonary
Solomon Islands,2011,ep,f,0-14,25,Extrapulmonary
Solomon Islands,2011,ep,f,15-24,7,Extrapulmonary
Solomon Islands,2011,ep,f,25-34,10,Extrapulmonary
Solomon Islands,2011,ep,f,35-44,10,Extrapulmonary
Solomon Islands,2011,ep,f,45-54,6,Extrapulmonary
Solomon Islands,2011,ep,f,55-64,4,Extrapulmonary
Solomon Islands,2011,ep,f,65+,1,Extrapulmonary
Solomon Islands,2012,sp,m,0-14,3,Smear Positive
Solomon Islands,2012,sp,m,15-24,20,Smear Positive
Solomon Islands,2012,sp,m,25-34,19,Smear Positive
Solomon Islands,2012,sp,m,35-44,10,Smear Positive
Solomon Islands,2012,sp,m,45-54,12,Smear Positive
Solomon Islands,2012,sp,m,55-64,8,Smear Positive
Solomon Islands,2012,sp,m,65+,6,Smear Positive
Solomon Islands,2012,sp,f,0-14,5,Smear Positive
Solomon Islands,2012,sp,f,15-24,20,Smear Positive
Solomon Islands,2012,sp,f,25-34,18,Smear Positive
Solomon Islands,2012,sp,f,35-44,11,Smear Positive
Solomon Islands,2012,sp,f,45-54,8,Smear Positive
Solomon Islands,2012,sp,f,55-64,12,Smear Positive
Solomon Islands,2012,sp,f,65+,5,Smear Positive
Solomon Islands,2012,sn,m,0-14,9,Smear Negative
Solomon Islands,2012,sn,m,15-24,4,Smear Negative
Solomon Islands,2012,sn,m,25-34,4,Smear Negative
Solomon Islands,2012,sn,m,35-44,3,Smear Negative
Solomon Islands,2012,sn,m,45-54,5,Smear Negative
Solomon Islands,2012,sn,m,55-64,6,Smear Negative
Solomon Islands,2012,sn,m,65+,9,Smear Negative
Solomon Islands,2012,sn,f,0-14,10,Smear Negative
Solomon Islands,2012,sn,f,15-24,8,Smear Negative
Solomon Islands,2012,sn,f,25-34,8,Smear Negative
Solomon Islands,2012,sn,f,35-44,9,Smear Negative
Solomon Islands,2012,sn,f,45-54,4,Smear Negative
Solomon Islands,2012,sn,f,55-64,4,Smear Negative
Solomon Islands,2012,sn,f,65+,4,Smear Negative
Solomon Islands,2012,ep,m,0-14,19,Extrapulmonary
Solomon Islands,2012,ep,m,15-24,15,Extrapulmonary
Solomon Islands,2012,ep,m,25-34,10,Extrapulmonary
Solomon Islands,2012,ep,m,35-44,5,Extrapulmonary
Solomon Islands,2012,ep,m,45-54,4,Extrapulmonary
Solomon Islands,2012,ep,m,55-64,4,Extrapulmonary
Solomon Islands,2012,ep,m,65+,6,Extrapulmonary
Solomon Islands,2012,ep,f,0-14,15,Extrapulmonary
Solomon Islands,2012,ep,f,15-24,12,Extrapulmonary
Solomon Islands,2012,ep,f,25-34,10,Extrapulmonary
Solomon Islands,2012,ep,f,35-44,4,Extrapulmonary
Solomon Islands,2012,ep,f,45-54,4,Extrapulmonary
Solomon Islands,2012,ep,f,55-64,4,Extrapulmonary
Solomon Islands,2012,ep,f,65+,0,Extrapulmonary
Solomon Islands,2013,rel,m,0-14,33,Relapse
Solomon Islands,2013,rel,m,15-24,39,Relapse
Solomon Islands,2013,rel,m,25-34,36,Relapse
Solomon Islands,2013,rel,m,35-44,24,Relapse
Solomon Islands,2013,rel,m,45-54,26,Relapse
Solomon Islands,2013,rel,m,55-64,24,Relapse
Solomon Islands,2013,rel,m,65+,12,Relapse
Solomon Islands,2013,rel,f,0-14,33,Relapse
Solomon Islands,2013,rel,f,15-24,47,Relapse
Solomon Islands,2013,rel,f,25-34,30,Relapse
Solomon Islands,2013,rel,f,35-44,14,Relapse
Solomon Islands,2013,rel,f,45-54,22,Relapse
Solomon Islands,2013,rel,f,55-64,10,Relapse
Solomon Islands,2013,rel,f,65+,10,Relapse
Somalia,1995,sp,m,0-14,46,Smear Positive
Somalia,1995,sp,m,15-24,334,Smear Positive
Somalia,1995,sp,m,25-34,730,Smear Positive
Somalia,1995,sp,m,35-44,201,Smear Positive
Somalia,1995,sp,m,45-54,127,Smear Positive
Somalia,1995,sp,m,55-64,278,Smear Positive
Somalia,1995,sp,m,65+,109,Smear Positive
Somalia,1995,sp,f,0-14,38,Smear Positive
Somalia,1995,sp,f,15-24,158,Smear Positive
Somalia,1995,sp,f,25-34,139,Smear Positive
Somalia,1995,sp,f,35-44,97,Smear Positive
Somalia,1995,sp,f,45-54,40,Smear Positive
Somalia,1995,sp,f,55-64,25,Smear Positive
Somalia,1995,sp,f,65+,16,Smear Positive
Somalia,1996,sp,m,0-14,45,Smear Positive
Somalia,1996,sp,m,15-24,439,Smear Positive
Somalia,1996,sp,m,25-34,557,Smear Positive
Somalia,1996,sp,m,35-44,263,Smear Positive
Somalia,1996,sp,m,45-54,153,Smear Positive
Somalia,1996,sp,m,55-64,82,Smear Positive
Somalia,1996,sp,m,65+,63,Smear Positive
Somalia,1996,sp,f,0-14,49,Smear Positive
Somalia,1996,sp,f,15-24,221,Smear Positive
Somalia,1996,sp,f,25-34,224,Smear Positive
Somalia,1996,sp,f,35-44,108,Smear Positive
Somalia,1996,sp,f,45-54,50,Smear Positive
Somalia,1996,sp,f,55-64,38,Smear Positive
Somalia,1996,sp,f,65+,26,Smear Positive
Somalia,1997,sp,m,0-14,72,Smear Positive
Somalia,1997,sp,m,15-24,565,Smear Positive
Somalia,1997,sp,m,25-34,658,Smear Positive
Somalia,1997,sp,m,35-44,311,Smear Positive
Somalia,1997,sp,m,45-54,187,Smear Positive
Somalia,1997,sp,m,55-64,172,Smear Positive
Somalia,1997,sp,m,65+,112,Smear Positive
Somalia,1997,sp,f,0-14,63,Smear Positive
Somalia,1997,sp,f,15-24,296,Smear Positive
Somalia,1997,sp,f,25-34,313,Smear Positive
Somalia,1997,sp,f,35-44,173,Smear Positive
Somalia,1997,sp,f,45-54,82,Smear Positive
Somalia,1997,sp,f,55-64,56,Smear Positive
Somalia,1997,sp,f,65+,37,Smear Positive
Somalia,1998,sp,m,0-14,99,Smear Positive
Somalia,1998,sp,m,15-24,541,Smear Positive
Somalia,1998,sp,m,25-34,599,Smear Positive
Somalia,1998,sp,m,35-44,337,Smear Positive
Somalia,1998,sp,m,45-54,198,Smear Positive
Somalia,1998,sp,m,55-64,145,Smear Positive
Somalia,1998,sp,m,65+,126,Smear Positive
Somalia,1998,sp,f,0-14,77,Smear Positive
Somalia,1998,sp,f,15-24,270,Smear Positive
Somalia,1998,sp,f,25-34,321,Smear Positive
Somalia,1998,sp,f,35-44,176,Smear Positive
Somalia,1998,sp,f,45-54,78,Smear Positive
Somalia,1998,sp,f,55-64,74,Smear Positive
Somalia,1998,sp,f,65+,80,Smear Positive
Somalia,1999,sp,m,0-14,136,Smear Positive
Somalia,1999,sp,m,15-24,643,Smear Positive
Somalia,1999,sp,m,25-34,678,Smear Positive
Somalia,1999,sp,m,35-44,383,Smear Positive
Somalia,1999,sp,m,45-54,175,Smear Positive
Somalia,1999,sp,m,55-64,175,Smear Positive
Somalia,1999,sp,m,65+,124,Smear Positive
Somalia,1999,sp,f,0-14,131,Smear Positive
Somalia,1999,sp,f,15-24,302,Smear Positive
Somalia,1999,sp,f,25-34,302,Smear Positive
Somalia,1999,sp,f,35-44,190,Smear Positive
Somalia,1999,sp,f,45-54,100,Smear Positive
Somalia,1999,sp,f,55-64,74,Smear Positive
Somalia,1999,sp,f,65+,74,Smear Positive
Somalia,2000,sp,m,0-14,113,Smear Positive
Somalia,2000,sp,m,15-24,740,Smear Positive
Somalia,2000,sp,m,25-34,724,Smear Positive
Somalia,2000,sp,m,35-44,408,Smear Positive
Somalia,2000,sp,m,45-54,254,Smear Positive
Somalia,2000,sp,m,55-64,195,Smear Positive
Somalia,2000,sp,m,65+,142,Smear Positive
Somalia,2000,sp,f,0-14,85,Smear Positive
Somalia,2000,sp,f,15-24,354,Smear Positive
Somalia,2000,sp,f,25-34,319,Smear Positive
Somalia,2000,sp,f,35-44,219,Smear Positive
Somalia,2000,sp,f,45-54,110,Smear Positive
Somalia,2000,sp,f,55-64,72,Smear Positive
Somalia,2000,sp,f,65+,41,Smear Positive
Somalia,2001,sp,m,0-14,125,Smear Positive
Somalia,2001,sp,m,15-24,899,Smear Positive
Somalia,2001,sp,m,25-34,880,Smear Positive
Somalia,2001,sp,m,35-44,476,Smear Positive
Somalia,2001,sp,m,45-54,310,Smear Positive
Somalia,2001,sp,m,55-64,257,Smear Positive
Somalia,2001,sp,m,65+,196,Smear Positive
Somalia,2001,sp,f,0-14,91,Smear Positive
Somalia,2001,sp,f,15-24,439,Smear Positive
Somalia,2001,sp,f,25-34,413,Smear Positive
Somalia,2001,sp,f,35-44,259,Smear Positive
Somalia,2001,sp,f,45-54,129,Smear Positive
Somalia,2001,sp,f,55-64,97,Smear Positive
Somalia,2001,sp,f,65+,69,Smear Positive
Somalia,2002,sp,m,0-14,119,Smear Positive
Somalia,2002,sp,m,15-24,922,Smear Positive
Somalia,2002,sp,m,25-34,821,Smear Positive
Somalia,2002,sp,m,35-44,478,Smear Positive
Somalia,2002,sp,m,45-54,307,Smear Positive
Somalia,2002,sp,m,55-64,219,Smear Positive
Somalia,2002,sp,m,65+,176,Smear Positive
Somalia,2002,sp,f,0-14,112,Smear Positive
Somalia,2002,sp,f,15-24,468,Smear Positive
Somalia,2002,sp,f,25-34,447,Smear Positive
Somalia,2002,sp,f,35-44,302,Smear Positive
Somalia,2002,sp,f,45-54,172,Smear Positive
Somalia,2002,sp,f,55-64,111,Smear Positive
Somalia,2002,sp,f,65+,75,Smear Positive
Somalia,2003,sp,m,0-14,118,Smear Positive
Somalia,2003,sp,m,15-24,1054,Smear Positive
Somalia,2003,sp,m,25-34,850,Smear Positive
Somalia,2003,sp,m,35-44,513,Smear Positive
Somalia,2003,sp,m,45-54,319,Smear Positive
Somalia,2003,sp,m,55-64,250,Smear Positive
Somalia,2003,sp,m,65+,214,Smear Positive
Somalia,2003,sp,f,0-14,106,Smear Positive
Somalia,2003,sp,f,15-24,535,Smear Positive
Somalia,2003,sp,f,25-34,462,Smear Positive
Somalia,2003,sp,f,35-44,333,Smear Positive
Somalia,2003,sp,f,45-54,171,Smear Positive
Somalia,2003,sp,f,55-64,161,Smear Positive
Somalia,2003,sp,f,65+,104,Smear Positive
Somalia,2004,sp,m,0-14,175,Smear Positive
Somalia,2004,sp,m,15-24,1228,Smear Positive
Somalia,2004,sp,m,25-34,1059,Smear Positive
Somalia,2004,sp,m,35-44,610,Smear Positive
Somalia,2004,sp,m,45-54,419,Smear Positive
Somalia,2004,sp,m,55-64,326,Smear Positive
Somalia,2004,sp,m,65+,278,Smear Positive
Somalia,2004,sp,f,0-14,129,Smear Positive
Somalia,2004,sp,f,15-24,676,Smear Positive
Somalia,2004,sp,f,25-34,618,Smear Positive
Somalia,2004,sp,f,35-44,428,Smear Positive
Somalia,2004,sp,f,45-54,266,Smear Positive
Somalia,2004,sp,f,55-64,157,Smear Positive
Somalia,2004,sp,f,65+,110,Smear Positive
Somalia,2005,sp,m,0-14,125,Smear Positive
Somalia,2005,sp,m,15-24,1343,Smear Positive
Somalia,2005,sp,m,25-34,1114,Smear Positive
Somalia,2005,sp,m,35-44,725,Smear Positive
Somalia,2005,sp,m,45-54,458,Smear Positive
Somalia,2005,sp,m,55-64,330,Smear Positive
Somalia,2005,sp,m,65+,319,Smear Positive
Somalia,2005,sp,f,0-14,169,Smear Positive
Somalia,2005,sp,f,15-24,752,Smear Positive
Somalia,2005,sp,f,25-34,636,Smear Positive
Somalia,2005,sp,f,35-44,436,Smear Positive
Somalia,2005,sp,f,45-54,292,Smear Positive
Somalia,2005,sp,f,55-64,212,Smear Positive
Somalia,2005,sp,f,65+,157,Smear Positive
Somalia,2006,sp,m,0-14,166,Smear Positive
Somalia,2006,sp,m,15-24,1377,Smear Positive
Somalia,2006,sp,m,25-34,1121,Smear Positive
Somalia,2006,sp,m,35-44,647,Smear Positive
Somalia,2006,sp,m,45-54,436,Smear Positive
Somalia,2006,sp,m,55-64,309,Smear Positive
Somalia,2006,sp,m,65+,336,Smear Positive
Somalia,2006,sp,f,0-14,170,Smear Positive
Somalia,2006,sp,f,15-24,668,Smear Positive
Somalia,2006,sp,f,25-34,628,Smear Positive
Somalia,2006,sp,f,35-44,432,Smear Positive
Somalia,2006,sp,f,45-54,269,Smear Positive
Somalia,2006,sp,f,55-64,171,Smear Positive
Somalia,2006,sp,f,65+,131,Smear Positive
Somalia,2006,sn,m,0-14,198,Smear Negative
Somalia,2006,sn,m,15-24,394,Smear Negative
Somalia,2006,sn,m,25-34,375,Smear Negative
Somalia,2006,sn,m,35-44,222,Smear Negative
Somalia,2006,sn,m,45-54,210,Smear Negative
Somalia,2006,sn,m,55-64,111,Smear Negative
Somalia,2006,sn,m,65+,77,Smear Negative
Somalia,2006,sn,f,0-14,96,Smear Negative
Somalia,2006,sn,f,15-24,205,Smear Negative
Somalia,2006,sn,f,25-34,204,Smear Negative
Somalia,2006,sn,f,35-44,145,Smear Negative
Somalia,2006,sn,f,45-54,126,Smear Negative
Somalia,2006,sn,f,55-64,87,Smear Negative
Somalia,2006,sn,f,65+,29,Smear Negative
Somalia,2006,ep,m,0-14,187,Extrapulmonary
Somalia,2006,ep,m,15-24,325,Extrapulmonary
Somalia,2006,ep,m,25-34,316,Extrapulmonary
Somalia,2006,ep,m,35-44,187,Extrapulmonary
Somalia,2006,ep,m,45-54,167,Extrapulmonary
Somalia,2006,ep,m,55-64,76,Extrapulmonary
Somalia,2006,ep,m,65+,44,Extrapulmonary
Somalia,2006,ep,f,0-14,83,Extrapulmonary
Somalia,2006,ep,f,15-24,190,Extrapulmonary
Somalia,2006,ep,f,25-34,183,Extrapulmonary
Somalia,2006,ep,f,35-44,120,Extrapulmonary
Somalia,2006,ep,f,45-54,88,Extrapulmonary
Somalia,2006,ep,f,55-64,54,Extrapulmonary
Somalia,2006,ep,f,65+,14,Extrapulmonary
Somalia,2007,sp,m,0-14,125,Smear Positive
Somalia,2007,sp,m,15-24,1239,Smear Positive
Somalia,2007,sp,m,25-34,1008,Smear Positive
Somalia,2007,sp,m,35-44,578,Smear Positive
Somalia,2007,sp,m,45-54,407,Smear Positive
Somalia,2007,sp,m,55-64,296,Smear Positive
Somalia,2007,sp,m,65+,289,Smear Positive
Somalia,2007,sp,f,0-14,135,Smear Positive
Somalia,2007,sp,f,15-24,602,Smear Positive
Somalia,2007,sp,f,25-34,520,Smear Positive
Somalia,2007,sp,f,35-44,378,Smear Positive
Somalia,2007,sp,f,45-54,243,Smear Positive
Somalia,2007,sp,f,55-64,181,Smear Positive
Somalia,2007,sp,f,65+,129,Smear Positive
Somalia,2007,sn,m,0-14,0,Smear Negative
Somalia,2007,sn,m,15-24,0,Smear Negative
Somalia,2007,sn,m,25-34,0,Smear Negative
Somalia,2007,sn,m,35-44,0,Smear Negative
Somalia,2007,sn,m,45-54,0,Smear Negative
Somalia,2007,sn,m,55-64,0,Smear Negative
Somalia,2007,sn,m,65+,0,Smear Negative
Somalia,2007,sn,f,0-14,0,Smear Negative
Somalia,2007,sn,f,15-24,0,Smear Negative
Somalia,2007,sn,f,25-34,0,Smear Negative
Somalia,2007,sn,f,35-44,0,Smear Negative
Somalia,2007,sn,f,45-54,0,Smear Negative
Somalia,2007,sn,f,55-64,0,Smear Negative
Somalia,2007,sn,f,65+,0,Smear Negative
Somalia,2007,ep,m,0-14,0,Extrapulmonary
Somalia,2007,ep,m,15-24,0,Extrapulmonary
Somalia,2007,ep,m,25-34,0,Extrapulmonary
Somalia,2007,ep,m,35-44,0,Extrapulmonary
Somalia,2007,ep,m,45-54,0,Extrapulmonary
Somalia,2007,ep,m,55-64,0,Extrapulmonary
Somalia,2007,ep,m,65+,0,Extrapulmonary
Somalia,2007,ep,f,0-14,0,Extrapulmonary
Somalia,2007,ep,f,15-24,0,Extrapulmonary
Somalia,2007,ep,f,25-34,0,Extrapulmonary
Somalia,2007,ep,f,35-44,0,Extrapulmonary
Somalia,2007,ep,f,45-54,0,Extrapulmonary
Somalia,2007,ep,f,55-64,0,Extrapulmonary
Somalia,2007,ep,f,65+,0,Extrapulmonary
Somalia,2008,sp,m,0-14,116,Smear Positive
Somalia,2008,sp,m,15-24,1273,Smear Positive
Somalia,2008,sp,m,25-34,1067,Smear Positive
Somalia,2008,sp,m,35-44,635,Smear Positive
Somalia,2008,sp,m,45-54,422,Smear Positive
Somalia,2008,sp,m,55-64,314,Smear Positive
Somalia,2008,sp,m,65+,298,Smear Positive
Somalia,2008,sp,f,0-14,138,Smear Positive
Somalia,2008,sp,f,15-24,604,Smear Positive
Somalia,2008,sp,f,25-34,587,Smear Positive
Somalia,2008,sp,f,35-44,439,Smear Positive
Somalia,2008,sp,f,45-54,285,Smear Positive
Somalia,2008,sp,f,55-64,191,Smear Positive
Somalia,2008,sp,f,65+,151,Smear Positive
Somalia,2008,sn,m,0-14,0,Smear Negative
Somalia,2008,sn,m,15-24,0,Smear Negative
Somalia,2008,sn,m,25-34,0,Smear Negative
Somalia,2008,sn,m,35-44,0,Smear Negative
Somalia,2008,sn,m,45-54,0,Smear Negative
Somalia,2008,sn,m,55-64,0,Smear Negative
Somalia,2008,sn,m,65+,0,Smear Negative
Somalia,2008,sn,f,0-14,0,Smear Negative
Somalia,2008,sn,f,15-24,0,Smear Negative
Somalia,2008,sn,f,25-34,0,Smear Negative
Somalia,2008,sn,f,35-44,0,Smear Negative
Somalia,2008,sn,f,45-54,0,Smear Negative
Somalia,2008,sn,f,55-64,0,Smear Negative
Somalia,2008,sn,f,65+,0,Smear Negative
Somalia,2008,ep,m,0-14,0,Extrapulmonary
Somalia,2008,ep,m,15-24,0,Extrapulmonary
Somalia,2008,ep,m,25-34,0,Extrapulmonary
Somalia,2008,ep,m,35-44,0,Extrapulmonary
Somalia,2008,ep,m,45-54,0,Extrapulmonary
Somalia,2008,ep,m,55-64,0,Extrapulmonary
Somalia,2008,ep,m,65+,0,Extrapulmonary
Somalia,2008,ep,f,0-14,0,Extrapulmonary
Somalia,2008,ep,f,15-24,0,Extrapulmonary
Somalia,2008,ep,f,25-34,0,Extrapulmonary
Somalia,2008,ep,f,35-44,0,Extrapulmonary
Somalia,2008,ep,f,45-54,0,Extrapulmonary
Somalia,2008,ep,f,55-64,0,Extrapulmonary
Somalia,2008,ep,f,65+,0,Extrapulmonary
Somalia,2009,sp,m,0-14,175,Smear Positive
Somalia,2009,sp,m,15-24,1118,Smear Positive
Somalia,2009,sp,m,25-34,974,Smear Positive
Somalia,2009,sp,m,35-44,585,Smear Positive
Somalia,2009,sp,m,45-54,410,Smear Positive
Somalia,2009,sp,m,55-64,314,Smear Positive
Somalia,2009,sp,m,65+,305,Smear Positive
Somalia,2009,sp,f,0-14,129,Smear Positive
Somalia,2009,sp,f,15-24,560,Smear Positive
Somalia,2009,sp,f,25-34,524,Smear Positive
Somalia,2009,sp,f,35-44,396,Smear Positive
Somalia,2009,sp,f,45-54,231,Smear Positive
Somalia,2009,sp,f,55-64,185,Smear Positive
Somalia,2009,sp,f,65+,141,Smear Positive
Somalia,2010,sp,m,0-14,109,Smear Positive
Somalia,2010,sp,m,15-24,1036,Smear Positive
Somalia,2010,sp,m,25-34,886,Smear Positive
Somalia,2010,sp,m,35-44,496,Smear Positive
Somalia,2010,sp,m,45-54,355,Smear Positive
Somalia,2010,sp,m,55-64,266,Smear Positive
Somalia,2010,sp,m,65+,277,Smear Positive
Somalia,2010,sp,f,0-14,91,Smear Positive
Somalia,2010,sp,f,15-24,467,Smear Positive
Somalia,2010,sp,f,25-34,444,Smear Positive
Somalia,2010,sp,f,35-44,341,Smear Positive
Somalia,2010,sp,f,45-54,188,Smear Positive
Somalia,2010,sp,f,55-64,137,Smear Positive
Somalia,2010,sp,f,65+,132,Smear Positive
Somalia,2011,sp,m,0-14,113,Smear Positive
Somalia,2011,sp,m,15-24,1147,Smear Positive
Somalia,2011,sp,m,25-34,1047,Smear Positive
Somalia,2011,sp,m,35-44,587,Smear Positive
Somalia,2011,sp,m,45-54,398,Smear Positive
Somalia,2011,sp,m,55-64,330,Smear Positive
Somalia,2011,sp,m,65+,277,Smear Positive
Somalia,2011,sp,f,0-14,114,Smear Positive
Somalia,2011,sp,f,15-24,495,Smear Positive
Somalia,2011,sp,f,25-34,465,Smear Positive
Somalia,2011,sp,f,35-44,348,Smear Positive
Somalia,2011,sp,f,45-54,260,Smear Positive
Somalia,2011,sp,f,55-64,168,Smear Positive
Somalia,2011,sp,f,65+,135,Smear Positive
Somalia,2011,sn,m,0-14,842,Smear Negative
Somalia,2011,sn,f,0-14,640,Smear Negative
Somalia,2011,ep,m,0-14,300,Extrapulmonary
Somalia,2011,ep,f,0-14,240,Extrapulmonary
Somalia,2012,sp,m,0-14,129,Smear Positive
Somalia,2012,sp,m,15-24,1147,Smear Positive
Somalia,2012,sp,m,25-34,1014,Smear Positive
Somalia,2012,sp,m,35-44,560,Smear Positive
Somalia,2012,sp,m,45-54,449,Smear Positive
Somalia,2012,sp,m,55-64,296,Smear Positive
Somalia,2012,sp,m,65+,307,Smear Positive
Somalia,2012,sp,f,0-14,121,Smear Positive
Somalia,2012,sp,f,15-24,553,Smear Positive
Somalia,2012,sp,f,25-34,554,Smear Positive
Somalia,2012,sp,f,35-44,396,Smear Positive
Somalia,2012,sp,f,45-54,267,Smear Positive
Somalia,2012,sp,f,55-64,165,Smear Positive
Somalia,2012,sp,f,65+,169,Smear Positive
Somalia,2012,sn,m,0-14,918,Smear Negative
Somalia,2012,sn,f,0-14,712,Smear Negative
Somalia,2012,ep,m,0-14,269,Extrapulmonary
Somalia,2012,ep,f,0-14,215,Extrapulmonary
Somalia,2013,rel,m,0-14,150,Relapse
Somalia,2013,rel,m,15-24,1138,Relapse
Somalia,2013,rel,m,25-34,1124,Relapse
Somalia,2013,rel,m,35-44,578,Relapse
Somalia,2013,rel,m,45-54,450,Relapse
Somalia,2013,rel,m,55-64,309,Relapse
Somalia,2013,rel,m,65+,337,Relapse
Somalia,2013,rel,f,0-14,122,Relapse
Somalia,2013,rel,f,15-24,621,Relapse
Somalia,2013,rel,f,25-34,588,Relapse
Somalia,2013,rel,f,35-44,430,Relapse
Somalia,2013,rel,f,45-54,303,Relapse
Somalia,2013,rel,f,55-64,199,Relapse
Somalia,2013,rel,f,65+,189,Relapse
South Africa,1999,sp,m,0-14,52,Smear Positive
South Africa,1999,sp,m,15-24,624,Smear Positive
South Africa,1999,sp,m,25-34,1697,Smear Positive
South Africa,1999,sp,m,35-44,1834,Smear Positive
South Africa,1999,sp,m,45-54,966,Smear Positive
South Africa,1999,sp,m,55-64,434,Smear Positive
South Africa,1999,sp,m,65+,221,Smear Positive
South Africa,1999,sp,f,0-14,75,Smear Positive
South Africa,1999,sp,f,15-24,972,Smear Positive
South Africa,1999,sp,f,25-34,1384,Smear Positive
South Africa,1999,sp,f,35-44,779,Smear Positive
South Africa,1999,sp,f,45-54,314,Smear Positive
South Africa,1999,sp,f,55-64,159,Smear Positive
South Africa,1999,sp,f,65+,110,Smear Positive
South Africa,2000,sp,m,0-14,116,Smear Positive
South Africa,2000,sp,m,15-24,723,Smear Positive
South Africa,2000,sp,m,25-34,1999,Smear Positive
South Africa,2000,sp,m,35-44,2135,Smear Positive
South Africa,2000,sp,m,45-54,1146,Smear Positive
South Africa,2000,sp,m,55-64,435,Smear Positive
South Africa,2000,sp,m,65+,212,Smear Positive
South Africa,2000,sp,f,0-14,122,Smear Positive
South Africa,2000,sp,f,15-24,1283,Smear Positive
South Africa,2000,sp,f,25-34,1716,Smear Positive
South Africa,2000,sp,f,35-44,933,Smear Positive
South Africa,2000,sp,f,45-54,423,Smear Positive
South Africa,2000,sp,f,55-64,167,Smear Positive
South Africa,2000,sp,f,65+,80,Smear Positive
South Africa,2001,sp,m,0-14,163,Smear Positive
South Africa,2001,sp,m,15-24,1490,Smear Positive
South Africa,2001,sp,m,25-34,3844,Smear Positive
South Africa,2001,sp,m,35-44,3540,Smear Positive
South Africa,2001,sp,m,45-54,1838,Smear Positive
South Africa,2001,sp,m,55-64,690,Smear Positive
South Africa,2001,sp,m,65+,255,Smear Positive
South Africa,2001,sp,f,0-14,275,Smear Positive
South Africa,2001,sp,f,15-24,2237,Smear Positive
South Africa,2001,sp,f,25-34,3220,Smear Positive
South Africa,2001,sp,f,35-44,1748,Smear Positive
South Africa,2001,sp,f,45-54,781,Smear Positive
South Africa,2001,sp,f,55-64,295,Smear Positive
South Africa,2001,sp,f,65+,168,Smear Positive
South Africa,2002,sp,m,0-14,3081,Smear Positive
South Africa,2002,sp,m,15-24,5147,Smear Positive
South Africa,2002,sp,m,25-34,13681,Smear Positive
South Africa,2002,sp,m,35-44,13215,Smear Positive
South Africa,2002,sp,m,45-54,7038,Smear Positive
South Africa,2002,sp,m,55-64,2342,Smear Positive
South Africa,2002,sp,m,65+,942,Smear Positive
South Africa,2002,sp,f,0-14,3261,Smear Positive
South Africa,2002,sp,f,15-24,7081,Smear Positive
South Africa,2002,sp,f,25-34,11312,Smear Positive
South Africa,2002,sp,f,35-44,6080,Smear Positive
South Africa,2002,sp,f,45-54,2611,Smear Positive
South Africa,2002,sp,f,55-64,1076,Smear Positive
South Africa,2002,sp,f,65+,600,Smear Positive
South Africa,2003,sp,m,0-14,1769,Smear Positive
South Africa,2003,sp,m,15-24,10107,Smear Positive
South Africa,2003,sp,m,25-34,20392,Smear Positive
South Africa,2003,sp,m,35-44,17862,Smear Positive
South Africa,2003,sp,m,45-54,9540,Smear Positive
South Africa,2003,sp,m,55-64,3604,Smear Positive
South Africa,2003,sp,m,65+,1495,Smear Positive
South Africa,2003,sp,f,0-14,2341,Smear Positive
South Africa,2003,sp,f,15-24,12600,Smear Positive
South Africa,2003,sp,f,25-34,16867,Smear Positive
South Africa,2003,sp,f,35-44,9207,Smear Positive
South Africa,2003,sp,f,45-54,4080,Smear Positive
South Africa,2003,sp,f,55-64,1972,Smear Positive
South Africa,2003,sp,f,65+,1172,Smear Positive
South Africa,2004,sp,m,0-14,2269,Smear Positive
South Africa,2004,sp,m,15-24,11030,Smear Positive
South Africa,2004,sp,m,25-34,22120,Smear Positive
South Africa,2004,sp,m,35-44,19675,Smear Positive
South Africa,2004,sp,m,45-54,10653,Smear Positive
South Africa,2004,sp,m,55-64,3908,Smear Positive
South Africa,2004,sp,m,65+,1580,Smear Positive
South Africa,2004,sp,f,0-14,2810,Smear Positive
South Africa,2004,sp,f,15-24,14166,Smear Positive
South Africa,2004,sp,f,25-34,18975,Smear Positive
South Africa,2004,sp,f,35-44,10839,Smear Positive
South Africa,2004,sp,f,45-54,4887,Smear Positive
South Africa,2004,sp,f,55-64,2182,Smear Positive
South Africa,2004,sp,f,65+,1174,Smear Positive
South Africa,2005,sp,m,0-14,2035,Smear Positive
South Africa,2005,sp,m,15-24,10422,Smear Positive
South Africa,2005,sp,m,25-34,20576,Smear Positive
South Africa,2005,sp,m,35-44,19465,Smear Positive
South Africa,2005,sp,m,45-54,11143,Smear Positive
South Africa,2005,sp,m,55-64,4124,Smear Positive
South Africa,2005,sp,m,65+,1705,Smear Positive
South Africa,2005,sp,f,0-14,2561,Smear Positive
South Africa,2005,sp,f,15-24,13632,Smear Positive
South Africa,2005,sp,f,25-34,19343,Smear Positive
South Africa,2005,sp,f,35-44,11338,Smear Positive
South Africa,2005,sp,f,45-54,5416,Smear Positive
South Africa,2005,sp,f,55-64,2352,Smear Positive
South Africa,2005,sp,f,65+,1348,Smear Positive
South Africa,2006,sp,m,0-14,2062,Smear Positive
South Africa,2006,sp,m,15-24,10498,Smear Positive
South Africa,2006,sp,m,25-34,21273,Smear Positive
South Africa,2006,sp,m,35-44,19743,Smear Positive
South Africa,2006,sp,m,45-54,11752,Smear Positive
South Africa,2006,sp,m,55-64,4392,Smear Positive
South Africa,2006,sp,m,65+,1862,Smear Positive
South Africa,2006,sp,f,0-14,2579,Smear Positive
South Africa,2006,sp,f,15-24,14073,Smear Positive
South Africa,2006,sp,f,25-34,20387,Smear Positive
South Africa,2006,sp,f,35-44,12656,Smear Positive
South Africa,2006,sp,f,45-54,5767,Smear Positive
South Africa,2006,sp,f,55-64,2550,Smear Positive
South Africa,2006,sp,f,65+,1505,Smear Positive
South Africa,2006,sn,m,0-14,17471,Smear Negative
South Africa,2006,sn,m,15-24,3225,Smear Negative
South Africa,2006,sn,m,25-34,9340,Smear Negative
South Africa,2006,sn,m,35-44,8706,Smear Negative
South Africa,2006,sn,m,45-54,5329,Smear Negative
South Africa,2006,sn,m,55-64,2361,Smear Negative
South Africa,2006,sn,m,65+,1313,Smear Negative
South Africa,2006,sn,f,0-14,16172,Smear Negative
South Africa,2006,sn,f,15-24,5632,Smear Negative
South Africa,2006,sn,f,25-34,11104,Smear Negative
South Africa,2006,sn,f,35-44,6888,Smear Negative
South Africa,2006,sn,f,45-54,3153,Smear Negative
South Africa,2006,sn,f,55-64,1497,Smear Negative
South Africa,2006,sn,f,65+,1023,Smear Negative
South Africa,2006,ep,m,0-14,2673,Extrapulmonary
South Africa,2006,ep,m,15-24,2207,Extrapulmonary
South Africa,2006,ep,m,25-34,6848,Extrapulmonary
South Africa,2006,ep,m,35-44,6476,Extrapulmonary
South Africa,2006,ep,m,45-54,3372,Extrapulmonary
South Africa,2006,ep,m,55-64,1391,Extrapulmonary
South Africa,2006,ep,m,65+,730,Extrapulmonary
South Africa,2006,ep,f,0-14,2457,Extrapulmonary
South Africa,2006,ep,f,15-24,3966,Extrapulmonary
South Africa,2006,ep,f,25-34,8576,Extrapulmonary
South Africa,2006,ep,f,35-44,5384,Extrapulmonary
South Africa,2006,ep,f,45-54,2297,Extrapulmonary
South Africa,2006,ep,f,55-64,901,Extrapulmonary
South Africa,2006,ep,f,65+,571,Extrapulmonary
South Africa,2007,sp,m,0-14,1909,Smear Positive
South Africa,2007,sp,m,15-24,10514,Smear Positive
South Africa,2007,sp,m,25-34,21948,Smear Positive
South Africa,2007,sp,m,35-44,20076,Smear Positive
South Africa,2007,sp,m,45-54,12164,Smear Positive
South Africa,2007,sp,m,55-64,4792,Smear Positive
South Africa,2007,sp,m,65+,2021,Smear Positive
South Africa,2007,sp,f,0-14,2511,Smear Positive
South Africa,2007,sp,f,15-24,14410,Smear Positive
South Africa,2007,sp,f,25-34,21049,Smear Positive
South Africa,2007,sp,f,35-44,13190,Smear Positive
South Africa,2007,sp,f,45-54,6245,Smear Positive
South Africa,2007,sp,f,55-64,2964,Smear Positive
South Africa,2007,sp,f,65+,1811,Smear Positive
South Africa,2007,sn,m,0-14,12766,Smear Negative
South Africa,2007,sn,m,15-24,7211,Smear Negative
South Africa,2007,sn,m,25-34,10979,Smear Negative
South Africa,2007,sn,m,35-44,8905,Smear Negative
South Africa,2007,sn,m,45-54,5788,Smear Negative
South Africa,2007,sn,m,55-64,4096,Smear Negative
South Africa,2007,sn,m,65+,3014,Smear Negative
South Africa,2007,sn,f,0-14,12568,Smear Negative
South Africa,2007,sn,f,15-24,9170,Smear Negative
South Africa,2007,sn,f,25-34,11383,Smear Negative
South Africa,2007,sn,f,35-44,8114,Smear Negative
South Africa,2007,sn,f,45-54,5787,Smear Negative
South Africa,2007,sn,f,55-64,3217,Smear Negative
South Africa,2007,sn,f,65+,2633,Smear Negative
South Africa,2007,ep,m,0-14,4026,Extrapulmonary
South Africa,2007,ep,m,15-24,4539,Extrapulmonary
South Africa,2007,ep,m,25-34,6925,Extrapulmonary
South Africa,2007,ep,m,35-44,3752,Extrapulmonary
South Africa,2007,ep,m,45-54,2198,Extrapulmonary
South Africa,2007,ep,m,55-64,1578,Extrapulmonary
South Africa,2007,ep,m,65+,828,Extrapulmonary
South Africa,2007,ep,f,0-14,3750,Extrapulmonary
South Africa,2007,ep,f,15-24,3290,Extrapulmonary
South Africa,2007,ep,f,25-34,5267,Extrapulmonary
South Africa,2007,ep,f,35-44,4439,Extrapulmonary
South Africa,2007,ep,f,45-54,2553,Extrapulmonary
South Africa,2007,ep,f,55-64,1726,Extrapulmonary
South Africa,2007,ep,f,65+,867,Extrapulmonary
South Africa,2008,sp,m,0-14,1863,Smear Positive
South Africa,2008,sp,m,15-24,10172,Smear Positive
South Africa,2008,sp,m,25-34,21706,Smear Positive
South Africa,2008,sp,m,35-44,20699,Smear Positive
South Africa,2008,sp,m,45-54,12724,Smear Positive
South Africa,2008,sp,m,55-64,5169,Smear Positive
South Africa,2008,sp,m,65+,2246,Smear Positive
South Africa,2008,sp,f,0-14,2360,Smear Positive
South Africa,2008,sp,f,15-24,14010,Smear Positive
South Africa,2008,sp,f,25-34,21579,Smear Positive
South Africa,2008,sp,f,35-44,13778,Smear Positive
South Africa,2008,sp,f,45-54,7146,Smear Positive
South Africa,2008,sp,f,55-64,3234,Smear Positive
South Africa,2008,sp,f,65+,2117,Smear Positive
South Africa,2008,sn,m,0-14,14640,Smear Negative
South Africa,2008,sn,m,15-24,9870,Smear Negative
South Africa,2008,sn,m,25-34,14816,Smear Negative
South Africa,2008,sn,m,35-44,10644,Smear Negative
South Africa,2008,sn,m,45-54,6879,Smear Negative
South Africa,2008,sn,m,55-64,5636,Smear Negative
South Africa,2008,sn,m,65+,3345,Smear Negative
South Africa,2008,sn,f,0-14,14856,Smear Negative
South Africa,2008,sn,f,15-24,10888,Smear Negative
South Africa,2008,sn,f,25-34,15868,Smear Negative
South Africa,2008,sn,f,35-44,9880,Smear Negative
South Africa,2008,sn,f,45-54,7988,Smear Negative
South Africa,2008,sn,f,55-64,4719,Smear Negative
South Africa,2008,sn,f,65+,2943,Smear Negative
South Africa,2008,ep,m,0-14,4265,Extrapulmonary
South Africa,2008,ep,m,15-24,4694,Extrapulmonary
South Africa,2008,ep,m,25-34,7148,Extrapulmonary
South Africa,2008,ep,m,35-44,3998,Extrapulmonary
South Africa,2008,ep,m,45-54,2345,Extrapulmonary
South Africa,2008,ep,m,55-64,1686,Extrapulmonary
South Africa,2008,ep,m,65+,942,Extrapulmonary
South Africa,2008,ep,f,0-14,3964,Extrapulmonary
South Africa,2008,ep,f,15-24,3389,Extrapulmonary
South Africa,2008,ep,f,25-34,5575,Extrapulmonary
South Africa,2008,ep,f,35-44,4670,Extrapulmonary
South Africa,2008,ep,f,45-54,2694,Extrapulmonary
South Africa,2008,ep,f,55-64,1894,Extrapulmonary
South Africa,2008,ep,f,65+,987,Extrapulmonary
South Africa,2009,sp,m,0-14,1685,Smear Positive
South Africa,2009,sp,m,15-24,8609,Smear Positive
South Africa,2009,sp,m,25-34,22620,Smear Positive
South Africa,2009,sp,m,35-44,21164,Smear Positive
South Africa,2009,sp,m,45-54,12949,Smear Positive
South Africa,2009,sp,m,55-64,5256,Smear Positive
South Africa,2009,sp,m,65+,2207,Smear Positive
South Africa,2009,sp,f,0-14,2358,Smear Positive
South Africa,2009,sp,f,15-24,14361,Smear Positive
South Africa,2009,sp,f,25-34,21944,Smear Positive
South Africa,2009,sp,f,35-44,13777,Smear Positive
South Africa,2009,sp,f,45-54,7114,Smear Positive
South Africa,2009,sp,f,55-64,3320,Smear Positive
South Africa,2009,sp,f,65+,2106,Smear Positive
South Africa,2009,sn,m,0-14,15312,Smear Negative
South Africa,2009,sn,m,15-24,10950,Smear Negative
South Africa,2009,sn,m,25-34,15950,Smear Negative
South Africa,2009,sn,m,35-44,11747,Smear Negative
South Africa,2009,sn,m,45-54,7448,Smear Negative
South Africa,2009,sn,m,55-64,6790,Smear Negative
South Africa,2009,sn,m,65+,4437,Smear Negative
South Africa,2009,sn,f,0-14,15641,Smear Negative
South Africa,2009,sn,f,15-24,12877,Smear Negative
South Africa,2009,sn,f,25-34,16885,Smear Negative
South Africa,2009,sn,f,35-44,10925,Smear Negative
South Africa,2009,sn,f,45-54,8744,Smear Negative
South Africa,2009,sn,f,55-64,5633,Smear Negative
South Africa,2009,sn,f,65+,3848,Smear Negative
South Africa,2009,ep,m,0-14,7869,Extrapulmonary
South Africa,2009,ep,m,15-24,8558,Extrapulmonary
South Africa,2009,ep,m,25-34,11843,Extrapulmonary
South Africa,2009,ep,m,35-44,9382,Extrapulmonary
South Africa,2009,ep,m,45-54,5875,Extrapulmonary
South Africa,2009,ep,m,55-64,3957,Extrapulmonary
South Africa,2009,ep,m,65+,2120,Extrapulmonary
South Africa,2009,ep,f,0-14,6960,Extrapulmonary
South Africa,2009,ep,f,15-24,7866,Extrapulmonary
South Africa,2009,ep,f,25-34,9999,Extrapulmonary
South Africa,2009,ep,f,35-44,8697,Extrapulmonary
South Africa,2009,ep,f,45-54,6759,Extrapulmonary
South Africa,2009,ep,f,55-64,4684,Extrapulmonary
South Africa,2009,ep,f,65+,2548,Extrapulmonary
South Africa,2010,sp,m,0-14,1496,Smear Positive
South Africa,2010,sp,m,15-24,9925,Smear Positive
South Africa,2010,sp,m,25-34,20855,Smear Positive
South Africa,2010,sp,m,35-44,19842,Smear Positive
South Africa,2010,sp,m,45-54,12386,Smear Positive
South Africa,2010,sp,m,55-64,5155,Smear Positive
South Africa,2010,sp,m,65+,2211,Smear Positive
South Africa,2010,sp,f,0-14,1933,Smear Positive
South Africa,2010,sp,f,15-24,13023,Smear Positive
South Africa,2010,sp,f,25-34,20205,Smear Positive
South Africa,2010,sp,f,35-44,12910,Smear Positive
South Africa,2010,sp,f,45-54,6873,Smear Positive
South Africa,2010,sp,f,55-64,3165,Smear Positive
South Africa,2010,sp,f,65+,2128,Smear Positive
South Africa,2010,sn,m,0-14,22355,Smear Negative
South Africa,2010,sn,m,15-24,5489,Smear Negative
South Africa,2010,sn,m,25-34,17584,Smear Negative
South Africa,2010,sn,m,35-44,18741,Smear Negative
South Africa,2010,sn,m,45-54,11895,Smear Negative
South Africa,2010,sn,m,55-64,5981,Smear Negative
South Africa,2010,sn,m,65+,3175,Smear Negative
South Africa,2010,sn,f,0-14,21406,Smear Negative
South Africa,2010,sn,f,15-24,10406,Smear Negative
South Africa,2010,sn,f,25-34,22281,Smear Negative
South Africa,2010,sn,f,35-44,15293,Smear Negative
South Africa,2010,sn,f,45-54,8186,Smear Negative
South Africa,2010,sn,f,55-64,3695,Smear Negative
South Africa,2010,sn,f,65+,2633,Smear Negative
South Africa,2010,ep,m,0-14,1810,Extrapulmonary
South Africa,2010,ep,m,15-24,2485,Extrapulmonary
South Africa,2010,ep,m,25-34,8500,Extrapulmonary
South Africa,2010,ep,m,35-44,8270,Extrapulmonary
South Africa,2010,ep,m,45-54,4444,Extrapulmonary
South Africa,2010,ep,m,55-64,1948,Extrapulmonary
South Africa,2010,ep,m,65+,1154,Extrapulmonary
South Africa,2010,ep,f,0-14,1474,Extrapulmonary
South Africa,2010,ep,f,15-24,4716,Extrapulmonary
South Africa,2010,ep,f,25-34,10759,Extrapulmonary
South Africa,2010,ep,f,35-44,12277,Extrapulmonary
South Africa,2010,ep,f,45-54,3423,Extrapulmonary
South Africa,2010,ep,f,55-64,1498,Extrapulmonary
South Africa,2010,ep,f,65+,1007,Extrapulmonary
South Africa,2011,sp,m,0-14,1472,Smear Positive
South Africa,2011,sp,m,15-24,9772,Smear Positive
South Africa,2011,sp,m,25-34,20487,Smear Positive
South Africa,2011,sp,m,35-44,19360,Smear Positive
South Africa,2011,sp,m,45-54,12111,Smear Positive
South Africa,2011,sp,m,55-64,5220,Smear Positive
South Africa,2011,sp,m,65+,2164,Smear Positive
South Africa,2011,sp,f,0-14,1932,Smear Positive
South Africa,2011,sp,f,15-24,12751,Smear Positive
South Africa,2011,sp,f,25-34,19250,Smear Positive
South Africa,2011,sp,f,35-44,12807,Smear Positive
South Africa,2011,sp,f,45-54,6955,Smear Positive
South Africa,2011,sp,f,55-64,3266,Smear Positive
South Africa,2011,sp,f,65+,2223,Smear Positive
South Africa,2011,sn,m,0-14,16381,Smear Negative
South Africa,2011,sn,m,15-24,3682,Smear Negative
South Africa,2011,sn,m,25-34,12442,Smear Negative
South Africa,2011,sn,m,35-44,13486,Smear Negative
South Africa,2011,sn,m,45-54,8520,Smear Negative
South Africa,2011,sn,m,55-64,4565,Smear Negative
South Africa,2011,sn,m,65+,2412,Smear Negative
South Africa,2011,sn,f,0-14,15699,Smear Negative
South Africa,2011,sn,f,15-24,6853,Smear Negative
South Africa,2011,sn,f,25-34,15343,Smear Negative
South Africa,2011,sn,f,35-44,10678,Smear Negative
South Africa,2011,sn,f,45-54,5872,Smear Negative
South Africa,2011,sn,f,55-64,2909,Smear Negative
South Africa,2011,sn,f,65+,1971,Smear Negative
South Africa,2011,ep,m,0-14,1272,Extrapulmonary
South Africa,2011,ep,m,15-24,1730,Extrapulmonary
South Africa,2011,ep,m,25-34,5673,Extrapulmonary
South Africa,2011,ep,m,35-44,5501,Extrapulmonary
South Africa,2011,ep,m,45-54,3038,Extrapulmonary
South Africa,2011,ep,m,55-64,1414,Extrapulmonary
South Africa,2011,ep,m,65+,709,Extrapulmonary
South Africa,2011,ep,f,0-14,1127,Extrapulmonary
South Africa,2011,ep,f,15-24,2871,Extrapulmonary
South Africa,2011,ep,f,25-34,6670,Extrapulmonary
South Africa,2011,ep,f,35-44,4651,Extrapulmonary
South Africa,2011,ep,f,45-54,2244,Extrapulmonary
South Africa,2011,ep,f,55-64,992,Extrapulmonary
South Africa,2011,ep,f,65+,636,Extrapulmonary
South Africa,2012,sp,m,0-14,1132,Smear Positive
South Africa,2012,sp,m,15-24,9074,Smear Positive
South Africa,2012,sp,m,25-34,19894,Smear Positive
South Africa,2012,sp,m,35-44,18510,Smear Positive
South Africa,2012,sp,m,45-54,11331,Smear Positive
South Africa,2012,sp,m,55-64,5054,Smear Positive
South Africa,2012,sp,m,65+,2085,Smear Positive
South Africa,2012,sp,f,0-14,1545,Smear Positive
South Africa,2012,sp,f,15-24,11547,Smear Positive
South Africa,2012,sp,f,25-34,17452,Smear Positive
South Africa,2012,sp,f,35-44,11430,Smear Positive
South Africa,2012,sp,f,45-54,5939,Smear Positive
South Africa,2012,sp,f,55-64,2846,Smear Positive
South Africa,2012,sp,f,65+,2059,Smear Positive
South Africa,2012,sn,m,0-14,17218,Smear Negative
South Africa,2012,sn,m,15-24,4510,Smear Negative
South Africa,2012,sn,m,25-34,14507,Smear Negative
South Africa,2012,sn,m,35-44,15734,Smear Negative
South Africa,2012,sn,m,45-54,10171,Smear Negative
South Africa,2012,sn,m,55-64,5340,Smear Negative
South Africa,2012,sn,m,65+,2885,Smear Negative
South Africa,2012,sn,f,0-14,16383,Smear Negative
South Africa,2012,sn,f,15-24,7489,Smear Negative
South Africa,2012,sn,f,25-34,16536,Smear Negative
South Africa,2012,sn,f,35-44,11769,Smear Negative
South Africa,2012,sn,f,45-54,6378,Smear Negative
South Africa,2012,sn,f,55-64,3214,Smear Negative
South Africa,2012,sn,f,65+,2497,Smear Negative
South Africa,2012,ep,m,0-14,1246,Extrapulmonary
South Africa,2012,ep,m,15-24,1854,Extrapulmonary
South Africa,2012,ep,m,25-34,6304,Extrapulmonary
South Africa,2012,ep,m,35-44,6323,Extrapulmonary
South Africa,2012,ep,m,45-54,3495,Extrapulmonary
South Africa,2012,ep,m,55-64,1591,Extrapulmonary
South Africa,2012,ep,m,65+,859,Extrapulmonary
South Africa,2012,ep,f,0-14,1081,Extrapulmonary
South Africa,2012,ep,f,15-24,3072,Extrapulmonary
South Africa,2012,ep,f,25-34,7290,Extrapulmonary
South Africa,2012,ep,f,35-44,4952,Extrapulmonary
South Africa,2012,ep,f,45-54,2491,Extrapulmonary
South Africa,2012,ep,f,55-64,1118,Extrapulmonary
South Africa,2012,ep,f,65+,791,Extrapulmonary
South Africa,2013,rel,m,0-14,18617,Relapse
South Africa,2013,rel,m,15-24,16120,Relapse
South Africa,2013,rel,m,25-34,43685,Relapse
South Africa,2013,rel,m,35-44,45922,Relapse
South Africa,2013,rel,m,45-54,28497,Relapse
South Africa,2013,rel,m,55-64,13923,Relapse
South Africa,2013,rel,m,65+,6639,Relapse
South Africa,2013,rel,f,0-14,18054,Relapse
South Africa,2013,rel,f,15-24,21166,Relapse
South Africa,2013,rel,f,25-34,41071,Relapse
South Africa,2013,rel,f,35-44,29297,Relapse
South Africa,2013,rel,f,45-54,15910,Relapse
South Africa,2013,rel,f,55-64,7807,Relapse
South Africa,2013,rel,f,65+,5672,Relapse
South Sudan,2011,sp,m,0-14,39,Smear Positive
South Sudan,2011,sp,m,15-24,251,Smear Positive
South Sudan,2011,sp,m,25-34,599,Smear Positive
South Sudan,2011,sp,m,35-44,402,Smear Positive
South Sudan,2011,sp,m,45-54,259,Smear Positive
South Sudan,2011,sp,m,55-64,135,Smear Positive
South Sudan,2011,sp,m,65+,57,Smear Positive
South Sudan,2011,sp,f,0-14,60,Smear Positive
South Sudan,2011,sp,f,15-24,181,Smear Positive
South Sudan,2011,sp,f,25-34,318,Smear Positive
South Sudan,2011,sp,f,35-44,239,Smear Positive
South Sudan,2011,sp,f,45-54,172,Smear Positive
South Sudan,2011,sp,f,55-64,59,Smear Positive
South Sudan,2011,sp,f,65+,26,Smear Positive
South Sudan,2012,sp,m,0-14,42,Smear Positive
South Sudan,2012,sp,m,15-24,356,Smear Positive
South Sudan,2012,sp,m,25-34,753,Smear Positive
South Sudan,2012,sp,m,35-44,462,Smear Positive
South Sudan,2012,sp,m,45-54,267,Smear Positive
South Sudan,2012,sp,m,55-64,135,Smear Positive
South Sudan,2012,sp,m,65+,87,Smear Positive
South Sudan,2012,sp,f,0-14,58,Smear Positive
South Sudan,2012,sp,f,15-24,212,Smear Positive
South Sudan,2012,sp,f,25-34,302,Smear Positive
South Sudan,2012,sp,f,35-44,221,Smear Positive
South Sudan,2012,sp,f,45-54,139,Smear Positive
South Sudan,2012,sp,f,55-64,62,Smear Positive
South Sudan,2012,sp,f,65+,24,Smear Positive
South Sudan,2013,rel,m,0-14,43,Relapse
South Sudan,2013,rel,m,15-24,371,Relapse
South Sudan,2013,rel,m,25-34,721,Relapse
South Sudan,2013,rel,m,35-44,447,Relapse
South Sudan,2013,rel,m,45-54,247,Relapse
South Sudan,2013,rel,m,55-64,118,Relapse
South Sudan,2013,rel,m,65+,87,Relapse
South Sudan,2013,rel,f,0-14,68,Relapse
South Sudan,2013,rel,f,15-24,185,Relapse
South Sudan,2013,rel,f,25-34,302,Relapse
South Sudan,2013,rel,f,35-44,204,Relapse
South Sudan,2013,rel,f,45-54,146,Relapse
South Sudan,2013,rel,f,55-64,67,Relapse
South Sudan,2013,rel,f,65+,26,Relapse
Spain,1995,sp,m,0-14,22,Smear Positive
Spain,1995,sp,m,15-24,132,Smear Positive
Spain,1995,sp,m,25-34,337,Smear Positive
Spain,1995,sp,m,35-44,242,Smear Positive
Spain,1995,sp,m,45-54,150,Smear Positive
Spain,1995,sp,m,55-64,112,Smear Positive
Spain,1995,sp,m,65+,228,Smear Positive
Spain,1995,sp,f,0-14,23,Smear Positive
Spain,1995,sp,f,15-24,90,Smear Positive
Spain,1995,sp,f,25-34,129,Smear Positive
Spain,1995,sp,f,35-44,64,Smear Positive
Spain,1995,sp,f,45-54,39,Smear Positive
Spain,1995,sp,f,55-64,34,Smear Positive
Spain,1995,sp,f,65+,98,Smear Positive
Spain,1998,sp,m,0-14,25,Smear Positive
Spain,1998,sp,m,15-24,186,Smear Positive
Spain,1998,sp,m,25-34,361,Smear Positive
Spain,1998,sp,m,35-44,294,Smear Positive
Spain,1998,sp,m,45-54,195,Smear Positive
Spain,1998,sp,m,55-64,114,Smear Positive
Spain,1998,sp,m,65+,205,Smear Positive
Spain,1998,sp,f,0-14,3,Smear Positive
Spain,1998,sp,f,15-24,149,Smear Positive
Spain,1998,sp,f,25-34,167,Smear Positive
Spain,1998,sp,f,35-44,61,Smear Positive
Spain,1998,sp,f,45-54,27,Smear Positive
Spain,1998,sp,f,55-64,25,Smear Positive
Spain,1998,sp,f,65+,104,Smear Positive
Spain,2001,sp,m,0-14,13,Smear Positive
Spain,2001,sp,m,15-24,160,Smear Positive
Spain,2001,sp,m,25-34,355,Smear Positive
Spain,2001,sp,m,35-44,351,Smear Positive
Spain,2001,sp,m,45-54,215,Smear Positive
Spain,2001,sp,m,55-64,134,Smear Positive
Spain,2001,sp,m,65+,232,Smear Positive
Spain,2001,sp,f,0-14,15,Smear Positive
Spain,2001,sp,f,15-24,140,Smear Positive
Spain,2001,sp,f,25-34,237,Smear Positive
Spain,2001,sp,f,35-44,116,Smear Positive
Spain,2001,sp,f,45-54,37,Smear Positive
Spain,2001,sp,f,55-64,21,Smear Positive
Spain,2001,sp,f,65+,83,Smear Positive
Spain,2002,sp,m,0-14,22,Smear Positive
Spain,2002,sp,m,15-24,189,Smear Positive
Spain,2002,sp,m,25-34,392,Smear Positive
Spain,2002,sp,m,35-44,405,Smear Positive
Spain,2002,sp,m,45-54,300,Smear Positive
Spain,2002,sp,m,55-64,192,Smear Positive
Spain,2002,sp,m,65+,337,Smear Positive
Spain,2002,sp,f,0-14,17,Smear Positive
Spain,2002,sp,f,15-24,194,Smear Positive
Spain,2002,sp,f,25-34,265,Smear Positive
Spain,2002,sp,f,35-44,131,Smear Positive
Spain,2002,sp,f,45-54,56,Smear Positive
Spain,2002,sp,f,55-64,29,Smear Positive
Spain,2002,sp,f,65+,117,Smear Positive
Spain,2003,sp,m,0-14,7,Smear Positive
Spain,2003,sp,m,15-24,153,Smear Positive
Spain,2003,sp,m,25-34,334,Smear Positive
Spain,2003,sp,m,35-44,305,Smear Positive
Spain,2003,sp,m,45-54,219,Smear Positive
Spain,2003,sp,m,55-64,132,Smear Positive
Spain,2003,sp,m,65+,222,Smear Positive
Spain,2003,sp,f,0-14,6,Smear Positive
Spain,2003,sp,f,15-24,138,Smear Positive
Spain,2003,sp,f,25-34,218,Smear Positive
Spain,2003,sp,f,35-44,113,Smear Positive
Spain,2003,sp,f,45-54,51,Smear Positive
Spain,2003,sp,f,55-64,29,Smear Positive
Spain,2003,sp,f,65+,87,Smear Positive
Spain,2004,sp,m,0-14,14,Smear Positive
Spain,2004,sp,m,15-24,140,Smear Positive
Spain,2004,sp,m,25-34,301,Smear Positive
Spain,2004,sp,m,35-44,312,Smear Positive
Spain,2004,sp,m,45-54,229,Smear Positive
Spain,2004,sp,m,55-64,142,Smear Positive
Spain,2004,sp,m,65+,227,Smear Positive
Spain,2004,sp,f,0-14,9,Smear Positive
Spain,2004,sp,f,15-24,158,Smear Positive
Spain,2004,sp,f,25-34,202,Smear Positive
Spain,2004,sp,f,35-44,125,Smear Positive
Spain,2004,sp,f,45-54,48,Smear Positive
Spain,2004,sp,f,55-64,22,Smear Positive
Spain,2004,sp,f,65+,82,Smear Positive
Spain,2005,sp,m,0-14,13,Smear Positive
Spain,2005,sp,m,15-24,166,Smear Positive
Spain,2005,sp,m,25-34,394,Smear Positive
Spain,2005,sp,m,35-44,367,Smear Positive
Spain,2005,sp,m,45-54,230,Smear Positive
Spain,2005,sp,m,55-64,140,Smear Positive
Spain,2005,sp,m,65+,230,Smear Positive
Spain,2005,sp,f,0-14,10,Smear Positive
Spain,2005,sp,f,15-24,142,Smear Positive
Spain,2005,sp,f,25-34,252,Smear Positive
Spain,2005,sp,f,35-44,151,Smear Positive
Spain,2005,sp,f,45-54,63,Smear Positive
Spain,2005,sp,f,55-64,24,Smear Positive
Spain,2005,sp,f,65+,108,Smear Positive
Spain,2006,sp,m,0-14,18,Smear Positive
Spain,2006,sp,m,15-24,142,Smear Positive
Spain,2006,sp,m,25-34,332,Smear Positive
Spain,2006,sp,m,35-44,311,Smear Positive
Spain,2006,sp,m,45-54,232,Smear Positive
Spain,2006,sp,m,55-64,105,Smear Positive
Spain,2006,sp,m,65+,175,Smear Positive
Spain,2006,sp,f,0-14,17,Smear Positive
Spain,2006,sp,f,15-24,122,Smear Positive
Spain,2006,sp,f,25-34,264,Smear Positive
Spain,2006,sp,f,35-44,137,Smear Positive
Spain,2006,sp,f,45-54,48,Smear Positive
Spain,2006,sp,f,55-64,19,Smear Positive
Spain,2006,sp,f,65+,77,Smear Positive
Spain,2006,sn,m,0-14,228,Smear Negative
Spain,2006,sn,m,15-24,241,Smear Negative
Spain,2006,sn,m,25-34,495,Smear Negative
Spain,2006,sn,m,35-44,572,Smear Negative
Spain,2006,sn,m,45-54,388,Smear Negative
Spain,2006,sn,m,55-64,248,Smear Negative
Spain,2006,sn,m,65+,513,Smear Negative
Spain,2006,sn,f,0-14,212,Smear Negative
Spain,2006,sn,f,15-24,248,Smear Negative
Spain,2006,sn,f,25-34,383,Smear Negative
Spain,2006,sn,f,35-44,241,Smear Negative
Spain,2006,sn,f,45-54,112,Smear Negative
Spain,2006,sn,f,55-64,77,Smear Negative
Spain,2006,sn,f,65+,224,Smear Negative
Spain,2006,ep,m,0-14,32,Extrapulmonary
Spain,2006,ep,m,15-24,88,Extrapulmonary
Spain,2006,ep,m,25-34,166,Extrapulmonary
Spain,2006,ep,m,35-44,146,Extrapulmonary
Spain,2006,ep,m,45-54,100,Extrapulmonary
Spain,2006,ep,m,55-64,81,Extrapulmonary
Spain,2006,ep,m,65+,185,Extrapulmonary
Spain,2006,ep,f,0-14,25,Extrapulmonary
Spain,2006,ep,f,15-24,55,Extrapulmonary
Spain,2006,ep,f,25-34,118,Extrapulmonary
Spain,2006,ep,f,35-44,86,Extrapulmonary
Spain,2006,ep,f,45-54,58,Extrapulmonary
Spain,2006,ep,f,55-64,48,Extrapulmonary
Spain,2006,ep,f,65+,186,Extrapulmonary
Spain,2007,sp,m,0-14,10,Smear Positive
Spain,2007,sp,m,15-24,184,Smear Positive
Spain,2007,sp,m,25-34,375,Smear Positive
Spain,2007,sp,m,35-44,379,Smear Positive
Spain,2007,sp,m,45-54,257,Smear Positive
Spain,2007,sp,m,55-64,128,Smear Positive
Spain,2007,sp,m,65+,191,Smear Positive
Spain,2007,sp,f,0-14,12,Smear Positive
Spain,2007,sp,f,15-24,164,Smear Positive
Spain,2007,sp,f,25-34,291,Smear Positive
Spain,2007,sp,f,35-44,136,Smear Positive
Spain,2007,sp,f,45-54,63,Smear Positive
Spain,2007,sp,f,55-64,23,Smear Positive
Spain,2007,sp,f,65+,93,Smear Positive
Spain,2007,sn,m,0-14,180,Smear Negative
Spain,2007,sn,m,15-24,313,Smear Negative
Spain,2007,sn,m,25-34,357,Smear Negative
Spain,2007,sn,m,35-44,431,Smear Negative
Spain,2007,sn,m,45-54,289,Smear Negative
Spain,2007,sn,m,55-64,220,Smear Negative
Spain,2007,sn,m,65+,438,Smear Negative
Spain,2007,sn,f,0-14,187,Smear Negative
Spain,2007,sn,f,15-24,172,Smear Negative
Spain,2007,sn,f,25-34,302,Smear Negative
Spain,2007,sn,f,35-44,182,Smear Negative
Spain,2007,sn,f,45-54,83,Smear Negative
Spain,2007,sn,f,55-64,77,Smear Negative
Spain,2007,sn,f,65+,227,Smear Negative
Spain,2007,ep,m,0-14,32,Extrapulmonary
Spain,2007,ep,m,15-24,79,Extrapulmonary
Spain,2007,ep,m,25-34,173,Extrapulmonary
Spain,2007,ep,m,35-44,163,Extrapulmonary
Spain,2007,ep,m,45-54,74,Extrapulmonary
Spain,2007,ep,m,55-64,73,Extrapulmonary
Spain,2007,ep,m,65+,158,Extrapulmonary
Spain,2007,ep,f,0-14,35,Extrapulmonary
Spain,2007,ep,f,15-24,95,Extrapulmonary
Spain,2007,ep,f,25-34,139,Extrapulmonary
Spain,2007,ep,f,35-44,90,Extrapulmonary
Spain,2007,ep,f,45-54,50,Extrapulmonary
Spain,2007,ep,f,55-64,57,Extrapulmonary
Spain,2007,ep,f,65+,177,Extrapulmonary
Spain,2008,sp,m,0-14,18,Smear Positive
Spain,2008,sp,m,15-24,179,Smear Positive
Spain,2008,sp,m,25-34,355,Smear Positive
Spain,2008,sp,m,35-44,349,Smear Positive
Spain,2008,sp,m,45-54,268,Smear Positive
Spain,2008,sp,m,55-64,157,Smear Positive
Spain,2008,sp,m,65+,200,Smear Positive
Spain,2008,sp,f,0-14,13,Smear Positive
Spain,2008,sp,f,15-24,168,Smear Positive
Spain,2008,sp,f,25-34,294,Smear Positive
Spain,2008,sp,f,35-44,173,Smear Positive
Spain,2008,sp,f,45-54,68,Smear Positive
Spain,2008,sp,f,55-64,16,Smear Positive
Spain,2008,sp,f,65+,73,Smear Positive
Spain,2008,sn,m,0-14,225,Smear Negative
Spain,2008,sn,m,15-24,190,Smear Negative
Spain,2008,sn,m,25-34,315,Smear Negative
Spain,2008,sn,m,35-44,337,Smear Negative
Spain,2008,sn,m,45-54,260,Smear Negative
Spain,2008,sn,m,55-64,187,Smear Negative
Spain,2008,sn,m,65+,300,Smear Negative
Spain,2008,sn,f,0-14,199,Smear Negative
Spain,2008,sn,f,15-24,158,Smear Negative
Spain,2008,sn,f,25-34,240,Smear Negative
Spain,2008,sn,f,35-44,163,Smear Negative
Spain,2008,sn,f,45-54,87,Smear Negative
Spain,2008,sn,f,55-64,60,Smear Negative
Spain,2008,sn,f,65+,124,Smear Negative
Spain,2008,ep,m,0-14,45,Extrapulmonary
Spain,2008,ep,m,15-24,117,Extrapulmonary
Spain,2008,ep,m,25-34,213,Extrapulmonary
Spain,2008,ep,m,35-44,187,Extrapulmonary
Spain,2008,ep,m,45-54,100,Extrapulmonary
Spain,2008,ep,m,55-64,77,Extrapulmonary
Spain,2008,ep,m,65+,177,Extrapulmonary
Spain,2008,ep,f,0-14,42,Extrapulmonary
Spain,2008,ep,f,15-24,83,Extrapulmonary
Spain,2008,ep,f,25-34,137,Extrapulmonary
Spain,2008,ep,f,35-44,111,Extrapulmonary
Spain,2008,ep,f,45-54,58,Extrapulmonary
Spain,2008,ep,f,55-64,51,Extrapulmonary
Spain,2008,ep,f,65+,179,Extrapulmonary
Spain,2009,sp,m,0-14,0,Smear Positive
Spain,2009,sp,m,15-24,0,Smear Positive
Spain,2009,sp,m,25-34,0,Smear Positive
Spain,2009,sp,m,35-44,0,Smear Positive
Spain,2009,sp,m,45-54,0,Smear Positive
Spain,2009,sp,m,55-64,0,Smear Positive
Spain,2009,sp,m,65+,0,Smear Positive
Spain,2009,sp,f,0-14,0,Smear Positive
Spain,2009,sp,f,15-24,0,Smear Positive
Spain,2009,sp,f,25-34,0,Smear Positive
Spain,2009,sp,f,35-44,0,Smear Positive
Spain,2009,sp,f,45-54,0,Smear Positive
Spain,2009,sp,f,55-64,0,Smear Positive
Spain,2009,sp,f,65+,0,Smear Positive
Spain,2009,sn,m,0-14,0,Smear Negative
Spain,2009,sn,m,15-24,0,Smear Negative
Spain,2009,sn,m,25-34,0,Smear Negative
Spain,2009,sn,m,35-44,0,Smear Negative
Spain,2009,sn,m,45-54,0,Smear Negative
Spain,2009,sn,m,55-64,0,Smear Negative
Spain,2009,sn,m,65+,0,Smear Negative
Spain,2009,sn,f,0-14,0,Smear Negative
Spain,2009,sn,f,15-24,0,Smear Negative
Spain,2009,sn,f,25-34,0,Smear Negative
Spain,2009,sn,f,35-44,0,Smear Negative
Spain,2009,sn,f,45-54,0,Smear Negative
Spain,2009,sn,f,55-64,0,Smear Negative
Spain,2009,sn,f,65+,0,Smear Negative
Spain,2009,ep,m,0-14,0,Extrapulmonary
Spain,2009,ep,m,15-24,0,Extrapulmonary
Spain,2009,ep,m,25-34,0,Extrapulmonary
Spain,2009,ep,m,35-44,0,Extrapulmonary
Spain,2009,ep,m,45-54,0,Extrapulmonary
Spain,2009,ep,m,55-64,0,Extrapulmonary
Spain,2009,ep,m,65+,0,Extrapulmonary
Spain,2009,ep,f,0-14,0,Extrapulmonary
Spain,2009,ep,f,15-24,0,Extrapulmonary
Spain,2009,ep,f,25-34,0,Extrapulmonary
Spain,2009,ep,f,35-44,0,Extrapulmonary
Spain,2009,ep,f,45-54,0,Extrapulmonary
Spain,2009,ep,f,55-64,0,Extrapulmonary
Spain,2009,ep,f,65+,0,Extrapulmonary
Spain,2010,sp,m,0-14,8,Smear Positive
Spain,2010,sp,m,15-24,160,Smear Positive
Spain,2010,sp,m,25-34,373,Smear Positive
Spain,2010,sp,m,35-44,349,Smear Positive
Spain,2010,sp,m,45-54,357,Smear Positive
Spain,2010,sp,m,55-64,172,Smear Positive
Spain,2010,sp,m,65+,207,Smear Positive
Spain,2010,sp,f,0-14,18,Smear Positive
Spain,2010,sp,f,15-24,157,Smear Positive
Spain,2010,sp,f,25-34,290,Smear Positive
Spain,2010,sp,f,35-44,170,Smear Positive
Spain,2010,sp,f,45-54,69,Smear Positive
Spain,2010,sp,f,55-64,26,Smear Positive
Spain,2010,sp,f,65+,84,Smear Positive
Spain,2010,sn,m,0-14,194,Smear Negative
Spain,2010,sn,m,15-24,102,Smear Negative
Spain,2010,sn,m,25-34,265,Smear Negative
Spain,2010,sn,m,35-44,249,Smear Negative
Spain,2010,sn,m,45-54,232,Smear Negative
Spain,2010,sn,m,55-64,139,Smear Negative
Spain,2010,sn,m,65+,306,Smear Negative
Spain,2010,sn,f,0-14,153,Smear Negative
Spain,2010,sn,f,15-24,93,Smear Negative
Spain,2010,sn,f,25-34,197,Smear Negative
Spain,2010,sn,f,35-44,120,Smear Negative
Spain,2010,sn,f,45-54,72,Smear Negative
Spain,2010,sn,f,55-64,59,Smear Negative
Spain,2010,sn,f,65+,149,Smear Negative
Spain,2010,ep,m,0-14,53,Extrapulmonary
Spain,2010,ep,m,15-24,81,Extrapulmonary
Spain,2010,ep,m,25-34,231,Extrapulmonary
Spain,2010,ep,m,35-44,195,Extrapulmonary
Spain,2010,ep,m,45-54,115,Extrapulmonary
Spain,2010,ep,m,55-64,87,Extrapulmonary
Spain,2010,ep,m,65+,197,Extrapulmonary
Spain,2010,ep,f,0-14,41,Extrapulmonary
Spain,2010,ep,f,15-24,94,Extrapulmonary
Spain,2010,ep,f,25-34,154,Extrapulmonary
Spain,2010,ep,f,35-44,124,Extrapulmonary
Spain,2010,ep,f,45-54,73,Extrapulmonary
Spain,2010,ep,f,55-64,75,Extrapulmonary
Spain,2010,ep,f,65+,234,Extrapulmonary
Spain,2011,sp,m,0-14,14,Smear Positive
Spain,2011,sp,m,15-24,136,Smear Positive
Spain,2011,sp,m,25-34,329,Smear Positive
Spain,2011,sp,m,35-44,304,Smear Positive
Spain,2011,sp,m,45-54,282,Smear Positive
Spain,2011,sp,m,55-64,168,Smear Positive
Spain,2011,sp,m,65+,199,Smear Positive
Spain,2011,sp,f,0-14,16,Smear Positive
Spain,2011,sp,f,15-24,143,Smear Positive
Spain,2011,sp,f,25-34,255,Smear Positive
Spain,2011,sp,f,35-44,163,Smear Positive
Spain,2011,sp,f,45-54,80,Smear Positive
Spain,2011,sp,f,55-64,30,Smear Positive
Spain,2011,sp,f,65+,99,Smear Positive
Spain,2011,sn,m,0-14,209,Smear Negative
Spain,2011,sn,m,15-24,116,Smear Negative
Spain,2011,sn,m,25-34,202,Smear Negative
Spain,2011,sn,m,35-44,230,Smear Negative
Spain,2011,sn,m,45-54,196,Smear Negative
Spain,2011,sn,m,55-64,138,Smear Negative
Spain,2011,sn,m,65+,300,Smear Negative
Spain,2011,sn,f,0-14,172,Smear Negative
Spain,2011,sn,f,15-24,99,Smear Negative
Spain,2011,sn,f,25-34,167,Smear Negative
Spain,2011,sn,f,35-44,148,Smear Negative
Spain,2011,sn,f,45-54,74,Smear Negative
Spain,2011,sn,f,55-64,54,Smear Negative
Spain,2011,sn,f,65+,127,Smear Negative
Spain,2011,ep,m,0-14,60,Extrapulmonary
Spain,2011,ep,m,15-24,79,Extrapulmonary
Spain,2011,ep,m,25-34,221,Extrapulmonary
Spain,2011,ep,m,35-44,178,Extrapulmonary
Spain,2011,ep,m,45-54,110,Extrapulmonary
Spain,2011,ep,m,55-64,71,Extrapulmonary
Spain,2011,ep,m,65+,215,Extrapulmonary
Spain,2011,ep,f,0-14,59,Extrapulmonary
Spain,2011,ep,f,15-24,66,Extrapulmonary
Spain,2011,ep,f,25-34,109,Extrapulmonary
Spain,2011,ep,f,35-44,125,Extrapulmonary
Spain,2011,ep,f,45-54,100,Extrapulmonary
Spain,2011,ep,f,55-64,60,Extrapulmonary
Spain,2011,ep,f,65+,213,Extrapulmonary
Spain,2012,sp,m,0-14,10,Smear Positive
Spain,2012,sp,m,15-24,112,Smear Positive
Spain,2012,sp,m,25-34,259,Smear Positive
Spain,2012,sp,m,35-44,299,Smear Positive
Spain,2012,sp,m,45-54,276,Smear Positive
Spain,2012,sp,m,55-64,156,Smear Positive
Spain,2012,sp,m,65+,220,Smear Positive
Spain,2012,sp,f,0-14,15,Smear Positive
Spain,2012,sp,f,15-24,101,Smear Positive
Spain,2012,sp,f,25-34,202,Smear Positive
Spain,2012,sp,f,35-44,161,Smear Positive
Spain,2012,sp,f,45-54,70,Smear Positive
Spain,2012,sp,f,55-64,24,Smear Positive
Spain,2012,sp,f,65+,74,Smear Positive
Spain,2012,sn,m,0-14,125,Smear Negative
Spain,2012,sn,m,15-24,92,Smear Negative
Spain,2012,sn,m,25-34,172,Smear Negative
Spain,2012,sn,m,35-44,175,Smear Negative
Spain,2012,sn,m,45-54,166,Smear Negative
Spain,2012,sn,m,55-64,133,Smear Negative
Spain,2012,sn,m,65+,297,Smear Negative
Spain,2012,sn,f,0-14,120,Smear Negative
Spain,2012,sn,f,15-24,72,Smear Negative
Spain,2012,sn,f,25-34,141,Smear Negative
Spain,2012,sn,f,35-44,118,Smear Negative
Spain,2012,sn,f,45-54,70,Smear Negative
Spain,2012,sn,f,55-64,50,Smear Negative
Spain,2012,sn,f,65+,114,Smear Negative
Spain,2012,ep,m,0-14,35,Extrapulmonary
Spain,2012,ep,m,15-24,71,Extrapulmonary
Spain,2012,ep,m,25-34,164,Extrapulmonary
Spain,2012,ep,m,35-44,162,Extrapulmonary
Spain,2012,ep,m,45-54,104,Extrapulmonary
Spain,2012,ep,m,55-64,85,Extrapulmonary
Spain,2012,ep,m,65+,196,Extrapulmonary
Spain,2012,ep,f,0-14,38,Extrapulmonary
Spain,2012,ep,f,15-24,71,Extrapulmonary
Spain,2012,ep,f,25-34,138,Extrapulmonary
Spain,2012,ep,f,35-44,140,Extrapulmonary
Spain,2012,ep,f,45-54,75,Extrapulmonary
Spain,2012,ep,f,55-64,54,Extrapulmonary
Spain,2012,ep,f,65+,173,Extrapulmonary
Spain,2013,rel,m,0-14,198,Relapse
Spain,2013,rel,m,15-24,259,Relapse
Spain,2013,rel,m,25-34,524,Relapse
Spain,2013,rel,m,35-44,614,Relapse
Spain,2013,rel,m,45-54,545,Relapse
Spain,2013,rel,m,55-64,352,Relapse
Spain,2013,rel,m,65+,620,Relapse
Spain,2013,rel,f,0-14,179,Relapse
Spain,2013,rel,f,15-24,228,Relapse
Spain,2013,rel,f,25-34,490,Relapse
Spain,2013,rel,f,35-44,409,Relapse
Spain,2013,rel,f,45-54,220,Relapse
Spain,2013,rel,f,55-64,159,Relapse
Spain,2013,rel,f,65+,427,Relapse
Sri Lanka,1995,sp,m,0-14,10,Smear Positive
Sri Lanka,1995,sp,m,15-24,163,Smear Positive
Sri Lanka,1995,sp,m,25-34,361,Smear Positive
Sri Lanka,1995,sp,m,35-44,519,Smear Positive
Sri Lanka,1995,sp,m,45-54,521,Smear Positive
Sri Lanka,1995,sp,m,55-64,365,Smear Positive
Sri Lanka,1995,sp,m,65+,261,Smear Positive
Sri Lanka,1995,sp,f,0-14,15,Smear Positive
Sri Lanka,1995,sp,f,15-24,207,Smear Positive
Sri Lanka,1995,sp,f,25-34,206,Smear Positive
Sri Lanka,1995,sp,f,35-44,142,Smear Positive
Sri Lanka,1995,sp,f,45-54,122,Smear Positive
Sri Lanka,1995,sp,f,55-64,81,Smear Positive
Sri Lanka,1995,sp,f,65+,56,Smear Positive
Sri Lanka,1996,sp,m,0-14,10,Smear Positive
Sri Lanka,1996,sp,m,15-24,163,Smear Positive
Sri Lanka,1996,sp,m,25-34,327,Smear Positive
Sri Lanka,1996,sp,m,35-44,491,Smear Positive
Sri Lanka,1996,sp,m,45-54,523,Smear Positive
Sri Lanka,1996,sp,m,55-64,355,Smear Positive
Sri Lanka,1996,sp,m,65+,253,Smear Positive
Sri Lanka,1996,sp,f,0-14,18,Smear Positive
Sri Lanka,1996,sp,f,15-24,197,Smear Positive
Sri Lanka,1996,sp,f,25-34,168,Smear Positive
Sri Lanka,1996,sp,f,35-44,147,Smear Positive
Sri Lanka,1996,sp,f,45-54,133,Smear Positive
Sri Lanka,1996,sp,f,55-64,111,Smear Positive
Sri Lanka,1996,sp,f,65+,62,Smear Positive
Sri Lanka,1997,sp,m,0-14,11,Smear Positive
Sri Lanka,1997,sp,m,15-24,215,Smear Positive
Sri Lanka,1997,sp,m,25-34,390,Smear Positive
Sri Lanka,1997,sp,m,35-44,596,Smear Positive
Sri Lanka,1997,sp,m,45-54,623,Smear Positive
Sri Lanka,1997,sp,m,55-64,396,Smear Positive
Sri Lanka,1997,sp,m,65+,271,Smear Positive
Sri Lanka,1997,sp,f,0-14,23,Smear Positive
Sri Lanka,1997,sp,f,15-24,245,Smear Positive
Sri Lanka,1997,sp,f,25-34,217,Smear Positive
Sri Lanka,1997,sp,f,35-44,173,Smear Positive
Sri Lanka,1997,sp,f,45-54,176,Smear Positive
Sri Lanka,1997,sp,f,55-64,89,Smear Positive
Sri Lanka,1997,sp,f,65+,81,Smear Positive
Sri Lanka,1998,sp,m,0-14,7,Smear Positive
Sri Lanka,1998,sp,m,15-24,237,Smear Positive
Sri Lanka,1998,sp,m,25-34,430,Smear Positive
Sri Lanka,1998,sp,m,35-44,628,Smear Positive
Sri Lanka,1998,sp,m,45-54,663,Smear Positive
Sri Lanka,1998,sp,m,55-64,445,Smear Positive
Sri Lanka,1998,sp,m,65+,304,Smear Positive
Sri Lanka,1998,sp,f,0-14,22,Smear Positive
Sri Lanka,1998,sp,f,15-24,228,Smear Positive
Sri Lanka,1998,sp,f,25-34,235,Smear Positive
Sri Lanka,1998,sp,f,35-44,169,Smear Positive
Sri Lanka,1998,sp,f,45-54,173,Smear Positive
Sri Lanka,1998,sp,f,55-64,119,Smear Positive
Sri Lanka,1998,sp,f,65+,87,Smear Positive
Sri Lanka,1999,sp,m,0-14,8,Smear Positive
Sri Lanka,1999,sp,m,15-24,255,Smear Positive
Sri Lanka,1999,sp,m,25-34,406,Smear Positive
Sri Lanka,1999,sp,m,35-44,621,Smear Positive
Sri Lanka,1999,sp,m,45-54,646,Smear Positive
Sri Lanka,1999,sp,m,55-64,440,Smear Positive
Sri Lanka,1999,sp,m,65+,325,Smear Positive
Sri Lanka,1999,sp,f,0-14,10,Smear Positive
Sri Lanka,1999,sp,f,15-24,264,Smear Positive
Sri Lanka,1999,sp,f,25-34,231,Smear Positive
Sri Lanka,1999,sp,f,35-44,168,Smear Positive
Sri Lanka,1999,sp,f,45-54,148,Smear Positive
Sri Lanka,1999,sp,f,55-64,126,Smear Positive
Sri Lanka,1999,sp,f,65+,101,Smear Positive
Sri Lanka,2000,sp,m,0-14,25,Smear Positive
Sri Lanka,2000,sp,m,15-24,266,Smear Positive
Sri Lanka,2000,sp,m,25-34,459,Smear Positive
Sri Lanka,2000,sp,m,35-44,695,Smear Positive
Sri Lanka,2000,sp,m,45-54,793,Smear Positive
Sri Lanka,2000,sp,m,55-64,484,Smear Positive
Sri Lanka,2000,sp,m,65+,360,Smear Positive
Sri Lanka,2000,sp,f,0-14,23,Smear Positive
Sri Lanka,2000,sp,f,15-24,312,Smear Positive
Sri Lanka,2000,sp,f,25-34,264,Smear Positive
Sri Lanka,2000,sp,f,35-44,176,Smear Positive
Sri Lanka,2000,sp,f,45-54,202,Smear Positive
Sri Lanka,2000,sp,f,55-64,144,Smear Positive
Sri Lanka,2000,sp,f,65+,113,Smear Positive
Sri Lanka,2001,sp,m,0-14,6,Smear Positive
Sri Lanka,2001,sp,m,15-24,284,Smear Positive
Sri Lanka,2001,sp,m,25-34,446,Smear Positive
Sri Lanka,2001,sp,m,35-44,713,Smear Positive
Sri Lanka,2001,sp,m,45-54,779,Smear Positive
Sri Lanka,2001,sp,m,55-64,528,Smear Positive
Sri Lanka,2001,sp,m,65+,336,Smear Positive
Sri Lanka,2001,sp,f,0-14,18,Smear Positive
Sri Lanka,2001,sp,f,15-24,296,Smear Positive
Sri Lanka,2001,sp,f,25-34,247,Smear Positive
Sri Lanka,2001,sp,f,35-44,194,Smear Positive
Sri Lanka,2001,sp,f,45-54,174,Smear Positive
Sri Lanka,2001,sp,f,55-64,156,Smear Positive
Sri Lanka,2001,sp,f,65+,131,Smear Positive
Sri Lanka,2002,sp,m,0-14,11,Smear Positive
Sri Lanka,2002,sp,m,15-24,287,Smear Positive
Sri Lanka,2002,sp,m,25-34,411,Smear Positive
Sri Lanka,2002,sp,m,35-44,682,Smear Positive
Sri Lanka,2002,sp,m,45-54,788,Smear Positive
Sri Lanka,2002,sp,m,55-64,551,Smear Positive
Sri Lanka,2002,sp,m,65+,366,Smear Positive
Sri Lanka,2002,sp,f,0-14,19,Smear Positive
Sri Lanka,2002,sp,f,15-24,320,Smear Positive
Sri Lanka,2002,sp,f,25-34,248,Smear Positive
Sri Lanka,2002,sp,f,35-44,205,Smear Positive
Sri Lanka,2002,sp,f,45-54,151,Smear Positive
Sri Lanka,2002,sp,f,55-64,151,Smear Positive
Sri Lanka,2002,sp,f,65+,107,Smear Positive
Sri Lanka,2003,sp,m,0-14,12,Smear Positive
Sri Lanka,2003,sp,m,15-24,311,Smear Positive
Sri Lanka,2003,sp,m,25-34,467,Smear Positive
Sri Lanka,2003,sp,m,35-44,694,Smear Positive
Sri Lanka,2003,sp,m,45-54,791,Smear Positive
Sri Lanka,2003,sp,m,55-64,495,Smear Positive
Sri Lanka,2003,sp,m,65+,389,Smear Positive
Sri Lanka,2003,sp,f,0-14,14,Smear Positive
Sri Lanka,2003,sp,f,15-24,305,Smear Positive
Sri Lanka,2003,sp,f,25-34,218,Smear Positive
Sri Lanka,2003,sp,f,35-44,186,Smear Positive
Sri Lanka,2003,sp,f,45-54,187,Smear Positive
Sri Lanka,2003,sp,f,55-64,132,Smear Positive
Sri Lanka,2003,sp,f,65+,120,Smear Positive
Sri Lanka,2004,sp,m,0-14,6,Smear Positive
Sri Lanka,2004,sp,m,15-24,358,Smear Positive
Sri Lanka,2004,sp,m,25-34,472,Smear Positive
Sri Lanka,2004,sp,m,35-44,664,Smear Positive
Sri Lanka,2004,sp,m,45-54,800,Smear Positive
Sri Lanka,2004,sp,m,55-64,521,Smear Positive
Sri Lanka,2004,sp,m,65+,371,Smear Positive
Sri Lanka,2004,sp,f,0-14,18,Smear Positive
Sri Lanka,2004,sp,f,15-24,263,Smear Positive
Sri Lanka,2004,sp,f,25-34,237,Smear Positive
Sri Lanka,2004,sp,f,35-44,192,Smear Positive
Sri Lanka,2004,sp,f,45-54,176,Smear Positive
Sri Lanka,2004,sp,f,55-64,122,Smear Positive
Sri Lanka,2004,sp,f,65+,102,Smear Positive
Sri Lanka,2005,sp,m,0-14,9,Smear Positive
Sri Lanka,2005,sp,m,15-24,341,Smear Positive
Sri Lanka,2005,sp,m,25-34,520,Smear Positive
Sri Lanka,2005,sp,m,35-44,724,Smear Positive
Sri Lanka,2005,sp,m,45-54,918,Smear Positive
Sri Lanka,2005,sp,m,55-64,657,Smear Positive
Sri Lanka,2005,sp,m,65+,424,Smear Positive
Sri Lanka,2005,sp,f,0-14,19,Smear Positive
Sri Lanka,2005,sp,f,15-24,295,Smear Positive
Sri Lanka,2005,sp,f,25-34,261,Smear Positive
Sri Lanka,2005,sp,f,35-44,189,Smear Positive
Sri Lanka,2005,sp,f,45-54,200,Smear Positive
Sri Lanka,2005,sp,f,55-64,154,Smear Positive
Sri Lanka,2005,sp,f,65+,130,Smear Positive
Sri Lanka,2006,sp,m,0-14,8,Smear Positive
Sri Lanka,2006,sp,m,15-24,342,Smear Positive
Sri Lanka,2006,sp,m,25-34,496,Smear Positive
Sri Lanka,2006,sp,m,35-44,600,Smear Positive
Sri Lanka,2006,sp,m,45-54,816,Smear Positive
Sri Lanka,2006,sp,m,55-64,563,Smear Positive
Sri Lanka,2006,sp,m,65+,402,Smear Positive
Sri Lanka,2006,sp,f,0-14,13,Smear Positive
Sri Lanka,2006,sp,f,15-24,301,Smear Positive
Sri Lanka,2006,sp,f,25-34,248,Smear Positive
Sri Lanka,2006,sp,f,35-44,178,Smear Positive
Sri Lanka,2006,sp,f,45-54,189,Smear Positive
Sri Lanka,2006,sp,f,55-64,157,Smear Positive
Sri Lanka,2006,sp,f,65+,129,Smear Positive
Sri Lanka,2006,sn,m,0-14,55,Smear Negative
Sri Lanka,2006,sn,m,15-24,67,Smear Negative
Sri Lanka,2006,sn,m,25-34,125,Smear Negative
Sri Lanka,2006,sn,m,35-44,152,Smear Negative
Sri Lanka,2006,sn,m,45-54,244,Smear Negative
Sri Lanka,2006,sn,m,55-64,266,Smear Negative
Sri Lanka,2006,sn,m,65+,292,Smear Negative
Sri Lanka,2006,sn,f,0-14,47,Smear Negative
Sri Lanka,2006,sn,f,15-24,85,Smear Negative
Sri Lanka,2006,sn,f,25-34,85,Smear Negative
Sri Lanka,2006,sn,f,35-44,85,Smear Negative
Sri Lanka,2006,sn,f,45-54,116,Smear Negative
Sri Lanka,2006,sn,f,55-64,125,Smear Negative
Sri Lanka,2006,sn,f,65+,139,Smear Negative
Sri Lanka,2006,ep,m,0-14,127,Extrapulmonary
Sri Lanka,2006,ep,m,15-24,157,Extrapulmonary
Sri Lanka,2006,ep,m,25-34,206,Extrapulmonary
Sri Lanka,2006,ep,m,35-44,171,Extrapulmonary
Sri Lanka,2006,ep,m,45-54,132,Extrapulmonary
Sri Lanka,2006,ep,m,55-64,120,Extrapulmonary
Sri Lanka,2006,ep,m,65+,100,Extrapulmonary
Sri Lanka,2006,ep,f,0-14,100,Extrapulmonary
Sri Lanka,2006,ep,f,15-24,161,Extrapulmonary
Sri Lanka,2006,ep,f,25-34,195,Extrapulmonary
Sri Lanka,2006,ep,f,35-44,160,Extrapulmonary
Sri Lanka,2006,ep,f,45-54,150,Extrapulmonary
Sri Lanka,2006,ep,f,55-64,84,Extrapulmonary
Sri Lanka,2006,ep,f,65+,71,Extrapulmonary
Sri Lanka,2007,sp,m,0-14,10,Smear Positive
Sri Lanka,2007,sp,m,15-24,288,Smear Positive
Sri Lanka,2007,sp,m,25-34,477,Smear Positive
Sri Lanka,2007,sp,m,35-44,664,Smear Positive
Sri Lanka,2007,sp,m,45-54,802,Smear Positive
Sri Lanka,2007,sp,m,55-64,649,Smear Positive
Sri Lanka,2007,sp,m,65+,412,Smear Positive
Sri Lanka,2007,sp,f,0-14,16,Smear Positive
Sri Lanka,2007,sp,f,15-24,279,Smear Positive
Sri Lanka,2007,sp,f,25-34,228,Smear Positive
Sri Lanka,2007,sp,f,35-44,183,Smear Positive
Sri Lanka,2007,sp,f,45-54,182,Smear Positive
Sri Lanka,2007,sp,f,55-64,176,Smear Positive
Sri Lanka,2007,sp,f,65+,111,Smear Positive
Sri Lanka,2007,sn,m,0-14,65,Smear Negative
Sri Lanka,2007,sn,m,15-24,90,Smear Negative
Sri Lanka,2007,sn,m,25-34,145,Smear Negative
Sri Lanka,2007,sn,m,35-44,174,Smear Negative
Sri Lanka,2007,sn,m,45-54,251,Smear Negative
Sri Lanka,2007,sn,m,55-64,254,Smear Negative
Sri Lanka,2007,sn,m,65+,270,Smear Negative
Sri Lanka,2007,sn,f,0-14,71,Smear Negative
Sri Lanka,2007,sn,f,15-24,95,Smear Negative
Sri Lanka,2007,sn,f,25-34,90,Smear Negative
Sri Lanka,2007,sn,f,35-44,92,Smear Negative
Sri Lanka,2007,sn,f,45-54,119,Smear Negative
Sri Lanka,2007,sn,f,55-64,129,Smear Negative
Sri Lanka,2007,sn,f,65+,121,Smear Negative
Sri Lanka,2007,ep,m,0-14,87,Extrapulmonary
Sri Lanka,2007,ep,m,15-24,161,Extrapulmonary
Sri Lanka,2007,ep,m,25-34,207,Extrapulmonary
Sri Lanka,2007,ep,m,35-44,168,Extrapulmonary
Sri Lanka,2007,ep,m,45-54,170,Extrapulmonary
Sri Lanka,2007,ep,m,55-64,134,Extrapulmonary
Sri Lanka,2007,ep,m,65+,94,Extrapulmonary
Sri Lanka,2007,ep,f,0-14,77,Extrapulmonary
Sri Lanka,2007,ep,f,15-24,161,Extrapulmonary
Sri Lanka,2007,ep,f,25-34,200,Extrapulmonary
Sri Lanka,2007,ep,f,35-44,178,Extrapulmonary
Sri Lanka,2007,ep,f,45-54,158,Extrapulmonary
Sri Lanka,2007,ep,f,55-64,113,Extrapulmonary
Sri Lanka,2007,ep,f,65+,67,Extrapulmonary
Sri Lanka,2008,sp,m,0-14,11,Smear Positive
Sri Lanka,2008,sp,m,15-24,283,Smear Positive
Sri Lanka,2008,sp,m,25-34,488,Smear Positive
Sri Lanka,2008,sp,m,35-44,717,Smear Positive
Sri Lanka,2008,sp,m,45-54,810,Smear Positive
Sri Lanka,2008,sp,m,55-64,649,Smear Positive
Sri Lanka,2008,sp,m,65+,415,Smear Positive
Sri Lanka,2008,sp,f,0-14,26,Smear Positive
Sri Lanka,2008,sp,f,15-24,298,Smear Positive
Sri Lanka,2008,sp,f,25-34,288,Smear Positive
Sri Lanka,2008,sp,f,35-44,183,Smear Positive
Sri Lanka,2008,sp,f,45-54,173,Smear Positive
Sri Lanka,2008,sp,f,55-64,172,Smear Positive
Sri Lanka,2008,sp,f,65+,133,Smear Positive
Sri Lanka,2008,sn,m,0-14,75,Smear Negative
Sri Lanka,2008,sn,m,15-24,98,Smear Negative
Sri Lanka,2008,sn,m,25-34,146,Smear Negative
Sri Lanka,2008,sn,m,35-44,177,Smear Negative
Sri Lanka,2008,sn,m,45-54,284,Smear Negative
Sri Lanka,2008,sn,m,55-64,272,Smear Negative
Sri Lanka,2008,sn,m,65+,305,Smear Negative
Sri Lanka,2008,sn,f,0-14,65,Smear Negative
Sri Lanka,2008,sn,f,15-24,90,Smear Negative
Sri Lanka,2008,sn,f,25-34,91,Smear Negative
Sri Lanka,2008,sn,f,35-44,105,Smear Negative
Sri Lanka,2008,sn,f,45-54,160,Smear Negative
Sri Lanka,2008,sn,f,55-64,137,Smear Negative
Sri Lanka,2008,sn,f,65+,126,Smear Negative
Sri Lanka,2008,ep,m,0-14,101,Extrapulmonary
Sri Lanka,2008,ep,m,15-24,171,Extrapulmonary
Sri Lanka,2008,ep,m,25-34,239,Extrapulmonary
Sri Lanka,2008,ep,m,35-44,187,Extrapulmonary
Sri Lanka,2008,ep,m,45-54,204,Extrapulmonary
Sri Lanka,2008,ep,m,55-64,124,Extrapulmonary
Sri Lanka,2008,ep,m,65+,113,Extrapulmonary
Sri Lanka,2008,ep,f,0-14,101,Extrapulmonary
Sri Lanka,2008,ep,f,15-24,174,Extrapulmonary
Sri Lanka,2008,ep,f,25-34,232,Extrapulmonary
Sri Lanka,2008,ep,f,35-44,180,Extrapulmonary
Sri Lanka,2008,ep,f,45-54,145,Extrapulmonary
Sri Lanka,2008,ep,f,55-64,117,Extrapulmonary
Sri Lanka,2008,ep,f,65+,73,Extrapulmonary
Sri Lanka,2009,sp,m,0-14,10,Smear Positive
Sri Lanka,2009,sp,m,15-24,328,Smear Positive
Sri Lanka,2009,sp,m,25-34,576,Smear Positive
Sri Lanka,2009,sp,m,35-44,703,Smear Positive
Sri Lanka,2009,sp,m,45-54,860,Smear Positive
Sri Lanka,2009,sp,m,55-64,689,Smear Positive
Sri Lanka,2009,sp,m,65+,414,Smear Positive
Sri Lanka,2009,sp,f,0-14,24,Smear Positive
Sri Lanka,2009,sp,f,15-24,244,Smear Positive
Sri Lanka,2009,sp,f,25-34,241,Smear Positive
Sri Lanka,2009,sp,f,35-44,172,Smear Positive
Sri Lanka,2009,sp,f,45-54,186,Smear Positive
Sri Lanka,2009,sp,f,55-64,163,Smear Positive
Sri Lanka,2009,sp,f,65+,144,Smear Positive
Sri Lanka,2009,sn,m,0-14,72,Smear Negative
Sri Lanka,2009,sn,m,15-24,81,Smear Negative
Sri Lanka,2009,sn,m,25-34,110,Smear Negative
Sri Lanka,2009,sn,m,35-44,149,Smear Negative
Sri Lanka,2009,sn,m,45-54,280,Smear Negative
Sri Lanka,2009,sn,m,55-64,287,Smear Negative
Sri Lanka,2009,sn,m,65+,269,Smear Negative
Sri Lanka,2009,sn,f,0-14,61,Smear Negative
Sri Lanka,2009,sn,f,15-24,98,Smear Negative
Sri Lanka,2009,sn,f,25-34,96,Smear Negative
Sri Lanka,2009,sn,f,35-44,92,Smear Negative
Sri Lanka,2009,sn,f,45-54,116,Smear Negative
Sri Lanka,2009,sn,f,55-64,119,Smear Negative
Sri Lanka,2009,sn,f,65+,156,Smear Negative
Sri Lanka,2009,ep,m,0-14,126,Extrapulmonary
Sri Lanka,2009,ep,m,15-24,158,Extrapulmonary
Sri Lanka,2009,ep,m,25-34,264,Extrapulmonary
Sri Lanka,2009,ep,m,35-44,194,Extrapulmonary
Sri Lanka,2009,ep,m,45-54,202,Extrapulmonary
Sri Lanka,2009,ep,m,55-64,195,Extrapulmonary
Sri Lanka,2009,ep,m,65+,140,Extrapulmonary
Sri Lanka,2009,ep,f,0-14,99,Extrapulmonary
Sri Lanka,2009,ep,f,15-24,182,Extrapulmonary
Sri Lanka,2009,ep,f,25-34,247,Extrapulmonary
Sri Lanka,2009,ep,f,35-44,160,Extrapulmonary
Sri Lanka,2009,ep,f,45-54,176,Extrapulmonary
Sri Lanka,2009,ep,f,55-64,134,Extrapulmonary
Sri Lanka,2009,ep,f,65+,75,Extrapulmonary
Sri Lanka,2010,sp,m,0-14,14,Smear Positive
Sri Lanka,2010,sp,m,15-24,268,Smear Positive
Sri Lanka,2010,sp,m,25-34,539,Smear Positive
Sri Lanka,2010,sp,m,35-44,602,Smear Positive
Sri Lanka,2010,sp,m,45-54,884,Smear Positive
Sri Lanka,2010,sp,m,55-64,683,Smear Positive
Sri Lanka,2010,sp,m,65+,448,Smear Positive
Sri Lanka,2010,sp,f,0-14,15,Smear Positive
Sri Lanka,2010,sp,f,15-24,255,Smear Positive
Sri Lanka,2010,sp,f,25-34,233,Smear Positive
Sri Lanka,2010,sp,f,35-44,171,Smear Positive
Sri Lanka,2010,sp,f,45-54,183,Smear Positive
Sri Lanka,2010,sp,f,55-64,186,Smear Positive
Sri Lanka,2010,sp,f,65+,154,Smear Positive
Sri Lanka,2010,sn,m,0-14,68,Smear Negative
Sri Lanka,2010,sn,m,15-24,86,Smear Negative
Sri Lanka,2010,sn,m,25-34,121,Smear Negative
Sri Lanka,2010,sn,m,35-44,162,Smear Negative
Sri Lanka,2010,sn,m,45-54,277,Smear Negative
Sri Lanka,2010,sn,m,55-64,282,Smear Negative
Sri Lanka,2010,sn,m,65+,316,Smear Negative
Sri Lanka,2010,sn,f,0-14,59,Smear Negative
Sri Lanka,2010,sn,f,15-24,103,Smear Negative
Sri Lanka,2010,sn,f,25-34,109,Smear Negative
Sri Lanka,2010,sn,f,35-44,91,Smear Negative
Sri Lanka,2010,sn,f,45-54,124,Smear Negative
Sri Lanka,2010,sn,f,55-64,168,Smear Negative
Sri Lanka,2010,sn,f,65+,179,Smear Negative
Sri Lanka,2010,ep,m,0-14,119,Extrapulmonary
Sri Lanka,2010,ep,m,15-24,179,Extrapulmonary
Sri Lanka,2010,ep,m,25-34,273,Extrapulmonary
Sri Lanka,2010,ep,m,35-44,254,Extrapulmonary
Sri Lanka,2010,ep,m,45-54,249,Extrapulmonary
Sri Lanka,2010,ep,m,55-64,207,Extrapulmonary
Sri Lanka,2010,ep,m,65+,158,Extrapulmonary
Sri Lanka,2010,ep,f,0-14,117,Extrapulmonary
Sri Lanka,2010,ep,f,15-24,175,Extrapulmonary
Sri Lanka,2010,ep,f,25-34,210,Extrapulmonary
Sri Lanka,2010,ep,f,35-44,187,Extrapulmonary
Sri Lanka,2010,ep,f,45-54,187,Extrapulmonary
Sri Lanka,2010,ep,f,55-64,131,Extrapulmonary
Sri Lanka,2010,ep,f,65+,102,Extrapulmonary
Sri Lanka,2011,sp,m,0-14,12,Smear Positive
Sri Lanka,2011,sp,m,15-24,246,Smear Positive
Sri Lanka,2011,sp,m,25-34,459,Smear Positive
Sri Lanka,2011,sp,m,35-44,585,Smear Positive
Sri Lanka,2011,sp,m,45-54,828,Smear Positive
Sri Lanka,2011,sp,m,55-64,653,Smear Positive
Sri Lanka,2011,sp,m,65+,479,Smear Positive
Sri Lanka,2011,sp,f,0-14,13,Smear Positive
Sri Lanka,2011,sp,f,15-24,270,Smear Positive
Sri Lanka,2011,sp,f,25-34,217,Smear Positive
Sri Lanka,2011,sp,f,35-44,191,Smear Positive
Sri Lanka,2011,sp,f,45-54,192,Smear Positive
Sri Lanka,2011,sp,f,55-64,191,Smear Positive
Sri Lanka,2011,sp,f,65+,154,Smear Positive
Sri Lanka,2011,sn,m,0-14,64,Smear Negative
Sri Lanka,2011,sn,m,15-24,104,Smear Negative
Sri Lanka,2011,sn,m,25-34,145,Smear Negative
Sri Lanka,2011,sn,m,35-44,198,Smear Negative
Sri Lanka,2011,sn,m,45-54,267,Smear Negative
Sri Lanka,2011,sn,m,55-64,351,Smear Negative
Sri Lanka,2011,sn,m,65+,329,Smear Negative
Sri Lanka,2011,sn,f,0-14,91,Smear Negative
Sri Lanka,2011,sn,f,15-24,109,Smear Negative
Sri Lanka,2011,sn,f,25-34,106,Smear Negative
Sri Lanka,2011,sn,f,35-44,99,Smear Negative
Sri Lanka,2011,sn,f,45-54,146,Smear Negative
Sri Lanka,2011,sn,f,55-64,202,Smear Negative
Sri Lanka,2011,sn,f,65+,194,Smear Negative
Sri Lanka,2011,ep,m,0-14,100,Extrapulmonary
Sri Lanka,2011,ep,m,15-24,179,Extrapulmonary
Sri Lanka,2011,ep,m,25-34,295,Extrapulmonary
Sri Lanka,2011,ep,m,35-44,263,Extrapulmonary
Sri Lanka,2011,ep,m,45-54,243,Extrapulmonary
Sri Lanka,2011,ep,m,55-64,209,Extrapulmonary
Sri Lanka,2011,ep,m,65+,164,Extrapulmonary
Sri Lanka,2011,ep,f,0-14,72,Extrapulmonary
Sri Lanka,2011,ep,f,15-24,185,Extrapulmonary
Sri Lanka,2011,ep,f,25-34,248,Extrapulmonary
Sri Lanka,2011,ep,f,35-44,190,Extrapulmonary
Sri Lanka,2011,ep,f,45-54,200,Extrapulmonary
Sri Lanka,2011,ep,f,55-64,150,Extrapulmonary
Sri Lanka,2011,ep,f,65+,114,Extrapulmonary
Sri Lanka,2012,sp,m,0-14,7,Smear Positive
Sri Lanka,2012,sp,m,15-24,243,Smear Positive
Sri Lanka,2012,sp,m,25-34,420,Smear Positive
Sri Lanka,2012,sp,m,35-44,504,Smear Positive
Sri Lanka,2012,sp,m,45-54,799,Smear Positive
Sri Lanka,2012,sp,m,55-64,672,Smear Positive
Sri Lanka,2012,sp,m,65+,456,Smear Positive
Sri Lanka,2012,sp,f,0-14,17,Smear Positive
Sri Lanka,2012,sp,f,15-24,242,Smear Positive
Sri Lanka,2012,sp,f,25-34,200,Smear Positive
Sri Lanka,2012,sp,f,35-44,162,Smear Positive
Sri Lanka,2012,sp,f,45-54,211,Smear Positive
Sri Lanka,2012,sp,f,55-64,200,Smear Positive
Sri Lanka,2012,sp,f,65+,136,Smear Positive
Sri Lanka,2012,sn,m,0-14,35,Smear Negative
Sri Lanka,2012,sn,m,15-24,78,Smear Negative
Sri Lanka,2012,sn,m,25-34,115,Smear Negative
Sri Lanka,2012,sn,m,35-44,120,Smear Negative
Sri Lanka,2012,sn,m,45-54,255,Smear Negative
Sri Lanka,2012,sn,m,55-64,334,Smear Negative
Sri Lanka,2012,sn,m,65+,282,Smear Negative
Sri Lanka,2012,sn,f,0-14,62,Smear Negative
Sri Lanka,2012,sn,f,15-24,74,Smear Negative
Sri Lanka,2012,sn,f,25-34,70,Smear Negative
Sri Lanka,2012,sn,f,35-44,74,Smear Negative
Sri Lanka,2012,sn,f,45-54,107,Smear Negative
Sri Lanka,2012,sn,f,55-64,130,Smear Negative
Sri Lanka,2012,sn,f,65+,153,Smear Negative
Sri Lanka,2012,ep,m,0-14,112,Extrapulmonary
Sri Lanka,2012,ep,m,15-24,157,Extrapulmonary
Sri Lanka,2012,ep,m,25-34,255,Extrapulmonary
Sri Lanka,2012,ep,m,35-44,227,Extrapulmonary
Sri Lanka,2012,ep,m,45-54,238,Extrapulmonary
Sri Lanka,2012,ep,m,55-64,190,Extrapulmonary
Sri Lanka,2012,ep,m,65+,136,Extrapulmonary
Sri Lanka,2012,ep,f,0-14,76,Extrapulmonary
Sri Lanka,2012,ep,f,15-24,153,Extrapulmonary
Sri Lanka,2012,ep,f,25-34,182,Extrapulmonary
Sri Lanka,2012,ep,f,35-44,181,Extrapulmonary
Sri Lanka,2012,ep,f,45-54,189,Extrapulmonary
Sri Lanka,2012,ep,f,55-64,151,Extrapulmonary
Sri Lanka,2012,ep,f,65+,102,Extrapulmonary
Sri Lanka,2013,rel,m,0-14,158,Relapse
Sri Lanka,2013,rel,m,15-24,502,Relapse
Sri Lanka,2013,rel,m,25-34,869,Relapse
Sri Lanka,2013,rel,m,35-44,1007,Relapse
Sri Lanka,2013,rel,m,45-54,1295,Relapse
Sri Lanka,2013,rel,m,55-64,1175,Relapse
Sri Lanka,2013,rel,m,65+,986,Relapse
Sri Lanka,2013,rel,f,0-14,152,Relapse
Sri Lanka,2013,rel,f,15-24,482,Relapse
Sri Lanka,2013,rel,f,25-34,500,Relapse
Sri Lanka,2013,rel,f,35-44,417,Relapse
Sri Lanka,2013,rel,f,45-54,511,Relapse
Sri Lanka,2013,rel,f,55-64,538,Relapse
Sri Lanka,2013,rel,f,65+,418,Relapse
Sudan,1995,sp,m,0-14,250,Smear Positive
Sudan,1995,sp,m,15-24,604,Smear Positive
Sudan,1995,sp,m,25-34,796,Smear Positive
Sudan,1995,sp,m,35-44,634,Smear Positive
Sudan,1995,sp,m,45-54,486,Smear Positive
Sudan,1995,sp,m,55-64,362,Smear Positive
Sudan,1995,sp,m,65+,337,Smear Positive
Sudan,1995,sp,f,0-14,359,Smear Positive
Sudan,1995,sp,f,15-24,490,Smear Positive
Sudan,1995,sp,f,25-34,613,Smear Positive
Sudan,1995,sp,f,35-44,299,Smear Positive
Sudan,1995,sp,f,45-54,403,Smear Positive
Sudan,1995,sp,f,55-64,342,Smear Positive
Sudan,1995,sp,f,65+,305,Smear Positive
Sudan,1998,sp,m,0-14,805,Smear Positive
Sudan,1998,sp,m,15-24,1079,Smear Positive
Sudan,1998,sp,m,25-34,1533,Smear Positive
Sudan,1998,sp,m,35-44,1133,Smear Positive
Sudan,1998,sp,m,45-54,820,Smear Positive
Sudan,1998,sp,m,55-64,523,Smear Positive
Sudan,1998,sp,m,65+,453,Smear Positive
Sudan,1998,sp,f,0-14,680,Smear Positive
Sudan,1998,sp,f,15-24,875,Smear Positive
Sudan,1998,sp,f,25-34,1036,Smear Positive
Sudan,1998,sp,f,35-44,723,Smear Positive
Sudan,1998,sp,f,45-54,528,Smear Positive
Sudan,1998,sp,f,55-64,356,Smear Positive
Sudan,1998,sp,f,65+,247,Smear Positive
Sudan,1999,sp,m,0-14,842,Smear Positive
Sudan,1999,sp,m,15-24,1100,Smear Positive
Sudan,1999,sp,m,25-34,1456,Smear Positive
Sudan,1999,sp,m,35-44,1270,Smear Positive
Sudan,1999,sp,m,45-54,978,Smear Positive
Sudan,1999,sp,m,55-64,841,Smear Positive
Sudan,1999,sp,m,65+,839,Smear Positive
Sudan,1999,sp,f,0-14,903,Smear Positive
Sudan,1999,sp,f,15-24,1035,Smear Positive
Sudan,1999,sp,f,25-34,1111,Smear Positive
Sudan,1999,sp,f,35-44,1104,Smear Positive
Sudan,1999,sp,f,45-54,817,Smear Positive
Sudan,1999,sp,f,55-64,594,Smear Positive
Sudan,1999,sp,f,65+,615,Smear Positive
Sudan,2000,sp,m,0-14,785,Smear Positive
Sudan,2000,sp,m,15-24,1028,Smear Positive
Sudan,2000,sp,m,25-34,1511,Smear Positive
Sudan,2000,sp,m,35-44,1351,Smear Positive
Sudan,2000,sp,m,45-54,1119,Smear Positive
Sudan,2000,sp,m,55-64,638,Smear Positive
Sudan,2000,sp,m,65+,677,Smear Positive
Sudan,2000,sp,f,0-14,817,Smear Positive
Sudan,2000,sp,f,15-24,925,Smear Positive
Sudan,2000,sp,f,25-34,1134,Smear Positive
Sudan,2000,sp,f,35-44,905,Smear Positive
Sudan,2000,sp,f,45-54,771,Smear Positive
Sudan,2000,sp,f,55-64,327,Smear Positive
Sudan,2000,sp,f,65+,323,Smear Positive
Sudan,2001,sp,m,0-14,732,Smear Positive
Sudan,2001,sp,m,15-24,1018,Smear Positive
Sudan,2001,sp,m,25-34,1368,Smear Positive
Sudan,2001,sp,m,35-44,1085,Smear Positive
Sudan,2001,sp,m,45-54,777,Smear Positive
Sudan,2001,sp,m,55-64,462,Smear Positive
Sudan,2001,sp,m,65+,301,Smear Positive
Sudan,2001,sp,f,0-14,590,Smear Positive
Sudan,2001,sp,f,15-24,787,Smear Positive
Sudan,2001,sp,f,25-34,910,Smear Positive
Sudan,2001,sp,f,35-44,715,Smear Positive
Sudan,2001,sp,f,45-54,467,Smear Positive
Sudan,2001,sp,f,55-64,212,Smear Positive
Sudan,2001,sp,f,65+,58,Smear Positive
Sudan,2002,sp,m,0-14,559,Smear Positive
Sudan,2002,sp,m,15-24,1171,Smear Positive
Sudan,2002,sp,m,25-34,1494,Smear Positive
Sudan,2002,sp,m,35-44,1168,Smear Positive
Sudan,2002,sp,m,45-54,852,Smear Positive
Sudan,2002,sp,m,55-64,511,Smear Positive
Sudan,2002,sp,m,65+,405,Smear Positive
Sudan,2002,sp,f,0-14,498,Smear Positive
Sudan,2002,sp,f,15-24,865,Smear Positive
Sudan,2002,sp,f,25-34,1007,Smear Positive
Sudan,2002,sp,f,35-44,840,Smear Positive
Sudan,2002,sp,f,45-54,523,Smear Positive
Sudan,2002,sp,f,55-64,275,Smear Positive
Sudan,2002,sp,f,65+,170,Smear Positive
Sudan,2003,sp,m,0-14,489,Smear Positive
Sudan,2003,sp,m,15-24,1195,Smear Positive
Sudan,2003,sp,m,25-34,1644,Smear Positive
Sudan,2003,sp,m,35-44,1271,Smear Positive
Sudan,2003,sp,m,45-54,856,Smear Positive
Sudan,2003,sp,m,55-64,645,Smear Positive
Sudan,2003,sp,m,65+,473,Smear Positive
Sudan,2003,sp,f,0-14,443,Smear Positive
Sudan,2003,sp,f,15-24,881,Smear Positive
Sudan,2003,sp,f,25-34,1052,Smear Positive
Sudan,2003,sp,f,35-44,879,Smear Positive
Sudan,2003,sp,f,45-54,562,Smear Positive
Sudan,2003,sp,f,55-64,384,Smear Positive
Sudan,2003,sp,f,65+,219,Smear Positive
Sudan,2004,sp,m,0-14,537,Smear Positive
Sudan,2004,sp,m,15-24,1377,Smear Positive
Sudan,2004,sp,m,25-34,1791,Smear Positive
Sudan,2004,sp,m,35-44,1465,Smear Positive
Sudan,2004,sp,m,45-54,1035,Smear Positive
Sudan,2004,sp,m,55-64,697,Smear Positive
Sudan,2004,sp,m,65+,467,Smear Positive
Sudan,2004,sp,f,0-14,426,Smear Positive
Sudan,2004,sp,f,15-24,978,Smear Positive
Sudan,2004,sp,f,25-34,1187,Smear Positive
Sudan,2004,sp,f,35-44,897,Smear Positive
Sudan,2004,sp,f,45-54,601,Smear Positive
Sudan,2004,sp,f,55-64,400,Smear Positive
Sudan,2004,sp,f,65+,237,Smear Positive
Sudan,2005,sp,m,0-14,425,Smear Positive
Sudan,2005,sp,m,15-24,1358,Smear Positive
Sudan,2005,sp,m,25-34,1990,Smear Positive
Sudan,2005,sp,m,35-44,1541,Smear Positive
Sudan,2005,sp,m,45-54,1151,Smear Positive
Sudan,2005,sp,m,55-64,724,Smear Positive
Sudan,2005,sp,m,65+,493,Smear Positive
Sudan,2005,sp,f,0-14,381,Smear Positive
Sudan,2005,sp,f,15-24,1102,Smear Positive
Sudan,2005,sp,f,25-34,1203,Smear Positive
Sudan,2005,sp,f,35-44,978,Smear Positive
Sudan,2005,sp,f,45-54,729,Smear Positive
Sudan,2005,sp,f,55-64,411,Smear Positive
Sudan,2005,sp,f,65+,244,Smear Positive
Sudan,2006,sp,m,0-14,297,Smear Positive
Sudan,2006,sp,m,15-24,1351,Smear Positive
Sudan,2006,sp,m,25-34,1890,Smear Positive
Sudan,2006,sp,m,35-44,1504,Smear Positive
Sudan,2006,sp,m,45-54,1102,Smear Positive
Sudan,2006,sp,m,55-64,710,Smear Positive
Sudan,2006,sp,m,65+,532,Smear Positive
Sudan,2006,sp,f,0-14,312,Smear Positive
Sudan,2006,sp,f,15-24,965,Smear Positive
Sudan,2006,sp,f,25-34,1108,Smear Positive
Sudan,2006,sp,f,35-44,948,Smear Positive
Sudan,2006,sp,f,45-54,763,Smear Positive
Sudan,2006,sp,f,55-64,442,Smear Positive
Sudan,2006,sp,f,65+,270,Smear Positive
Sudan,2007,sp,m,0-14,288,Smear Positive
Sudan,2007,sp,m,15-24,1355,Smear Positive
Sudan,2007,sp,m,25-34,1903,Smear Positive
Sudan,2007,sp,m,35-44,1540,Smear Positive
Sudan,2007,sp,m,45-54,1102,Smear Positive
Sudan,2007,sp,m,55-64,729,Smear Positive
Sudan,2007,sp,m,65+,556,Smear Positive
Sudan,2007,sp,f,0-14,334,Smear Positive
Sudan,2007,sp,f,15-24,992,Smear Positive
Sudan,2007,sp,f,25-34,1318,Smear Positive
Sudan,2007,sp,f,35-44,990,Smear Positive
Sudan,2007,sp,f,45-54,729,Smear Positive
Sudan,2007,sp,f,55-64,467,Smear Positive
Sudan,2007,sp,f,65+,324,Smear Positive
Sudan,2007,sn,m,0-14,1214,Smear Negative
Sudan,2007,sn,m,15-24,129,Smear Negative
Sudan,2007,sn,m,25-34,221,Smear Negative
Sudan,2007,sn,m,35-44,243,Smear Negative
Sudan,2007,sn,m,45-54,192,Smear Negative
Sudan,2007,sn,m,55-64,98,Smear Negative
Sudan,2007,sn,m,65+,42,Smear Negative
Sudan,2007,sn,f,0-14,970,Smear Negative
Sudan,2007,sn,f,15-24,91,Smear Negative
Sudan,2007,sn,f,25-34,108,Smear Negative
Sudan,2007,sn,f,35-44,121,Smear Negative
Sudan,2007,sn,f,45-54,97,Smear Negative
Sudan,2007,sn,f,55-64,66,Smear Negative
Sudan,2007,sn,f,65+,26,Smear Negative
Sudan,2007,ep,m,0-14,84,Extrapulmonary
Sudan,2007,ep,m,15-24,92,Extrapulmonary
Sudan,2007,ep,m,25-34,108,Extrapulmonary
Sudan,2007,ep,m,35-44,151,Extrapulmonary
Sudan,2007,ep,m,45-54,56,Extrapulmonary
Sudan,2007,ep,m,55-64,28,Extrapulmonary
Sudan,2007,ep,m,65+,21,Extrapulmonary
Sudan,2007,ep,f,0-14,61,Extrapulmonary
Sudan,2007,ep,f,15-24,75,Extrapulmonary
Sudan,2007,ep,f,25-34,81,Extrapulmonary
Sudan,2007,ep,f,35-44,76,Extrapulmonary
Sudan,2007,ep,f,45-54,42,Extrapulmonary
Sudan,2007,ep,f,55-64,19,Extrapulmonary
Sudan,2007,ep,f,65+,13,Extrapulmonary
Sudan,2008,sp,m,0-14,317,Smear Positive
Sudan,2008,sp,m,15-24,1241,Smear Positive
Sudan,2008,sp,m,25-34,1740,Smear Positive
Sudan,2008,sp,m,35-44,1301,Smear Positive
Sudan,2008,sp,m,45-54,903,Smear Positive
Sudan,2008,sp,m,55-64,610,Smear Positive
Sudan,2008,sp,m,65+,534,Smear Positive
Sudan,2008,sp,f,0-14,321,Smear Positive
Sudan,2008,sp,f,15-24,850,Smear Positive
Sudan,2008,sp,f,25-34,962,Smear Positive
Sudan,2008,sp,f,35-44,841,Smear Positive
Sudan,2008,sp,f,45-54,601,Smear Positive
Sudan,2008,sp,f,55-64,344,Smear Positive
Sudan,2008,sp,f,65+,235,Smear Positive
Sudan,2008,sn,m,0-14,959,Smear Negative
Sudan,2008,sn,m,15-24,3202,Smear Negative
Sudan,2008,sn,f,0-14,571,Smear Negative
Sudan,2008,sn,f,15-24,2095,Smear Negative
Sudan,2008,ep,m,0-14,315,Extrapulmonary
Sudan,2008,ep,m,15-24,1857,Extrapulmonary
Sudan,2008,ep,f,0-14,239,Extrapulmonary
Sudan,2008,ep,f,15-24,1437,Extrapulmonary
Sudan,2009,sp,m,0-14,288,Smear Positive
Sudan,2009,sp,m,15-24,1279,Smear Positive
Sudan,2009,sp,m,25-34,1757,Smear Positive
Sudan,2009,sp,m,35-44,1281,Smear Positive
Sudan,2009,sp,m,45-54,904,Smear Positive
Sudan,2009,sp,m,55-64,606,Smear Positive
Sudan,2009,sp,m,65+,477,Smear Positive
Sudan,2009,sp,f,0-14,236,Smear Positive
Sudan,2009,sp,f,15-24,806,Smear Positive
Sudan,2009,sp,f,25-34,983,Smear Positive
Sudan,2009,sp,f,35-44,800,Smear Positive
Sudan,2009,sp,f,45-54,557,Smear Positive
Sudan,2009,sp,f,55-64,334,Smear Positive
Sudan,2009,sp,f,65+,233,Smear Positive
Sudan,2009,sn,m,0-14,965,Smear Negative
Sudan,2009,sn,m,15-24,3269,Smear Negative
Sudan,2009,sn,f,0-14,827,Smear Negative
Sudan,2009,sn,f,15-24,2122,Smear Negative
Sudan,2009,ep,m,0-14,463,Extrapulmonary
Sudan,2009,ep,m,15-24,2082,Extrapulmonary
Sudan,2009,ep,f,0-14,357,Extrapulmonary
Sudan,2009,ep,f,15-24,1584,Extrapulmonary
Sudan,2010,sp,m,0-14,209,Smear Positive
Sudan,2010,sp,m,15-24,1185,Smear Positive
Sudan,2010,sp,m,25-34,1781,Smear Positive
Sudan,2010,sp,m,35-44,1335,Smear Positive
Sudan,2010,sp,m,45-54,863,Smear Positive
Sudan,2010,sp,m,55-64,497,Smear Positive
Sudan,2010,sp,m,65+,391,Smear Positive
Sudan,2010,sp,f,0-14,195,Smear Positive
Sudan,2010,sp,f,15-24,761,Smear Positive
Sudan,2010,sp,f,25-34,979,Smear Positive
Sudan,2010,sp,f,35-44,772,Smear Positive
Sudan,2010,sp,f,45-54,520,Smear Positive
Sudan,2010,sp,f,55-64,279,Smear Positive
Sudan,2010,sp,f,65+,191,Smear Positive
Sudan,2011,sp,m,0-14,107,Smear Positive
Sudan,2011,sp,m,15-24,899,Smear Positive
Sudan,2011,sp,m,25-34,1359,Smear Positive
Sudan,2011,sp,m,35-44,981,Smear Positive
Sudan,2011,sp,m,45-54,689,Smear Positive
Sudan,2011,sp,m,55-64,386,Smear Positive
Sudan,2011,sp,m,65+,372,Smear Positive
Sudan,2011,sp,f,0-14,113,Smear Positive
Sudan,2011,sp,f,15-24,512,Smear Positive
Sudan,2011,sp,f,25-34,620,Smear Positive
Sudan,2011,sp,f,35-44,513,Smear Positive
Sudan,2011,sp,f,45-54,352,Smear Positive
Sudan,2011,sp,f,55-64,188,Smear Positive
Sudan,2011,sp,f,65+,175,Smear Positive
Sudan,2011,sn,m,0-14,941,Smear Negative
Sudan,2011,sn,m,15-24,3184,Smear Negative
Sudan,2011,sn,m,25-34,0,Smear Negative
Sudan,2011,sn,m,35-44,0,Smear Negative
Sudan,2011,sn,m,45-54,0,Smear Negative
Sudan,2011,sn,m,55-64,0,Smear Negative
Sudan,2011,sn,m,65+,0,Smear Negative
Sudan,2011,sn,f,0-14,686,Smear Negative
Sudan,2011,sn,f,15-24,1935,Smear Negative
Sudan,2011,sn,f,25-34,0,Smear Negative
Sudan,2011,sn,f,35-44,0,Smear Negative
Sudan,2011,sn,f,45-54,0,Smear Negative
Sudan,2011,sn,f,55-64,0,Smear Negative
Sudan,2011,sn,f,65+,0,Smear Negative
Sudan,2011,ep,m,0-14,416,Extrapulmonary
Sudan,2011,ep,m,15-24,2210,Extrapulmonary
Sudan,2011,ep,m,25-34,0,Extrapulmonary
Sudan,2011,ep,m,35-44,0,Extrapulmonary
Sudan,2011,ep,m,45-54,0,Extrapulmonary
Sudan,2011,ep,m,55-64,0,Extrapulmonary
Sudan,2011,ep,m,65+,0,Extrapulmonary
Sudan,2011,ep,f,0-14,321,Extrapulmonary
Sudan,2011,ep,f,15-24,1677,Extrapulmonary
Sudan,2011,ep,f,25-34,0,Extrapulmonary
Sudan,2011,ep,f,35-44,0,Extrapulmonary
Sudan,2011,ep,f,45-54,0,Extrapulmonary
Sudan,2011,ep,f,55-64,0,Extrapulmonary
Sudan,2011,ep,f,65+,0,Extrapulmonary
Sudan,2012,sp,m,0-14,117,Smear Positive
Sudan,2012,sp,m,15-24,869,Smear Positive
Sudan,2012,sp,m,25-34,1274,Smear Positive
Sudan,2012,sp,m,35-44,802,Smear Positive
Sudan,2012,sp,m,45-54,466,Smear Positive
Sudan,2012,sp,m,55-64,404,Smear Positive
Sudan,2012,sp,m,65+,331,Smear Positive
Sudan,2012,sp,f,0-14,115,Smear Positive
Sudan,2012,sp,f,15-24,536,Smear Positive
Sudan,2012,sp,f,25-34,562,Smear Positive
Sudan,2012,sp,f,35-44,470,Smear Positive
Sudan,2012,sp,f,45-54,299,Smear Positive
Sudan,2012,sp,f,55-64,170,Smear Positive
Sudan,2012,sp,f,65+,172,Smear Positive
Sudan,2012,sn,m,0-14,823,Smear Negative
Sudan,2012,sn,f,0-14,691,Smear Negative
Sudan,2012,ep,m,0-14,424,Extrapulmonary
Sudan,2012,ep,f,0-14,299,Extrapulmonary
Sudan,2013,rel,m,0-14,1205,Relapse
Sudan,2013,rel,f,0-14,976,Relapse
Suriname,1996,sp,m,0-14,1,Smear Positive
Suriname,1996,sp,m,15-24,5,Smear Positive
Suriname,1996,sp,m,25-34,11,Smear Positive
Suriname,1996,sp,m,35-44,11,Smear Positive
Suriname,1996,sp,m,45-54,0,Smear Positive
Suriname,1996,sp,m,55-64,4,Smear Positive
Suriname,1996,sp,m,65+,6,Smear Positive
Suriname,1996,sp,f,0-14,2,Smear Positive
Suriname,1996,sp,f,15-24,3,Smear Positive
Suriname,1996,sp,f,25-34,6,Smear Positive
Suriname,1996,sp,f,35-44,5,Smear Positive
Suriname,1996,sp,f,45-54,0,Smear Positive
Suriname,1996,sp,f,55-64,3,Smear Positive
Suriname,1996,sp,f,65+,3,Smear Positive
Suriname,1997,sp,m,0-14,0,Smear Positive
Suriname,1997,sp,m,15-24,6,Smear Positive
Suriname,1997,sp,m,25-34,7,Smear Positive
Suriname,1997,sp,m,35-44,3,Smear Positive
Suriname,1997,sp,m,45-54,2,Smear Positive
Suriname,1997,sp,m,55-64,0,Smear Positive
Suriname,1997,sp,m,65+,2,Smear Positive
Suriname,1997,sp,f,0-14,0,Smear Positive
Suriname,1997,sp,f,15-24,4,Smear Positive
Suriname,1997,sp,f,25-34,1,Smear Positive
Suriname,1997,sp,f,35-44,0,Smear Positive
Suriname,1997,sp,f,45-54,1,Smear Positive
Suriname,1997,sp,f,55-64,0,Smear Positive
Suriname,1997,sp,f,65+,1,Smear Positive
Suriname,2000,sp,m,0-14,1,Smear Positive
Suriname,2000,sp,m,15-24,6,Smear Positive
Suriname,2000,sp,m,25-34,6,Smear Positive
Suriname,2000,sp,m,35-44,3,Smear Positive
Suriname,2000,sp,m,45-54,2,Smear Positive
Suriname,2000,sp,m,55-64,0,Smear Positive
Suriname,2000,sp,m,65+,4,Smear Positive
Suriname,2000,sp,f,0-14,2,Smear Positive
Suriname,2000,sp,f,15-24,3,Smear Positive
Suriname,2000,sp,f,25-34,6,Smear Positive
Suriname,2000,sp,f,35-44,3,Smear Positive
Suriname,2000,sp,f,45-54,0,Smear Positive
Suriname,2000,sp,f,55-64,1,Smear Positive
Suriname,2000,sp,f,65+,1,Smear Positive
Suriname,2001,sp,m,0-14,1,Smear Positive
Suriname,2001,sp,m,15-24,2,Smear Positive
Suriname,2001,sp,m,25-34,7,Smear Positive
Suriname,2001,sp,m,35-44,3,Smear Positive
Suriname,2001,sp,m,45-54,2,Smear Positive
Suriname,2001,sp,m,55-64,4,Smear Positive
Suriname,2001,sp,m,65+,5,Smear Positive
Suriname,2001,sp,f,0-14,0,Smear Positive
Suriname,2001,sp,f,15-24,2,Smear Positive
Suriname,2001,sp,f,25-34,5,Smear Positive
Suriname,2001,sp,f,35-44,3,Smear Positive
Suriname,2001,sp,f,45-54,2,Smear Positive
Suriname,2001,sp,f,55-64,0,Smear Positive
Suriname,2001,sp,f,65+,2,Smear Positive
Suriname,2002,sp,m,0-14,2,Smear Positive
Suriname,2002,sp,m,15-24,1,Smear Positive
Suriname,2002,sp,m,25-34,12,Smear Positive
Suriname,2002,sp,m,35-44,10,Smear Positive
Suriname,2002,sp,m,45-54,2,Smear Positive
Suriname,2002,sp,m,55-64,3,Smear Positive
Suriname,2002,sp,m,65+,2,Smear Positive
Suriname,2002,sp,f,0-14,0,Smear Positive
Suriname,2002,sp,f,15-24,3,Smear Positive
Suriname,2002,sp,f,25-34,2,Smear Positive
Suriname,2002,sp,f,35-44,4,Smear Positive
Suriname,2002,sp,f,45-54,2,Smear Positive
Suriname,2002,sp,f,55-64,0,Smear Positive
Suriname,2002,sp,f,65+,1,Smear Positive
Suriname,2003,sp,m,0-14,0,Smear Positive
Suriname,2003,sp,m,15-24,5,Smear Positive
Suriname,2003,sp,m,25-34,1,Smear Positive
Suriname,2003,sp,m,35-44,13,Smear Positive
Suriname,2003,sp,m,45-54,6,Smear Positive
Suriname,2003,sp,m,55-64,1,Smear Positive
Suriname,2003,sp,m,65+,6,Smear Positive
Suriname,2003,sp,f,0-14,1,Smear Positive
Suriname,2003,sp,f,15-24,4,Smear Positive
Suriname,2003,sp,f,25-34,2,Smear Positive
Suriname,2003,sp,f,35-44,2,Smear Positive
Suriname,2003,sp,f,45-54,2,Smear Positive
Suriname,2003,sp,f,55-64,1,Smear Positive
Suriname,2003,sp,f,65+,1,Smear Positive
Suriname,2004,sp,m,0-14,0,Smear Positive
Suriname,2004,sp,m,15-24,6,Smear Positive
Suriname,2004,sp,m,25-34,8,Smear Positive
Suriname,2004,sp,m,35-44,14,Smear Positive
Suriname,2004,sp,m,45-54,6,Smear Positive
Suriname,2004,sp,m,55-64,2,Smear Positive
Suriname,2004,sp,m,65+,4,Smear Positive
Suriname,2004,sp,f,0-14,0,Smear Positive
Suriname,2004,sp,f,15-24,3,Smear Positive
Suriname,2004,sp,f,25-34,2,Smear Positive
Suriname,2004,sp,f,35-44,1,Smear Positive
Suriname,2004,sp,f,45-54,1,Smear Positive
Suriname,2004,sp,f,55-64,1,Smear Positive
Suriname,2004,sp,f,65+,1,Smear Positive
Suriname,2005,sp,m,0-14,0,Smear Positive
Suriname,2005,sp,m,15-24,7,Smear Positive
Suriname,2005,sp,m,25-34,8,Smear Positive
Suriname,2005,sp,m,35-44,12,Smear Positive
Suriname,2005,sp,m,45-54,6,Smear Positive
Suriname,2005,sp,m,55-64,3,Smear Positive
Suriname,2005,sp,m,65+,4,Smear Positive
Suriname,2005,sp,f,0-14,0,Smear Positive
Suriname,2005,sp,f,15-24,3,Smear Positive
Suriname,2005,sp,f,25-34,2,Smear Positive
Suriname,2005,sp,f,35-44,1,Smear Positive
Suriname,2005,sp,f,45-54,2,Smear Positive
Suriname,2005,sp,f,55-64,1,Smear Positive
Suriname,2005,sp,f,65+,2,Smear Positive
Suriname,2006,sp,m,0-14,5,Smear Positive
Suriname,2006,sp,m,15-24,6,Smear Positive
Suriname,2006,sp,m,25-34,13,Smear Positive
Suriname,2006,sp,m,35-44,9,Smear Positive
Suriname,2006,sp,m,45-54,4,Smear Positive
Suriname,2006,sp,m,55-64,1,Smear Positive
Suriname,2006,sp,m,65+,7,Smear Positive
Suriname,2006,sp,f,0-14,2,Smear Positive
Suriname,2006,sp,f,15-24,1,Smear Positive
Suriname,2006,sp,f,25-34,4,Smear Positive
Suriname,2006,sp,f,35-44,1,Smear Positive
Suriname,2006,sp,f,45-54,8,Smear Positive
Suriname,2006,sp,f,55-64,0,Smear Positive
Suriname,2006,sp,f,65+,2,Smear Positive
Suriname,2006,sn,m,0-14,0,Smear Negative
Suriname,2006,sn,m,15-24,2,Smear Negative
Suriname,2006,sn,m,25-34,4,Smear Negative
Suriname,2006,sn,m,35-44,3,Smear Negative
Suriname,2006,sn,m,45-54,8,Smear Negative
Suriname,2006,sn,m,55-64,2,Smear Negative
Suriname,2006,sn,m,65+,8,Smear Negative
Suriname,2006,sn,f,0-14,1,Smear Negative
Suriname,2006,sn,f,15-24,1,Smear Negative
Suriname,2006,sn,f,25-34,3,Smear Negative
Suriname,2006,sn,f,35-44,3,Smear Negative
Suriname,2006,sn,f,45-54,1,Smear Negative
Suriname,2006,sn,f,55-64,4,Smear Negative
Suriname,2006,sn,f,65+,3,Smear Negative
Suriname,2006,ep,m,0-14,0,Extrapulmonary
Suriname,2006,ep,m,15-24,2,Extrapulmonary
Suriname,2006,ep,m,25-34,0,Extrapulmonary
Suriname,2006,ep,m,35-44,3,Extrapulmonary
Suriname,2006,ep,m,45-54,0,Extrapulmonary
Suriname,2006,ep,m,55-64,2,Extrapulmonary
Suriname,2006,ep,m,65+,1,Extrapulmonary
Suriname,2006,ep,f,0-14,1,Extrapulmonary
Suriname,2006,ep,f,15-24,1,Extrapulmonary
Suriname,2006,ep,f,25-34,3,Extrapulmonary
Suriname,2006,ep,f,35-44,3,Extrapulmonary
Suriname,2006,ep,f,45-54,0,Extrapulmonary
Suriname,2006,ep,f,55-64,0,Extrapulmonary
Suriname,2006,ep,f,65+,0,Extrapulmonary
Suriname,2009,sp,m,0-14,2,Smear Positive
Suriname,2009,sp,m,15-24,11,Smear Positive
Suriname,2009,sp,m,25-34,17,Smear Positive
Suriname,2009,sp,m,35-44,21,Smear Positive
Suriname,2009,sp,m,45-54,20,Smear Positive
Suriname,2009,sp,m,55-64,11,Smear Positive
Suriname,2009,sp,m,65+,10,Smear Positive
Suriname,2009,sp,f,0-14,1,Smear Positive
Suriname,2009,sp,f,15-24,5,Smear Positive
Suriname,2009,sp,f,25-34,13,Smear Positive
Suriname,2009,sp,f,35-44,11,Smear Positive
Suriname,2009,sp,f,45-54,11,Smear Positive
Suriname,2009,sp,f,55-64,11,Smear Positive
Suriname,2009,sp,f,65+,5,Smear Positive
Suriname,2009,sn,m,0-14,0,Smear Negative
Suriname,2009,sn,m,15-24,1,Smear Negative
Suriname,2009,sn,m,25-34,0,Smear Negative
Suriname,2009,sn,m,35-44,1,Smear Negative
Suriname,2009,sn,m,45-54,1,Smear Negative
Suriname,2009,sn,m,55-64,3,Smear Negative
Suriname,2009,sn,m,65+,1,Smear Negative
Suriname,2009,sn,f,0-14,1,Smear Negative
Suriname,2009,sn,f,15-24,2,Smear Negative
Suriname,2009,sn,f,25-34,0,Smear Negative
Suriname,2009,sn,f,35-44,2,Smear Negative
Suriname,2009,sn,f,45-54,1,Smear Negative
Suriname,2009,sn,f,55-64,1,Smear Negative
Suriname,2009,sn,f,65+,0,Smear Negative
Suriname,2009,ep,m,0-14,0,Extrapulmonary
Suriname,2009,ep,m,15-24,1,Extrapulmonary
Suriname,2009,ep,m,25-34,0,Extrapulmonary
Suriname,2009,ep,m,35-44,2,Extrapulmonary
Suriname,2009,ep,m,45-54,0,Extrapulmonary
Suriname,2009,ep,m,55-64,2,Extrapulmonary
Suriname,2009,ep,m,65+,1,Extrapulmonary
Suriname,2009,ep,f,0-14,0,Extrapulmonary
Suriname,2009,ep,f,15-24,1,Extrapulmonary
Suriname,2009,ep,f,25-34,1,Extrapulmonary
Suriname,2009,ep,f,35-44,1,Extrapulmonary
Suriname,2009,ep,f,45-54,0,Extrapulmonary
Suriname,2009,ep,f,55-64,0,Extrapulmonary
Suriname,2009,ep,f,65+,0,Extrapulmonary
Suriname,2010,sp,m,0-14,0,Smear Positive
Suriname,2010,sp,m,15-24,5,Smear Positive
Suriname,2010,sp,m,25-34,21,Smear Positive
Suriname,2010,sp,m,35-44,35,Smear Positive
Suriname,2010,sp,m,45-54,19,Smear Positive
Suriname,2010,sp,m,55-64,5,Smear Positive
Suriname,2010,sp,m,65+,10,Smear Positive
Suriname,2010,sp,f,0-14,1,Smear Positive
Suriname,2010,sp,f,15-24,4,Smear Positive
Suriname,2010,sp,f,25-34,6,Smear Positive
Suriname,2010,sp,f,35-44,10,Smear Positive
Suriname,2010,sp,f,45-54,6,Smear Positive
Suriname,2010,sp,f,55-64,2,Smear Positive
Suriname,2010,sp,f,65+,8,Smear Positive
Suriname,2010,sn,m,0-14,1,Smear Negative
Suriname,2010,sn,m,15-24,1,Smear Negative
Suriname,2010,sn,m,25-34,6,Smear Negative
Suriname,2010,sn,m,35-44,6,Smear Negative
Suriname,2010,sn,m,45-54,5,Smear Negative
Suriname,2010,sn,m,55-64,4,Smear Negative
Suriname,2010,sn,m,65+,3,Smear Negative
Suriname,2010,sn,f,0-14,2,Smear Negative
Suriname,2010,sn,f,15-24,2,Smear Negative
Suriname,2010,sn,f,25-34,4,Smear Negative
Suriname,2010,sn,f,35-44,3,Smear Negative
Suriname,2010,sn,f,45-54,3,Smear Negative
Suriname,2010,sn,f,55-64,0,Smear Negative
Suriname,2010,sn,f,65+,1,Smear Negative
Suriname,2010,ep,m,0-14,3,Extrapulmonary
Suriname,2010,ep,m,15-24,2,Extrapulmonary
Suriname,2010,ep,m,25-34,2,Extrapulmonary
Suriname,2010,ep,m,35-44,1,Extrapulmonary
Suriname,2010,ep,m,45-54,0,Extrapulmonary
Suriname,2010,ep,m,55-64,0,Extrapulmonary
Suriname,2010,ep,m,65+,0,Extrapulmonary
Suriname,2010,ep,f,0-14,0,Extrapulmonary
Suriname,2010,ep,f,15-24,0,Extrapulmonary
Suriname,2010,ep,f,25-34,1,Extrapulmonary
Suriname,2010,ep,f,35-44,1,Extrapulmonary
Suriname,2010,ep,f,45-54,2,Extrapulmonary
Suriname,2010,ep,f,55-64,1,Extrapulmonary
Suriname,2010,ep,f,65+,1,Extrapulmonary
Suriname,2011,sp,m,0-14,0,Smear Positive
Suriname,2011,sp,m,15-24,4,Smear Positive
Suriname,2011,sp,m,25-34,7,Smear Positive
Suriname,2011,sp,m,35-44,15,Smear Positive
Suriname,2011,sp,m,45-54,18,Smear Positive
Suriname,2011,sp,m,55-64,3,Smear Positive
Suriname,2011,sp,m,65+,5,Smear Positive
Suriname,2011,sp,f,0-14,0,Smear Positive
Suriname,2011,sp,f,15-24,1,Smear Positive
Suriname,2011,sp,f,25-34,1,Smear Positive
Suriname,2011,sp,f,35-44,5,Smear Positive
Suriname,2011,sp,f,45-54,2,Smear Positive
Suriname,2011,sp,f,55-64,2,Smear Positive
Suriname,2011,sp,f,65+,1,Smear Positive
Suriname,2011,sn,m,0-14,1,Smear Negative
Suriname,2011,sn,m,15-24,0,Smear Negative
Suriname,2011,sn,m,25-34,5,Smear Negative
Suriname,2011,sn,m,35-44,5,Smear Negative
Suriname,2011,sn,m,45-54,4,Smear Negative
Suriname,2011,sn,m,55-64,1,Smear Negative
Suriname,2011,sn,m,65+,4,Smear Negative
Suriname,2011,sn,f,0-14,0,Smear Negative
Suriname,2011,sn,f,15-24,0,Smear Negative
Suriname,2011,sn,f,25-34,6,Smear Negative
Suriname,2011,sn,f,35-44,3,Smear Negative
Suriname,2011,sn,f,45-54,2,Smear Negative
Suriname,2011,sn,f,55-64,2,Smear Negative
Suriname,2011,sn,f,65+,1,Smear Negative
Suriname,2011,ep,m,0-14,1,Extrapulmonary
Suriname,2011,ep,m,15-24,0,Extrapulmonary
Suriname,2011,ep,m,25-34,3,Extrapulmonary
Suriname,2011,ep,m,35-44,6,Extrapulmonary
Suriname,2011,ep,m,45-54,2,Extrapulmonary
Suriname,2011,ep,m,55-64,0,Extrapulmonary
Suriname,2011,ep,m,65+,1,Extrapulmonary
Suriname,2011,ep,f,0-14,0,Extrapulmonary
Suriname,2011,ep,f,15-24,0,Extrapulmonary
Suriname,2011,ep,f,25-34,1,Extrapulmonary
Suriname,2011,ep,f,35-44,4,Extrapulmonary
Suriname,2011,ep,f,45-54,0,Extrapulmonary
Suriname,2011,ep,f,55-64,0,Extrapulmonary
Suriname,2011,ep,f,65+,2,Extrapulmonary
Suriname,2012,sp,m,0-14,0,Smear Positive
Suriname,2012,sp,m,15-24,6,Smear Positive
Suriname,2012,sp,m,25-34,7,Smear Positive
Suriname,2012,sp,m,35-44,15,Smear Positive
Suriname,2012,sp,m,45-54,14,Smear Positive
Suriname,2012,sp,m,55-64,9,Smear Positive
Suriname,2012,sp,m,65+,7,Smear Positive
Suriname,2012,sp,f,0-14,2,Smear Positive
Suriname,2012,sp,f,15-24,1,Smear Positive
Suriname,2012,sp,f,25-34,7,Smear Positive
Suriname,2012,sp,f,35-44,5,Smear Positive
Suriname,2012,sp,f,45-54,7,Smear Positive
Suriname,2012,sp,f,55-64,1,Smear Positive
Suriname,2012,sp,f,65+,0,Smear Positive
Suriname,2012,sn,m,0-14,2,Smear Negative
Suriname,2012,sn,m,15-24,2,Smear Negative
Suriname,2012,sn,m,25-34,2,Smear Negative
Suriname,2012,sn,m,35-44,6,Smear Negative
Suriname,2012,sn,m,45-54,1,Smear Negative
Suriname,2012,sn,m,55-64,3,Smear Negative
Suriname,2012,sn,m,65+,1,Smear Negative
Suriname,2012,sn,f,0-14,1,Smear Negative
Suriname,2012,sn,f,15-24,1,Smear Negative
Suriname,2012,sn,f,25-34,1,Smear Negative
Suriname,2012,sn,f,35-44,1,Smear Negative
Suriname,2012,sn,f,45-54,0,Smear Negative
Suriname,2012,sn,f,55-64,3,Smear Negative
Suriname,2012,sn,f,65+,0,Smear Negative
Suriname,2012,ep,m,0-14,0,Extrapulmonary
Suriname,2012,ep,m,15-24,1,Extrapulmonary
Suriname,2012,ep,m,25-34,2,Extrapulmonary
Suriname,2012,ep,m,35-44,5,Extrapulmonary
Suriname,2012,ep,m,45-54,1,Extrapulmonary
Suriname,2012,ep,m,55-64,1,Extrapulmonary
Suriname,2012,ep,m,65+,1,Extrapulmonary
Suriname,2012,ep,f,0-14,1,Extrapulmonary
Suriname,2012,ep,f,15-24,0,Extrapulmonary
Suriname,2012,ep,f,25-34,0,Extrapulmonary
Suriname,2012,ep,f,35-44,0,Extrapulmonary
Suriname,2012,ep,f,45-54,0,Extrapulmonary
Suriname,2012,ep,f,55-64,0,Extrapulmonary
Suriname,2012,ep,f,65+,1,Extrapulmonary
Suriname,2013,rel,m,0-14,6,Relapse
Suriname,2013,rel,m,15-24,9,Relapse
Suriname,2013,rel,m,25-34,18,Relapse
Suriname,2013,rel,m,35-44,28,Relapse
Suriname,2013,rel,m,45-54,28,Relapse
Suriname,2013,rel,m,55-64,13,Relapse
Suriname,2013,rel,m,65+,3,Relapse
Suriname,2013,rel,f,0-14,6,Relapse
Suriname,2013,rel,f,15-24,5,Relapse
Suriname,2013,rel,f,25-34,13,Relapse
Suriname,2013,rel,f,35-44,6,Relapse
Suriname,2013,rel,f,45-54,4,Relapse
Suriname,2013,rel,f,55-64,1,Relapse
Suriname,2013,rel,f,65+,1,Relapse
Swaziland,1995,sp,m,0-14,4,Smear Positive
Swaziland,1995,sp,m,15-24,59,Smear Positive
Swaziland,1995,sp,m,25-34,117,Smear Positive
Swaziland,1995,sp,m,35-44,130,Smear Positive
Swaziland,1995,sp,m,45-54,98,Smear Positive
Swaziland,1995,sp,m,55-64,40,Smear Positive
Swaziland,1995,sp,m,65+,16,Smear Positive
Swaziland,1995,sp,f,0-14,5,Smear Positive
Swaziland,1995,sp,f,15-24,52,Smear Positive
Swaziland,1995,sp,f,25-34,57,Smear Positive
Swaziland,1995,sp,f,35-44,39,Smear Positive
Swaziland,1995,sp,f,45-54,29,Smear Positive
Swaziland,1995,sp,f,55-64,8,Smear Positive
Swaziland,1995,sp,f,65+,6,Smear Positive
Swaziland,1996,sp,m,0-14,79,Smear Positive
Swaziland,1996,sp,m,15-24,39,Smear Positive
Swaziland,1996,sp,m,25-34,250,Smear Positive
Swaziland,1996,sp,m,35-44,335,Smear Positive
Swaziland,1996,sp,m,45-54,263,Smear Positive
Swaziland,1996,sp,m,55-64,200,Smear Positive
Swaziland,1996,sp,m,65+,120,Smear Positive
Swaziland,1996,sp,f,0-14,64,Smear Positive
Swaziland,1996,sp,f,15-24,78,Smear Positive
Swaziland,1996,sp,f,25-34,352,Smear Positive
Swaziland,1996,sp,f,35-44,204,Smear Positive
Swaziland,1996,sp,f,45-54,114,Smear Positive
Swaziland,1996,sp,f,55-64,58,Smear Positive
Swaziland,1996,sp,f,65+,38,Smear Positive
Swaziland,2000,sp,m,0-14,11,Smear Positive
Swaziland,2000,sp,m,15-24,130,Smear Positive
Swaziland,2000,sp,m,25-34,352,Smear Positive
Swaziland,2000,sp,m,35-44,249,Smear Positive
Swaziland,2000,sp,m,45-54,138,Smear Positive
Swaziland,2000,sp,m,55-64,37,Smear Positive
Swaziland,2000,sp,m,65+,17,Smear Positive
Swaziland,2000,sp,f,0-14,10,Smear Positive
Swaziland,2000,sp,f,15-24,198,Smear Positive
Swaziland,2000,sp,f,25-34,298,Smear Positive
Swaziland,2000,sp,f,35-44,62,Smear Positive
Swaziland,2000,sp,f,45-54,62,Smear Positive
Swaziland,2000,sp,f,55-64,24,Smear Positive
Swaziland,2000,sp,f,65+,5,Smear Positive
Swaziland,2001,sp,m,0-14,16,Smear Positive
Swaziland,2001,sp,m,15-24,180,Smear Positive
Swaziland,2001,sp,m,25-34,468,Smear Positive
Swaziland,2001,sp,m,35-44,374,Smear Positive
Swaziland,2001,sp,m,45-54,238,Smear Positive
Swaziland,2001,sp,m,55-64,70,Smear Positive
Swaziland,2001,sp,m,65+,34,Smear Positive
Swaziland,2001,sp,f,0-14,22,Smear Positive
Swaziland,2001,sp,f,15-24,362,Smear Positive
Swaziland,2001,sp,f,25-34,474,Smear Positive
Swaziland,2001,sp,f,35-44,196,Smear Positive
Swaziland,2001,sp,f,45-54,74,Smear Positive
Swaziland,2001,sp,f,55-64,18,Smear Positive
Swaziland,2001,sp,f,65+,16,Smear Positive
Swaziland,2002,sp,m,0-14,1,Smear Positive
Swaziland,2002,sp,m,15-24,94,Smear Positive
Swaziland,2002,sp,m,25-34,244,Smear Positive
Swaziland,2002,sp,m,35-44,182,Smear Positive
Swaziland,2002,sp,m,45-54,117,Smear Positive
Swaziland,2002,sp,m,55-64,33,Smear Positive
Swaziland,2002,sp,m,65+,10,Smear Positive
Swaziland,2002,sp,f,0-14,9,Smear Positive
Swaziland,2002,sp,f,15-24,236,Smear Positive
Swaziland,2002,sp,f,25-34,274,Smear Positive
Swaziland,2002,sp,f,35-44,127,Smear Positive
Swaziland,2002,sp,f,45-54,50,Smear Positive
Swaziland,2002,sp,f,55-64,13,Smear Positive
Swaziland,2002,sp,f,65+,9,Smear Positive
Swaziland,2003,sp,m,0-14,15,Smear Positive
Swaziland,2003,sp,m,15-24,120,Smear Positive
Swaziland,2003,sp,m,25-34,298,Smear Positive
Swaziland,2003,sp,m,35-44,171,Smear Positive
Swaziland,2003,sp,m,45-54,96,Smear Positive
Swaziland,2003,sp,m,55-64,48,Smear Positive
Swaziland,2003,sp,m,65+,19,Smear Positive
Swaziland,2003,sp,f,0-14,14,Smear Positive
Swaziland,2003,sp,f,15-24,242,Smear Positive
Swaziland,2003,sp,f,25-34,325,Smear Positive
Swaziland,2003,sp,f,35-44,145,Smear Positive
Swaziland,2003,sp,f,45-54,60,Smear Positive
Swaziland,2003,sp,f,55-64,20,Smear Positive
Swaziland,2003,sp,f,65+,8,Smear Positive
Swaziland,2004,sp,m,0-14,6,Smear Positive
Swaziland,2004,sp,m,15-24,152,Smear Positive
Swaziland,2004,sp,m,25-34,316,Smear Positive
Swaziland,2004,sp,m,35-44,245,Smear Positive
Swaziland,2004,sp,m,45-54,140,Smear Positive
Swaziland,2004,sp,m,55-64,53,Smear Positive
Swaziland,2004,sp,m,65+,21,Smear Positive
Swaziland,2004,sp,f,0-14,17,Smear Positive
Swaziland,2004,sp,f,15-24,271,Smear Positive
Swaziland,2004,sp,f,25-34,381,Smear Positive
Swaziland,2004,sp,f,35-44,182,Smear Positive
Swaziland,2004,sp,f,45-54,74,Smear Positive
Swaziland,2004,sp,f,55-64,19,Smear Positive
Swaziland,2004,sp,f,65+,14,Smear Positive
Swaziland,2005,sp,m,0-14,9,Smear Positive
Swaziland,2005,sp,m,15-24,162,Smear Positive
Swaziland,2005,sp,m,25-34,406,Smear Positive
Swaziland,2005,sp,m,35-44,285,Smear Positive
Swaziland,2005,sp,m,45-54,139,Smear Positive
Swaziland,2005,sp,m,55-64,57,Smear Positive
Swaziland,2005,sp,m,65+,27,Smear Positive
Swaziland,2005,sp,f,0-14,14,Smear Positive
Swaziland,2005,sp,f,15-24,318,Smear Positive
Swaziland,2005,sp,f,25-34,453,Smear Positive
Swaziland,2005,sp,f,35-44,207,Smear Positive
Swaziland,2005,sp,f,45-54,73,Smear Positive
Swaziland,2005,sp,f,55-64,21,Smear Positive
Swaziland,2005,sp,f,65+,8,Smear Positive
Swaziland,2006,sp,m,0-14,32,Smear Positive
Swaziland,2006,sp,m,15-24,187,Smear Positive
Swaziland,2006,sp,m,25-34,452,Smear Positive
Swaziland,2006,sp,m,35-44,268,Smear Positive
Swaziland,2006,sp,m,45-54,164,Smear Positive
Swaziland,2006,sp,m,55-64,91,Smear Positive
Swaziland,2006,sp,m,65+,45,Smear Positive
Swaziland,2006,sp,f,0-14,35,Smear Positive
Swaziland,2006,sp,f,15-24,367,Smear Positive
Swaziland,2006,sp,f,25-34,464,Smear Positive
Swaziland,2006,sp,f,35-44,245,Smear Positive
Swaziland,2006,sp,f,45-54,107,Smear Positive
Swaziland,2006,sp,f,55-64,48,Smear Positive
Swaziland,2006,sp,f,65+,25,Smear Positive
Swaziland,2006,sn,m,0-14,399,Smear Negative
Swaziland,2006,sn,m,15-24,199,Smear Negative
Swaziland,2006,sn,m,25-34,493,Smear Negative
Swaziland,2006,sn,m,35-44,400,Smear Negative
Swaziland,2006,sn,m,45-54,249,Smear Negative
Swaziland,2006,sn,m,55-64,132,Smear Negative
Swaziland,2006,sn,m,65+,91,Smear Negative
Swaziland,2006,sn,f,0-14,360,Smear Negative
Swaziland,2006,sn,f,15-24,301,Smear Negative
Swaziland,2006,sn,f,25-34,523,Smear Negative
Swaziland,2006,sn,f,35-44,324,Smear Negative
Swaziland,2006,sn,f,45-54,148,Smear Negative
Swaziland,2006,sn,f,55-64,111,Smear Negative
Swaziland,2006,sn,f,65+,74,Smear Negative
Swaziland,2006,ep,m,0-14,55,Extrapulmonary
Swaziland,2006,ep,m,15-24,107,Extrapulmonary
Swaziland,2006,ep,m,25-34,276,Extrapulmonary
Swaziland,2006,ep,m,35-44,188,Extrapulmonary
Swaziland,2006,ep,m,45-54,111,Extrapulmonary
Swaziland,2006,ep,m,55-64,86,Extrapulmonary
Swaziland,2006,ep,m,65+,26,Extrapulmonary
Swaziland,2006,ep,f,0-14,53,Extrapulmonary
Swaziland,2006,ep,f,15-24,157,Extrapulmonary
Swaziland,2006,ep,f,25-34,277,Extrapulmonary
Swaziland,2006,ep,f,35-44,140,Extrapulmonary
Swaziland,2006,ep,f,45-54,56,Extrapulmonary
Swaziland,2006,ep,f,55-64,32,Extrapulmonary
Swaziland,2006,ep,f,65+,15,Extrapulmonary
Swaziland,2007,sp,m,15-24,223,Smear Positive
Swaziland,2007,sp,m,25-34,479,Smear Positive
Swaziland,2007,sp,m,35-44,344,Smear Positive
Swaziland,2007,sp,m,45-54,182,Smear Positive
Swaziland,2007,sp,m,55-64,57,Smear Positive
Swaziland,2007,sp,m,65+,27,Smear Positive
Swaziland,2007,sp,f,15-24,411,Smear Positive
Swaziland,2007,sp,f,25-34,576,Smear Positive
Swaziland,2007,sp,f,35-44,232,Smear Positive
Swaziland,2007,sp,f,45-54,98,Smear Positive
Swaziland,2007,sp,f,55-64,39,Smear Positive
Swaziland,2007,sp,f,65+,18,Smear Positive
Swaziland,2008,sp,m,0-14,29,Smear Positive
Swaziland,2008,sp,m,15-24,231,Smear Positive
Swaziland,2008,sp,m,25-34,552,Smear Positive
Swaziland,2008,sp,m,35-44,357,Smear Positive
Swaziland,2008,sp,m,45-54,193,Smear Positive
Swaziland,2008,sp,m,55-64,80,Smear Positive
Swaziland,2008,sp,m,65+,35,Smear Positive
Swaziland,2008,sp,f,0-14,39,Smear Positive
Swaziland,2008,sp,f,15-24,427,Smear Positive
Swaziland,2008,sp,f,25-34,663,Smear Positive
Swaziland,2008,sp,f,35-44,309,Smear Positive
Swaziland,2008,sp,f,45-54,114,Smear Positive
Swaziland,2008,sp,f,55-64,57,Smear Positive
Swaziland,2008,sp,f,65+,19,Smear Positive
Swaziland,2008,sn,m,0-14,0,Smear Negative
Swaziland,2008,sn,m,15-24,0,Smear Negative
Swaziland,2008,sn,m,25-34,0,Smear Negative
Swaziland,2008,sn,m,35-44,0,Smear Negative
Swaziland,2008,sn,m,45-54,0,Smear Negative
Swaziland,2008,sn,m,55-64,0,Smear Negative
Swaziland,2008,sn,m,65+,0,Smear Negative
Swaziland,2008,sn,f,0-14,0,Smear Negative
Swaziland,2008,sn,f,15-24,0,Smear Negative
Swaziland,2008,sn,f,25-34,0,Smear Negative
Swaziland,2008,sn,f,35-44,0,Smear Negative
Swaziland,2008,sn,f,45-54,0,Smear Negative
Swaziland,2008,sn,f,55-64,0,Smear Negative
Swaziland,2008,sn,f,65+,0,Smear Negative
Swaziland,2008,ep,m,0-14,0,Extrapulmonary
Swaziland,2008,ep,m,15-24,0,Extrapulmonary
Swaziland,2008,ep,m,25-34,0,Extrapulmonary
Swaziland,2008,ep,m,35-44,0,Extrapulmonary
Swaziland,2008,ep,m,45-54,0,Extrapulmonary
Swaziland,2008,ep,m,55-64,0,Extrapulmonary
Swaziland,2008,ep,m,65+,0,Extrapulmonary
Swaziland,2008,ep,f,0-14,0,Extrapulmonary
Swaziland,2008,ep,f,15-24,0,Extrapulmonary
Swaziland,2008,ep,f,25-34,0,Extrapulmonary
Swaziland,2008,ep,f,35-44,0,Extrapulmonary
Swaziland,2008,ep,f,45-54,0,Extrapulmonary
Swaziland,2008,ep,f,55-64,0,Extrapulmonary
Swaziland,2008,ep,f,65+,0,Extrapulmonary
Swaziland,2009,sp,m,0-14,26,Smear Positive
Swaziland,2009,sp,m,15-24,221,Smear Positive
Swaziland,2009,sp,m,25-34,637,Smear Positive
Swaziland,2009,sp,m,35-44,417,Smear Positive
Swaziland,2009,sp,m,45-54,208,Smear Positive
Swaziland,2009,sp,m,55-64,109,Smear Positive
Swaziland,2009,sp,m,65+,45,Smear Positive
Swaziland,2009,sp,f,0-14,54,Smear Positive
Swaziland,2009,sp,f,15-24,459,Smear Positive
Swaziland,2009,sp,f,25-34,759,Smear Positive
Swaziland,2009,sp,f,35-44,353,Smear Positive
Swaziland,2009,sp,f,45-54,121,Smear Positive
Swaziland,2009,sp,f,55-64,57,Smear Positive
Swaziland,2009,sp,f,65+,32,Smear Positive
Swaziland,2010,sp,m,0-14,30,Smear Positive
Swaziland,2010,sp,m,15-24,207,Smear Positive
Swaziland,2010,sp,m,25-34,537,Smear Positive
Swaziland,2010,sp,m,35-44,369,Smear Positive
Swaziland,2010,sp,m,45-54,192,Smear Positive
Swaziland,2010,sp,m,55-64,109,Smear Positive
Swaziland,2010,sp,m,65+,50,Smear Positive
Swaziland,2010,sp,f,0-14,51,Smear Positive
Swaziland,2010,sp,f,15-24,354,Smear Positive
Swaziland,2010,sp,f,25-34,662,Smear Positive
Swaziland,2010,sp,f,35-44,276,Smear Positive
Swaziland,2010,sp,f,45-54,104,Smear Positive
Swaziland,2010,sp,f,55-64,54,Smear Positive
Swaziland,2010,sp,f,65+,16,Smear Positive
Swaziland,2010,sn,m,0-14,740,Smear Negative
Swaziland,2010,sn,m,15-24,156,Smear Negative
Swaziland,2010,sn,m,25-34,540,Smear Negative
Swaziland,2010,sn,m,35-44,492,Smear Negative
Swaziland,2010,sn,m,45-54,266,Smear Negative
Swaziland,2010,sn,m,55-64,197,Smear Negative
Swaziland,2010,sn,m,65+,126,Smear Negative
Swaziland,2010,sn,f,0-14,690,Smear Negative
Swaziland,2010,sn,f,15-24,380,Smear Negative
Swaziland,2010,sn,f,25-34,630,Smear Negative
Swaziland,2010,sn,f,35-44,390,Smear Negative
Swaziland,2010,sn,f,45-54,216,Smear Negative
Swaziland,2010,sn,f,55-64,152,Smear Negative
Swaziland,2010,sn,f,65+,89,Smear Negative
Swaziland,2010,ep,m,0-14,65,Extrapulmonary
Swaziland,2010,ep,m,15-24,78,Extrapulmonary
Swaziland,2010,ep,m,25-34,293,Extrapulmonary
Swaziland,2010,ep,m,35-44,230,Extrapulmonary
Swaziland,2010,ep,m,45-54,104,Extrapulmonary
Swaziland,2010,ep,m,55-64,79,Extrapulmonary
Swaziland,2010,ep,m,65+,29,Extrapulmonary
Swaziland,2010,ep,f,0-14,57,Extrapulmonary
Swaziland,2010,ep,f,15-24,142,Extrapulmonary
Swaziland,2010,ep,f,25-34,279,Extrapulmonary
Swaziland,2010,ep,f,35-44,174,Extrapulmonary
Swaziland,2010,ep,f,45-54,54,Extrapulmonary
Swaziland,2010,ep,f,55-64,29,Extrapulmonary
Swaziland,2010,ep,f,65+,18,Extrapulmonary
Swaziland,2011,sp,m,0-14,16,Smear Positive
Swaziland,2011,sp,m,15-24,161,Smear Positive
Swaziland,2011,sp,m,25-34,459,Smear Positive
Swaziland,2011,sp,m,35-44,318,Smear Positive
Swaziland,2011,sp,m,45-54,158,Smear Positive
Swaziland,2011,sp,m,55-64,69,Smear Positive
Swaziland,2011,sp,m,65+,46,Smear Positive
Swaziland,2011,sp,f,0-14,35,Smear Positive
Swaziland,2011,sp,f,15-24,281,Smear Positive
Swaziland,2011,sp,f,25-34,495,Smear Positive
Swaziland,2011,sp,f,35-44,220,Smear Positive
Swaziland,2011,sp,f,45-54,86,Smear Positive
Swaziland,2011,sp,f,55-64,40,Smear Positive
Swaziland,2011,sp,f,65+,24,Smear Positive
Swaziland,2011,sn,m,0-14,71,Smear Negative
Swaziland,2011,sn,m,15-24,69,Smear Negative
Swaziland,2011,sn,m,25-34,232,Smear Negative
Swaziland,2011,sn,m,35-44,218,Smear Negative
Swaziland,2011,sn,m,45-54,124,Smear Negative
Swaziland,2011,sn,m,55-64,86,Smear Negative
Swaziland,2011,sn,m,65+,90,Smear Negative
Swaziland,2011,sn,f,0-14,82,Smear Negative
Swaziland,2011,sn,f,15-24,148,Smear Negative
Swaziland,2011,sn,f,25-34,327,Smear Negative
Swaziland,2011,sn,f,35-44,175,Smear Negative
Swaziland,2011,sn,f,45-54,90,Smear Negative
Swaziland,2011,sn,f,55-64,66,Smear Negative
Swaziland,2011,sn,f,65+,52,Smear Negative
Swaziland,2011,ep,m,0-14,44,Extrapulmonary
Swaziland,2011,ep,m,15-24,64,Extrapulmonary
Swaziland,2011,ep,m,25-34,254,Extrapulmonary
Swaziland,2011,ep,m,35-44,192,Extrapulmonary
Swaziland,2011,ep,m,45-54,87,Extrapulmonary
Swaziland,2011,ep,m,55-64,49,Extrapulmonary
Swaziland,2011,ep,m,65+,25,Extrapulmonary
Swaziland,2011,ep,f,0-14,39,Extrapulmonary
Swaziland,2011,ep,f,15-24,95,Extrapulmonary
Swaziland,2011,ep,f,25-34,298,Extrapulmonary
Swaziland,2011,ep,f,35-44,133,Extrapulmonary
Swaziland,2011,ep,f,45-54,61,Extrapulmonary
Swaziland,2011,ep,f,55-64,29,Extrapulmonary
Swaziland,2011,ep,f,65+,25,Extrapulmonary
Swaziland,2012,sp,m,0-14,18,Smear Positive
Swaziland,2012,sp,m,15-24,163,Smear Positive
Swaziland,2012,sp,m,25-34,479,Smear Positive
Swaziland,2012,sp,m,35-44,332,Smear Positive
Swaziland,2012,sp,m,45-54,168,Smear Positive
Swaziland,2012,sp,m,55-64,84,Smear Positive
Swaziland,2012,sp,m,65+,38,Smear Positive
Swaziland,2012,sp,f,0-14,39,Smear Positive
Swaziland,2012,sp,f,15-24,284,Smear Positive
Swaziland,2012,sp,f,25-34,535,Smear Positive
Swaziland,2012,sp,f,35-44,242,Smear Positive
Swaziland,2012,sp,f,45-54,88,Smear Positive
Swaziland,2012,sp,f,55-64,51,Smear Positive
Swaziland,2012,sp,f,65+,27,Smear Positive
Swaziland,2012,sn,m,0-14,362,Smear Negative
Swaziland,2012,sn,m,15-24,99,Smear Negative
Swaziland,2012,sn,m,25-34,411,Smear Negative
Swaziland,2012,sn,m,35-44,349,Smear Negative
Swaziland,2012,sn,m,45-54,197,Smear Negative
Swaziland,2012,sn,m,55-64,143,Smear Negative
Swaziland,2012,sn,m,65+,102,Smear Negative
Swaziland,2012,sn,f,0-14,298,Smear Negative
Swaziland,2012,sn,f,15-24,194,Smear Negative
Swaziland,2012,sn,f,25-34,446,Smear Negative
Swaziland,2012,sn,f,35-44,253,Smear Negative
Swaziland,2012,sn,f,45-54,119,Smear Negative
Swaziland,2012,sn,f,55-64,72,Smear Negative
Swaziland,2012,sn,f,65+,66,Smear Negative
Swaziland,2012,ep,m,0-14,34,Extrapulmonary
Swaziland,2012,ep,m,15-24,46,Extrapulmonary
Swaziland,2012,ep,m,25-34,222,Extrapulmonary
Swaziland,2012,ep,m,35-44,171,Extrapulmonary
Swaziland,2012,ep,m,45-54,82,Extrapulmonary
Swaziland,2012,ep,m,55-64,46,Extrapulmonary
Swaziland,2012,ep,m,65+,29,Extrapulmonary
Swaziland,2012,ep,f,0-14,34,Extrapulmonary
Swaziland,2012,ep,f,15-24,93,Extrapulmonary
Swaziland,2012,ep,f,25-34,234,Extrapulmonary
Swaziland,2012,ep,f,35-44,131,Extrapulmonary
Swaziland,2012,ep,f,45-54,50,Extrapulmonary
Swaziland,2012,ep,f,55-64,17,Extrapulmonary
Swaziland,2012,ep,f,65+,20,Extrapulmonary
Swaziland,2013,rel,m,0-14,340,Relapse
Swaziland,2013,rel,m,15-24,302,Relapse
Swaziland,2013,rel,m,25-34,1088,Relapse
Swaziland,2013,rel,m,35-44,952,Relapse
Swaziland,2013,rel,m,45-54,480,Relapse
Swaziland,2013,rel,m,55-64,302,Relapse
Swaziland,2013,rel,m,65+,194,Relapse
Swaziland,2013,rel,f,0-14,331,Relapse
Swaziland,2013,rel,f,15-24,517,Relapse
Swaziland,2013,rel,f,25-34,1087,Relapse
Swaziland,2013,rel,f,35-44,562,Relapse
Swaziland,2013,rel,f,45-54,267,Relapse
Swaziland,2013,rel,f,55-64,156,Relapse
Swaziland,2013,rel,f,65+,113,Relapse
Sweden,1995,sp,m,0-14,1,Smear Positive
Sweden,1995,sp,m,15-24,5,Smear Positive
Sweden,1995,sp,m,25-34,12,Smear Positive
Sweden,1995,sp,m,35-44,8,Smear Positive
Sweden,1995,sp,m,45-54,5,Smear Positive
Sweden,1995,sp,m,55-64,4,Smear Positive
Sweden,1995,sp,m,65+,27,Smear Positive
Sweden,1995,sp,f,0-14,0,Smear Positive
Sweden,1995,sp,f,15-24,10,Smear Positive
Sweden,1995,sp,f,25-34,13,Smear Positive
Sweden,1995,sp,f,35-44,5,Smear Positive
Sweden,1995,sp,f,45-54,5,Smear Positive
Sweden,1995,sp,f,55-64,4,Smear Positive
Sweden,1995,sp,f,65+,14,Smear Positive
Sweden,1996,sp,m,0-14,1,Smear Positive
Sweden,1996,sp,m,15-24,11,Smear Positive
Sweden,1996,sp,m,25-34,8,Smear Positive
Sweden,1996,sp,m,35-44,3,Smear Positive
Sweden,1996,sp,m,45-54,5,Smear Positive
Sweden,1996,sp,m,55-64,5,Smear Positive
Sweden,1996,sp,m,65+,17,Smear Positive
Sweden,1996,sp,f,0-14,1,Smear Positive
Sweden,1996,sp,f,15-24,4,Smear Positive
Sweden,1996,sp,f,25-34,10,Smear Positive
Sweden,1996,sp,f,35-44,4,Smear Positive
Sweden,1996,sp,f,45-54,1,Smear Positive
Sweden,1996,sp,f,55-64,6,Smear Positive
Sweden,1996,sp,f,65+,14,Smear Positive
Sweden,1997,sp,m,0-14,0,Smear Positive
Sweden,1997,sp,m,15-24,6,Smear Positive
Sweden,1997,sp,m,25-34,9,Smear Positive
Sweden,1997,sp,m,35-44,13,Smear Positive
Sweden,1997,sp,m,45-54,5,Smear Positive
Sweden,1997,sp,m,55-64,0,Smear Positive
Sweden,1997,sp,m,65+,16,Smear Positive
Sweden,1997,sp,f,0-14,2,Smear Positive
Sweden,1997,sp,f,15-24,10,Smear Positive
Sweden,1997,sp,f,25-34,8,Smear Positive
Sweden,1997,sp,f,35-44,9,Smear Positive
Sweden,1997,sp,f,45-54,2,Smear Positive
Sweden,1997,sp,f,55-64,3,Smear Positive
Sweden,1997,sp,f,65+,11,Smear Positive
Sweden,1998,sp,m,0-14,2,Smear Positive
Sweden,1998,sp,m,15-24,6,Smear Positive
Sweden,1998,sp,m,25-34,9,Smear Positive
Sweden,1998,sp,m,35-44,3,Smear Positive
Sweden,1998,sp,m,45-54,8,Smear Positive
Sweden,1998,sp,m,55-64,3,Smear Positive
Sweden,1998,sp,m,65+,15,Smear Positive
Sweden,1998,sp,f,0-14,1,Smear Positive
Sweden,1998,sp,f,15-24,10,Smear Positive
Sweden,1998,sp,f,25-34,15,Smear Positive
Sweden,1998,sp,f,35-44,5,Smear Positive
Sweden,1998,sp,f,45-54,0,Smear Positive
Sweden,1998,sp,f,55-64,2,Smear Positive
Sweden,1998,sp,f,65+,18,Smear Positive
Sweden,1999,sp,m,0-14,0,Smear Positive
Sweden,1999,sp,m,15-24,13,Smear Positive
Sweden,1999,sp,m,25-34,18,Smear Positive
Sweden,1999,sp,m,35-44,12,Smear Positive
Sweden,1999,sp,m,45-54,5,Smear Positive
Sweden,1999,sp,m,55-64,2,Smear Positive
Sweden,1999,sp,m,65+,22,Smear Positive
Sweden,1999,sp,f,0-14,1,Smear Positive
Sweden,1999,sp,f,15-24,7,Smear Positive
Sweden,1999,sp,f,25-34,14,Smear Positive
Sweden,1999,sp,f,35-44,7,Smear Positive
Sweden,1999,sp,f,45-54,3,Smear Positive
Sweden,1999,sp,f,55-64,2,Smear Positive
Sweden,1999,sp,f,65+,10,Smear Positive
Sweden,2000,sp,m,0-14,0,Smear Positive
Sweden,2000,sp,m,15-24,9,Smear Positive
Sweden,2000,sp,m,25-34,10,Smear Positive
Sweden,2000,sp,m,35-44,12,Smear Positive
Sweden,2000,sp,m,45-54,11,Smear Positive
Sweden,2000,sp,m,55-64,4,Smear Positive
Sweden,2000,sp,m,65+,25,Smear Positive
Sweden,2000,sp,f,0-14,1,Smear Positive
Sweden,2000,sp,f,15-24,9,Smear Positive
Sweden,2000,sp,f,25-34,8,Smear Positive
Sweden,2000,sp,f,35-44,10,Smear Positive
Sweden,2000,sp,f,45-54,2,Smear Positive
Sweden,2000,sp,f,55-64,2,Smear Positive
Sweden,2000,sp,f,65+,15,Smear Positive
Sweden,2001,sp,m,0-14,1,Smear Positive
Sweden,2001,sp,m,15-24,10,Smear Positive
Sweden,2001,sp,m,25-34,15,Smear Positive
Sweden,2001,sp,m,35-44,5,Smear Positive
Sweden,2001,sp,m,45-54,3,Smear Positive
Sweden,2001,sp,m,55-64,1,Smear Positive
Sweden,2001,sp,m,65+,23,Smear Positive
Sweden,2001,sp,f,0-14,1,Smear Positive
Sweden,2001,sp,f,15-24,4,Smear Positive
Sweden,2001,sp,f,25-34,12,Smear Positive
Sweden,2001,sp,f,35-44,8,Smear Positive
Sweden,2001,sp,f,45-54,2,Smear Positive
Sweden,2001,sp,f,55-64,2,Smear Positive
Sweden,2001,sp,f,65+,18,Smear Positive
Sweden,2002,sp,m,0-14,0,Smear Positive
Sweden,2002,sp,m,15-24,6,Smear Positive
Sweden,2002,sp,m,25-34,15,Smear Positive
Sweden,2002,sp,m,35-44,10,Smear Positive
Sweden,2002,sp,m,45-54,8,Smear Positive
Sweden,2002,sp,m,55-64,7,Smear Positive
Sweden,2002,sp,m,65+,8,Smear Positive
Sweden,2002,sp,f,0-14,0,Smear Positive
Sweden,2002,sp,f,15-24,11,Smear Positive
Sweden,2002,sp,f,25-34,14,Smear Positive
Sweden,2002,sp,f,35-44,8,Smear Positive
Sweden,2002,sp,f,45-54,7,Smear Positive
Sweden,2002,sp,f,55-64,2,Smear Positive
Sweden,2002,sp,f,65+,13,Smear Positive
Sweden,2003,sp,m,0-14,0,Smear Positive
Sweden,2003,sp,m,15-24,8,Smear Positive
Sweden,2003,sp,m,25-34,14,Smear Positive
Sweden,2003,sp,m,35-44,12,Smear Positive
Sweden,2003,sp,m,45-54,4,Smear Positive
Sweden,2003,sp,m,55-64,5,Smear Positive
Sweden,2003,sp,m,65+,20,Smear Positive
Sweden,2003,sp,f,0-14,0,Smear Positive
Sweden,2003,sp,f,15-24,10,Smear Positive
Sweden,2003,sp,f,25-34,18,Smear Positive
Sweden,2003,sp,f,35-44,6,Smear Positive
Sweden,2003,sp,f,45-54,2,Smear Positive
Sweden,2003,sp,f,55-64,0,Smear Positive
Sweden,2003,sp,f,65+,10,Smear Positive
Sweden,2004,sp,m,0-14,1,Smear Positive
Sweden,2004,sp,m,15-24,10,Smear Positive
Sweden,2004,sp,m,25-34,19,Smear Positive
Sweden,2004,sp,m,35-44,8,Smear Positive
Sweden,2004,sp,m,45-54,8,Smear Positive
Sweden,2004,sp,m,55-64,12,Smear Positive
Sweden,2004,sp,m,65+,13,Smear Positive
Sweden,2004,sp,f,0-14,0,Smear Positive
Sweden,2004,sp,f,15-24,11,Smear Positive
Sweden,2004,sp,f,25-34,11,Smear Positive
Sweden,2004,sp,f,35-44,13,Smear Positive
Sweden,2004,sp,f,45-54,2,Smear Positive
Sweden,2004,sp,f,55-64,3,Smear Positive
Sweden,2004,sp,f,65+,9,Smear Positive
Sweden,2005,sp,m,0-14,0,Smear Positive
Sweden,2005,sp,m,15-24,7,Smear Positive
Sweden,2005,sp,m,25-34,21,Smear Positive
Sweden,2005,sp,m,35-44,16,Smear Positive
Sweden,2005,sp,m,45-54,10,Smear Positive
Sweden,2005,sp,m,55-64,5,Smear Positive
Sweden,2005,sp,m,65+,16,Smear Positive
Sweden,2005,sp,f,0-14,1,Smear Positive
Sweden,2005,sp,f,15-24,10,Smear Positive
Sweden,2005,sp,f,25-34,15,Smear Positive
Sweden,2005,sp,f,35-44,12,Smear Positive
Sweden,2005,sp,f,45-54,5,Smear Positive
Sweden,2005,sp,f,55-64,3,Smear Positive
Sweden,2005,sp,f,65+,13,Smear Positive
Sweden,2006,sp,m,0-14,0,Smear Positive
Sweden,2006,sp,m,15-24,4,Smear Positive
Sweden,2006,sp,m,25-34,15,Smear Positive
Sweden,2006,sp,m,35-44,14,Smear Positive
Sweden,2006,sp,m,45-54,5,Smear Positive
Sweden,2006,sp,m,55-64,3,Smear Positive
Sweden,2006,sp,m,65+,16,Smear Positive
Sweden,2006,sp,f,0-14,1,Smear Positive
Sweden,2006,sp,f,15-24,12,Smear Positive
Sweden,2006,sp,f,25-34,14,Smear Positive
Sweden,2006,sp,f,35-44,9,Smear Positive
Sweden,2006,sp,f,45-54,1,Smear Positive
Sweden,2006,sp,f,55-64,2,Smear Positive
Sweden,2006,sp,f,65+,10,Smear Positive
Sweden,2006,sn,m,0-14,10,Smear Negative
Sweden,2006,sn,m,15-24,12,Smear Negative
Sweden,2006,sn,m,25-34,23,Smear Negative
Sweden,2006,sn,m,35-44,16,Smear Negative
Sweden,2006,sn,m,45-54,9,Smear Negative
Sweden,2006,sn,m,55-64,5,Smear Negative
Sweden,2006,sn,m,65+,38,Smear Negative
Sweden,2006,sn,f,0-14,8,Smear Negative
Sweden,2006,sn,f,15-24,15,Smear Negative
Sweden,2006,sn,f,25-34,23,Smear Negative
Sweden,2006,sn,f,35-44,7,Smear Negative
Sweden,2006,sn,f,45-54,4,Smear Negative
Sweden,2006,sn,f,55-64,9,Smear Negative
Sweden,2006,sn,f,65+,24,Smear Negative
Sweden,2006,ep,m,0-14,7,Extrapulmonary
Sweden,2006,ep,m,15-24,8,Extrapulmonary
Sweden,2006,ep,m,25-34,28,Extrapulmonary
Sweden,2006,ep,m,35-44,14,Extrapulmonary
Sweden,2006,ep,m,45-54,7,Extrapulmonary
Sweden,2006,ep,m,55-64,1,Extrapulmonary
Sweden,2006,ep,m,65+,16,Extrapulmonary
Sweden,2006,ep,f,0-14,2,Extrapulmonary
Sweden,2006,ep,f,15-24,15,Extrapulmonary
Sweden,2006,ep,f,25-34,25,Extrapulmonary
Sweden,2006,ep,f,35-44,20,Extrapulmonary
Sweden,2006,ep,f,45-54,10,Extrapulmonary
Sweden,2006,ep,f,55-64,6,Extrapulmonary
Sweden,2006,ep,f,65+,17,Extrapulmonary
Sweden,2007,sp,m,0-14,0,Smear Positive
Sweden,2007,sp,m,15-24,7,Smear Positive
Sweden,2007,sp,m,25-34,20,Smear Positive
Sweden,2007,sp,m,35-44,10,Smear Positive
Sweden,2007,sp,m,45-54,5,Smear Positive
Sweden,2007,sp,m,55-64,3,Smear Positive
Sweden,2007,sp,m,65+,9,Smear Positive
Sweden,2007,sp,f,0-14,1,Smear Positive
Sweden,2007,sp,f,15-24,5,Smear Positive
Sweden,2007,sp,f,25-34,11,Smear Positive
Sweden,2007,sp,f,35-44,8,Smear Positive
Sweden,2007,sp,f,45-54,4,Smear Positive
Sweden,2007,sp,f,55-64,1,Smear Positive
Sweden,2007,sp,f,65+,12,Smear Positive
Sweden,2007,sn,m,0-14,17,Smear Negative
Sweden,2007,sn,m,15-24,15,Smear Negative
Sweden,2007,sn,m,25-34,18,Smear Negative
Sweden,2007,sn,m,35-44,9,Smear Negative
Sweden,2007,sn,m,45-54,12,Smear Negative
Sweden,2007,sn,m,55-64,11,Smear Negative
Sweden,2007,sn,m,65+,16,Smear Negative
Sweden,2007,sn,f,0-14,9,Smear Negative
Sweden,2007,sn,f,15-24,17,Smear Negative
Sweden,2007,sn,f,25-34,25,Smear Negative
Sweden,2007,sn,f,35-44,14,Smear Negative
Sweden,2007,sn,f,45-54,7,Smear Negative
Sweden,2007,sn,f,55-64,5,Smear Negative
Sweden,2007,sn,f,65+,23,Smear Negative
Sweden,2007,ep,m,0-14,4,Extrapulmonary
Sweden,2007,ep,m,15-24,9,Extrapulmonary
Sweden,2007,ep,m,25-34,26,Extrapulmonary
Sweden,2007,ep,m,35-44,17,Extrapulmonary
Sweden,2007,ep,m,45-54,8,Extrapulmonary
Sweden,2007,ep,m,55-64,2,Extrapulmonary
Sweden,2007,ep,m,65+,11,Extrapulmonary
Sweden,2007,ep,f,0-14,0,Extrapulmonary
Sweden,2007,ep,f,15-24,12,Extrapulmonary
Sweden,2007,ep,f,25-34,23,Extrapulmonary
Sweden,2007,ep,f,35-44,23,Extrapulmonary
Sweden,2007,ep,f,45-54,11,Extrapulmonary
Sweden,2007,ep,f,55-64,7,Extrapulmonary
Sweden,2007,ep,f,65+,7,Extrapulmonary
Sweden,2008,sp,m,0-14,0,Smear Positive
Sweden,2008,sp,m,15-24,14,Smear Positive
Sweden,2008,sp,m,25-34,15,Smear Positive
Sweden,2008,sp,m,35-44,9,Smear Positive
Sweden,2008,sp,m,45-54,5,Smear Positive
Sweden,2008,sp,m,55-64,7,Smear Positive
Sweden,2008,sp,m,65+,6,Smear Positive
Sweden,2008,sp,f,0-14,0,Smear Positive
Sweden,2008,sp,f,15-24,12,Smear Positive
Sweden,2008,sp,f,25-34,13,Smear Positive
Sweden,2008,sp,f,35-44,5,Smear Positive
Sweden,2008,sp,f,45-54,4,Smear Positive
Sweden,2008,sp,f,55-64,1,Smear Positive
Sweden,2008,sp,f,65+,6,Smear Positive
Sweden,2008,sn,m,0-14,3,Smear Negative
Sweden,2008,sn,m,15-24,16,Smear Negative
Sweden,2008,sn,m,25-34,18,Smear Negative
Sweden,2008,sn,m,35-44,11,Smear Negative
Sweden,2008,sn,m,45-54,10,Smear Negative
Sweden,2008,sn,m,55-64,6,Smear Negative
Sweden,2008,sn,m,65+,10,Smear Negative
Sweden,2008,sn,f,0-14,7,Smear Negative
Sweden,2008,sn,f,15-24,16,Smear Negative
Sweden,2008,sn,f,25-34,18,Smear Negative
Sweden,2008,sn,f,35-44,16,Smear Negative
Sweden,2008,sn,f,45-54,6,Smear Negative
Sweden,2008,sn,f,55-64,9,Smear Negative
Sweden,2008,sn,f,65+,15,Smear Negative
Sweden,2008,ep,m,0-14,2,Extrapulmonary
Sweden,2008,ep,m,15-24,14,Extrapulmonary
Sweden,2008,ep,m,25-34,28,Extrapulmonary
Sweden,2008,ep,m,35-44,16,Extrapulmonary
Sweden,2008,ep,m,45-54,13,Extrapulmonary
Sweden,2008,ep,m,55-64,7,Extrapulmonary
Sweden,2008,ep,m,65+,7,Extrapulmonary
Sweden,2008,ep,f,0-14,5,Extrapulmonary
Sweden,2008,ep,f,15-24,17,Extrapulmonary
Sweden,2008,ep,f,25-34,30,Extrapulmonary
Sweden,2008,ep,f,35-44,28,Extrapulmonary
Sweden,2008,ep,f,45-54,9,Extrapulmonary
Sweden,2008,ep,f,55-64,6,Extrapulmonary
Sweden,2008,ep,f,65+,17,Extrapulmonary
Sweden,2009,sp,m,0-14,0,Smear Positive
Sweden,2009,sp,m,15-24,14,Smear Positive
Sweden,2009,sp,m,25-34,16,Smear Positive
Sweden,2009,sp,m,35-44,10,Smear Positive
Sweden,2009,sp,m,45-54,7,Smear Positive
Sweden,2009,sp,m,55-64,5,Smear Positive
Sweden,2009,sp,m,65+,11,Smear Positive
Sweden,2009,sp,f,0-14,1,Smear Positive
Sweden,2009,sp,f,15-24,9,Smear Positive
Sweden,2009,sp,f,25-34,10,Smear Positive
Sweden,2009,sp,f,35-44,6,Smear Positive
Sweden,2009,sp,f,45-54,5,Smear Positive
Sweden,2009,sp,f,55-64,2,Smear Positive
Sweden,2009,sp,f,65+,11,Smear Positive
Sweden,2009,sn,m,0-14,8,Smear Negative
Sweden,2009,sn,m,15-24,19,Smear Negative
Sweden,2009,sn,m,25-34,28,Smear Negative
Sweden,2009,sn,m,35-44,10,Smear Negative
Sweden,2009,sn,m,45-54,13,Smear Negative
Sweden,2009,sn,m,55-64,9,Smear Negative
Sweden,2009,sn,m,65+,16,Smear Negative
Sweden,2009,sn,f,0-14,4,Smear Negative
Sweden,2009,sn,f,15-24,14,Smear Negative
Sweden,2009,sn,f,25-34,15,Smear Negative
Sweden,2009,sn,f,35-44,13,Smear Negative
Sweden,2009,sn,f,45-54,5,Smear Negative
Sweden,2009,sn,f,55-64,9,Smear Negative
Sweden,2009,sn,f,65+,14,Smear Negative
Sweden,2009,ep,m,0-14,8,Extrapulmonary
Sweden,2009,ep,m,15-24,17,Extrapulmonary
Sweden,2009,ep,m,25-34,40,Extrapulmonary
Sweden,2009,ep,m,35-44,17,Extrapulmonary
Sweden,2009,ep,m,45-54,8,Extrapulmonary
Sweden,2009,ep,m,55-64,5,Extrapulmonary
Sweden,2009,ep,m,65+,9,Extrapulmonary
Sweden,2009,ep,f,0-14,4,Extrapulmonary
Sweden,2009,ep,f,15-24,31,Extrapulmonary
Sweden,2009,ep,f,25-34,26,Extrapulmonary
Sweden,2009,ep,f,35-44,23,Extrapulmonary
Sweden,2009,ep,f,45-54,8,Extrapulmonary
Sweden,2009,ep,f,55-64,10,Extrapulmonary
Sweden,2009,ep,f,65+,18,Extrapulmonary
Sweden,2010,sp,m,0-14,1,Smear Positive
Sweden,2010,sp,m,15-24,10,Smear Positive
Sweden,2010,sp,m,25-34,28,Smear Positive
Sweden,2010,sp,m,35-44,8,Smear Positive
Sweden,2010,sp,m,45-54,5,Smear Positive
Sweden,2010,sp,m,55-64,5,Smear Positive
Sweden,2010,sp,m,65+,13,Smear Positive
Sweden,2010,sp,f,0-14,2,Smear Positive
Sweden,2010,sp,f,15-24,9,Smear Positive
Sweden,2010,sp,f,25-34,16,Smear Positive
Sweden,2010,sp,f,35-44,11,Smear Positive
Sweden,2010,sp,f,45-54,4,Smear Positive
Sweden,2010,sp,f,55-64,2,Smear Positive
Sweden,2010,sp,f,65+,3,Smear Positive
Sweden,2010,sn,m,0-14,13,Smear Negative
Sweden,2010,sn,m,15-24,33,Smear Negative
Sweden,2010,sn,m,25-34,33,Smear Negative
Sweden,2010,sn,m,35-44,15,Smear Negative
Sweden,2010,sn,m,45-54,3,Smear Negative
Sweden,2010,sn,m,55-64,8,Smear Negative
Sweden,2010,sn,m,65+,17,Smear Negative
Sweden,2010,sn,f,0-14,14,Smear Negative
Sweden,2010,sn,f,15-24,29,Smear Negative
Sweden,2010,sn,f,25-34,27,Smear Negative
Sweden,2010,sn,f,35-44,8,Smear Negative
Sweden,2010,sn,f,45-54,6,Smear Negative
Sweden,2010,sn,f,55-64,1,Smear Negative
Sweden,2010,sn,f,65+,16,Smear Negative
Sweden,2010,ep,m,0-14,4,Extrapulmonary
Sweden,2010,ep,m,15-24,24,Extrapulmonary
Sweden,2010,ep,m,25-34,37,Extrapulmonary
Sweden,2010,ep,m,35-44,19,Extrapulmonary
Sweden,2010,ep,m,45-54,8,Extrapulmonary
Sweden,2010,ep,m,55-64,4,Extrapulmonary
Sweden,2010,ep,m,65+,6,Extrapulmonary
Sweden,2010,ep,f,0-14,3,Extrapulmonary
Sweden,2010,ep,f,15-24,18,Extrapulmonary
Sweden,2010,ep,f,25-34,36,Extrapulmonary
Sweden,2010,ep,f,35-44,13,Extrapulmonary
Sweden,2010,ep,f,45-54,12,Extrapulmonary
Sweden,2010,ep,f,55-64,5,Extrapulmonary
Sweden,2010,ep,f,65+,17,Extrapulmonary
Sweden,2011,sp,m,0-14,1,Smear Positive
Sweden,2011,sp,m,15-24,14,Smear Positive
Sweden,2011,sp,m,25-34,15,Smear Positive
Sweden,2011,sp,m,35-44,12,Smear Positive
Sweden,2011,sp,m,45-54,8,Smear Positive
Sweden,2011,sp,m,55-64,3,Smear Positive
Sweden,2011,sp,m,65+,8,Smear Positive
Sweden,2011,sp,f,0-14,0,Smear Positive
Sweden,2011,sp,f,15-24,12,Smear Positive
Sweden,2011,sp,f,25-34,9,Smear Positive
Sweden,2011,sp,f,35-44,10,Smear Positive
Sweden,2011,sp,f,45-54,2,Smear Positive
Sweden,2011,sp,f,55-64,2,Smear Positive
Sweden,2011,sp,f,65+,3,Smear Positive
Sweden,2011,sn,m,0-14,13,Smear Negative
Sweden,2011,sn,m,15-24,22,Smear Negative
Sweden,2011,sn,m,25-34,40,Smear Negative
Sweden,2011,sn,m,35-44,12,Smear Negative
Sweden,2011,sn,m,45-54,4,Smear Negative
Sweden,2011,sn,m,55-64,4,Smear Negative
Sweden,2011,sn,m,65+,15,Smear Negative
Sweden,2011,sn,f,0-14,9,Smear Negative
Sweden,2011,sn,f,15-24,14,Smear Negative
Sweden,2011,sn,f,25-34,15,Smear Negative
Sweden,2011,sn,f,35-44,11,Smear Negative
Sweden,2011,sn,f,45-54,6,Smear Negative
Sweden,2011,sn,f,55-64,6,Smear Negative
Sweden,2011,sn,f,65+,9,Smear Negative
Sweden,2011,ep,m,0-14,4,Extrapulmonary
Sweden,2011,ep,m,15-24,26,Extrapulmonary
Sweden,2011,ep,m,25-34,33,Extrapulmonary
Sweden,2011,ep,m,35-44,13,Extrapulmonary
Sweden,2011,ep,m,45-54,7,Extrapulmonary
Sweden,2011,ep,m,55-64,5,Extrapulmonary
Sweden,2011,ep,m,65+,2,Extrapulmonary
Sweden,2011,ep,f,0-14,2,Extrapulmonary
Sweden,2011,ep,f,15-24,13,Extrapulmonary
Sweden,2011,ep,f,25-34,31,Extrapulmonary
Sweden,2011,ep,f,35-44,17,Extrapulmonary
Sweden,2011,ep,f,45-54,11,Extrapulmonary
Sweden,2011,ep,f,55-64,5,Extrapulmonary
Sweden,2011,ep,f,65+,1,Extrapulmonary
Sweden,2012,sp,m,0-14,0,Smear Positive
Sweden,2012,sp,m,15-24,8,Smear Positive
Sweden,2012,sp,m,25-34,16,Smear Positive
Sweden,2012,sp,m,35-44,8,Smear Positive
Sweden,2012,sp,m,45-54,9,Smear Positive
Sweden,2012,sp,m,55-64,8,Smear Positive
Sweden,2012,sp,m,65+,13,Smear Positive
Sweden,2012,sp,f,0-14,0,Smear Positive
Sweden,2012,sp,f,15-24,11,Smear Positive
Sweden,2012,sp,f,25-34,10,Smear Positive
Sweden,2012,sp,f,35-44,3,Smear Positive
Sweden,2012,sp,f,45-54,7,Smear Positive
Sweden,2012,sp,f,55-64,2,Smear Positive
Sweden,2012,sp,f,65+,6,Smear Positive
Sweden,2012,sn,m,0-14,9,Smear Negative
Sweden,2012,sn,m,15-24,39,Smear Negative
Sweden,2012,sn,m,25-34,30,Smear Negative
Sweden,2012,sn,m,35-44,12,Smear Negative
Sweden,2012,sn,m,45-54,10,Smear Negative
Sweden,2012,sn,m,55-64,9,Smear Negative
Sweden,2012,sn,m,65+,22,Smear Negative
Sweden,2012,sn,f,0-14,8,Smear Negative
Sweden,2012,sn,f,15-24,23,Smear Negative
Sweden,2012,sn,f,25-34,23,Smear Negative
Sweden,2012,sn,f,35-44,17,Smear Negative
Sweden,2012,sn,f,45-54,14,Smear Negative
Sweden,2012,sn,f,55-64,7,Smear Negative
Sweden,2012,sn,f,65+,10,Smear Negative
Sweden,2012,ep,m,0-14,3,Extrapulmonary
Sweden,2012,ep,m,15-24,34,Extrapulmonary
Sweden,2012,ep,m,25-34,43,Extrapulmonary
Sweden,2012,ep,m,35-44,21,Extrapulmonary
Sweden,2012,ep,m,45-54,6,Extrapulmonary
Sweden,2012,ep,m,55-64,8,Extrapulmonary
Sweden,2012,ep,m,65+,5,Extrapulmonary
Sweden,2012,ep,f,0-14,4,Extrapulmonary
Sweden,2012,ep,f,15-24,18,Extrapulmonary
Sweden,2012,ep,f,25-34,36,Extrapulmonary
Sweden,2012,ep,f,35-44,20,Extrapulmonary
Sweden,2012,ep,f,45-54,11,Extrapulmonary
Sweden,2012,ep,f,55-64,13,Extrapulmonary
Sweden,2012,ep,f,65+,7,Extrapulmonary
Sweden,2013,rel,m,0-14,18,Relapse
Sweden,2013,rel,m,15-24,94,Relapse
Sweden,2013,rel,m,25-34,93,Relapse
Sweden,2013,rel,m,35-44,40,Relapse
Sweden,2013,rel,m,45-54,20,Relapse
Sweden,2013,rel,m,55-64,25,Relapse
Sweden,2013,rel,m,65+,34,Relapse
Sweden,2013,rel,f,0-14,30,Relapse
Sweden,2013,rel,f,15-24,48,Relapse
Sweden,2013,rel,f,25-34,90,Relapse
Sweden,2013,rel,f,35-44,33,Relapse
Sweden,2013,rel,f,45-54,39,Relapse
Sweden,2013,rel,f,55-64,16,Relapse
Sweden,2013,rel,f,65+,30,Relapse
Switzerland,1995,sp,m,0-14,0,Smear Positive
Switzerland,1995,sp,m,15-24,12,Smear Positive
Switzerland,1995,sp,m,25-34,23,Smear Positive
Switzerland,1995,sp,m,35-44,26,Smear Positive
Switzerland,1995,sp,m,45-54,23,Smear Positive
Switzerland,1995,sp,m,55-64,13,Smear Positive
Switzerland,1995,sp,m,65+,27,Smear Positive
Switzerland,1995,sp,f,0-14,1,Smear Positive
Switzerland,1995,sp,f,15-24,13,Smear Positive
Switzerland,1995,sp,f,25-34,20,Smear Positive
Switzerland,1995,sp,f,35-44,9,Smear Positive
Switzerland,1995,sp,f,45-54,1,Smear Positive
Switzerland,1995,sp,f,55-64,2,Smear Positive
Switzerland,1995,sp,f,65+,15,Smear Positive
Switzerland,1996,sp,m,0-14,1,Smear Positive
Switzerland,1996,sp,m,15-24,12,Smear Positive
Switzerland,1996,sp,m,25-34,28,Smear Positive
Switzerland,1996,sp,m,35-44,27,Smear Positive
Switzerland,1996,sp,m,45-54,17,Smear Positive
Switzerland,1996,sp,m,55-64,17,Smear Positive
Switzerland,1996,sp,m,65+,22,Smear Positive
Switzerland,1996,sp,f,0-14,0,Smear Positive
Switzerland,1996,sp,f,15-24,6,Smear Positive
Switzerland,1996,sp,f,25-34,18,Smear Positive
Switzerland,1996,sp,f,35-44,4,Smear Positive
Switzerland,1996,sp,f,45-54,4,Smear Positive
Switzerland,1996,sp,f,55-64,4,Smear Positive
Switzerland,1996,sp,f,65+,12,Smear Positive
Switzerland,1997,sp,m,0-14,0,Smear Positive
Switzerland,1997,sp,m,15-24,16,Smear Positive
Switzerland,1997,sp,m,25-34,20,Smear Positive
Switzerland,1997,sp,m,35-44,15,Smear Positive
Switzerland,1997,sp,m,45-54,11,Smear Positive
Switzerland,1997,sp,m,55-64,7,Smear Positive
Switzerland,1997,sp,m,65+,25,Smear Positive
Switzerland,1997,sp,f,0-14,0,Smear Positive
Switzerland,1997,sp,f,15-24,14,Smear Positive
Switzerland,1997,sp,f,25-34,14,Smear Positive
Switzerland,1997,sp,f,35-44,6,Smear Positive
Switzerland,1997,sp,f,45-54,2,Smear Positive
Switzerland,1997,sp,f,55-64,2,Smear Positive
Switzerland,1997,sp,f,65+,12,Smear Positive
Switzerland,1998,sp,m,0-14,0,Smear Positive
Switzerland,1998,sp,m,15-24,15,Smear Positive
Switzerland,1998,sp,m,25-34,30,Smear Positive
Switzerland,1998,sp,m,35-44,26,Smear Positive
Switzerland,1998,sp,m,45-54,12,Smear Positive
Switzerland,1998,sp,m,55-64,10,Smear Positive
Switzerland,1998,sp,m,65+,23,Smear Positive
Switzerland,1998,sp,f,0-14,1,Smear Positive
Switzerland,1998,sp,f,15-24,11,Smear Positive
Switzerland,1998,sp,f,25-34,15,Smear Positive
Switzerland,1998,sp,f,35-44,6,Smear Positive
Switzerland,1998,sp,f,45-54,4,Smear Positive
Switzerland,1998,sp,f,55-64,1,Smear Positive
Switzerland,1998,sp,f,65+,11,Smear Positive
Switzerland,1999,sp,m,0-14,1,Smear Positive
Switzerland,1999,sp,m,15-24,9,Smear Positive
Switzerland,1999,sp,m,25-34,9,Smear Positive
Switzerland,1999,sp,m,35-44,11,Smear Positive
Switzerland,1999,sp,m,45-54,2,Smear Positive
Switzerland,1999,sp,m,55-64,3,Smear Positive
Switzerland,1999,sp,m,65+,3,Smear Positive
Switzerland,1999,sp,f,0-14,0,Smear Positive
Switzerland,1999,sp,f,15-24,6,Smear Positive
Switzerland,1999,sp,f,25-34,11,Smear Positive
Switzerland,1999,sp,f,35-44,6,Smear Positive
Switzerland,1999,sp,f,45-54,0,Smear Positive
Switzerland,1999,sp,f,55-64,1,Smear Positive
Switzerland,1999,sp,f,65+,3,Smear Positive
Switzerland,1999,sn,m,0-14,2,Smear Negative
Switzerland,1999,sn,m,15-24,20,Smear Negative
Switzerland,1999,sn,m,25-34,20,Smear Negative
Switzerland,1999,sn,m,35-44,15,Smear Negative
Switzerland,1999,sn,m,45-54,20,Smear Negative
Switzerland,1999,sn,m,55-64,8,Smear Negative
Switzerland,1999,sn,m,65+,22,Smear Negative
Switzerland,1999,sn,f,0-14,9,Smear Negative
Switzerland,1999,sn,f,15-24,10,Smear Negative
Switzerland,1999,sn,f,25-34,24,Smear Negative
Switzerland,1999,sn,f,35-44,13,Smear Negative
Switzerland,1999,sn,f,45-54,5,Smear Negative
Switzerland,1999,sn,f,55-64,7,Smear Negative
Switzerland,1999,sn,f,65+,25,Smear Negative
Switzerland,1999,ep,m,0-14,0,Extrapulmonary
Switzerland,1999,ep,m,15-24,3,Extrapulmonary
Switzerland,1999,ep,m,25-34,13,Extrapulmonary
Switzerland,1999,ep,m,35-44,11,Extrapulmonary
Switzerland,1999,ep,m,45-54,2,Extrapulmonary
Switzerland,1999,ep,m,55-64,1,Extrapulmonary
Switzerland,1999,ep,m,65+,10,Extrapulmonary
Switzerland,1999,ep,f,0-14,2,Extrapulmonary
Switzerland,1999,ep,f,15-24,9,Extrapulmonary
Switzerland,1999,ep,f,25-34,11,Extrapulmonary
Switzerland,1999,ep,f,35-44,9,Extrapulmonary
Switzerland,1999,ep,f,45-54,7,Extrapulmonary
Switzerland,1999,ep,f,55-64,3,Extrapulmonary
Switzerland,1999,ep,f,65+,16,Extrapulmonary
Switzerland,2000,sp,m,0-14,0,Smear Positive
Switzerland,2000,sp,m,15-24,5,Smear Positive
Switzerland,2000,sp,m,25-34,17,Smear Positive
Switzerland,2000,sp,m,35-44,10,Smear Positive
Switzerland,2000,sp,m,45-54,7,Smear Positive
Switzerland,2000,sp,m,55-64,6,Smear Positive
Switzerland,2000,sp,m,65+,6,Smear Positive
Switzerland,2000,sp,f,0-14,1,Smear Positive
Switzerland,2000,sp,f,15-24,8,Smear Positive
Switzerland,2000,sp,f,25-34,11,Smear Positive
Switzerland,2000,sp,f,35-44,7,Smear Positive
Switzerland,2000,sp,f,45-54,2,Smear Positive
Switzerland,2000,sp,f,55-64,1,Smear Positive
Switzerland,2000,sp,f,65+,5,Smear Positive
Switzerland,2000,sn,m,0-14,5,Smear Negative
Switzerland,2000,sn,m,15-24,17,Smear Negative
Switzerland,2000,sn,m,25-34,19,Smear Negative
Switzerland,2000,sn,m,35-44,21,Smear Negative
Switzerland,2000,sn,m,45-54,16,Smear Negative
Switzerland,2000,sn,m,55-64,17,Smear Negative
Switzerland,2000,sn,m,65+,34,Smear Negative
Switzerland,2000,sn,f,0-14,1,Smear Negative
Switzerland,2000,sn,f,15-24,13,Smear Negative
Switzerland,2000,sn,f,25-34,23,Smear Negative
Switzerland,2000,sn,f,35-44,22,Smear Negative
Switzerland,2000,sn,f,45-54,4,Smear Negative
Switzerland,2000,sn,f,55-64,4,Smear Negative
Switzerland,2000,sn,f,65+,20,Smear Negative
Switzerland,2000,ep,m,0-14,1,Extrapulmonary
Switzerland,2000,ep,m,15-24,7,Extrapulmonary
Switzerland,2000,ep,m,25-34,9,Extrapulmonary
Switzerland,2000,ep,m,35-44,8,Extrapulmonary
Switzerland,2000,ep,m,45-54,5,Extrapulmonary
Switzerland,2000,ep,m,55-64,4,Extrapulmonary
Switzerland,2000,ep,m,65+,8,Extrapulmonary
Switzerland,2000,ep,f,0-14,2,Extrapulmonary
Switzerland,2000,ep,f,15-24,14,Extrapulmonary
Switzerland,2000,ep,f,25-34,13,Extrapulmonary
Switzerland,2000,ep,f,35-44,11,Extrapulmonary
Switzerland,2000,ep,f,45-54,3,Extrapulmonary
Switzerland,2000,ep,f,55-64,4,Extrapulmonary
Switzerland,2000,ep,f,65+,12,Extrapulmonary
Switzerland,2001,sp,m,0-14,0,Smear Positive
Switzerland,2001,sp,m,15-24,7,Smear Positive
Switzerland,2001,sp,m,25-34,16,Smear Positive
Switzerland,2001,sp,m,35-44,12,Smear Positive
Switzerland,2001,sp,m,45-54,6,Smear Positive
Switzerland,2001,sp,m,55-64,9,Smear Positive
Switzerland,2001,sp,m,65+,5,Smear Positive
Switzerland,2001,sp,f,0-14,0,Smear Positive
Switzerland,2001,sp,f,15-24,4,Smear Positive
Switzerland,2001,sp,f,25-34,9,Smear Positive
Switzerland,2001,sp,f,35-44,3,Smear Positive
Switzerland,2001,sp,f,45-54,2,Smear Positive
Switzerland,2001,sp,f,55-64,1,Smear Positive
Switzerland,2001,sp,f,65+,6,Smear Positive
Switzerland,2001,sn,m,0-14,5,Smear Negative
Switzerland,2001,sn,m,15-24,20,Smear Negative
Switzerland,2001,sn,m,25-34,15,Smear Negative
Switzerland,2001,sn,m,35-44,19,Smear Negative
Switzerland,2001,sn,m,45-54,18,Smear Negative
Switzerland,2001,sn,m,55-64,13,Smear Negative
Switzerland,2001,sn,m,65+,26,Smear Negative
Switzerland,2001,sn,f,0-14,4,Smear Negative
Switzerland,2001,sn,f,15-24,13,Smear Negative
Switzerland,2001,sn,f,25-34,28,Smear Negative
Switzerland,2001,sn,f,35-44,11,Smear Negative
Switzerland,2001,sn,f,45-54,3,Smear Negative
Switzerland,2001,sn,f,55-64,5,Smear Negative
Switzerland,2001,sn,f,65+,27,Smear Negative
Switzerland,2001,ep,m,0-14,1,Extrapulmonary
Switzerland,2001,ep,m,15-24,8,Extrapulmonary
Switzerland,2001,ep,m,25-34,4,Extrapulmonary
Switzerland,2001,ep,m,35-44,7,Extrapulmonary
Switzerland,2001,ep,m,45-54,5,Extrapulmonary
Switzerland,2001,ep,m,55-64,5,Extrapulmonary
Switzerland,2001,ep,m,65+,6,Extrapulmonary
Switzerland,2001,ep,f,0-14,2,Extrapulmonary
Switzerland,2001,ep,f,15-24,11,Extrapulmonary
Switzerland,2001,ep,f,25-34,17,Extrapulmonary
Switzerland,2001,ep,f,35-44,9,Extrapulmonary
Switzerland,2001,ep,f,45-54,3,Extrapulmonary
Switzerland,2001,ep,f,55-64,6,Extrapulmonary
Switzerland,2001,ep,f,65+,12,Extrapulmonary
Switzerland,2002,sp,m,0-14,0,Smear Positive
Switzerland,2002,sp,m,15-24,10,Smear Positive
Switzerland,2002,sp,m,25-34,16,Smear Positive
Switzerland,2002,sp,m,35-44,10,Smear Positive
Switzerland,2002,sp,m,45-54,16,Smear Positive
Switzerland,2002,sp,m,55-64,4,Smear Positive
Switzerland,2002,sp,m,65+,7,Smear Positive
Switzerland,2002,sp,f,0-14,0,Smear Positive
Switzerland,2002,sp,f,15-24,12,Smear Positive
Switzerland,2002,sp,f,25-34,14,Smear Positive
Switzerland,2002,sp,f,35-44,5,Smear Positive
Switzerland,2002,sp,f,45-54,4,Smear Positive
Switzerland,2002,sp,f,55-64,0,Smear Positive
Switzerland,2002,sp,f,65+,4,Smear Positive
Switzerland,2002,sn,m,0-14,8,Smear Negative
Switzerland,2002,sn,m,15-24,31,Smear Negative
Switzerland,2002,sn,m,25-34,21,Smear Negative
Switzerland,2002,sn,m,35-44,20,Smear Negative
Switzerland,2002,sn,m,45-54,7,Smear Negative
Switzerland,2002,sn,m,55-64,14,Smear Negative
Switzerland,2002,sn,m,65+,22,Smear Negative
Switzerland,2002,sn,f,0-14,10,Smear Negative
Switzerland,2002,sn,f,15-24,20,Smear Negative
Switzerland,2002,sn,f,25-34,34,Smear Negative
Switzerland,2002,sn,f,35-44,11,Smear Negative
Switzerland,2002,sn,f,45-54,6,Smear Negative
Switzerland,2002,sn,f,55-64,4,Smear Negative
Switzerland,2002,sn,f,65+,23,Smear Negative
Switzerland,2002,ep,m,0-14,1,Extrapulmonary
Switzerland,2002,ep,m,15-24,9,Extrapulmonary
Switzerland,2002,ep,m,25-34,17,Extrapulmonary
Switzerland,2002,ep,m,35-44,8,Extrapulmonary
Switzerland,2002,ep,m,45-54,5,Extrapulmonary
Switzerland,2002,ep,m,55-64,6,Extrapulmonary
Switzerland,2002,ep,m,65+,9,Extrapulmonary
Switzerland,2002,ep,f,0-14,1,Extrapulmonary
Switzerland,2002,ep,f,15-24,8,Extrapulmonary
Switzerland,2002,ep,f,25-34,10,Extrapulmonary
Switzerland,2002,ep,f,35-44,12,Extrapulmonary
Switzerland,2002,ep,f,45-54,5,Extrapulmonary
Switzerland,2002,ep,f,55-64,5,Extrapulmonary
Switzerland,2002,ep,f,65+,9,Extrapulmonary
Switzerland,2003,sp,m,0-14,0,Smear Positive
Switzerland,2003,sp,m,15-24,10,Smear Positive
Switzerland,2003,sp,m,25-34,7,Smear Positive
Switzerland,2003,sp,m,35-44,20,Smear Positive
Switzerland,2003,sp,m,45-54,7,Smear Positive
Switzerland,2003,sp,m,55-64,4,Smear Positive
Switzerland,2003,sp,m,65+,9,Smear Positive
Switzerland,2003,sp,f,0-14,1,Smear Positive
Switzerland,2003,sp,f,15-24,9,Smear Positive
Switzerland,2003,sp,f,25-34,9,Smear Positive
Switzerland,2003,sp,f,35-44,3,Smear Positive
Switzerland,2003,sp,f,45-54,0,Smear Positive
Switzerland,2003,sp,f,55-64,5,Smear Positive
Switzerland,2003,sp,f,65+,1,Smear Positive
Switzerland,2003,sn,m,0-14,10,Smear Negative
Switzerland,2003,sn,m,15-24,24,Smear Negative
Switzerland,2003,sn,m,25-34,23,Smear Negative
Switzerland,2003,sn,m,35-44,18,Smear Negative
Switzerland,2003,sn,m,45-54,19,Smear Negative
Switzerland,2003,sn,m,55-64,12,Smear Negative
Switzerland,2003,sn,m,65+,20,Smear Negative
Switzerland,2003,sn,f,0-14,7,Smear Negative
Switzerland,2003,sn,f,15-24,11,Smear Negative
Switzerland,2003,sn,f,25-34,17,Smear Negative
Switzerland,2003,sn,f,35-44,11,Smear Negative
Switzerland,2003,sn,f,45-54,7,Smear Negative
Switzerland,2003,sn,f,55-64,8,Smear Negative
Switzerland,2003,sn,f,65+,23,Smear Negative
Switzerland,2003,ep,m,0-14,1,Extrapulmonary
Switzerland,2003,ep,m,15-24,10,Extrapulmonary
Switzerland,2003,ep,m,25-34,14,Extrapulmonary
Switzerland,2003,ep,m,35-44,4,Extrapulmonary
Switzerland,2003,ep,m,45-54,2,Extrapulmonary
Switzerland,2003,ep,m,55-64,1,Extrapulmonary
Switzerland,2003,ep,m,65+,7,Extrapulmonary
Switzerland,2003,ep,f,0-14,1,Extrapulmonary
Switzerland,2003,ep,f,15-24,13,Extrapulmonary
Switzerland,2003,ep,f,25-34,15,Extrapulmonary
Switzerland,2003,ep,f,35-44,8,Extrapulmonary
Switzerland,2003,ep,f,45-54,13,Extrapulmonary
Switzerland,2003,ep,f,55-64,3,Extrapulmonary
Switzerland,2003,ep,f,65+,14,Extrapulmonary
Switzerland,2004,sp,m,0-14,0,Smear Positive
Switzerland,2004,sp,m,15-24,12,Smear Positive
Switzerland,2004,sp,m,25-34,11,Smear Positive
Switzerland,2004,sp,m,35-44,11,Smear Positive
Switzerland,2004,sp,m,45-54,9,Smear Positive
Switzerland,2004,sp,m,55-64,7,Smear Positive
Switzerland,2004,sp,m,65+,11,Smear Positive
Switzerland,2004,sp,f,0-14,0,Smear Positive
Switzerland,2004,sp,f,15-24,6,Smear Positive
Switzerland,2004,sp,f,25-34,13,Smear Positive
Switzerland,2004,sp,f,35-44,6,Smear Positive
Switzerland,2004,sp,f,45-54,3,Smear Positive
Switzerland,2004,sp,f,55-64,3,Smear Positive
Switzerland,2004,sp,f,65+,5,Smear Positive
Switzerland,2004,sn,m,0-14,5,Smear Negative
Switzerland,2004,sn,m,15-24,17,Smear Negative
Switzerland,2004,sn,m,25-34,22,Smear Negative
Switzerland,2004,sn,m,35-44,24,Smear Negative
Switzerland,2004,sn,m,45-54,17,Smear Negative
Switzerland,2004,sn,m,55-64,10,Smear Negative
Switzerland,2004,sn,m,65+,23,Smear Negative
Switzerland,2004,sn,f,0-14,3,Smear Negative
Switzerland,2004,sn,f,15-24,15,Smear Negative
Switzerland,2004,sn,f,25-34,20,Smear Negative
Switzerland,2004,sn,f,35-44,15,Smear Negative
Switzerland,2004,sn,f,45-54,7,Smear Negative
Switzerland,2004,sn,f,55-64,9,Smear Negative
Switzerland,2004,sn,f,65+,18,Smear Negative
Switzerland,2004,ep,m,0-14,1,Extrapulmonary
Switzerland,2004,ep,m,15-24,8,Extrapulmonary
Switzerland,2004,ep,m,25-34,13,Extrapulmonary
Switzerland,2004,ep,m,35-44,14,Extrapulmonary
Switzerland,2004,ep,m,45-54,2,Extrapulmonary
Switzerland,2004,ep,m,55-64,5,Extrapulmonary
Switzerland,2004,ep,m,65+,7,Extrapulmonary
Switzerland,2004,ep,f,0-14,1,Extrapulmonary
Switzerland,2004,ep,f,15-24,8,Extrapulmonary
Switzerland,2004,ep,f,25-34,16,Extrapulmonary
Switzerland,2004,ep,f,35-44,10,Extrapulmonary
Switzerland,2004,ep,f,45-54,8,Extrapulmonary
Switzerland,2004,ep,f,55-64,1,Extrapulmonary
Switzerland,2004,ep,f,65+,11,Extrapulmonary
Switzerland,2005,sp,m,0-14,2,Smear Positive
Switzerland,2005,sp,m,15-24,8,Smear Positive
Switzerland,2005,sp,m,25-34,10,Smear Positive
Switzerland,2005,sp,m,35-44,11,Smear Positive
Switzerland,2005,sp,m,45-54,11,Smear Positive
Switzerland,2005,sp,m,55-64,2,Smear Positive
Switzerland,2005,sp,m,65+,7,Smear Positive
Switzerland,2005,sp,f,0-14,0,Smear Positive
Switzerland,2005,sp,f,15-24,6,Smear Positive
Switzerland,2005,sp,f,25-34,11,Smear Positive
Switzerland,2005,sp,f,35-44,8,Smear Positive
Switzerland,2005,sp,f,45-54,3,Smear Positive
Switzerland,2005,sp,f,55-64,1,Smear Positive
Switzerland,2005,sp,f,65+,4,Smear Positive
Switzerland,2005,sn,m,0-14,6,Smear Negative
Switzerland,2005,sn,m,15-24,16,Smear Negative
Switzerland,2005,sn,m,25-34,25,Smear Negative
Switzerland,2005,sn,m,35-44,15,Smear Negative
Switzerland,2005,sn,m,45-54,18,Smear Negative
Switzerland,2005,sn,m,55-64,7,Smear Negative
Switzerland,2005,sn,m,65+,17,Smear Negative
Switzerland,2005,sn,f,0-14,8,Smear Negative
Switzerland,2005,sn,f,15-24,13,Smear Negative
Switzerland,2005,sn,f,25-34,21,Smear Negative
Switzerland,2005,sn,f,35-44,10,Smear Negative
Switzerland,2005,sn,f,45-54,5,Smear Negative
Switzerland,2005,sn,f,55-64,3,Smear Negative
Switzerland,2005,sn,f,65+,23,Smear Negative
Switzerland,2005,ep,m,0-14,1,Extrapulmonary
Switzerland,2005,ep,m,15-24,8,Extrapulmonary
Switzerland,2005,ep,m,25-34,11,Extrapulmonary
Switzerland,2005,ep,m,35-44,14,Extrapulmonary
Switzerland,2005,ep,m,45-54,9,Extrapulmonary
Switzerland,2005,ep,m,55-64,3,Extrapulmonary
Switzerland,2005,ep,m,65+,14,Extrapulmonary
Switzerland,2005,ep,f,0-14,0,Extrapulmonary
Switzerland,2005,ep,f,15-24,11,Extrapulmonary
Switzerland,2005,ep,f,25-34,14,Extrapulmonary
Switzerland,2005,ep,f,35-44,8,Extrapulmonary
Switzerland,2005,ep,f,45-54,6,Extrapulmonary
Switzerland,2005,ep,f,55-64,3,Extrapulmonary
Switzerland,2005,ep,f,65+,8,Extrapulmonary
Switzerland,2006,sp,m,0-14,1,Smear Positive
Switzerland,2006,sp,m,15-24,7,Smear Positive
Switzerland,2006,sp,m,25-34,14,Smear Positive
Switzerland,2006,sp,m,35-44,6,Smear Positive
Switzerland,2006,sp,m,45-54,7,Smear Positive
Switzerland,2006,sp,m,55-64,6,Smear Positive
Switzerland,2006,sp,m,65+,7,Smear Positive
Switzerland,2006,sp,f,0-14,1,Smear Positive
Switzerland,2006,sp,f,15-24,7,Smear Positive
Switzerland,2006,sp,f,25-34,14,Smear Positive
Switzerland,2006,sp,f,35-44,6,Smear Positive
Switzerland,2006,sp,f,45-54,3,Smear Positive
Switzerland,2006,sp,f,55-64,0,Smear Positive
Switzerland,2006,sp,f,65+,0,Smear Positive
Switzerland,2006,sn,m,0-14,2,Smear Negative
Switzerland,2006,sn,m,15-24,13,Smear Negative
Switzerland,2006,sn,m,25-34,14,Smear Negative
Switzerland,2006,sn,m,35-44,14,Smear Negative
Switzerland,2006,sn,m,45-54,15,Smear Negative
Switzerland,2006,sn,m,55-64,13,Smear Negative
Switzerland,2006,sn,m,65+,24,Smear Negative
Switzerland,2006,sn,f,0-14,4,Smear Negative
Switzerland,2006,sn,f,15-24,13,Smear Negative
Switzerland,2006,sn,f,25-34,20,Smear Negative
Switzerland,2006,sn,f,35-44,19,Smear Negative
Switzerland,2006,sn,f,45-54,9,Smear Negative
Switzerland,2006,sn,f,55-64,6,Smear Negative
Switzerland,2006,sn,f,65+,21,Smear Negative
Switzerland,2006,ep,m,0-14,1,Extrapulmonary
Switzerland,2006,ep,m,15-24,3,Extrapulmonary
Switzerland,2006,ep,m,25-34,12,Extrapulmonary
Switzerland,2006,ep,m,35-44,6,Extrapulmonary
Switzerland,2006,ep,m,45-54,2,Extrapulmonary
Switzerland,2006,ep,m,55-64,3,Extrapulmonary
Switzerland,2006,ep,m,65+,5,Extrapulmonary
Switzerland,2006,ep,f,0-14,0,Extrapulmonary
Switzerland,2006,ep,f,15-24,4,Extrapulmonary
Switzerland,2006,ep,f,25-34,9,Extrapulmonary
Switzerland,2006,ep,f,35-44,14,Extrapulmonary
Switzerland,2006,ep,f,45-54,5,Extrapulmonary
Switzerland,2006,ep,f,55-64,4,Extrapulmonary
Switzerland,2006,ep,f,65+,7,Extrapulmonary
Switzerland,2007,sp,m,0-14,0,Smear Positive
Switzerland,2007,sp,m,15-24,9,Smear Positive
Switzerland,2007,sp,m,25-34,7,Smear Positive
Switzerland,2007,sp,m,35-44,7,Smear Positive
Switzerland,2007,sp,m,45-54,5,Smear Positive
Switzerland,2007,sp,m,55-64,4,Smear Positive
Switzerland,2007,sp,m,65+,8,Smear Positive
Switzerland,2007,sp,f,0-14,1,Smear Positive
Switzerland,2007,sp,f,15-24,8,Smear Positive
Switzerland,2007,sp,f,25-34,13,Smear Positive
Switzerland,2007,sp,f,35-44,3,Smear Positive
Switzerland,2007,sp,f,45-54,0,Smear Positive
Switzerland,2007,sp,f,55-64,2,Smear Positive
Switzerland,2007,sp,f,65+,5,Smear Positive
Switzerland,2007,sn,m,0-14,3,Smear Negative
Switzerland,2007,sn,m,15-24,12,Smear Negative
Switzerland,2007,sn,m,25-34,13,Smear Negative
Switzerland,2007,sn,m,35-44,15,Smear Negative
Switzerland,2007,sn,m,45-54,14,Smear Negative
Switzerland,2007,sn,m,55-64,6,Smear Negative
Switzerland,2007,sn,m,65+,17,Smear Negative
Switzerland,2007,sn,f,0-14,8,Smear Negative
Switzerland,2007,sn,f,15-24,7,Smear Negative
Switzerland,2007,sn,f,25-34,23,Smear Negative
Switzerland,2007,sn,f,35-44,8,Smear Negative
Switzerland,2007,sn,f,45-54,6,Smear Negative
Switzerland,2007,sn,f,55-64,7,Smear Negative
Switzerland,2007,sn,f,65+,12,Smear Negative
Switzerland,2007,ep,m,0-14,2,Extrapulmonary
Switzerland,2007,ep,m,15-24,10,Extrapulmonary
Switzerland,2007,ep,m,25-34,7,Extrapulmonary
Switzerland,2007,ep,m,35-44,5,Extrapulmonary
Switzerland,2007,ep,m,45-54,2,Extrapulmonary
Switzerland,2007,ep,m,55-64,2,Extrapulmonary
Switzerland,2007,ep,m,65+,14,Extrapulmonary
Switzerland,2007,ep,f,0-14,1,Extrapulmonary
Switzerland,2007,ep,f,15-24,4,Extrapulmonary
Switzerland,2007,ep,f,25-34,16,Extrapulmonary
Switzerland,2007,ep,f,35-44,8,Extrapulmonary
Switzerland,2007,ep,f,45-54,8,Extrapulmonary
Switzerland,2007,ep,f,55-64,5,Extrapulmonary
Switzerland,2007,ep,f,65+,6,Extrapulmonary
Switzerland,2008,sp,m,0-14,0,Smear Positive
Switzerland,2008,sp,m,15-24,8,Smear Positive
Switzerland,2008,sp,m,25-34,13,Smear Positive
Switzerland,2008,sp,m,35-44,5,Smear Positive
Switzerland,2008,sp,m,45-54,4,Smear Positive
Switzerland,2008,sp,m,55-64,3,Smear Positive
Switzerland,2008,sp,m,65+,4,Smear Positive
Switzerland,2008,sp,f,0-14,1,Smear Positive
Switzerland,2008,sp,f,15-24,3,Smear Positive
Switzerland,2008,sp,f,25-34,13,Smear Positive
Switzerland,2008,sp,f,35-44,6,Smear Positive
Switzerland,2008,sp,f,45-54,2,Smear Positive
Switzerland,2008,sp,f,55-64,1,Smear Positive
Switzerland,2008,sp,f,65+,1,Smear Positive
Switzerland,2008,sn,m,0-14,3,Smear Negative
Switzerland,2008,sn,m,15-24,14,Smear Negative
Switzerland,2008,sn,m,25-34,24,Smear Negative
Switzerland,2008,sn,m,35-44,13,Smear Negative
Switzerland,2008,sn,m,45-54,9,Smear Negative
Switzerland,2008,sn,m,55-64,8,Smear Negative
Switzerland,2008,sn,m,65+,16,Smear Negative
Switzerland,2008,sn,f,0-14,5,Smear Negative
Switzerland,2008,sn,f,15-24,6,Smear Negative
Switzerland,2008,sn,f,25-34,19,Smear Negative
Switzerland,2008,sn,f,35-44,15,Smear Negative
Switzerland,2008,sn,f,45-54,7,Smear Negative
Switzerland,2008,sn,f,55-64,6,Smear Negative
Switzerland,2008,sn,f,65+,11,Smear Negative
Switzerland,2008,ep,m,0-14,1,Extrapulmonary
Switzerland,2008,ep,m,15-24,4,Extrapulmonary
Switzerland,2008,ep,m,25-34,13,Extrapulmonary
Switzerland,2008,ep,m,35-44,13,Extrapulmonary
Switzerland,2008,ep,m,45-54,3,Extrapulmonary
Switzerland,2008,ep,m,55-64,5,Extrapulmonary
Switzerland,2008,ep,m,65+,3,Extrapulmonary
Switzerland,2008,ep,f,0-14,1,Extrapulmonary
Switzerland,2008,ep,f,15-24,7,Extrapulmonary
Switzerland,2008,ep,f,25-34,17,Extrapulmonary
Switzerland,2008,ep,f,35-44,13,Extrapulmonary
Switzerland,2008,ep,f,45-54,4,Extrapulmonary
Switzerland,2008,ep,f,55-64,2,Extrapulmonary
Switzerland,2008,ep,f,65+,13,Extrapulmonary
Switzerland,2009,sp,m,0-14,0,Smear Positive
Switzerland,2009,sp,m,15-24,11,Smear Positive
Switzerland,2009,sp,m,25-34,10,Smear Positive
Switzerland,2009,sp,m,35-44,12,Smear Positive
Switzerland,2009,sp,m,45-54,7,Smear Positive
Switzerland,2009,sp,m,55-64,2,Smear Positive
Switzerland,2009,sp,m,65+,4,Smear Positive
Switzerland,2009,sp,f,0-14,1,Smear Positive
Switzerland,2009,sp,f,15-24,1,Smear Positive
Switzerland,2009,sp,f,25-34,10,Smear Positive
Switzerland,2009,sp,f,35-44,8,Smear Positive
Switzerland,2009,sp,f,45-54,5,Smear Positive
Switzerland,2009,sp,f,55-64,1,Smear Positive
Switzerland,2009,sp,f,65+,2,Smear Positive
Switzerland,2009,sn,m,0-14,5,Smear Negative
Switzerland,2009,sn,m,15-24,15,Smear Negative
Switzerland,2009,sn,m,25-34,20,Smear Negative
Switzerland,2009,sn,m,35-44,15,Smear Negative
Switzerland,2009,sn,m,45-54,13,Smear Negative
Switzerland,2009,sn,m,55-64,10,Smear Negative
Switzerland,2009,sn,m,65+,12,Smear Negative
Switzerland,2009,sn,f,0-14,5,Smear Negative
Switzerland,2009,sn,f,15-24,9,Smear Negative
Switzerland,2009,sn,f,25-34,21,Smear Negative
Switzerland,2009,sn,f,35-44,12,Smear Negative
Switzerland,2009,sn,f,45-54,7,Smear Negative
Switzerland,2009,sn,f,55-64,9,Smear Negative
Switzerland,2009,sn,f,65+,10,Smear Negative
Switzerland,2009,ep,m,0-14,2,Extrapulmonary
Switzerland,2009,ep,m,15-24,13,Extrapulmonary
Switzerland,2009,ep,m,25-34,11,Extrapulmonary
Switzerland,2009,ep,m,35-44,5,Extrapulmonary
Switzerland,2009,ep,m,45-54,6,Extrapulmonary
Switzerland,2009,ep,m,55-64,4,Extrapulmonary
Switzerland,2009,ep,m,65+,4,Extrapulmonary
Switzerland,2009,ep,f,0-14,3,Extrapulmonary
Switzerland,2009,ep,f,15-24,5,Extrapulmonary
Switzerland,2009,ep,f,25-34,12,Extrapulmonary
Switzerland,2009,ep,f,35-44,8,Extrapulmonary
Switzerland,2009,ep,f,45-54,7,Extrapulmonary
Switzerland,2009,ep,f,55-64,5,Extrapulmonary
Switzerland,2009,ep,f,65+,12,Extrapulmonary
Switzerland,2010,sp,m,0-14,0,Smear Positive
Switzerland,2010,sp,m,15-24,6,Smear Positive
Switzerland,2010,sp,m,25-34,12,Smear Positive
Switzerland,2010,sp,m,35-44,9,Smear Positive
Switzerland,2010,sp,m,45-54,6,Smear Positive
Switzerland,2010,sp,m,55-64,5,Smear Positive
Switzerland,2010,sp,m,65+,8,Smear Positive
Switzerland,2010,sp,f,0-14,0,Smear Positive
Switzerland,2010,sp,f,15-24,7,Smear Positive
Switzerland,2010,sp,f,25-34,15,Smear Positive
Switzerland,2010,sp,f,35-44,6,Smear Positive
Switzerland,2010,sp,f,45-54,4,Smear Positive
Switzerland,2010,sp,f,55-64,1,Smear Positive
Switzerland,2010,sp,f,65+,3,Smear Positive
Switzerland,2010,sn,m,0-14,5,Smear Negative
Switzerland,2010,sn,m,15-24,11,Smear Negative
Switzerland,2010,sn,m,25-34,16,Smear Negative
Switzerland,2010,sn,m,35-44,14,Smear Negative
Switzerland,2010,sn,m,45-54,10,Smear Negative
Switzerland,2010,sn,m,55-64,9,Smear Negative
Switzerland,2010,sn,m,65+,17,Smear Negative
Switzerland,2010,sn,f,0-14,6,Smear Negative
Switzerland,2010,sn,f,15-24,13,Smear Negative
Switzerland,2010,sn,f,25-34,22,Smear Negative
Switzerland,2010,sn,f,35-44,11,Smear Negative
Switzerland,2010,sn,f,45-54,4,Smear Negative
Switzerland,2010,sn,f,55-64,3,Smear Negative
Switzerland,2010,sn,f,65+,8,Smear Negative
Switzerland,2010,ep,m,0-14,1,Extrapulmonary
Switzerland,2010,ep,m,15-24,9,Extrapulmonary
Switzerland,2010,ep,m,25-34,10,Extrapulmonary
Switzerland,2010,ep,m,35-44,11,Extrapulmonary
Switzerland,2010,ep,m,45-54,4,Extrapulmonary
Switzerland,2010,ep,m,55-64,6,Extrapulmonary
Switzerland,2010,ep,m,65+,2,Extrapulmonary
Switzerland,2010,ep,f,0-14,0,Extrapulmonary
Switzerland,2010,ep,f,15-24,3,Extrapulmonary
Switzerland,2010,ep,f,25-34,13,Extrapulmonary
Switzerland,2010,ep,f,35-44,11,Extrapulmonary
Switzerland,2010,ep,f,45-54,7,Extrapulmonary
Switzerland,2010,ep,f,55-64,4,Extrapulmonary
Switzerland,2010,ep,f,65+,10,Extrapulmonary
Switzerland,2011,sp,m,0-14,2,Smear Positive
Switzerland,2011,sp,m,15-24,8,Smear Positive
Switzerland,2011,sp,m,25-34,16,Smear Positive
Switzerland,2011,sp,m,35-44,10,Smear Positive
Switzerland,2011,sp,m,45-54,13,Smear Positive
Switzerland,2011,sp,m,55-64,7,Smear Positive
Switzerland,2011,sp,m,65+,3,Smear Positive
Switzerland,2011,sp,f,0-14,2,Smear Positive
Switzerland,2011,sp,f,15-24,6,Smear Positive
Switzerland,2011,sp,f,25-34,13,Smear Positive
Switzerland,2011,sp,f,35-44,2,Smear Positive
Switzerland,2011,sp,f,45-54,4,Smear Positive
Switzerland,2011,sp,f,55-64,2,Smear Positive
Switzerland,2011,sp,f,65+,2,Smear Positive
Switzerland,2011,sn,m,0-14,6,Smear Negative
Switzerland,2011,sn,m,15-24,14,Smear Negative
Switzerland,2011,sn,m,25-34,21,Smear Negative
Switzerland,2011,sn,m,35-44,15,Smear Negative
Switzerland,2011,sn,m,45-54,19,Smear Negative
Switzerland,2011,sn,m,55-64,12,Smear Negative
Switzerland,2011,sn,m,65+,15,Smear Negative
Switzerland,2011,sn,f,0-14,8,Smear Negative
Switzerland,2011,sn,f,15-24,13,Smear Negative
Switzerland,2011,sn,f,25-34,10,Smear Negative
Switzerland,2011,sn,f,35-44,10,Smear Negative
Switzerland,2011,sn,f,45-54,9,Smear Negative
Switzerland,2011,sn,f,55-64,5,Smear Negative
Switzerland,2011,sn,f,65+,13,Smear Negative
Switzerland,2011,ep,m,0-14,0,Extrapulmonary
Switzerland,2011,ep,m,15-24,12,Extrapulmonary
Switzerland,2011,ep,m,25-34,16,Extrapulmonary
Switzerland,2011,ep,m,35-44,14,Extrapulmonary
Switzerland,2011,ep,m,45-54,3,Extrapulmonary
Switzerland,2011,ep,m,55-64,5,Extrapulmonary
Switzerland,2011,ep,m,65+,10,Extrapulmonary
Switzerland,2011,ep,f,0-14,1,Extrapulmonary
Switzerland,2011,ep,f,15-24,2,Extrapulmonary
Switzerland,2011,ep,f,25-34,16,Extrapulmonary
Switzerland,2011,ep,f,35-44,13,Extrapulmonary
Switzerland,2011,ep,f,45-54,17,Extrapulmonary
Switzerland,2011,ep,f,55-64,0,Extrapulmonary
Switzerland,2011,ep,f,65+,10,Extrapulmonary
Switzerland,2012,sp,m,0-14,0,Smear Positive
Switzerland,2012,sp,m,15-24,3,Smear Positive
Switzerland,2012,sp,m,25-34,18,Smear Positive
Switzerland,2012,sp,m,35-44,8,Smear Positive
Switzerland,2012,sp,m,45-54,6,Smear Positive
Switzerland,2012,sp,m,55-64,5,Smear Positive
Switzerland,2012,sp,m,65+,11,Smear Positive
Switzerland,2012,sp,f,0-14,0,Smear Positive
Switzerland,2012,sp,f,15-24,7,Smear Positive
Switzerland,2012,sp,f,25-34,15,Smear Positive
Switzerland,2012,sp,f,35-44,7,Smear Positive
Switzerland,2012,sp,f,45-54,1,Smear Positive
Switzerland,2012,sp,f,55-64,2,Smear Positive
Switzerland,2012,sp,f,65+,4,Smear Positive
Switzerland,2012,sn,m,0-14,5,Smear Negative
Switzerland,2012,sn,m,15-24,9,Smear Negative
Switzerland,2012,sn,m,25-34,20,Smear Negative
Switzerland,2012,sn,m,35-44,15,Smear Negative
Switzerland,2012,sn,m,45-54,8,Smear Negative
Switzerland,2012,sn,m,55-64,6,Smear Negative
Switzerland,2012,sn,m,65+,6,Smear Negative
Switzerland,2012,sn,f,0-14,6,Smear Negative
Switzerland,2012,sn,f,15-24,3,Smear Negative
Switzerland,2012,sn,f,25-34,18,Smear Negative
Switzerland,2012,sn,f,35-44,9,Smear Negative
Switzerland,2012,sn,f,45-54,5,Smear Negative
Switzerland,2012,sn,f,55-64,4,Smear Negative
Switzerland,2012,sn,f,65+,10,Smear Negative
Switzerland,2012,ep,m,0-14,1,Extrapulmonary
Switzerland,2012,ep,m,15-24,10,Extrapulmonary
Switzerland,2012,ep,m,25-34,11,Extrapulmonary
Switzerland,2012,ep,m,35-44,7,Extrapulmonary
Switzerland,2012,ep,m,45-54,0,Extrapulmonary
Switzerland,2012,ep,m,55-64,3,Extrapulmonary
Switzerland,2012,ep,m,65+,11,Extrapulmonary
Switzerland,2012,ep,f,0-14,1,Extrapulmonary
Switzerland,2012,ep,f,15-24,7,Extrapulmonary
Switzerland,2012,ep,f,25-34,8,Extrapulmonary
Switzerland,2012,ep,f,35-44,11,Extrapulmonary
Switzerland,2012,ep,f,45-54,5,Extrapulmonary
Switzerland,2012,ep,f,55-64,2,Extrapulmonary
Switzerland,2012,ep,f,65+,7,Extrapulmonary
Switzerland,2013,rel,m,0-14,15,Relapse
Switzerland,2013,rel,m,15-24,39,Relapse
Switzerland,2013,rel,m,25-34,53,Relapse
Switzerland,2013,rel,m,35-44,42,Relapse
Switzerland,2013,rel,m,45-54,23,Relapse
Switzerland,2013,rel,m,55-64,27,Relapse
Switzerland,2013,rel,m,65+,39,Relapse
Switzerland,2013,rel,f,0-14,7,Relapse
Switzerland,2013,rel,f,15-24,26,Relapse
Switzerland,2013,rel,f,25-34,65,Relapse
Switzerland,2013,rel,f,35-44,54,Relapse
Switzerland,2013,rel,f,45-54,16,Relapse
Switzerland,2013,rel,f,55-64,23,Relapse
Switzerland,2013,rel,f,65+,37,Relapse
Syrian Arab Republic,1995,sp,m,0-14,13,Smear Positive
Syrian Arab Republic,1995,sp,m,15-24,332,Smear Positive
Syrian Arab Republic,1995,sp,m,25-34,255,Smear Positive
Syrian Arab Republic,1995,sp,m,35-44,111,Smear Positive
Syrian Arab Republic,1995,sp,m,45-54,70,Smear Positive
Syrian Arab Republic,1995,sp,m,55-64,59,Smear Positive
Syrian Arab Republic,1995,sp,m,65+,50,Smear Positive
Syrian Arab Republic,1995,sp,f,0-14,22,Smear Positive
Syrian Arab Republic,1995,sp,f,15-24,158,Smear Positive
Syrian Arab Republic,1995,sp,f,25-34,97,Smear Positive
Syrian Arab Republic,1995,sp,f,35-44,53,Smear Positive
Syrian Arab Republic,1995,sp,f,45-54,44,Smear Positive
Syrian Arab Republic,1995,sp,f,55-64,37,Smear Positive
Syrian Arab Republic,1995,sp,f,65+,20,Smear Positive
Syrian Arab Republic,1996,sp,m,0-14,11,Smear Positive
Syrian Arab Republic,1996,sp,m,15-24,390,Smear Positive
Syrian Arab Republic,1996,sp,m,25-34,290,Smear Positive
Syrian Arab Republic,1996,sp,m,35-44,110,Smear Positive
Syrian Arab Republic,1996,sp,m,45-54,90,Smear Positive
Syrian Arab Republic,1996,sp,m,55-64,69,Smear Positive
Syrian Arab Republic,1996,sp,m,65+,60,Smear Positive
Syrian Arab Republic,1996,sp,f,0-14,12,Smear Positive
Syrian Arab Republic,1996,sp,f,15-24,200,Smear Positive
Syrian Arab Republic,1996,sp,f,25-34,107,Smear Positive
Syrian Arab Republic,1996,sp,f,35-44,57,Smear Positive
Syrian Arab Republic,1996,sp,f,45-54,51,Smear Positive
Syrian Arab Republic,1996,sp,f,55-64,45,Smear Positive
Syrian Arab Republic,1996,sp,f,65+,31,Smear Positive
Syrian Arab Republic,1997,sp,m,0-14,6,Smear Positive
Syrian Arab Republic,1997,sp,m,15-24,337,Smear Positive
Syrian Arab Republic,1997,sp,m,25-34,295,Smear Positive
Syrian Arab Republic,1997,sp,m,35-44,118,Smear Positive
Syrian Arab Republic,1997,sp,m,45-54,74,Smear Positive
Syrian Arab Republic,1997,sp,m,55-64,52,Smear Positive
Syrian Arab Republic,1997,sp,m,65+,52,Smear Positive
Syrian Arab Republic,1997,sp,f,0-14,23,Smear Positive
Syrian Arab Republic,1997,sp,f,15-24,201,Smear Positive
Syrian Arab Republic,1997,sp,f,25-34,112,Smear Positive
Syrian Arab Republic,1997,sp,f,35-44,47,Smear Positive
Syrian Arab Republic,1997,sp,f,45-54,31,Smear Positive
Syrian Arab Republic,1997,sp,f,55-64,36,Smear Positive
Syrian Arab Republic,1997,sp,f,65+,18,Smear Positive
Syrian Arab Republic,1998,sp,m,0-14,5,Smear Positive
Syrian Arab Republic,1998,sp,m,15-24,335,Smear Positive
Syrian Arab Republic,1998,sp,m,25-34,293,Smear Positive
Syrian Arab Republic,1998,sp,m,35-44,111,Smear Positive
Syrian Arab Republic,1998,sp,m,45-54,93,Smear Positive
Syrian Arab Republic,1998,sp,m,55-64,48,Smear Positive
Syrian Arab Republic,1998,sp,m,65+,50,Smear Positive
Syrian Arab Republic,1998,sp,f,0-14,20,Smear Positive
Syrian Arab Republic,1998,sp,f,15-24,197,Smear Positive
Syrian Arab Republic,1998,sp,f,25-34,99,Smear Positive
Syrian Arab Republic,1998,sp,f,35-44,43,Smear Positive
Syrian Arab Republic,1998,sp,f,45-54,49,Smear Positive
Syrian Arab Republic,1998,sp,f,55-64,18,Smear Positive
Syrian Arab Republic,1998,sp,f,65+,21,Smear Positive
Syrian Arab Republic,2000,sp,m,0-14,8,Smear Positive
Syrian Arab Republic,2000,sp,m,15-24,359,Smear Positive
Syrian Arab Republic,2000,sp,m,25-34,289,Smear Positive
Syrian Arab Republic,2000,sp,m,35-44,125,Smear Positive
Syrian Arab Republic,2000,sp,m,45-54,86,Smear Positive
Syrian Arab Republic,2000,sp,m,55-64,76,Smear Positive
Syrian Arab Republic,2000,sp,m,65+,55,Smear Positive
Syrian Arab Republic,2000,sp,f,0-14,23,Smear Positive
Syrian Arab Republic,2000,sp,f,15-24,195,Smear Positive
Syrian Arab Republic,2000,sp,f,25-34,101,Smear Positive
Syrian Arab Republic,2000,sp,f,35-44,53,Smear Positive
Syrian Arab Republic,2000,sp,f,45-54,46,Smear Positive
Syrian Arab Republic,2000,sp,f,55-64,38,Smear Positive
Syrian Arab Republic,2000,sp,f,65+,28,Smear Positive
Syrian Arab Republic,2001,sp,m,0-14,8,Smear Positive
Syrian Arab Republic,2001,sp,m,15-24,317,Smear Positive
Syrian Arab Republic,2001,sp,m,25-34,248,Smear Positive
Syrian Arab Republic,2001,sp,m,35-44,134,Smear Positive
Syrian Arab Republic,2001,sp,m,45-54,108,Smear Positive
Syrian Arab Republic,2001,sp,m,55-64,64,Smear Positive
Syrian Arab Republic,2001,sp,m,65+,47,Smear Positive
Syrian Arab Republic,2001,sp,f,0-14,26,Smear Positive
Syrian Arab Republic,2001,sp,f,15-24,210,Smear Positive
Syrian Arab Republic,2001,sp,f,25-34,116,Smear Positive
Syrian Arab Republic,2001,sp,f,35-44,56,Smear Positive
Syrian Arab Republic,2001,sp,f,45-54,50,Smear Positive
Syrian Arab Republic,2001,sp,f,55-64,42,Smear Positive
Syrian Arab Republic,2001,sp,f,65+,28,Smear Positive
Syrian Arab Republic,2002,sp,m,0-14,12,Smear Positive
Syrian Arab Republic,2002,sp,m,15-24,359,Smear Positive
Syrian Arab Republic,2002,sp,m,25-34,278,Smear Positive
Syrian Arab Republic,2002,sp,m,35-44,121,Smear Positive
Syrian Arab Republic,2002,sp,m,45-54,80,Smear Positive
Syrian Arab Republic,2002,sp,m,55-64,62,Smear Positive
Syrian Arab Republic,2002,sp,m,65+,61,Smear Positive
Syrian Arab Republic,2002,sp,f,0-14,23,Smear Positive
Syrian Arab Republic,2002,sp,f,15-24,182,Smear Positive
Syrian Arab Republic,2002,sp,f,25-34,116,Smear Positive
Syrian Arab Republic,2002,sp,f,35-44,53,Smear Positive
Syrian Arab Republic,2002,sp,f,45-54,43,Smear Positive
Syrian Arab Republic,2002,sp,f,55-64,31,Smear Positive
Syrian Arab Republic,2002,sp,f,65+,26,Smear Positive
Syrian Arab Republic,2003,sp,m,0-14,10,Smear Positive
Syrian Arab Republic,2003,sp,m,15-24,343,Smear Positive
Syrian Arab Republic,2003,sp,m,25-34,279,Smear Positive
Syrian Arab Republic,2003,sp,m,35-44,127,Smear Positive
Syrian Arab Republic,2003,sp,m,45-54,98,Smear Positive
Syrian Arab Republic,2003,sp,m,55-64,75,Smear Positive
Syrian Arab Republic,2003,sp,m,65+,64,Smear Positive
Syrian Arab Republic,2003,sp,f,0-14,26,Smear Positive
Syrian Arab Republic,2003,sp,f,15-24,242,Smear Positive
Syrian Arab Republic,2003,sp,f,25-34,99,Smear Positive
Syrian Arab Republic,2003,sp,f,35-44,68,Smear Positive
Syrian Arab Republic,2003,sp,f,45-54,48,Smear Positive
Syrian Arab Republic,2003,sp,f,55-64,33,Smear Positive
Syrian Arab Republic,2003,sp,f,65+,33,Smear Positive
Syrian Arab Republic,2004,sp,m,0-14,13,Smear Positive
Syrian Arab Republic,2004,sp,m,15-24,318,Smear Positive
Syrian Arab Republic,2004,sp,m,25-34,308,Smear Positive
Syrian Arab Republic,2004,sp,m,35-44,115,Smear Positive
Syrian Arab Republic,2004,sp,m,45-54,113,Smear Positive
Syrian Arab Republic,2004,sp,m,55-64,77,Smear Positive
Syrian Arab Republic,2004,sp,m,65+,50,Smear Positive
Syrian Arab Republic,2004,sp,f,0-14,20,Smear Positive
Syrian Arab Republic,2004,sp,f,15-24,230,Smear Positive
Syrian Arab Republic,2004,sp,f,25-34,121,Smear Positive
Syrian Arab Republic,2004,sp,f,35-44,46,Smear Positive
Syrian Arab Republic,2004,sp,f,45-54,56,Smear Positive
Syrian Arab Republic,2004,sp,f,55-64,59,Smear Positive
Syrian Arab Republic,2004,sp,f,65+,35,Smear Positive
Syrian Arab Republic,2005,sp,m,0-14,9,Smear Positive
Syrian Arab Republic,2005,sp,m,15-24,266,Smear Positive
Syrian Arab Republic,2005,sp,m,25-34,237,Smear Positive
Syrian Arab Republic,2005,sp,m,35-44,111,Smear Positive
Syrian Arab Republic,2005,sp,m,45-54,112,Smear Positive
Syrian Arab Republic,2005,sp,m,55-64,62,Smear Positive
Syrian Arab Republic,2005,sp,m,65+,63,Smear Positive
Syrian Arab Republic,2005,sp,f,0-14,27,Smear Positive
Syrian Arab Republic,2005,sp,f,15-24,182,Smear Positive
Syrian Arab Republic,2005,sp,f,25-34,108,Smear Positive
Syrian Arab Republic,2005,sp,f,35-44,59,Smear Positive
Syrian Arab Republic,2005,sp,f,45-54,59,Smear Positive
Syrian Arab Republic,2005,sp,f,55-64,32,Smear Positive
Syrian Arab Republic,2005,sp,f,65+,23,Smear Positive
Syrian Arab Republic,2006,sp,m,0-14,8,Smear Positive
Syrian Arab Republic,2006,sp,m,15-24,225,Smear Positive
Syrian Arab Republic,2006,sp,m,25-34,267,Smear Positive
Syrian Arab Republic,2006,sp,m,35-44,137,Smear Positive
Syrian Arab Republic,2006,sp,m,45-54,110,Smear Positive
Syrian Arab Republic,2006,sp,m,55-64,71,Smear Positive
Syrian Arab Republic,2006,sp,m,65+,44,Smear Positive
Syrian Arab Republic,2006,sp,f,0-14,18,Smear Positive
Syrian Arab Republic,2006,sp,f,15-24,195,Smear Positive
Syrian Arab Republic,2006,sp,f,25-34,109,Smear Positive
Syrian Arab Republic,2006,sp,f,35-44,42,Smear Positive
Syrian Arab Republic,2006,sp,f,45-54,53,Smear Positive
Syrian Arab Republic,2006,sp,f,55-64,39,Smear Positive
Syrian Arab Republic,2006,sp,f,65+,34,Smear Positive
Syrian Arab Republic,2006,sn,m,0-14,36,Smear Negative
Syrian Arab Republic,2006,sn,m,15-24,65,Smear Negative
Syrian Arab Republic,2006,sn,m,25-34,47,Smear Negative
Syrian Arab Republic,2006,sn,m,35-44,31,Smear Negative
Syrian Arab Republic,2006,sn,m,45-54,35,Smear Negative
Syrian Arab Republic,2006,sn,m,55-64,40,Smear Negative
Syrian Arab Republic,2006,sn,m,65+,42,Smear Negative
Syrian Arab Republic,2006,sn,f,0-14,51,Smear Negative
Syrian Arab Republic,2006,sn,f,15-24,76,Smear Negative
Syrian Arab Republic,2006,sn,f,25-34,25,Smear Negative
Syrian Arab Republic,2006,sn,f,35-44,25,Smear Negative
Syrian Arab Republic,2006,sn,f,45-54,34,Smear Negative
Syrian Arab Republic,2006,sn,f,55-64,29,Smear Negative
Syrian Arab Republic,2006,sn,f,65+,27,Smear Negative
Syrian Arab Republic,2006,ep,m,0-14,171,Extrapulmonary
Syrian Arab Republic,2006,ep,m,15-24,288,Extrapulmonary
Syrian Arab Republic,2006,ep,m,25-34,188,Extrapulmonary
Syrian Arab Republic,2006,ep,m,35-44,70,Extrapulmonary
Syrian Arab Republic,2006,ep,m,45-54,63,Extrapulmonary
Syrian Arab Republic,2006,ep,m,55-64,58,Extrapulmonary
Syrian Arab Republic,2006,ep,m,65+,69,Extrapulmonary
Syrian Arab Republic,2006,ep,f,0-14,154,Extrapulmonary
Syrian Arab Republic,2006,ep,f,15-24,298,Extrapulmonary
Syrian Arab Republic,2006,ep,f,25-34,225,Extrapulmonary
Syrian Arab Republic,2006,ep,f,35-44,130,Extrapulmonary
Syrian Arab Republic,2006,ep,f,45-54,104,Extrapulmonary
Syrian Arab Republic,2006,ep,f,55-64,80,Extrapulmonary
Syrian Arab Republic,2006,ep,f,65+,52,Extrapulmonary
Syrian Arab Republic,2007,sp,m,0-14,7,Smear Positive
Syrian Arab Republic,2007,sp,m,15-24,198,Smear Positive
Syrian Arab Republic,2007,sp,m,25-34,222,Smear Positive
Syrian Arab Republic,2007,sp,m,35-44,123,Smear Positive
Syrian Arab Republic,2007,sp,m,45-54,74,Smear Positive
Syrian Arab Republic,2007,sp,m,55-64,49,Smear Positive
Syrian Arab Republic,2007,sp,m,65+,59,Smear Positive
Syrian Arab Republic,2007,sp,f,0-14,14,Smear Positive
Syrian Arab Republic,2007,sp,f,15-24,148,Smear Positive
Syrian Arab Republic,2007,sp,f,25-34,106,Smear Positive
Syrian Arab Republic,2007,sp,f,35-44,41,Smear Positive
Syrian Arab Republic,2007,sp,f,45-54,43,Smear Positive
Syrian Arab Republic,2007,sp,f,55-64,30,Smear Positive
Syrian Arab Republic,2007,sp,f,65+,41,Smear Positive
Syrian Arab Republic,2007,sn,m,0-14,31,Smear Negative
Syrian Arab Republic,2007,sn,m,15-24,73,Smear Negative
Syrian Arab Republic,2007,sn,m,25-34,86,Smear Negative
Syrian Arab Republic,2007,sn,m,35-44,56,Smear Negative
Syrian Arab Republic,2007,sn,m,45-54,52,Smear Negative
Syrian Arab Republic,2007,sn,m,55-64,26,Smear Negative
Syrian Arab Republic,2007,sn,m,65+,45,Smear Negative
Syrian Arab Republic,2007,sn,f,0-14,44,Smear Negative
Syrian Arab Republic,2007,sn,f,15-24,103,Smear Negative
Syrian Arab Republic,2007,sn,f,25-34,52,Smear Negative
Syrian Arab Republic,2007,sn,f,35-44,37,Smear Negative
Syrian Arab Republic,2007,sn,f,45-54,26,Smear Negative
Syrian Arab Republic,2007,sn,f,55-64,42,Smear Negative
Syrian Arab Republic,2007,sn,f,65+,33,Smear Negative
Syrian Arab Republic,2007,ep,m,0-14,188,Extrapulmonary
Syrian Arab Republic,2007,ep,m,15-24,288,Extrapulmonary
Syrian Arab Republic,2007,ep,m,25-34,202,Extrapulmonary
Syrian Arab Republic,2007,ep,m,35-44,90,Extrapulmonary
Syrian Arab Republic,2007,ep,m,45-54,57,Extrapulmonary
Syrian Arab Republic,2007,ep,m,55-64,56,Extrapulmonary
Syrian Arab Republic,2007,ep,m,65+,75,Extrapulmonary
Syrian Arab Republic,2007,ep,f,0-14,198,Extrapulmonary
Syrian Arab Republic,2007,ep,f,15-24,345,Extrapulmonary
Syrian Arab Republic,2007,ep,f,25-34,244,Extrapulmonary
Syrian Arab Republic,2007,ep,f,35-44,133,Extrapulmonary
Syrian Arab Republic,2007,ep,f,45-54,120,Extrapulmonary
Syrian Arab Republic,2007,ep,f,55-64,95,Extrapulmonary
Syrian Arab Republic,2007,ep,f,65+,78,Extrapulmonary
Syrian Arab Republic,2008,sp,m,0-14,18,Smear Positive
Syrian Arab Republic,2008,sp,m,15-24,170,Smear Positive
Syrian Arab Republic,2008,sp,m,25-34,212,Smear Positive
Syrian Arab Republic,2008,sp,m,35-44,128,Smear Positive
Syrian Arab Republic,2008,sp,m,45-54,82,Smear Positive
Syrian Arab Republic,2008,sp,m,55-64,61,Smear Positive
Syrian Arab Republic,2008,sp,m,65+,52,Smear Positive
Syrian Arab Republic,2008,sp,f,0-14,30,Smear Positive
Syrian Arab Republic,2008,sp,f,15-24,149,Smear Positive
Syrian Arab Republic,2008,sp,f,25-34,80,Smear Positive
Syrian Arab Republic,2008,sp,f,35-44,48,Smear Positive
Syrian Arab Republic,2008,sp,f,45-54,32,Smear Positive
Syrian Arab Republic,2008,sp,f,55-64,29,Smear Positive
Syrian Arab Republic,2008,sp,f,65+,25,Smear Positive
Syrian Arab Republic,2008,sn,m,0-14,32,Smear Negative
Syrian Arab Republic,2008,sn,m,15-24,80,Smear Negative
Syrian Arab Republic,2008,sn,m,25-34,77,Smear Negative
Syrian Arab Republic,2008,sn,m,35-44,55,Smear Negative
Syrian Arab Republic,2008,sn,m,45-54,40,Smear Negative
Syrian Arab Republic,2008,sn,m,55-64,40,Smear Negative
Syrian Arab Republic,2008,sn,m,65+,52,Smear Negative
Syrian Arab Republic,2008,sn,f,0-14,37,Smear Negative
Syrian Arab Republic,2008,sn,f,15-24,68,Smear Negative
Syrian Arab Republic,2008,sn,f,25-34,59,Smear Negative
Syrian Arab Republic,2008,sn,f,35-44,35,Smear Negative
Syrian Arab Republic,2008,sn,f,45-54,26,Smear Negative
Syrian Arab Republic,2008,sn,f,55-64,30,Smear Negative
Syrian Arab Republic,2008,sn,f,65+,36,Smear Negative
Syrian Arab Republic,2008,ep,m,0-14,171,Extrapulmonary
Syrian Arab Republic,2008,ep,m,15-24,227,Extrapulmonary
Syrian Arab Republic,2008,ep,m,25-34,188,Extrapulmonary
Syrian Arab Republic,2008,ep,m,35-44,75,Extrapulmonary
Syrian Arab Republic,2008,ep,m,45-54,57,Extrapulmonary
Syrian Arab Republic,2008,ep,m,55-64,38,Extrapulmonary
Syrian Arab Republic,2008,ep,m,65+,80,Extrapulmonary
Syrian Arab Republic,2008,ep,f,0-14,152,Extrapulmonary
Syrian Arab Republic,2008,ep,f,15-24,285,Extrapulmonary
Syrian Arab Republic,2008,ep,f,25-34,238,Extrapulmonary
Syrian Arab Republic,2008,ep,f,35-44,126,Extrapulmonary
Syrian Arab Republic,2008,ep,f,45-54,105,Extrapulmonary
Syrian Arab Republic,2008,ep,f,55-64,83,Extrapulmonary
Syrian Arab Republic,2008,ep,f,65+,63,Extrapulmonary
Syrian Arab Republic,2009,sp,m,0-14,10,Smear Positive
Syrian Arab Republic,2009,sp,m,15-24,172,Smear Positive
Syrian Arab Republic,2009,sp,m,25-34,212,Smear Positive
Syrian Arab Republic,2009,sp,m,35-44,121,Smear Positive
Syrian Arab Republic,2009,sp,m,45-54,97,Smear Positive
Syrian Arab Republic,2009,sp,m,55-64,74,Smear Positive
Syrian Arab Republic,2009,sp,m,65+,47,Smear Positive
Syrian Arab Republic,2009,sp,f,0-14,17,Smear Positive
Syrian Arab Republic,2009,sp,f,15-24,167,Smear Positive
Syrian Arab Republic,2009,sp,f,25-34,82,Smear Positive
Syrian Arab Republic,2009,sp,f,35-44,41,Smear Positive
Syrian Arab Republic,2009,sp,f,45-54,44,Smear Positive
Syrian Arab Republic,2009,sp,f,55-64,34,Smear Positive
Syrian Arab Republic,2009,sp,f,65+,25,Smear Positive
Syrian Arab Republic,2009,sn,m,0-14,21,Smear Negative
Syrian Arab Republic,2009,sn,m,15-24,76,Smear Negative
Syrian Arab Republic,2009,sn,m,25-34,65,Smear Negative
Syrian Arab Republic,2009,sn,m,35-44,53,Smear Negative
Syrian Arab Republic,2009,sn,m,45-54,54,Smear Negative
Syrian Arab Republic,2009,sn,m,55-64,47,Smear Negative
Syrian Arab Republic,2009,sn,m,65+,55,Smear Negative
Syrian Arab Republic,2009,sn,f,0-14,43,Smear Negative
Syrian Arab Republic,2009,sn,f,15-24,81,Smear Negative
Syrian Arab Republic,2009,sn,f,25-34,39,Smear Negative
Syrian Arab Republic,2009,sn,f,35-44,38,Smear Negative
Syrian Arab Republic,2009,sn,f,45-54,40,Smear Negative
Syrian Arab Republic,2009,sn,f,55-64,31,Smear Negative
Syrian Arab Republic,2009,sn,f,65+,32,Smear Negative
Syrian Arab Republic,2009,ep,m,0-14,155,Extrapulmonary
Syrian Arab Republic,2009,ep,m,15-24,203,Extrapulmonary
Syrian Arab Republic,2009,ep,m,25-34,179,Extrapulmonary
Syrian Arab Republic,2009,ep,m,35-44,92,Extrapulmonary
Syrian Arab Republic,2009,ep,m,45-54,67,Extrapulmonary
Syrian Arab Republic,2009,ep,m,55-64,61,Extrapulmonary
Syrian Arab Republic,2009,ep,m,65+,77,Extrapulmonary
Syrian Arab Republic,2009,ep,f,0-14,164,Extrapulmonary
Syrian Arab Republic,2009,ep,f,15-24,336,Extrapulmonary
Syrian Arab Republic,2009,ep,f,25-34,273,Extrapulmonary
Syrian Arab Republic,2009,ep,f,35-44,154,Extrapulmonary
Syrian Arab Republic,2009,ep,f,45-54,126,Extrapulmonary
Syrian Arab Republic,2009,ep,f,55-64,82,Extrapulmonary
Syrian Arab Republic,2009,ep,f,65+,67,Extrapulmonary
Syrian Arab Republic,2010,sp,m,0-14,7,Smear Positive
Syrian Arab Republic,2010,sp,m,15-24,170,Smear Positive
Syrian Arab Republic,2010,sp,m,25-34,212,Smear Positive
Syrian Arab Republic,2010,sp,m,35-44,101,Smear Positive
Syrian Arab Republic,2010,sp,m,45-54,80,Smear Positive
Syrian Arab Republic,2010,sp,m,55-64,65,Smear Positive
Syrian Arab Republic,2010,sp,m,65+,49,Smear Positive
Syrian Arab Republic,2010,sp,f,0-14,16,Smear Positive
Syrian Arab Republic,2010,sp,f,15-24,164,Smear Positive
Syrian Arab Republic,2010,sp,f,25-34,105,Smear Positive
Syrian Arab Republic,2010,sp,f,35-44,47,Smear Positive
Syrian Arab Republic,2010,sp,f,45-54,41,Smear Positive
Syrian Arab Republic,2010,sp,f,55-64,38,Smear Positive
Syrian Arab Republic,2010,sp,f,65+,27,Smear Positive
Syrian Arab Republic,2010,sn,m,0-14,14,Smear Negative
Syrian Arab Republic,2010,sn,m,15-24,62,Smear Negative
Syrian Arab Republic,2010,sn,m,25-34,61,Smear Negative
Syrian Arab Republic,2010,sn,m,35-44,37,Smear Negative
Syrian Arab Republic,2010,sn,m,45-54,32,Smear Negative
Syrian Arab Republic,2010,sn,m,55-64,42,Smear Negative
Syrian Arab Republic,2010,sn,m,65+,50,Smear Negative
Syrian Arab Republic,2010,sn,f,0-14,38,Smear Negative
Syrian Arab Republic,2010,sn,f,15-24,62,Smear Negative
Syrian Arab Republic,2010,sn,f,25-34,51,Smear Negative
Syrian Arab Republic,2010,sn,f,35-44,20,Smear Negative
Syrian Arab Republic,2010,sn,f,45-54,22,Smear Negative
Syrian Arab Republic,2010,sn,f,55-64,23,Smear Negative
Syrian Arab Republic,2010,sn,f,65+,30,Smear Negative
Syrian Arab Republic,2010,ep,m,0-14,189,Extrapulmonary
Syrian Arab Republic,2010,ep,m,15-24,191,Extrapulmonary
Syrian Arab Republic,2010,ep,m,25-34,175,Extrapulmonary
Syrian Arab Republic,2010,ep,m,35-44,79,Extrapulmonary
Syrian Arab Republic,2010,ep,m,45-54,62,Extrapulmonary
Syrian Arab Republic,2010,ep,m,55-64,43,Extrapulmonary
Syrian Arab Republic,2010,ep,m,65+,67,Extrapulmonary
Syrian Arab Republic,2010,ep,f,0-14,157,Extrapulmonary
Syrian Arab Republic,2010,ep,f,15-24,293,Extrapulmonary
Syrian Arab Republic,2010,ep,f,25-34,263,Extrapulmonary
Syrian Arab Republic,2010,ep,f,35-44,152,Extrapulmonary
Syrian Arab Republic,2010,ep,f,45-54,124,Extrapulmonary
Syrian Arab Republic,2010,ep,f,55-64,83,Extrapulmonary
Syrian Arab Republic,2010,ep,f,65+,70,Extrapulmonary
Syrian Arab Republic,2011,sp,m,0-14,8,Smear Positive
Syrian Arab Republic,2011,sp,m,15-24,139,Smear Positive
Syrian Arab Republic,2011,sp,m,25-34,195,Smear Positive
Syrian Arab Republic,2011,sp,m,35-44,116,Smear Positive
Syrian Arab Republic,2011,sp,m,45-54,81,Smear Positive
Syrian Arab Republic,2011,sp,m,55-64,49,Smear Positive
Syrian Arab Republic,2011,sp,m,65+,45,Smear Positive
Syrian Arab Republic,2011,sp,f,0-14,20,Smear Positive
Syrian Arab Republic,2011,sp,f,15-24,113,Smear Positive
Syrian Arab Republic,2011,sp,f,25-34,97,Smear Positive
Syrian Arab Republic,2011,sp,f,35-44,56,Smear Positive
Syrian Arab Republic,2011,sp,f,45-54,35,Smear Positive
Syrian Arab Republic,2011,sp,f,55-64,36,Smear Positive
Syrian Arab Republic,2011,sp,f,65+,37,Smear Positive
Syrian Arab Republic,2011,sn,m,0-14,23,Smear Negative
Syrian Arab Republic,2011,sn,m,15-24,39,Smear Negative
Syrian Arab Republic,2011,sn,m,25-34,51,Smear Negative
Syrian Arab Republic,2011,sn,m,35-44,30,Smear Negative
Syrian Arab Republic,2011,sn,m,45-54,33,Smear Negative
Syrian Arab Republic,2011,sn,m,55-64,31,Smear Negative
Syrian Arab Republic,2011,sn,m,65+,31,Smear Negative
Syrian Arab Republic,2011,sn,f,0-14,19,Smear Negative
Syrian Arab Republic,2011,sn,f,15-24,52,Smear Negative
Syrian Arab Republic,2011,sn,f,25-34,30,Smear Negative
Syrian Arab Republic,2011,sn,f,35-44,14,Smear Negative
Syrian Arab Republic,2011,sn,f,45-54,21,Smear Negative
Syrian Arab Republic,2011,sn,f,55-64,8,Smear Negative
Syrian Arab Republic,2011,sn,f,65+,11,Smear Negative
Syrian Arab Republic,2011,ep,m,0-14,267,Extrapulmonary
Syrian Arab Republic,2011,ep,m,15-24,172,Extrapulmonary
Syrian Arab Republic,2011,ep,m,25-34,181,Extrapulmonary
Syrian Arab Republic,2011,ep,m,35-44,58,Extrapulmonary
Syrian Arab Republic,2011,ep,m,45-54,64,Extrapulmonary
Syrian Arab Republic,2011,ep,m,55-64,44,Extrapulmonary
Syrian Arab Republic,2011,ep,m,65+,47,Extrapulmonary
Syrian Arab Republic,2011,ep,f,0-14,215,Extrapulmonary
Syrian Arab Republic,2011,ep,f,15-24,247,Extrapulmonary
Syrian Arab Republic,2011,ep,f,25-34,254,Extrapulmonary
Syrian Arab Republic,2011,ep,f,35-44,126,Extrapulmonary
Syrian Arab Republic,2011,ep,f,45-54,109,Extrapulmonary
Syrian Arab Republic,2011,ep,f,55-64,61,Extrapulmonary
Syrian Arab Republic,2011,ep,f,65+,70,Extrapulmonary
Syrian Arab Republic,2012,sp,m,0-14,7,Smear Positive
Syrian Arab Republic,2012,sp,m,15-24,91,Smear Positive
Syrian Arab Republic,2012,sp,m,25-34,146,Smear Positive
Syrian Arab Republic,2012,sp,m,35-44,90,Smear Positive
Syrian Arab Republic,2012,sp,m,45-54,85,Smear Positive
Syrian Arab Republic,2012,sp,m,55-64,46,Smear Positive
Syrian Arab Republic,2012,sp,m,65+,41,Smear Positive
Syrian Arab Republic,2012,sp,f,0-14,5,Smear Positive
Syrian Arab Republic,2012,sp,f,15-24,104,Smear Positive
Syrian Arab Republic,2012,sp,f,25-34,75,Smear Positive
Syrian Arab Republic,2012,sp,f,35-44,35,Smear Positive
Syrian Arab Republic,2012,sp,f,45-54,33,Smear Positive
Syrian Arab Republic,2012,sp,f,55-64,32,Smear Positive
Syrian Arab Republic,2012,sp,f,65+,19,Smear Positive
Syrian Arab Republic,2012,sn,m,0-14,18,Smear Negative
Syrian Arab Republic,2012,sn,m,15-24,41,Smear Negative
Syrian Arab Republic,2012,sn,m,25-34,34,Smear Negative
Syrian Arab Republic,2012,sn,m,35-44,25,Smear Negative
Syrian Arab Republic,2012,sn,m,45-54,37,Smear Negative
Syrian Arab Republic,2012,sn,m,55-64,24,Smear Negative
Syrian Arab Republic,2012,sn,m,65+,24,Smear Negative
Syrian Arab Republic,2012,sn,f,0-14,21,Smear Negative
Syrian Arab Republic,2012,sn,f,15-24,40,Smear Negative
Syrian Arab Republic,2012,sn,f,25-34,34,Smear Negative
Syrian Arab Republic,2012,sn,f,35-44,25,Smear Negative
Syrian Arab Republic,2012,sn,f,45-54,15,Smear Negative
Syrian Arab Republic,2012,sn,f,55-64,14,Smear Negative
Syrian Arab Republic,2012,sn,f,65+,12,Smear Negative
Syrian Arab Republic,2012,ep,m,0-14,245,Extrapulmonary
Syrian Arab Republic,2012,ep,m,15-24,121,Extrapulmonary
Syrian Arab Republic,2012,ep,m,25-34,128,Extrapulmonary
Syrian Arab Republic,2012,ep,m,35-44,65,Extrapulmonary
Syrian Arab Republic,2012,ep,m,45-54,47,Extrapulmonary
Syrian Arab Republic,2012,ep,m,55-64,37,Extrapulmonary
Syrian Arab Republic,2012,ep,m,65+,41,Extrapulmonary
Syrian Arab Republic,2012,ep,f,0-14,192,Extrapulmonary
Syrian Arab Republic,2012,ep,f,15-24,249,Extrapulmonary
Syrian Arab Republic,2012,ep,f,25-34,238,Extrapulmonary
Syrian Arab Republic,2012,ep,f,35-44,147,Extrapulmonary
Syrian Arab Republic,2012,ep,f,45-54,84,Extrapulmonary
Syrian Arab Republic,2012,ep,f,55-64,70,Extrapulmonary
Syrian Arab Republic,2012,ep,f,65+,38,Extrapulmonary
Syrian Arab Republic,2013,rel,m,0-14,211,Relapse
Syrian Arab Republic,2013,rel,m,15-24,273,Relapse
Syrian Arab Republic,2013,rel,m,25-34,304,Relapse
Syrian Arab Republic,2013,rel,m,35-44,201,Relapse
Syrian Arab Republic,2013,rel,m,45-54,180,Relapse
Syrian Arab Republic,2013,rel,m,55-64,127,Relapse
Syrian Arab Republic,2013,rel,m,65+,113,Relapse
Syrian Arab Republic,2013,rel,f,0-14,192,Relapse
Syrian Arab Republic,2013,rel,f,15-24,344,Relapse
Syrian Arab Republic,2013,rel,f,25-34,320,Relapse
Syrian Arab Republic,2013,rel,f,35-44,197,Relapse
Syrian Arab Republic,2013,rel,f,45-54,150,Relapse
Syrian Arab Republic,2013,rel,f,55-64,103,Relapse
Syrian Arab Republic,2013,rel,f,65+,80,Relapse
Tajikistan,1996,sp,m,0-14,4,Smear Positive
Tajikistan,1996,sp,m,15-24,22,Smear Positive
Tajikistan,1996,sp,m,25-34,25,Smear Positive
Tajikistan,1996,sp,m,35-44,23,Smear Positive
Tajikistan,1996,sp,m,45-54,12,Smear Positive
Tajikistan,1996,sp,m,55-64,12,Smear Positive
Tajikistan,1996,sp,m,65+,4,Smear Positive
Tajikistan,1996,sp,f,0-14,5,Smear Positive
Tajikistan,1996,sp,f,15-24,18,Smear Positive
Tajikistan,1996,sp,f,25-34,26,Smear Positive
Tajikistan,1996,sp,f,35-44,46,Smear Positive
Tajikistan,1996,sp,f,45-54,20,Smear Positive
Tajikistan,1996,sp,f,55-64,11,Smear Positive
Tajikistan,1996,sp,f,65+,4,Smear Positive
Tajikistan,1997,sp,m,0-14,8,Smear Positive
Tajikistan,1997,sp,m,15-24,16,Smear Positive
Tajikistan,1997,sp,m,25-34,38,Smear Positive
Tajikistan,1997,sp,m,35-44,26,Smear Positive
Tajikistan,1997,sp,m,45-54,18,Smear Positive
Tajikistan,1997,sp,m,55-64,12,Smear Positive
Tajikistan,1997,sp,m,65+,8,Smear Positive
Tajikistan,1997,sp,f,0-14,7,Smear Positive
Tajikistan,1997,sp,f,15-24,17,Smear Positive
Tajikistan,1997,sp,f,25-34,33,Smear Positive
Tajikistan,1997,sp,f,35-44,24,Smear Positive
Tajikistan,1997,sp,f,45-54,17,Smear Positive
Tajikistan,1997,sp,f,55-64,12,Smear Positive
Tajikistan,1997,sp,f,65+,9,Smear Positive
Tajikistan,1998,sp,m,0-14,9,Smear Positive
Tajikistan,1998,sp,m,15-24,67,Smear Positive
Tajikistan,1998,sp,m,25-34,90,Smear Positive
Tajikistan,1998,sp,m,35-44,48,Smear Positive
Tajikistan,1998,sp,m,45-54,18,Smear Positive
Tajikistan,1998,sp,m,55-64,22,Smear Positive
Tajikistan,1998,sp,m,65+,10,Smear Positive
Tajikistan,1998,sp,f,0-14,2,Smear Positive
Tajikistan,1998,sp,f,15-24,33,Smear Positive
Tajikistan,1998,sp,f,25-34,60,Smear Positive
Tajikistan,1998,sp,f,35-44,37,Smear Positive
Tajikistan,1998,sp,f,45-54,21,Smear Positive
Tajikistan,1998,sp,f,55-64,10,Smear Positive
Tajikistan,1998,sp,f,65+,8,Smear Positive
Tajikistan,2001,sp,m,0-14,8,Smear Positive
Tajikistan,2001,sp,m,15-24,129,Smear Positive
Tajikistan,2001,sp,m,25-34,152,Smear Positive
Tajikistan,2001,sp,m,35-44,89,Smear Positive
Tajikistan,2001,sp,m,45-54,43,Smear Positive
Tajikistan,2001,sp,m,55-64,17,Smear Positive
Tajikistan,2001,sp,m,65+,16,Smear Positive
Tajikistan,2001,sp,f,0-14,0,Smear Positive
Tajikistan,2001,sp,f,15-24,61,Smear Positive
Tajikistan,2001,sp,f,25-34,83,Smear Positive
Tajikistan,2001,sp,f,35-44,62,Smear Positive
Tajikistan,2001,sp,f,45-54,25,Smear Positive
Tajikistan,2001,sp,f,55-64,11,Smear Positive
Tajikistan,2001,sp,f,65+,8,Smear Positive
Tajikistan,2002,sp,m,0-14,7,Smear Positive
Tajikistan,2002,sp,m,15-24,134,Smear Positive
Tajikistan,2002,sp,m,25-34,133,Smear Positive
Tajikistan,2002,sp,m,35-44,66,Smear Positive
Tajikistan,2002,sp,m,45-54,45,Smear Positive
Tajikistan,2002,sp,m,55-64,28,Smear Positive
Tajikistan,2002,sp,m,65+,19,Smear Positive
Tajikistan,2002,sp,f,0-14,6,Smear Positive
Tajikistan,2002,sp,f,15-24,69,Smear Positive
Tajikistan,2002,sp,f,25-34,84,Smear Positive
Tajikistan,2002,sp,f,35-44,46,Smear Positive
Tajikistan,2002,sp,f,45-54,29,Smear Positive
Tajikistan,2002,sp,f,55-64,15,Smear Positive
Tajikistan,2002,sp,f,65+,6,Smear Positive
Tajikistan,2004,sp,m,0-14,7,Smear Positive
Tajikistan,2004,sp,m,15-24,146,Smear Positive
Tajikistan,2004,sp,m,25-34,90,Smear Positive
Tajikistan,2004,sp,m,35-44,58,Smear Positive
Tajikistan,2004,sp,m,45-54,34,Smear Positive
Tajikistan,2004,sp,m,55-64,12,Smear Positive
Tajikistan,2004,sp,m,65+,10,Smear Positive
Tajikistan,2004,sp,f,0-14,11,Smear Positive
Tajikistan,2004,sp,f,15-24,77,Smear Positive
Tajikistan,2004,sp,f,25-34,59,Smear Positive
Tajikistan,2004,sp,f,35-44,41,Smear Positive
Tajikistan,2004,sp,f,45-54,23,Smear Positive
Tajikistan,2004,sp,f,55-64,17,Smear Positive
Tajikistan,2004,sp,f,65+,16,Smear Positive
Tajikistan,2005,sp,m,0-14,8,Smear Positive
Tajikistan,2005,sp,m,15-24,308,Smear Positive
Tajikistan,2005,sp,m,25-34,279,Smear Positive
Tajikistan,2005,sp,m,35-44,164,Smear Positive
Tajikistan,2005,sp,m,45-54,104,Smear Positive
Tajikistan,2005,sp,m,55-64,54,Smear Positive
Tajikistan,2005,sp,m,65+,48,Smear Positive
Tajikistan,2005,sp,f,0-14,26,Smear Positive
Tajikistan,2005,sp,f,15-24,225,Smear Positive
Tajikistan,2005,sp,f,25-34,185,Smear Positive
Tajikistan,2005,sp,f,35-44,151,Smear Positive
Tajikistan,2005,sp,f,45-54,89,Smear Positive
Tajikistan,2005,sp,f,55-64,43,Smear Positive
Tajikistan,2005,sp,f,65+,53,Smear Positive
Tajikistan,2007,sp,m,0-14,13,Smear Positive
Tajikistan,2007,sp,m,15-24,413,Smear Positive
Tajikistan,2007,sp,m,25-34,361,Smear Positive
Tajikistan,2007,sp,m,35-44,194,Smear Positive
Tajikistan,2007,sp,m,45-54,132,Smear Positive
Tajikistan,2007,sp,m,55-64,63,Smear Positive
Tajikistan,2007,sp,m,65+,65,Smear Positive
Tajikistan,2007,sp,f,0-14,21,Smear Positive
Tajikistan,2007,sp,f,15-24,329,Smear Positive
Tajikistan,2007,sp,f,25-34,243,Smear Positive
Tajikistan,2007,sp,f,35-44,154,Smear Positive
Tajikistan,2007,sp,f,45-54,92,Smear Positive
Tajikistan,2007,sp,f,55-64,61,Smear Positive
Tajikistan,2007,sp,f,65+,87,Smear Positive
Tajikistan,2007,sn,m,0-14,61,Smear Negative
Tajikistan,2007,sn,m,15-24,444,Smear Negative
Tajikistan,2007,sn,m,25-34,320,Smear Negative
Tajikistan,2007,sn,m,35-44,186,Smear Negative
Tajikistan,2007,sn,m,45-54,122,Smear Negative
Tajikistan,2007,sn,m,55-64,54,Smear Negative
Tajikistan,2007,sn,m,65+,51,Smear Negative
Tajikistan,2007,sn,f,0-14,65,Smear Negative
Tajikistan,2007,sn,f,15-24,235,Smear Negative
Tajikistan,2007,sn,f,25-34,220,Smear Negative
Tajikistan,2007,sn,f,35-44,135,Smear Negative
Tajikistan,2007,sn,f,45-54,103,Smear Negative
Tajikistan,2007,sn,f,55-64,71,Smear Negative
Tajikistan,2007,sn,f,65+,53,Smear Negative
Tajikistan,2007,ep,m,0-14,228,Extrapulmonary
Tajikistan,2007,ep,m,15-24,386,Extrapulmonary
Tajikistan,2007,ep,m,25-34,167,Extrapulmonary
Tajikistan,2007,ep,m,35-44,96,Extrapulmonary
Tajikistan,2007,ep,m,45-54,52,Extrapulmonary
Tajikistan,2007,ep,m,55-64,27,Extrapulmonary
Tajikistan,2007,ep,m,65+,36,Extrapulmonary
Tajikistan,2007,ep,f,0-14,197,Extrapulmonary
Tajikistan,2007,ep,f,15-24,172,Extrapulmonary
Tajikistan,2007,ep,f,25-34,150,Extrapulmonary
Tajikistan,2007,ep,f,35-44,90,Extrapulmonary
Tajikistan,2007,ep,f,45-54,69,Extrapulmonary
Tajikistan,2007,ep,f,55-64,40,Extrapulmonary
Tajikistan,2007,ep,f,65+,23,Extrapulmonary
Tajikistan,2008,sp,m,0-14,7,Smear Positive
Tajikistan,2008,sp,m,15-24,437,Smear Positive
Tajikistan,2008,sp,m,25-34,358,Smear Positive
Tajikistan,2008,sp,m,35-44,165,Smear Positive
Tajikistan,2008,sp,m,45-54,113,Smear Positive
Tajikistan,2008,sp,m,55-64,52,Smear Positive
Tajikistan,2008,sp,m,65+,64,Smear Positive
Tajikistan,2008,sp,f,0-14,25,Smear Positive
Tajikistan,2008,sp,f,15-24,290,Smear Positive
Tajikistan,2008,sp,f,25-34,211,Smear Positive
Tajikistan,2008,sp,f,35-44,121,Smear Positive
Tajikistan,2008,sp,f,45-54,101,Smear Positive
Tajikistan,2008,sp,f,55-64,40,Smear Positive
Tajikistan,2008,sp,f,65+,73,Smear Positive
Tajikistan,2008,sn,m,0-14,70,Smear Negative
Tajikistan,2008,sn,m,15-24,447,Smear Negative
Tajikistan,2008,sn,m,25-34,343,Smear Negative
Tajikistan,2008,sn,m,35-44,194,Smear Negative
Tajikistan,2008,sn,m,45-54,149,Smear Negative
Tajikistan,2008,sn,m,55-64,69,Smear Negative
Tajikistan,2008,sn,m,65+,71,Smear Negative
Tajikistan,2008,sn,f,0-14,61,Smear Negative
Tajikistan,2008,sn,f,15-24,258,Smear Negative
Tajikistan,2008,sn,f,25-34,229,Smear Negative
Tajikistan,2008,sn,f,35-44,158,Smear Negative
Tajikistan,2008,sn,f,45-54,121,Smear Negative
Tajikistan,2008,sn,f,55-64,68,Smear Negative
Tajikistan,2008,sn,f,65+,47,Smear Negative
Tajikistan,2008,ep,m,0-14,222,Extrapulmonary
Tajikistan,2008,ep,m,15-24,435,Extrapulmonary
Tajikistan,2008,ep,m,25-34,191,Extrapulmonary
Tajikistan,2008,ep,m,35-44,114,Extrapulmonary
Tajikistan,2008,ep,m,45-54,77,Extrapulmonary
Tajikistan,2008,ep,m,55-64,27,Extrapulmonary
Tajikistan,2008,ep,m,65+,27,Extrapulmonary
Tajikistan,2008,ep,f,0-14,162,Extrapulmonary
Tajikistan,2008,ep,f,15-24,162,Extrapulmonary
Tajikistan,2008,ep,f,25-34,119,Extrapulmonary
Tajikistan,2008,ep,f,35-44,90,Extrapulmonary
Tajikistan,2008,ep,f,45-54,72,Extrapulmonary
Tajikistan,2008,ep,f,55-64,50,Extrapulmonary
Tajikistan,2008,ep,f,65+,25,Extrapulmonary
Tajikistan,2009,sp,m,0-14,4,Smear Positive
Tajikistan,2009,sp,m,15-24,407,Smear Positive
Tajikistan,2009,sp,m,25-34,322,Smear Positive
Tajikistan,2009,sp,m,35-44,173,Smear Positive
Tajikistan,2009,sp,m,45-54,107,Smear Positive
Tajikistan,2009,sp,m,55-64,78,Smear Positive
Tajikistan,2009,sp,m,65+,58,Smear Positive
Tajikistan,2009,sp,f,0-14,12,Smear Positive
Tajikistan,2009,sp,f,15-24,253,Smear Positive
Tajikistan,2009,sp,f,25-34,223,Smear Positive
Tajikistan,2009,sp,f,35-44,111,Smear Positive
Tajikistan,2009,sp,f,45-54,92,Smear Positive
Tajikistan,2009,sp,f,55-64,60,Smear Positive
Tajikistan,2009,sp,f,65+,72,Smear Positive
Tajikistan,2009,sn,m,0-14,59,Smear Negative
Tajikistan,2009,sn,m,15-24,461,Smear Negative
Tajikistan,2009,sn,m,25-34,363,Smear Negative
Tajikistan,2009,sn,m,35-44,182,Smear Negative
Tajikistan,2009,sn,m,45-54,108,Smear Negative
Tajikistan,2009,sn,m,55-64,60,Smear Negative
Tajikistan,2009,sn,m,65+,56,Smear Negative
Tajikistan,2009,sn,f,0-14,47,Smear Negative
Tajikistan,2009,sn,f,15-24,257,Smear Negative
Tajikistan,2009,sn,f,25-34,258,Smear Negative
Tajikistan,2009,sn,f,35-44,141,Smear Negative
Tajikistan,2009,sn,f,45-54,104,Smear Negative
Tajikistan,2009,sn,f,55-64,74,Smear Negative
Tajikistan,2009,sn,f,65+,38,Smear Negative
Tajikistan,2009,ep,m,0-14,188,Extrapulmonary
Tajikistan,2009,ep,m,15-24,389,Extrapulmonary
Tajikistan,2009,ep,m,25-34,174,Extrapulmonary
Tajikistan,2009,ep,m,35-44,95,Extrapulmonary
Tajikistan,2009,ep,m,45-54,80,Extrapulmonary
Tajikistan,2009,ep,m,55-64,30,Extrapulmonary
Tajikistan,2009,ep,m,65+,33,Extrapulmonary
Tajikistan,2009,ep,f,0-14,146,Extrapulmonary
Tajikistan,2009,ep,f,15-24,178,Extrapulmonary
Tajikistan,2009,ep,f,25-34,130,Extrapulmonary
Tajikistan,2009,ep,f,35-44,93,Extrapulmonary
Tajikistan,2009,ep,f,45-54,71,Extrapulmonary
Tajikistan,2009,ep,f,55-64,41,Extrapulmonary
Tajikistan,2009,ep,f,65+,36,Extrapulmonary
Tajikistan,2010,sp,m,0-14,12,Smear Positive
Tajikistan,2010,sp,m,15-24,398,Smear Positive
Tajikistan,2010,sp,m,25-34,366,Smear Positive
Tajikistan,2010,sp,m,35-44,214,Smear Positive
Tajikistan,2010,sp,m,45-54,129,Smear Positive
Tajikistan,2010,sp,m,55-64,93,Smear Positive
Tajikistan,2010,sp,m,65+,74,Smear Positive
Tajikistan,2010,sp,f,0-14,23,Smear Positive
Tajikistan,2010,sp,f,15-24,320,Smear Positive
Tajikistan,2010,sp,f,25-34,272,Smear Positive
Tajikistan,2010,sp,f,35-44,111,Smear Positive
Tajikistan,2010,sp,f,45-54,109,Smear Positive
Tajikistan,2010,sp,f,55-64,87,Smear Positive
Tajikistan,2010,sp,f,65+,82,Smear Positive
Tajikistan,2010,sn,m,0-14,51,Smear Negative
Tajikistan,2010,sn,m,15-24,432,Smear Negative
Tajikistan,2010,sn,m,25-34,283,Smear Negative
Tajikistan,2010,sn,m,35-44,174,Smear Negative
Tajikistan,2010,sn,m,45-54,119,Smear Negative
Tajikistan,2010,sn,m,55-64,64,Smear Negative
Tajikistan,2010,sn,m,65+,62,Smear Negative
Tajikistan,2010,sn,f,0-14,62,Smear Negative
Tajikistan,2010,sn,f,15-24,251,Smear Negative
Tajikistan,2010,sn,f,25-34,216,Smear Negative
Tajikistan,2010,sn,f,35-44,122,Smear Negative
Tajikistan,2010,sn,f,45-54,96,Smear Negative
Tajikistan,2010,sn,f,55-64,62,Smear Negative
Tajikistan,2010,sn,f,65+,44,Smear Negative
Tajikistan,2010,ep,m,0-14,189,Extrapulmonary
Tajikistan,2010,ep,m,15-24,262,Extrapulmonary
Tajikistan,2010,ep,m,25-34,173,Extrapulmonary
Tajikistan,2010,ep,m,35-44,88,Extrapulmonary
Tajikistan,2010,ep,m,45-54,72,Extrapulmonary
Tajikistan,2010,ep,m,55-64,40,Extrapulmonary
Tajikistan,2010,ep,m,65+,31,Extrapulmonary
Tajikistan,2010,ep,f,0-14,154,Extrapulmonary
Tajikistan,2010,ep,f,15-24,249,Extrapulmonary
Tajikistan,2010,ep,f,25-34,165,Extrapulmonary
Tajikistan,2010,ep,f,35-44,78,Extrapulmonary
Tajikistan,2010,ep,f,45-54,68,Extrapulmonary
Tajikistan,2010,ep,f,55-64,35,Extrapulmonary
Tajikistan,2010,ep,f,65+,27,Extrapulmonary
Tajikistan,2011,sp,m,0-14,8,Smear Positive
Tajikistan,2011,sp,m,15-24,343,Smear Positive
Tajikistan,2011,sp,m,25-34,365,Smear Positive
Tajikistan,2011,sp,m,35-44,181,Smear Positive
Tajikistan,2011,sp,m,45-54,128,Smear Positive
Tajikistan,2011,sp,m,55-64,75,Smear Positive
Tajikistan,2011,sp,m,65+,77,Smear Positive
Tajikistan,2011,sp,f,0-14,31,Smear Positive
Tajikistan,2011,sp,f,15-24,314,Smear Positive
Tajikistan,2011,sp,f,25-34,229,Smear Positive
Tajikistan,2011,sp,f,35-44,104,Smear Positive
Tajikistan,2011,sp,f,45-54,100,Smear Positive
Tajikistan,2011,sp,f,55-64,105,Smear Positive
Tajikistan,2011,sp,f,65+,114,Smear Positive
Tajikistan,2011,sn,m,0-14,71,Smear Negative
Tajikistan,2011,sn,m,15-24,417,Smear Negative
Tajikistan,2011,sn,m,25-34,309,Smear Negative
Tajikistan,2011,sn,m,35-44,188,Smear Negative
Tajikistan,2011,sn,m,45-54,124,Smear Negative
Tajikistan,2011,sn,m,55-64,84,Smear Negative
Tajikistan,2011,sn,m,65+,62,Smear Negative
Tajikistan,2011,sn,f,0-14,66,Smear Negative
Tajikistan,2011,sn,f,15-24,248,Smear Negative
Tajikistan,2011,sn,f,25-34,227,Smear Negative
Tajikistan,2011,sn,f,35-44,116,Smear Negative
Tajikistan,2011,sn,f,45-54,114,Smear Negative
Tajikistan,2011,sn,f,55-64,67,Smear Negative
Tajikistan,2011,sn,f,65+,55,Smear Negative
Tajikistan,2011,ep,m,0-14,241,Extrapulmonary
Tajikistan,2011,ep,m,15-24,321,Extrapulmonary
Tajikistan,2011,ep,m,25-34,151,Extrapulmonary
Tajikistan,2011,ep,m,35-44,78,Extrapulmonary
Tajikistan,2011,ep,m,45-54,60,Extrapulmonary
Tajikistan,2011,ep,m,55-64,32,Extrapulmonary
Tajikistan,2011,ep,m,65+,32,Extrapulmonary
Tajikistan,2011,ep,f,0-14,152,Extrapulmonary
Tajikistan,2011,ep,f,15-24,158,Extrapulmonary
Tajikistan,2011,ep,f,25-34,148,Extrapulmonary
Tajikistan,2011,ep,f,35-44,82,Extrapulmonary
Tajikistan,2011,ep,f,45-54,68,Extrapulmonary
Tajikistan,2011,ep,f,55-64,56,Extrapulmonary
Tajikistan,2011,ep,f,65+,34,Extrapulmonary
Tajikistan,2012,sp,m,0-14,8,Smear Positive
Tajikistan,2012,sp,m,15-24,346,Smear Positive
Tajikistan,2012,sp,m,25-34,320,Smear Positive
Tajikistan,2012,sp,m,35-44,169,Smear Positive
Tajikistan,2012,sp,m,45-54,124,Smear Positive
Tajikistan,2012,sp,m,55-64,75,Smear Positive
Tajikistan,2012,sp,m,65+,72,Smear Positive
Tajikistan,2012,sp,f,0-14,16,Smear Positive
Tajikistan,2012,sp,f,15-24,243,Smear Positive
Tajikistan,2012,sp,f,25-34,243,Smear Positive
Tajikistan,2012,sp,f,35-44,105,Smear Positive
Tajikistan,2012,sp,f,45-54,99,Smear Positive
Tajikistan,2012,sp,f,55-64,94,Smear Positive
Tajikistan,2012,sp,f,65+,127,Smear Positive
Tajikistan,2012,sn,m,0-14,50,Smear Negative
Tajikistan,2012,sn,m,15-24,380,Smear Negative
Tajikistan,2012,sn,m,25-34,325,Smear Negative
Tajikistan,2012,sn,m,35-44,163,Smear Negative
Tajikistan,2012,sn,m,45-54,104,Smear Negative
Tajikistan,2012,sn,m,55-64,68,Smear Negative
Tajikistan,2012,sn,m,65+,59,Smear Negative
Tajikistan,2012,sn,f,0-14,42,Smear Negative
Tajikistan,2012,sn,f,15-24,192,Smear Negative
Tajikistan,2012,sn,f,25-34,193,Smear Negative
Tajikistan,2012,sn,f,35-44,120,Smear Negative
Tajikistan,2012,sn,f,45-54,100,Smear Negative
Tajikistan,2012,sn,f,55-64,72,Smear Negative
Tajikistan,2012,sn,f,65+,43,Smear Negative
Tajikistan,2012,ep,m,0-14,138,Extrapulmonary
Tajikistan,2012,ep,m,15-24,301,Extrapulmonary
Tajikistan,2012,ep,m,25-34,157,Extrapulmonary
Tajikistan,2012,ep,m,35-44,92,Extrapulmonary
Tajikistan,2012,ep,m,45-54,61,Extrapulmonary
Tajikistan,2012,ep,m,55-64,47,Extrapulmonary
Tajikistan,2012,ep,m,65+,33,Extrapulmonary
Tajikistan,2012,ep,f,0-14,106,Extrapulmonary
Tajikistan,2012,ep,f,15-24,186,Extrapulmonary
Tajikistan,2012,ep,f,25-34,164,Extrapulmonary
Tajikistan,2012,ep,f,35-44,85,Extrapulmonary
Tajikistan,2012,ep,f,45-54,81,Extrapulmonary
Tajikistan,2012,ep,f,55-64,46,Extrapulmonary
Tajikistan,2012,ep,f,65+,35,Extrapulmonary
Tajikistan,2013,rel,m,0-14,205,Relapse
Tajikistan,2013,rel,m,15-24,949,Relapse
Tajikistan,2013,rel,m,25-34,779,Relapse
Tajikistan,2013,rel,m,35-44,399,Relapse
Tajikistan,2013,rel,m,45-54,280,Relapse
Tajikistan,2013,rel,m,55-64,207,Relapse
Tajikistan,2013,rel,m,65+,176,Relapse
Tajikistan,2013,rel,f,0-14,184,Relapse
Tajikistan,2013,rel,f,15-24,621,Relapse
Tajikistan,2013,rel,f,25-34,564,Relapse
Tajikistan,2013,rel,f,35-44,295,Relapse
Tajikistan,2013,rel,f,45-54,258,Relapse
Tajikistan,2013,rel,f,55-64,224,Relapse
Tajikistan,2013,rel,f,65+,165,Relapse
Thailand,1995,sp,m,0-14,59,Smear Positive
Thailand,1995,sp,m,15-24,1191,Smear Positive
Thailand,1995,sp,m,25-34,2936,Smear Positive
Thailand,1995,sp,m,35-44,2948,Smear Positive
Thailand,1995,sp,m,45-54,2434,Smear Positive
Thailand,1995,sp,m,55-64,2607,Smear Positive
Thailand,1995,sp,m,65+,2346,Smear Positive
Thailand,1995,sp,f,0-14,52,Smear Positive
Thailand,1995,sp,f,15-24,741,Smear Positive
Thailand,1995,sp,f,25-34,888,Smear Positive
Thailand,1995,sp,f,35-44,782,Smear Positive
Thailand,1995,sp,f,45-54,936,Smear Positive
Thailand,1995,sp,f,55-64,1175,Smear Positive
Thailand,1995,sp,f,65+,1178,Smear Positive
Thailand,1996,sp,m,0-14,54,Smear Positive
Thailand,1996,sp,m,15-24,1088,Smear Positive
Thailand,1996,sp,m,25-34,2857,Smear Positive
Thailand,1996,sp,m,35-44,2496,Smear Positive
Thailand,1996,sp,m,45-54,1935,Smear Positive
Thailand,1996,sp,m,55-64,2004,Smear Positive
Thailand,1996,sp,m,65+,1772,Smear Positive
Thailand,1996,sp,f,0-14,50,Smear Positive
Thailand,1996,sp,f,15-24,598,Smear Positive
Thailand,1996,sp,f,25-34,844,Smear Positive
Thailand,1996,sp,f,35-44,683,Smear Positive
Thailand,1996,sp,f,45-54,718,Smear Positive
Thailand,1996,sp,f,55-64,918,Smear Positive
Thailand,1996,sp,f,65+,980,Smear Positive
Thailand,1997,sp,m,0-14,53,Smear Positive
Thailand,1997,sp,m,15-24,864,Smear Positive
Thailand,1997,sp,m,25-34,2336,Smear Positive
Thailand,1997,sp,m,35-44,2101,Smear Positive
Thailand,1997,sp,m,45-54,1488,Smear Positive
Thailand,1997,sp,m,55-64,1434,Smear Positive
Thailand,1997,sp,m,65+,1326,Smear Positive
Thailand,1997,sp,f,0-14,38,Smear Positive
Thailand,1997,sp,f,15-24,545,Smear Positive
Thailand,1997,sp,f,25-34,725,Smear Positive
Thailand,1997,sp,f,35-44,504,Smear Positive
Thailand,1997,sp,f,45-54,475,Smear Positive
Thailand,1997,sp,f,55-64,633,Smear Positive
Thailand,1997,sp,f,65+,690,Smear Positive
Thailand,1998,sp,m,0-14,11,Smear Positive
Thailand,1998,sp,m,15-24,427,Smear Positive
Thailand,1998,sp,m,25-34,1153,Smear Positive
Thailand,1998,sp,m,35-44,1098,Smear Positive
Thailand,1998,sp,m,45-54,892,Smear Positive
Thailand,1998,sp,m,55-64,945,Smear Positive
Thailand,1998,sp,m,65+,985,Smear Positive
Thailand,1998,sp,f,0-14,17,Smear Positive
Thailand,1998,sp,f,15-24,297,Smear Positive
Thailand,1998,sp,f,25-34,401,Smear Positive
Thailand,1998,sp,f,35-44,317,Smear Positive
Thailand,1998,sp,f,45-54,386,Smear Positive
Thailand,1998,sp,f,55-64,475,Smear Positive
Thailand,1998,sp,f,65+,558,Smear Positive
Thailand,1999,sp,m,0-14,20,Smear Positive
Thailand,1999,sp,m,15-24,791,Smear Positive
Thailand,1999,sp,m,25-34,2123,Smear Positive
Thailand,1999,sp,m,35-44,2015,Smear Positive
Thailand,1999,sp,m,45-54,1702,Smear Positive
Thailand,1999,sp,m,55-64,1705,Smear Positive
Thailand,1999,sp,m,65+,1795,Smear Positive
Thailand,1999,sp,f,0-14,30,Smear Positive
Thailand,1999,sp,f,15-24,511,Smear Positive
Thailand,1999,sp,f,25-34,771,Smear Positive
Thailand,1999,sp,f,35-44,676,Smear Positive
Thailand,1999,sp,f,45-54,750,Smear Positive
Thailand,1999,sp,f,55-64,879,Smear Positive
Thailand,1999,sp,f,65+,1164,Smear Positive
Thailand,2000,sp,m,0-14,27,Smear Positive
Thailand,2000,sp,m,15-24,859,Smear Positive
Thailand,2000,sp,m,25-34,2570,Smear Positive
Thailand,2000,sp,m,35-44,2380,Smear Positive
Thailand,2000,sp,m,45-54,2117,Smear Positive
Thailand,2000,sp,m,55-64,1908,Smear Positive
Thailand,2000,sp,m,65+,2213,Smear Positive
Thailand,2000,sp,f,0-14,32,Smear Positive
Thailand,2000,sp,f,15-24,624,Smear Positive
Thailand,2000,sp,f,25-34,1035,Smear Positive
Thailand,2000,sp,f,35-44,780,Smear Positive
Thailand,2000,sp,f,45-54,873,Smear Positive
Thailand,2000,sp,f,55-64,1016,Smear Positive
Thailand,2000,sp,f,65+,1321,Smear Positive
Thailand,2001,sp,m,0-14,37,Smear Positive
Thailand,2001,sp,m,15-24,1868,Smear Positive
Thailand,2001,sp,m,25-34,5192,Smear Positive
Thailand,2001,sp,m,35-44,4516,Smear Positive
Thailand,2001,sp,m,45-54,3269,Smear Positive
Thailand,2001,sp,m,55-64,2617,Smear Positive
Thailand,2001,sp,m,65+,2912,Smear Positive
Thailand,2001,sp,f,0-14,58,Smear Positive
Thailand,2001,sp,f,15-24,999,Smear Positive
Thailand,2001,sp,f,25-34,1550,Smear Positive
Thailand,2001,sp,f,35-44,1231,Smear Positive
Thailand,2001,sp,f,45-54,1251,Smear Positive
Thailand,2001,sp,f,55-64,1265,Smear Positive
Thailand,2001,sp,f,65+,1777,Smear Positive
Thailand,2002,sp,m,0-14,35,Smear Positive
Thailand,2002,sp,m,15-24,1352,Smear Positive
Thailand,2002,sp,m,25-34,3805,Smear Positive
Thailand,2002,sp,m,35-44,3699,Smear Positive
Thailand,2002,sp,m,45-54,3155,Smear Positive
Thailand,2002,sp,m,55-64,2556,Smear Positive
Thailand,2002,sp,m,65+,3077,Smear Positive
Thailand,2002,sp,f,0-14,61,Smear Positive
Thailand,2002,sp,f,15-24,897,Smear Positive
Thailand,2002,sp,f,25-34,1525,Smear Positive
Thailand,2002,sp,f,35-44,1212,Smear Positive
Thailand,2002,sp,f,45-54,1143,Smear Positive
Thailand,2002,sp,f,55-64,1307,Smear Positive
Thailand,2002,sp,f,65+,1769,Smear Positive
Thailand,2003,sp,m,0-14,41,Smear Positive
Thailand,2003,sp,m,15-24,1636,Smear Positive
Thailand,2003,sp,m,25-34,4615,Smear Positive
Thailand,2003,sp,m,35-44,4259,Smear Positive
Thailand,2003,sp,m,45-54,3497,Smear Positive
Thailand,2003,sp,m,55-64,2740,Smear Positive
Thailand,2003,sp,m,65+,3241,Smear Positive
Thailand,2003,sp,f,0-14,49,Smear Positive
Thailand,2003,sp,f,15-24,944,Smear Positive
Thailand,2003,sp,f,25-34,1678,Smear Positive
Thailand,2003,sp,f,35-44,1350,Smear Positive
Thailand,2003,sp,f,45-54,1279,Smear Positive
Thailand,2003,sp,f,55-64,1264,Smear Positive
Thailand,2003,sp,f,65+,1866,Smear Positive
Thailand,2004,sp,m,0-14,46,Smear Positive
Thailand,2004,sp,m,15-24,1421,Smear Positive
Thailand,2004,sp,m,25-34,4211,Smear Positive
Thailand,2004,sp,m,35-44,4542,Smear Positive
Thailand,2004,sp,m,45-54,3831,Smear Positive
Thailand,2004,sp,m,55-64,2787,Smear Positive
Thailand,2004,sp,m,65+,3379,Smear Positive
Thailand,2004,sp,f,0-14,50,Smear Positive
Thailand,2004,sp,f,15-24,951,Smear Positive
Thailand,2004,sp,f,25-34,1602,Smear Positive
Thailand,2004,sp,f,35-44,1335,Smear Positive
Thailand,2004,sp,f,45-54,1217,Smear Positive
Thailand,2004,sp,f,55-64,1203,Smear Positive
Thailand,2004,sp,f,65+,1846,Smear Positive
Thailand,2005,sp,m,0-14,44,Smear Positive
Thailand,2005,sp,m,15-24,1344,Smear Positive
Thailand,2005,sp,m,25-34,3814,Smear Positive
Thailand,2005,sp,m,35-44,4393,Smear Positive
Thailand,2005,sp,m,45-54,4003,Smear Positive
Thailand,2005,sp,m,55-64,2831,Smear Positive
Thailand,2005,sp,m,65+,3407,Smear Positive
Thailand,2005,sp,f,0-14,57,Smear Positive
Thailand,2005,sp,f,15-24,907,Smear Positive
Thailand,2005,sp,f,25-34,1662,Smear Positive
Thailand,2005,sp,f,35-44,1334,Smear Positive
Thailand,2005,sp,f,45-54,1367,Smear Positive
Thailand,2005,sp,f,55-64,1259,Smear Positive
Thailand,2005,sp,f,65+,1938,Smear Positive
Thailand,2006,sp,m,0-14,43,Smear Positive
Thailand,2006,sp,m,15-24,1276,Smear Positive
Thailand,2006,sp,m,25-34,3732,Smear Positive
Thailand,2006,sp,m,35-44,4664,Smear Positive
Thailand,2006,sp,m,45-54,4055,Smear Positive
Thailand,2006,sp,m,55-64,3084,Smear Positive
Thailand,2006,sp,m,65+,3732,Smear Positive
Thailand,2006,sp,f,0-14,65,Smear Positive
Thailand,2006,sp,f,15-24,884,Smear Positive
Thailand,2006,sp,f,25-34,1542,Smear Positive
Thailand,2006,sp,f,35-44,1379,Smear Positive
Thailand,2006,sp,f,45-54,1349,Smear Positive
Thailand,2006,sp,f,55-64,1287,Smear Positive
Thailand,2006,sp,f,65+,1989,Smear Positive
Thailand,2007,sp,m,0-14,48,Smear Positive
Thailand,2007,sp,m,15-24,1261,Smear Positive
Thailand,2007,sp,m,25-34,3398,Smear Positive
Thailand,2007,sp,m,35-44,4487,Smear Positive
Thailand,2007,sp,m,45-54,4168,Smear Positive
Thailand,2007,sp,m,55-64,3122,Smear Positive
Thailand,2007,sp,m,65+,3748,Smear Positive
Thailand,2007,sp,f,0-14,50,Smear Positive
Thailand,2007,sp,f,15-24,885,Smear Positive
Thailand,2007,sp,f,25-34,1481,Smear Positive
Thailand,2007,sp,f,35-44,1418,Smear Positive
Thailand,2007,sp,f,45-54,1302,Smear Positive
Thailand,2007,sp,f,55-64,1281,Smear Positive
Thailand,2007,sp,f,65+,1938,Smear Positive
Thailand,2008,sp,m,0-14,66,Smear Positive
Thailand,2008,sp,m,15-24,1222,Smear Positive
Thailand,2008,sp,m,25-34,3374,Smear Positive
Thailand,2008,sp,m,35-44,4425,Smear Positive
Thailand,2008,sp,m,45-54,4164,Smear Positive
Thailand,2008,sp,m,55-64,3167,Smear Positive
Thailand,2008,sp,m,65+,3836,Smear Positive
Thailand,2008,sp,f,0-14,77,Smear Positive
Thailand,2008,sp,f,15-24,865,Smear Positive
Thailand,2008,sp,f,25-34,1513,Smear Positive
Thailand,2008,sp,f,35-44,1345,Smear Positive
Thailand,2008,sp,f,45-54,1407,Smear Positive
Thailand,2008,sp,f,55-64,1276,Smear Positive
Thailand,2008,sp,f,65+,2051,Smear Positive
Thailand,2009,sp,m,0-14,43,Smear Positive
Thailand,2009,sp,m,15-24,1348,Smear Positive
Thailand,2009,sp,m,25-34,3484,Smear Positive
Thailand,2009,sp,m,35-44,4692,Smear Positive
Thailand,2009,sp,m,45-54,4921,Smear Positive
Thailand,2009,sp,m,55-64,3597,Smear Positive
Thailand,2009,sp,m,65+,4282,Smear Positive
Thailand,2009,sp,f,0-14,80,Smear Positive
Thailand,2009,sp,f,15-24,1137,Smear Positive
Thailand,2009,sp,f,25-34,2032,Smear Positive
Thailand,2009,sp,f,35-44,1781,Smear Positive
Thailand,2009,sp,f,45-54,1633,Smear Positive
Thailand,2009,sp,f,55-64,1493,Smear Positive
Thailand,2009,sp,f,65+,2287,Smear Positive
Thailand,2010,sp,m,0-14,55,Smear Positive
Thailand,2010,sp,m,15-24,1506,Smear Positive
Thailand,2010,sp,m,25-34,3695,Smear Positive
Thailand,2010,sp,m,35-44,5253,Smear Positive
Thailand,2010,sp,m,45-54,5042,Smear Positive
Thailand,2010,sp,m,55-64,3625,Smear Positive
Thailand,2010,sp,m,65+,4189,Smear Positive
Thailand,2010,sp,f,0-14,82,Smear Positive
Thailand,2010,sp,f,15-24,1087,Smear Positive
Thailand,2010,sp,f,25-34,1930,Smear Positive
Thailand,2010,sp,f,35-44,1749,Smear Positive
Thailand,2010,sp,f,45-54,1467,Smear Positive
Thailand,2010,sp,f,55-64,1494,Smear Positive
Thailand,2010,sp,f,65+,2276,Smear Positive
Thailand,2011,sp,m,0-14,38,Smear Positive
Thailand,2011,sp,m,15-24,1546,Smear Positive
Thailand,2011,sp,m,25-34,3650,Smear Positive
Thailand,2011,sp,m,35-44,5139,Smear Positive
Thailand,2011,sp,m,45-54,5140,Smear Positive
Thailand,2011,sp,m,55-64,3734,Smear Positive
Thailand,2011,sp,m,65+,4080,Smear Positive
Thailand,2011,sp,f,0-14,76,Smear Positive
Thailand,2011,sp,f,15-24,1214,Smear Positive
Thailand,2011,sp,f,25-34,1773,Smear Positive
Thailand,2011,sp,f,35-44,1658,Smear Positive
Thailand,2011,sp,f,45-54,1586,Smear Positive
Thailand,2011,sp,f,55-64,1402,Smear Positive
Thailand,2011,sp,f,65+,2133,Smear Positive
Thailand,2012,sp,m,0-14,35,Smear Positive
Thailand,2012,sp,m,15-24,1444,Smear Positive
Thailand,2012,sp,m,25-34,3277,Smear Positive
Thailand,2012,sp,m,35-44,4705,Smear Positive
Thailand,2012,sp,m,45-54,4867,Smear Positive
Thailand,2012,sp,m,55-64,3780,Smear Positive
Thailand,2012,sp,m,65+,3863,Smear Positive
Thailand,2012,sp,f,0-14,82,Smear Positive
Thailand,2012,sp,f,15-24,995,Smear Positive
Thailand,2012,sp,f,25-34,1491,Smear Positive
Thailand,2012,sp,f,35-44,1613,Smear Positive
Thailand,2012,sp,f,45-54,1424,Smear Positive
Thailand,2012,sp,f,55-64,1364,Smear Positive
Thailand,2012,sp,f,65+,2058,Smear Positive
The Former Yugoslav Republic of Macedonia,1995,sp,m,0-14,2,Smear Positive
The Former Yugoslav Republic of Macedonia,1995,sp,m,15-24,15,Smear Positive
The Former Yugoslav Republic of Macedonia,1995,sp,m,25-34,42,Smear Positive
The Former Yugoslav Republic of Macedonia,1995,sp,m,35-44,45,Smear Positive
The Former Yugoslav Republic of Macedonia,1995,sp,m,45-54,33,Smear Positive
The Former Yugoslav Republic of Macedonia,1995,sp,m,55-64,29,Smear Positive
The Former Yugoslav Republic of Macedonia,1995,sp,m,65+,24,Smear Positive
The Former Yugoslav Republic of Macedonia,1995,sp,f,0-14,2,Smear Positive
The Former Yugoslav Republic of Macedonia,1995,sp,f,15-24,32,Smear Positive
The Former Yugoslav Republic of Macedonia,1995,sp,f,25-34,30,Smear Positive
The Former Yugoslav Republic of Macedonia,1995,sp,f,35-44,20,Smear Positive
The Former Yugoslav Republic of Macedonia,1995,sp,f,45-54,11,Smear Positive
The Former Yugoslav Republic of Macedonia,1995,sp,f,55-64,17,Smear Positive
The Former Yugoslav Republic of Macedonia,1995,sp,f,65+,17,Smear Positive
The Former Yugoslav Republic of Macedonia,1996,sp,m,0-14,5,Smear Positive
The Former Yugoslav Republic of Macedonia,1996,sp,m,15-24,17,Smear Positive
The Former Yugoslav Republic of Macedonia,1996,sp,m,25-34,20,Smear Positive
The Former Yugoslav Republic of Macedonia,1996,sp,m,35-44,35,Smear Positive
The Former Yugoslav Republic of Macedonia,1996,sp,m,45-54,16,Smear Positive
The Former Yugoslav Republic of Macedonia,1996,sp,m,55-64,25,Smear Positive
The Former Yugoslav Republic of Macedonia,1996,sp,m,65+,22,Smear Positive
The Former Yugoslav Republic of Macedonia,1996,sp,f,0-14,3,Smear Positive
The Former Yugoslav Republic of Macedonia,1996,sp,f,15-24,15,Smear Positive
The Former Yugoslav Republic of Macedonia,1996,sp,f,25-34,25,Smear Positive
The Former Yugoslav Republic of Macedonia,1996,sp,f,35-44,17,Smear Positive
The Former Yugoslav Republic of Macedonia,1996,sp,f,45-54,9,Smear Positive
The Former Yugoslav Republic of Macedonia,1996,sp,f,55-64,19,Smear Positive
The Former Yugoslav Republic of Macedonia,1996,sp,f,65+,12,Smear Positive
The Former Yugoslav Republic of Macedonia,1997,sp,m,0-14,1,Smear Positive
The Former Yugoslav Republic of Macedonia,1997,sp,m,15-24,8,Smear Positive
The Former Yugoslav Republic of Macedonia,1997,sp,m,25-34,21,Smear Positive
The Former Yugoslav Republic of Macedonia,1997,sp,m,35-44,25,Smear Positive
The Former Yugoslav Republic of Macedonia,1997,sp,m,45-54,24,Smear Positive
The Former Yugoslav Republic of Macedonia,1997,sp,m,55-64,21,Smear Positive
The Former Yugoslav Republic of Macedonia,1997,sp,m,65+,21,Smear Positive
The Former Yugoslav Republic of Macedonia,1997,sp,f,0-14,1,Smear Positive
The Former Yugoslav Republic of Macedonia,1997,sp,f,15-24,14,Smear Positive
The Former Yugoslav Republic of Macedonia,1997,sp,f,25-34,19,Smear Positive
The Former Yugoslav Republic of Macedonia,1997,sp,f,35-44,13,Smear Positive
The Former Yugoslav Republic of Macedonia,1997,sp,f,45-54,6,Smear Positive
The Former Yugoslav Republic of Macedonia,1997,sp,f,55-64,7,Smear Positive
The Former Yugoslav Republic of Macedonia,1997,sp,f,65+,11,Smear Positive
The Former Yugoslav Republic of Macedonia,1998,sp,m,0-14,3,Smear Positive
The Former Yugoslav Republic of Macedonia,1998,sp,m,15-24,14,Smear Positive
The Former Yugoslav Republic of Macedonia,1998,sp,m,25-34,19,Smear Positive
The Former Yugoslav Republic of Macedonia,1998,sp,m,35-44,56,Smear Positive
The Former Yugoslav Republic of Macedonia,1998,sp,m,45-54,18,Smear Positive
The Former Yugoslav Republic of Macedonia,1998,sp,m,55-64,21,Smear Positive
The Former Yugoslav Republic of Macedonia,1998,sp,m,65+,13,Smear Positive
The Former Yugoslav Republic of Macedonia,1998,sp,f,0-14,5,Smear Positive
The Former Yugoslav Republic of Macedonia,1998,sp,f,15-24,16,Smear Positive
The Former Yugoslav Republic of Macedonia,1998,sp,f,25-34,18,Smear Positive
The Former Yugoslav Republic of Macedonia,1998,sp,f,35-44,8,Smear Positive
The Former Yugoslav Republic of Macedonia,1998,sp,f,45-54,8,Smear Positive
The Former Yugoslav Republic of Macedonia,1998,sp,f,55-64,6,Smear Positive
The Former Yugoslav Republic of Macedonia,1998,sp,f,65+,4,Smear Positive
The Former Yugoslav Republic of Macedonia,1999,sp,m,0-14,1,Smear Positive
The Former Yugoslav Republic of Macedonia,1999,sp,m,15-24,11,Smear Positive
The Former Yugoslav Republic of Macedonia,1999,sp,m,25-34,10,Smear Positive
The Former Yugoslav Republic of Macedonia,1999,sp,m,35-44,19,Smear Positive
The Former Yugoslav Republic of Macedonia,1999,sp,m,45-54,27,Smear Positive
The Former Yugoslav Republic of Macedonia,1999,sp,m,55-64,15,Smear Positive
The Former Yugoslav Republic of Macedonia,1999,sp,m,65+,5,Smear Positive
The Former Yugoslav Republic of Macedonia,1999,sp,f,0-14,1,Smear Positive
The Former Yugoslav Republic of Macedonia,1999,sp,f,15-24,7,Smear Positive
The Former Yugoslav Republic of Macedonia,1999,sp,f,25-34,9,Smear Positive
The Former Yugoslav Republic of Macedonia,1999,sp,f,35-44,5,Smear Positive
The Former Yugoslav Republic of Macedonia,1999,sp,f,45-54,1,Smear Positive
The Former Yugoslav Republic of Macedonia,1999,sp,f,55-64,10,Smear Positive
The Former Yugoslav Republic of Macedonia,1999,sp,f,65+,1,Smear Positive
The Former Yugoslav Republic of Macedonia,2000,sp,m,0-14,5,Smear Positive
The Former Yugoslav Republic of Macedonia,2000,sp,m,15-24,8,Smear Positive
The Former Yugoslav Republic of Macedonia,2000,sp,m,25-34,14,Smear Positive
The Former Yugoslav Republic of Macedonia,2000,sp,m,35-44,20,Smear Positive
The Former Yugoslav Republic of Macedonia,2000,sp,m,45-54,19,Smear Positive
The Former Yugoslav Republic of Macedonia,2000,sp,m,55-64,20,Smear Positive
The Former Yugoslav Republic of Macedonia,2000,sp,m,65+,14,Smear Positive
The Former Yugoslav Republic of Macedonia,2000,sp,f,0-14,1,Smear Positive
The Former Yugoslav Republic of Macedonia,2000,sp,f,15-24,15,Smear Positive
The Former Yugoslav Republic of Macedonia,2000,sp,f,25-34,14,Smear Positive
The Former Yugoslav Republic of Macedonia,2000,sp,f,35-44,17,Smear Positive
The Former Yugoslav Republic of Macedonia,2000,sp,f,45-54,5,Smear Positive
The Former Yugoslav Republic of Macedonia,2000,sp,f,55-64,5,Smear Positive
The Former Yugoslav Republic of Macedonia,2000,sp,f,65+,10,Smear Positive
The Former Yugoslav Republic of Macedonia,2001,sp,m,0-14,1,Smear Positive
The Former Yugoslav Republic of Macedonia,2001,sp,m,15-24,10,Smear Positive
The Former Yugoslav Republic of Macedonia,2001,sp,m,25-34,17,Smear Positive
The Former Yugoslav Republic of Macedonia,2001,sp,m,35-44,17,Smear Positive
The Former Yugoslav Republic of Macedonia,2001,sp,m,45-54,15,Smear Positive
The Former Yugoslav Republic of Macedonia,2001,sp,m,55-64,21,Smear Positive
The Former Yugoslav Republic of Macedonia,2001,sp,m,65+,16,Smear Positive
The Former Yugoslav Republic of Macedonia,2001,sp,f,0-14,1,Smear Positive
The Former Yugoslav Republic of Macedonia,2001,sp,f,15-24,17,Smear Positive
The Former Yugoslav Republic of Macedonia,2001,sp,f,25-34,18,Smear Positive
The Former Yugoslav Republic of Macedonia,2001,sp,f,35-44,14,Smear Positive
The Former Yugoslav Republic of Macedonia,2001,sp,f,45-54,7,Smear Positive
The Former Yugoslav Republic of Macedonia,2001,sp,f,55-64,3,Smear Positive
The Former Yugoslav Republic of Macedonia,2001,sp,f,65+,7,Smear Positive
The Former Yugoslav Republic of Macedonia,2002,sp,m,0-14,2,Smear Positive
The Former Yugoslav Republic of Macedonia,2002,sp,m,15-24,20,Smear Positive
The Former Yugoslav Republic of Macedonia,2002,sp,m,25-34,17,Smear Positive
The Former Yugoslav Republic of Macedonia,2002,sp,m,35-44,28,Smear Positive
The Former Yugoslav Republic of Macedonia,2002,sp,m,45-54,31,Smear Positive
The Former Yugoslav Republic of Macedonia,2002,sp,m,55-64,22,Smear Positive
The Former Yugoslav Republic of Macedonia,2002,sp,m,65+,7,Smear Positive
The Former Yugoslav Republic of Macedonia,2002,sp,f,0-14,3,Smear Positive
The Former Yugoslav Republic of Macedonia,2002,sp,f,15-24,18,Smear Positive
The Former Yugoslav Republic of Macedonia,2002,sp,f,25-34,24,Smear Positive
The Former Yugoslav Republic of Macedonia,2002,sp,f,35-44,12,Smear Positive
The Former Yugoslav Republic of Macedonia,2002,sp,f,45-54,4,Smear Positive
The Former Yugoslav Republic of Macedonia,2002,sp,f,55-64,6,Smear Positive
The Former Yugoslav Republic of Macedonia,2002,sp,f,65+,6,Smear Positive
The Former Yugoslav Republic of Macedonia,2003,sp,m,0-14,1,Smear Positive
The Former Yugoslav Republic of Macedonia,2003,sp,m,15-24,20,Smear Positive
The Former Yugoslav Republic of Macedonia,2003,sp,m,25-34,23,Smear Positive
The Former Yugoslav Republic of Macedonia,2003,sp,m,35-44,35,Smear Positive
The Former Yugoslav Republic of Macedonia,2003,sp,m,45-54,28,Smear Positive
The Former Yugoslav Republic of Macedonia,2003,sp,m,55-64,17,Smear Positive
The Former Yugoslav Republic of Macedonia,2003,sp,m,65+,17,Smear Positive
The Former Yugoslav Republic of Macedonia,2003,sp,f,0-14,0,Smear Positive
The Former Yugoslav Republic of Macedonia,2003,sp,f,15-24,16,Smear Positive
The Former Yugoslav Republic of Macedonia,2003,sp,f,25-34,16,Smear Positive
The Former Yugoslav Republic of Macedonia,2003,sp,f,35-44,9,Smear Positive
The Former Yugoslav Republic of Macedonia,2003,sp,f,45-54,9,Smear Positive
The Former Yugoslav Republic of Macedonia,2003,sp,f,55-64,1,Smear Positive
The Former Yugoslav Republic of Macedonia,2003,sp,f,65+,8,Smear Positive
The Former Yugoslav Republic of Macedonia,2004,sp,m,0-14,2,Smear Positive
The Former Yugoslav Republic of Macedonia,2004,sp,m,15-24,12,Smear Positive
The Former Yugoslav Republic of Macedonia,2004,sp,m,25-34,18,Smear Positive
The Former Yugoslav Republic of Macedonia,2004,sp,m,35-44,19,Smear Positive
The Former Yugoslav Republic of Macedonia,2004,sp,m,45-54,33,Smear Positive
The Former Yugoslav Republic of Macedonia,2004,sp,m,55-64,21,Smear Positive
The Former Yugoslav Republic of Macedonia,2004,sp,m,65+,15,Smear Positive
The Former Yugoslav Republic of Macedonia,2004,sp,f,0-14,0,Smear Positive
The Former Yugoslav Republic of Macedonia,2004,sp,f,15-24,15,Smear Positive
The Former Yugoslav Republic of Macedonia,2004,sp,f,25-34,20,Smear Positive
The Former Yugoslav Republic of Macedonia,2004,sp,f,35-44,19,Smear Positive
The Former Yugoslav Republic of Macedonia,2004,sp,f,45-54,6,Smear Positive
The Former Yugoslav Republic of Macedonia,2004,sp,f,55-64,3,Smear Positive
The Former Yugoslav Republic of Macedonia,2004,sp,f,65+,17,Smear Positive
The Former Yugoslav Republic of Macedonia,2005,sp,m,0-14,2,Smear Positive
The Former Yugoslav Republic of Macedonia,2005,sp,m,15-24,14,Smear Positive
The Former Yugoslav Republic of Macedonia,2005,sp,m,25-34,20,Smear Positive
The Former Yugoslav Republic of Macedonia,2005,sp,m,35-44,23,Smear Positive
The Former Yugoslav Republic of Macedonia,2005,sp,m,45-54,20,Smear Positive
The Former Yugoslav Republic of Macedonia,2005,sp,m,55-64,18,Smear Positive
The Former Yugoslav Republic of Macedonia,2005,sp,m,65+,13,Smear Positive
The Former Yugoslav Republic of Macedonia,2005,sp,f,0-14,2,Smear Positive
The Former Yugoslav Republic of Macedonia,2005,sp,f,15-24,17,Smear Positive
The Former Yugoslav Republic of Macedonia,2005,sp,f,25-34,13,Smear Positive
The Former Yugoslav Republic of Macedonia,2005,sp,f,35-44,10,Smear Positive
The Former Yugoslav Republic of Macedonia,2005,sp,f,45-54,7,Smear Positive
The Former Yugoslav Republic of Macedonia,2005,sp,f,55-64,5,Smear Positive
The Former Yugoslav Republic of Macedonia,2005,sp,f,65+,13,Smear Positive
The Former Yugoslav Republic of Macedonia,2006,sp,m,0-14,0,Smear Positive
The Former Yugoslav Republic of Macedonia,2006,sp,m,15-24,15,Smear Positive
The Former Yugoslav Republic of Macedonia,2006,sp,m,25-34,15,Smear Positive
The Former Yugoslav Republic of Macedonia,2006,sp,m,35-44,25,Smear Positive
The Former Yugoslav Republic of Macedonia,2006,sp,m,45-54,37,Smear Positive
The Former Yugoslav Republic of Macedonia,2006,sp,m,55-64,18,Smear Positive
The Former Yugoslav Republic of Macedonia,2006,sp,m,65+,7,Smear Positive
The Former Yugoslav Republic of Macedonia,2006,sp,f,0-14,3,Smear Positive
The Former Yugoslav Republic of Macedonia,2006,sp,f,15-24,16,Smear Positive
The Former Yugoslav Republic of Macedonia,2006,sp,f,25-34,9,Smear Positive
The Former Yugoslav Republic of Macedonia,2006,sp,f,35-44,9,Smear Positive
The Former Yugoslav Republic of Macedonia,2006,sp,f,45-54,6,Smear Positive
The Former Yugoslav Republic of Macedonia,2006,sp,f,55-64,7,Smear Positive
The Former Yugoslav Republic of Macedonia,2006,sp,f,65+,11,Smear Positive
The Former Yugoslav Republic of Macedonia,2006,sn,m,0-14,32,Smear Negative
The Former Yugoslav Republic of Macedonia,2006,sn,m,15-24,20,Smear Negative
The Former Yugoslav Republic of Macedonia,2006,sn,m,25-34,7,Smear Negative
The Former Yugoslav Republic of Macedonia,2006,sn,m,35-44,13,Smear Negative
The Former Yugoslav Republic of Macedonia,2006,sn,m,45-54,23,Smear Negative
The Former Yugoslav Republic of Macedonia,2006,sn,m,55-64,12,Smear Negative
The Former Yugoslav Republic of Macedonia,2006,sn,m,65+,29,Smear Negative
The Former Yugoslav Republic of Macedonia,2006,sn,f,0-14,29,Smear Negative
The Former Yugoslav Republic of Macedonia,2006,sn,f,15-24,13,Smear Negative
The Former Yugoslav Republic of Macedonia,2006,sn,f,25-34,7,Smear Negative
The Former Yugoslav Republic of Macedonia,2006,sn,f,35-44,8,Smear Negative
The Former Yugoslav Republic of Macedonia,2006,sn,f,45-54,8,Smear Negative
The Former Yugoslav Republic of Macedonia,2006,sn,f,55-64,6,Smear Negative
The Former Yugoslav Republic of Macedonia,2006,sn,f,65+,11,Smear Negative
The Former Yugoslav Republic of Macedonia,2006,ep,m,0-14,6,Extrapulmonary
The Former Yugoslav Republic of Macedonia,2006,ep,m,15-24,10,Extrapulmonary
The Former Yugoslav Republic of Macedonia,2006,ep,m,25-34,8,Extrapulmonary
The Former Yugoslav Republic of Macedonia,2006,ep,m,35-44,6,Extrapulmonary
The Former Yugoslav Republic of Macedonia,2006,ep,m,45-54,7,Extrapulmonary
The Former Yugoslav Republic of Macedonia,2006,ep,m,55-64,7,Extrapulmonary
The Former Yugoslav Republic of Macedonia,2006,ep,m,65+,7,Extrapulmonary
The Former Yugoslav Republic of Macedonia,2006,ep,f,0-14,8,Extrapulmonary
The Former Yugoslav Republic of Macedonia,2006,ep,f,15-24,11,Extrapulmonary
The Former Yugoslav Republic of Macedonia,2006,ep,f,25-34,11,Extrapulmonary
The Former Yugoslav Republic of Macedonia,2006,ep,f,35-44,18,Extrapulmonary
The Former Yugoslav Republic of Macedonia,2006,ep,f,45-54,8,Extrapulmonary
The Former Yugoslav Republic of Macedonia,2006,ep,f,55-64,12,Extrapulmonary
The Former Yugoslav Republic of Macedonia,2006,ep,f,65+,14,Extrapulmonary
The Former Yugoslav Republic of Macedonia,2007,sp,m,0-14,1,Smear Positive
The Former Yugoslav Republic of Macedonia,2007,sp,m,15-24,12,Smear Positive
The Former Yugoslav Republic of Macedonia,2007,sp,m,25-34,22,Smear Positive
The Former Yugoslav Republic of Macedonia,2007,sp,m,35-44,27,Smear Positive
The Former Yugoslav Republic of Macedonia,2007,sp,m,45-54,46,Smear Positive
The Former Yugoslav Republic of Macedonia,2007,sp,m,55-64,21,Smear Positive
The Former Yugoslav Republic of Macedonia,2007,sp,m,65+,19,Smear Positive
The Former Yugoslav Republic of Macedonia,2007,sp,f,0-14,4,Smear Positive
The Former Yugoslav Republic of Macedonia,2007,sp,f,15-24,11,Smear Positive
The Former Yugoslav Republic of Macedonia,2007,sp,f,25-34,12,Smear Positive
The Former Yugoslav Republic of Macedonia,2007,sp,f,35-44,9,Smear Positive
The Former Yugoslav Republic of Macedonia,2007,sp,f,45-54,4,Smear Positive
The Former Yugoslav Republic of Macedonia,2007,sp,f,55-64,4,Smear Positive
The Former Yugoslav Republic of Macedonia,2007,sp,f,65+,8,Smear Positive
The Former Yugoslav Republic of Macedonia,2007,sn,m,0-14,32,Smear Negative
The Former Yugoslav Republic of Macedonia,2007,sn,m,15-24,12,Smear Negative
The Former Yugoslav Republic of Macedonia,2007,sn,m,25-34,14,Smear Negative
The Former Yugoslav Republic of Macedonia,2007,sn,m,35-44,15,Smear Negative
The Former Yugoslav Republic of Macedonia,2007,sn,m,45-54,21,Smear Negative
The Former Yugoslav Republic of Macedonia,2007,sn,m,55-64,16,Smear Negative
The Former Yugoslav Republic of Macedonia,2007,sn,m,65+,16,Smear Negative
The Former Yugoslav Republic of Macedonia,2007,sn,f,0-14,7,Smear Negative
The Former Yugoslav Republic of Macedonia,2007,sn,f,15-24,10,Smear Negative
The Former Yugoslav Republic of Macedonia,2007,sn,f,25-34,6,Smear Negative
The Former Yugoslav Republic of Macedonia,2007,sn,f,35-44,6,Smear Negative
The Former Yugoslav Republic of Macedonia,2007,sn,f,45-54,7,Smear Negative
The Former Yugoslav Republic of Macedonia,2007,sn,f,55-64,6,Smear Negative
The Former Yugoslav Republic of Macedonia,2007,sn,f,65+,9,Smear Negative
The Former Yugoslav Republic of Macedonia,2007,ep,m,0-14,5,Extrapulmonary
The Former Yugoslav Republic of Macedonia,2007,ep,m,15-24,12,Extrapulmonary
The Former Yugoslav Republic of Macedonia,2007,ep,m,25-34,7,Extrapulmonary
The Former Yugoslav Republic of Macedonia,2007,ep,m,35-44,6,Extrapulmonary
The Former Yugoslav Republic of Macedonia,2007,ep,m,45-54,8,Extrapulmonary
The Former Yugoslav Republic of Macedonia,2007,ep,m,55-64,5,Extrapulmonary
The Former Yugoslav Republic of Macedonia,2007,ep,m,65+,9,Extrapulmonary
The Former Yugoslav Republic of Macedonia,2007,ep,f,0-14,6,Extrapulmonary
The Former Yugoslav Republic of Macedonia,2007,ep,f,15-24,8,Extrapulmonary
The Former Yugoslav Republic of Macedonia,2007,ep,f,25-34,14,Extrapulmonary
The Former Yugoslav Republic of Macedonia,2007,ep,f,35-44,11,Extrapulmonary
The Former Yugoslav Republic of Macedonia,2007,ep,f,45-54,8,Extrapulmonary
The Former Yugoslav Republic of Macedonia,2007,ep,f,55-64,5,Extrapulmonary
The Former Yugoslav Republic of Macedonia,2007,ep,f,65+,13,Extrapulmonary
The Former Yugoslav Republic of Macedonia,2008,sp,m,0-14,1,Smear Positive
The Former Yugoslav Republic of Macedonia,2008,sp,m,15-24,18,Smear Positive
The Former Yugoslav Republic of Macedonia,2008,sp,m,25-34,21,Smear Positive
The Former Yugoslav Republic of Macedonia,2008,sp,m,35-44,13,Smear Positive
The Former Yugoslav Republic of Macedonia,2008,sp,m,45-54,25,Smear Positive
The Former Yugoslav Republic of Macedonia,2008,sp,m,55-64,15,Smear Positive
The Former Yugoslav Republic of Macedonia,2008,sp,m,65+,15,Smear Positive
The Former Yugoslav Republic of Macedonia,2008,sp,f,0-14,2,Smear Positive
The Former Yugoslav Republic of Macedonia,2008,sp,f,15-24,24,Smear Positive
The Former Yugoslav Republic of Macedonia,2008,sp,f,25-34,15,Smear Positive
The Former Yugoslav Republic of Macedonia,2008,sp,f,35-44,14,Smear Positive
The Former Yugoslav Republic of Macedonia,2008,sp,f,45-54,8,Smear Positive
The Former Yugoslav Republic of Macedonia,2008,sp,f,55-64,7,Smear Positive
The Former Yugoslav Republic of Macedonia,2008,sp,f,65+,10,Smear Positive
The Former Yugoslav Republic of Macedonia,2008,sn,m,0-14,13,Smear Negative
The Former Yugoslav Republic of Macedonia,2008,sn,m,15-24,12,Smear Negative
The Former Yugoslav Republic of Macedonia,2008,sn,m,25-34,9,Smear Negative
The Former Yugoslav Republic of Macedonia,2008,sn,m,35-44,8,Smear Negative
The Former Yugoslav Republic of Macedonia,2008,sn,m,45-54,8,Smear Negative
The Former Yugoslav Republic of Macedonia,2008,sn,m,55-64,10,Smear Negative
The Former Yugoslav Republic of Macedonia,2008,sn,m,65+,16,Smear Negative
The Former Yugoslav Republic of Macedonia,2008,sn,f,0-14,19,Smear Negative
The Former Yugoslav Republic of Macedonia,2008,sn,f,15-24,11,Smear Negative
The Former Yugoslav Republic of Macedonia,2008,sn,f,25-34,3,Smear Negative
The Former Yugoslav Republic of Macedonia,2008,sn,f,35-44,5,Smear Negative
The Former Yugoslav Republic of Macedonia,2008,sn,f,45-54,5,Smear Negative
The Former Yugoslav Republic of Macedonia,2008,sn,f,55-64,6,Smear Negative
The Former Yugoslav Republic of Macedonia,2008,sn,f,65+,8,Smear Negative
The Former Yugoslav Republic of Macedonia,2008,ep,m,0-14,3,Extrapulmonary
The Former Yugoslav Republic of Macedonia,2008,ep,m,15-24,16,Extrapulmonary
The Former Yugoslav Republic of Macedonia,2008,ep,m,25-34,11,Extrapulmonary
The Former Yugoslav Republic of Macedonia,2008,ep,m,35-44,6,Extrapulmonary
The Former Yugoslav Republic of Macedonia,2008,ep,m,45-54,5,Extrapulmonary
The Former Yugoslav Republic of Macedonia,2008,ep,m,55-64,7,Extrapulmonary
The Former Yugoslav Republic of Macedonia,2008,ep,m,65+,8,Extrapulmonary
The Former Yugoslav Republic of Macedonia,2008,ep,f,0-14,2,Extrapulmonary
The Former Yugoslav Republic of Macedonia,2008,ep,f,15-24,5,Extrapulmonary
The Former Yugoslav Republic of Macedonia,2008,ep,f,25-34,11,Extrapulmonary
The Former Yugoslav Republic of Macedonia,2008,ep,f,35-44,9,Extrapulmonary
The Former Yugoslav Republic of Macedonia,2008,ep,f,45-54,5,Extrapulmonary
The Former Yugoslav Republic of Macedonia,2008,ep,f,55-64,11,Extrapulmonary
The Former Yugoslav Republic of Macedonia,2008,ep,f,65+,8,Extrapulmonary
The Former Yugoslav Republic of Macedonia,2009,sp,m,0-14,1,Smear Positive
The Former Yugoslav Republic of Macedonia,2009,sp,m,15-24,28,Smear Positive
The Former Yugoslav Republic of Macedonia,2009,sp,m,25-34,24,Smear Positive
The Former Yugoslav Republic of Macedonia,2009,sp,m,35-44,30,Smear Positive
The Former Yugoslav Republic of Macedonia,2009,sp,m,45-54,23,Smear Positive
The Former Yugoslav Republic of Macedonia,2009,sp,m,55-64,13,Smear Positive
The Former Yugoslav Republic of Macedonia,2009,sp,m,65+,14,Smear Positive
The Former Yugoslav Republic of Macedonia,2009,sp,f,0-14,2,Smear Positive
The Former Yugoslav Republic of Macedonia,2009,sp,f,15-24,14,Smear Positive
The Former Yugoslav Republic of Macedonia,2009,sp,f,25-34,16,Smear Positive
The Former Yugoslav Republic of Macedonia,2009,sp,f,35-44,10,Smear Positive
The Former Yugoslav Republic of Macedonia,2009,sp,f,45-54,4,Smear Positive
The Former Yugoslav Republic of Macedonia,2009,sp,f,55-64,5,Smear Positive
The Former Yugoslav Republic of Macedonia,2009,sp,f,65+,14,Smear Positive
The Former Yugoslav Republic of Macedonia,2009,sn,m,0-14,8,Smear Negative
The Former Yugoslav Republic of Macedonia,2009,sn,m,15-24,6,Smear Negative
The Former Yugoslav Republic of Macedonia,2009,sn,m,25-34,9,Smear Negative
The Former Yugoslav Republic of Macedonia,2009,sn,m,35-44,11,Smear Negative
The Former Yugoslav Republic of Macedonia,2009,sn,m,45-54,6,Smear Negative
The Former Yugoslav Republic of Macedonia,2009,sn,m,55-64,3,Smear Negative
The Former Yugoslav Republic of Macedonia,2009,sn,m,65+,11,Smear Negative
The Former Yugoslav Republic of Macedonia,2009,sn,f,0-14,11,Smear Negative
The Former Yugoslav Republic of Macedonia,2009,sn,f,15-24,9,Smear Negative
The Former Yugoslav Republic of Macedonia,2009,sn,f,25-34,9,Smear Negative
The Former Yugoslav Republic of Macedonia,2009,sn,f,35-44,6,Smear Negative
The Former Yugoslav Republic of Macedonia,2009,sn,f,45-54,2,Smear Negative
The Former Yugoslav Republic of Macedonia,2009,sn,f,55-64,5,Smear Negative
The Former Yugoslav Republic of Macedonia,2009,sn,f,65+,7,Smear Negative
The Former Yugoslav Republic of Macedonia,2009,ep,m,0-14,4,Extrapulmonary
The Former Yugoslav Republic of Macedonia,2009,ep,m,15-24,15,Extrapulmonary
The Former Yugoslav Republic of Macedonia,2009,ep,m,25-34,9,Extrapulmonary
The Former Yugoslav Republic of Macedonia,2009,ep,m,35-44,6,Extrapulmonary
The Former Yugoslav Republic of Macedonia,2009,ep,m,45-54,7,Extrapulmonary
The Former Yugoslav Republic of Macedonia,2009,ep,m,55-64,1,Extrapulmonary
The Former Yugoslav Republic of Macedonia,2009,ep,m,65+,9,Extrapulmonary
The Former Yugoslav Republic of Macedonia,2009,ep,f,0-14,5,Extrapulmonary
The Former Yugoslav Republic of Macedonia,2009,ep,f,15-24,14,Extrapulmonary
The Former Yugoslav Republic of Macedonia,2009,ep,f,25-34,10,Extrapulmonary
The Former Yugoslav Republic of Macedonia,2009,ep,f,35-44,5,Extrapulmonary
The Former Yugoslav Republic of Macedonia,2009,ep,f,45-54,11,Extrapulmonary
The Former Yugoslav Republic of Macedonia,2009,ep,f,55-64,9,Extrapulmonary
The Former Yugoslav Republic of Macedonia,2009,ep,f,65+,11,Extrapulmonary
The Former Yugoslav Republic of Macedonia,2010,sp,m,0-14,0,Smear Positive
The Former Yugoslav Republic of Macedonia,2010,sp,m,15-24,6,Smear Positive
The Former Yugoslav Republic of Macedonia,2010,sp,m,25-34,19,Smear Positive
The Former Yugoslav Republic of Macedonia,2010,sp,m,35-44,24,Smear Positive
The Former Yugoslav Republic of Macedonia,2010,sp,m,45-54,24,Smear Positive
The Former Yugoslav Republic of Macedonia,2010,sp,m,55-64,12,Smear Positive
The Former Yugoslav Republic of Macedonia,2010,sp,m,65+,11,Smear Positive
The Former Yugoslav Republic of Macedonia,2010,sp,f,0-14,0,Smear Positive
The Former Yugoslav Republic of Macedonia,2010,sp,f,15-24,9,Smear Positive
The Former Yugoslav Republic of Macedonia,2010,sp,f,25-34,12,Smear Positive
The Former Yugoslav Republic of Macedonia,2010,sp,f,35-44,7,Smear Positive
The Former Yugoslav Republic of Macedonia,2010,sp,f,45-54,7,Smear Positive
The Former Yugoslav Republic of Macedonia,2010,sp,f,55-64,4,Smear Positive
The Former Yugoslav Republic of Macedonia,2010,sp,f,65+,6,Smear Positive
The Former Yugoslav Republic of Macedonia,2010,sn,m,0-14,6,Smear Negative
The Former Yugoslav Republic of Macedonia,2010,sn,m,15-24,10,Smear Negative
The Former Yugoslav Republic of Macedonia,2010,sn,m,25-34,12,Smear Negative
The Former Yugoslav Republic of Macedonia,2010,sn,m,35-44,10,Smear Negative
The Former Yugoslav Republic of Macedonia,2010,sn,m,45-54,17,Smear Negative
The Former Yugoslav Republic of Macedonia,2010,sn,m,55-64,12,Smear Negative
The Former Yugoslav Republic of Macedonia,2010,sn,m,65+,14,Smear Negative
The Former Yugoslav Republic of Macedonia,2010,sn,f,0-14,14,Smear Negative
The Former Yugoslav Republic of Macedonia,2010,sn,f,15-24,9,Smear Negative
The Former Yugoslav Republic of Macedonia,2010,sn,f,25-34,7,Smear Negative
The Former Yugoslav Republic of Macedonia,2010,sn,f,35-44,5,Smear Negative
The Former Yugoslav Republic of Macedonia,2010,sn,f,45-54,8,Smear Negative
The Former Yugoslav Republic of Macedonia,2010,sn,f,55-64,4,Smear Negative
The Former Yugoslav Republic of Macedonia,2010,sn,f,65+,7,Smear Negative
The Former Yugoslav Republic of Macedonia,2010,ep,m,0-14,9,Extrapulmonary
The Former Yugoslav Republic of Macedonia,2010,ep,m,15-24,8,Extrapulmonary
The Former Yugoslav Republic of Macedonia,2010,ep,m,25-34,6,Extrapulmonary
The Former Yugoslav Republic of Macedonia,2010,ep,m,35-44,7,Extrapulmonary
The Former Yugoslav Republic of Macedonia,2010,ep,m,45-54,3,Extrapulmonary
The Former Yugoslav Republic of Macedonia,2010,ep,m,55-64,1,Extrapulmonary
The Former Yugoslav Republic of Macedonia,2010,ep,m,65+,9,Extrapulmonary
The Former Yugoslav Republic of Macedonia,2010,ep,f,0-14,4,Extrapulmonary
The Former Yugoslav Republic of Macedonia,2010,ep,f,15-24,4,Extrapulmonary
The Former Yugoslav Republic of Macedonia,2010,ep,f,25-34,9,Extrapulmonary
The Former Yugoslav Republic of Macedonia,2010,ep,f,35-44,7,Extrapulmonary
The Former Yugoslav Republic of Macedonia,2010,ep,f,45-54,7,Extrapulmonary
The Former Yugoslav Republic of Macedonia,2010,ep,f,55-64,10,Extrapulmonary
The Former Yugoslav Republic of Macedonia,2010,ep,f,65+,8,Extrapulmonary
The Former Yugoslav Republic of Macedonia,2011,sp,m,0-14,3,Smear Positive
The Former Yugoslav Republic of Macedonia,2011,sp,m,15-24,17,Smear Positive
The Former Yugoslav Republic of Macedonia,2011,sp,m,25-34,11,Smear Positive
The Former Yugoslav Republic of Macedonia,2011,sp,m,35-44,19,Smear Positive
The Former Yugoslav Republic of Macedonia,2011,sp,m,45-54,21,Smear Positive
The Former Yugoslav Republic of Macedonia,2011,sp,m,55-64,10,Smear Positive
The Former Yugoslav Republic of Macedonia,2011,sp,m,65+,6,Smear Positive
The Former Yugoslav Republic of Macedonia,2011,sp,f,0-14,1,Smear Positive
The Former Yugoslav Republic of Macedonia,2011,sp,f,15-24,14,Smear Positive
The Former Yugoslav Republic of Macedonia,2011,sp,f,25-34,9,Smear Positive
The Former Yugoslav Republic of Macedonia,2011,sp,f,35-44,6,Smear Positive
The Former Yugoslav Republic of Macedonia,2011,sp,f,45-54,3,Smear Positive
The Former Yugoslav Republic of Macedonia,2011,sp,f,55-64,1,Smear Positive
The Former Yugoslav Republic of Macedonia,2011,sp,f,65+,11,Smear Positive
The Former Yugoslav Republic of Macedonia,2011,sn,m,0-14,12,Smear Negative
The Former Yugoslav Republic of Macedonia,2011,sn,m,15-24,5,Smear Negative
The Former Yugoslav Republic of Macedonia,2011,sn,m,25-34,5,Smear Negative
The Former Yugoslav Republic of Macedonia,2011,sn,m,35-44,4,Smear Negative
The Former Yugoslav Republic of Macedonia,2011,sn,m,45-54,8,Smear Negative
The Former Yugoslav Republic of Macedonia,2011,sn,m,55-64,8,Smear Negative
The Former Yugoslav Republic of Macedonia,2011,sn,m,65+,11,Smear Negative
The Former Yugoslav Republic of Macedonia,2011,sn,f,0-14,8,Smear Negative
The Former Yugoslav Republic of Macedonia,2011,sn,f,15-24,7,Smear Negative
The Former Yugoslav Republic of Macedonia,2011,sn,f,25-34,10,Smear Negative
The Former Yugoslav Republic of Macedonia,2011,sn,f,35-44,1,Smear Negative
The Former Yugoslav Republic of Macedonia,2011,sn,f,45-54,3,Smear Negative
The Former Yugoslav Republic of Macedonia,2011,sn,f,55-64,7,Smear Negative
The Former Yugoslav Republic of Macedonia,2011,sn,f,65+,10,Smear Negative
The Former Yugoslav Republic of Macedonia,2011,ep,m,0-14,3,Extrapulmonary
The Former Yugoslav Republic of Macedonia,2011,ep,m,15-24,8,Extrapulmonary
The Former Yugoslav Republic of Macedonia,2011,ep,m,25-34,0,Extrapulmonary
The Former Yugoslav Republic of Macedonia,2011,ep,m,35-44,3,Extrapulmonary
The Former Yugoslav Republic of Macedonia,2011,ep,m,45-54,9,Extrapulmonary
The Former Yugoslav Republic of Macedonia,2011,ep,m,55-64,2,Extrapulmonary
The Former Yugoslav Republic of Macedonia,2011,ep,m,65+,7,Extrapulmonary
The Former Yugoslav Republic of Macedonia,2011,ep,f,0-14,6,Extrapulmonary
The Former Yugoslav Republic of Macedonia,2011,ep,f,15-24,4,Extrapulmonary
The Former Yugoslav Republic of Macedonia,2011,ep,f,25-34,6,Extrapulmonary
The Former Yugoslav Republic of Macedonia,2011,ep,f,35-44,5,Extrapulmonary
The Former Yugoslav Republic of Macedonia,2011,ep,f,45-54,6,Extrapulmonary
The Former Yugoslav Republic of Macedonia,2011,ep,f,55-64,8,Extrapulmonary
The Former Yugoslav Republic of Macedonia,2011,ep,f,65+,9,Extrapulmonary
The Former Yugoslav Republic of Macedonia,2012,sp,m,0-14,0,Smear Positive
The Former Yugoslav Republic of Macedonia,2012,sp,m,15-24,16,Smear Positive
The Former Yugoslav Republic of Macedonia,2012,sp,m,25-34,14,Smear Positive
The Former Yugoslav Republic of Macedonia,2012,sp,m,35-44,12,Smear Positive
The Former Yugoslav Republic of Macedonia,2012,sp,m,45-54,19,Smear Positive
The Former Yugoslav Republic of Macedonia,2012,sp,m,55-64,15,Smear Positive
The Former Yugoslav Republic of Macedonia,2012,sp,m,65+,13,Smear Positive
The Former Yugoslav Republic of Macedonia,2012,sp,f,0-14,0,Smear Positive
The Former Yugoslav Republic of Macedonia,2012,sp,f,15-24,12,Smear Positive
The Former Yugoslav Republic of Macedonia,2012,sp,f,25-34,14,Smear Positive
The Former Yugoslav Republic of Macedonia,2012,sp,f,35-44,9,Smear Positive
The Former Yugoslav Republic of Macedonia,2012,sp,f,45-54,6,Smear Positive
The Former Yugoslav Republic of Macedonia,2012,sp,f,55-64,10,Smear Positive
The Former Yugoslav Republic of Macedonia,2012,sp,f,65+,7,Smear Positive
The Former Yugoslav Republic of Macedonia,2012,sn,m,0-14,10,Smear Negative
The Former Yugoslav Republic of Macedonia,2012,sn,m,15-24,3,Smear Negative
The Former Yugoslav Republic of Macedonia,2012,sn,m,25-34,8,Smear Negative
The Former Yugoslav Republic of Macedonia,2012,sn,m,35-44,5,Smear Negative
The Former Yugoslav Republic of Macedonia,2012,sn,m,45-54,12,Smear Negative
The Former Yugoslav Republic of Macedonia,2012,sn,m,55-64,7,Smear Negative
The Former Yugoslav Republic of Macedonia,2012,sn,m,65+,12,Smear Negative
The Former Yugoslav Republic of Macedonia,2012,sn,f,0-14,13,Smear Negative
The Former Yugoslav Republic of Macedonia,2012,sn,f,15-24,7,Smear Negative
The Former Yugoslav Republic of Macedonia,2012,sn,f,25-34,3,Smear Negative
The Former Yugoslav Republic of Macedonia,2012,sn,f,35-44,3,Smear Negative
The Former Yugoslav Republic of Macedonia,2012,sn,f,45-54,6,Smear Negative
The Former Yugoslav Republic of Macedonia,2012,sn,f,55-64,1,Smear Negative
The Former Yugoslav Republic of Macedonia,2012,sn,f,65+,5,Smear Negative
The Former Yugoslav Republic of Macedonia,2012,ep,m,0-14,3,Extrapulmonary
The Former Yugoslav Republic of Macedonia,2012,ep,m,15-24,11,Extrapulmonary
The Former Yugoslav Republic of Macedonia,2012,ep,m,25-34,3,Extrapulmonary
The Former Yugoslav Republic of Macedonia,2012,ep,m,35-44,6,Extrapulmonary
The Former Yugoslav Republic of Macedonia,2012,ep,m,45-54,8,Extrapulmonary
The Former Yugoslav Republic of Macedonia,2012,ep,m,55-64,8,Extrapulmonary
The Former Yugoslav Republic of Macedonia,2012,ep,m,65+,9,Extrapulmonary
The Former Yugoslav Republic of Macedonia,2012,ep,f,0-14,3,Extrapulmonary
The Former Yugoslav Republic of Macedonia,2012,ep,f,15-24,8,Extrapulmonary
The Former Yugoslav Republic of Macedonia,2012,ep,f,25-34,4,Extrapulmonary
The Former Yugoslav Republic of Macedonia,2012,ep,f,35-44,4,Extrapulmonary
The Former Yugoslav Republic of Macedonia,2012,ep,f,45-54,3,Extrapulmonary
The Former Yugoslav Republic of Macedonia,2012,ep,f,55-64,0,Extrapulmonary
The Former Yugoslav Republic of Macedonia,2012,ep,f,65+,8,Extrapulmonary
The Former Yugoslav Republic of Macedonia,2013,rel,m,0-14,12,Relapse
The Former Yugoslav Republic of Macedonia,2013,rel,m,15-24,14,Relapse
The Former Yugoslav Republic of Macedonia,2013,rel,m,25-34,30,Relapse
The Former Yugoslav Republic of Macedonia,2013,rel,m,35-44,32,Relapse
The Former Yugoslav Republic of Macedonia,2013,rel,m,45-54,46,Relapse
The Former Yugoslav Republic of Macedonia,2013,rel,m,55-64,39,Relapse
The Former Yugoslav Republic of Macedonia,2013,rel,m,65+,41,Relapse
The Former Yugoslav Republic of Macedonia,2013,rel,f,0-14,11,Relapse
The Former Yugoslav Republic of Macedonia,2013,rel,f,15-24,12,Relapse
The Former Yugoslav Republic of Macedonia,2013,rel,f,25-34,15,Relapse
The Former Yugoslav Republic of Macedonia,2013,rel,f,35-44,14,Relapse
The Former Yugoslav Republic of Macedonia,2013,rel,f,45-54,15,Relapse
The Former Yugoslav Republic of Macedonia,2013,rel,f,55-64,17,Relapse
The Former Yugoslav Republic of Macedonia,2013,rel,f,65+,20,Relapse
Timor-Leste,2002,sp,m,0-14,13,Smear Positive
Timor-Leste,2002,sp,m,15-24,119,Smear Positive
Timor-Leste,2002,sp,m,25-34,145,Smear Positive
Timor-Leste,2002,sp,m,35-44,119,Smear Positive
Timor-Leste,2002,sp,m,45-54,107,Smear Positive
Timor-Leste,2002,sp,m,55-64,58,Smear Positive
Timor-Leste,2002,sp,m,65+,35,Smear Positive
Timor-Leste,2002,sp,f,0-14,20,Smear Positive
Timor-Leste,2002,sp,f,15-24,118,Smear Positive
Timor-Leste,2002,sp,f,25-34,124,Smear Positive
Timor-Leste,2002,sp,f,35-44,88,Smear Positive
Timor-Leste,2002,sp,f,45-54,91,Smear Positive
Timor-Leste,2002,sp,f,55-64,40,Smear Positive
Timor-Leste,2002,sp,f,65+,13,Smear Positive
Timor-Leste,2003,sp,m,0-14,5,Smear Positive
Timor-Leste,2003,sp,m,15-24,130,Smear Positive
Timor-Leste,2003,sp,m,25-34,135,Smear Positive
Timor-Leste,2003,sp,m,35-44,107,Smear Positive
Timor-Leste,2003,sp,m,45-54,98,Smear Positive
Timor-Leste,2003,sp,m,55-64,66,Smear Positive
Timor-Leste,2003,sp,m,65+,41,Smear Positive
Timor-Leste,2003,sp,f,0-14,13,Smear Positive
Timor-Leste,2003,sp,f,15-24,98,Smear Positive
Timor-Leste,2003,sp,f,25-34,116,Smear Positive
Timor-Leste,2003,sp,f,35-44,76,Smear Positive
Timor-Leste,2003,sp,f,45-54,76,Smear Positive
Timor-Leste,2003,sp,f,55-64,43,Smear Positive
Timor-Leste,2003,sp,f,65+,17,Smear Positive
Timor-Leste,2004,sp,m,0-14,5,Smear Positive
Timor-Leste,2004,sp,m,15-24,133,Smear Positive
Timor-Leste,2004,sp,m,25-34,134,Smear Positive
Timor-Leste,2004,sp,m,35-44,95,Smear Positive
Timor-Leste,2004,sp,m,45-54,99,Smear Positive
Timor-Leste,2004,sp,m,55-64,65,Smear Positive
Timor-Leste,2004,sp,m,65+,48,Smear Positive
Timor-Leste,2004,sp,f,0-14,19,Smear Positive
Timor-Leste,2004,sp,f,15-24,109,Smear Positive
Timor-Leste,2004,sp,f,25-34,116,Smear Positive
Timor-Leste,2004,sp,f,35-44,83,Smear Positive
Timor-Leste,2004,sp,f,45-54,51,Smear Positive
Timor-Leste,2004,sp,f,55-64,27,Smear Positive
Timor-Leste,2004,sp,f,65+,16,Smear Positive
Timor-Leste,2005,sp,m,0-14,8,Smear Positive
Timor-Leste,2005,sp,m,15-24,136,Smear Positive
Timor-Leste,2005,sp,m,25-34,149,Smear Positive
Timor-Leste,2005,sp,m,35-44,116,Smear Positive
Timor-Leste,2005,sp,m,45-54,119,Smear Positive
Timor-Leste,2005,sp,m,55-64,52,Smear Positive
Timor-Leste,2005,sp,m,65+,47,Smear Positive
Timor-Leste,2005,sp,f,0-14,8,Smear Positive
Timor-Leste,2005,sp,f,15-24,127,Smear Positive
Timor-Leste,2005,sp,f,25-34,90,Smear Positive
Timor-Leste,2005,sp,f,35-44,76,Smear Positive
Timor-Leste,2005,sp,f,45-54,60,Smear Positive
Timor-Leste,2005,sp,f,55-64,18,Smear Positive
Timor-Leste,2005,sp,f,65+,29,Smear Positive
Timor-Leste,2006,sp,m,0-14,1,Smear Positive
Timor-Leste,2006,sp,m,15-24,128,Smear Positive
Timor-Leste,2006,sp,m,25-34,115,Smear Positive
Timor-Leste,2006,sp,m,35-44,103,Smear Positive
Timor-Leste,2006,sp,m,45-54,75,Smear Positive
Timor-Leste,2006,sp,m,55-64,48,Smear Positive
Timor-Leste,2006,sp,m,65+,49,Smear Positive
Timor-Leste,2006,sp,f,0-14,8,Smear Positive
Timor-Leste,2006,sp,f,15-24,102,Smear Positive
Timor-Leste,2006,sp,f,25-34,76,Smear Positive
Timor-Leste,2006,sp,f,35-44,82,Smear Positive
Timor-Leste,2006,sp,f,45-54,63,Smear Positive
Timor-Leste,2006,sp,f,55-64,34,Smear Positive
Timor-Leste,2006,sp,f,65+,23,Smear Positive
Timor-Leste,2007,sp,m,0-14,4,Smear Positive
Timor-Leste,2007,sp,m,15-24,128,Smear Positive
Timor-Leste,2007,sp,m,25-34,129,Smear Positive
Timor-Leste,2007,sp,m,35-44,89,Smear Positive
Timor-Leste,2007,sp,m,45-54,77,Smear Positive
Timor-Leste,2007,sp,m,55-64,69,Smear Positive
Timor-Leste,2007,sp,m,65+,65,Smear Positive
Timor-Leste,2007,sp,f,0-14,10,Smear Positive
Timor-Leste,2007,sp,f,15-24,120,Smear Positive
Timor-Leste,2007,sp,f,25-34,98,Smear Positive
Timor-Leste,2007,sp,f,35-44,89,Smear Positive
Timor-Leste,2007,sp,f,45-54,76,Smear Positive
Timor-Leste,2007,sp,f,55-64,36,Smear Positive
Timor-Leste,2007,sp,f,65+,31,Smear Positive
Timor-Leste,2008,sp,m,0-14,6,Smear Positive
Timor-Leste,2008,sp,m,15-24,115,Smear Positive
Timor-Leste,2008,sp,m,25-34,88,Smear Positive
Timor-Leste,2008,sp,m,35-44,93,Smear Positive
Timor-Leste,2008,sp,m,45-54,73,Smear Positive
Timor-Leste,2008,sp,m,55-64,52,Smear Positive
Timor-Leste,2008,sp,m,65+,54,Smear Positive
Timor-Leste,2008,sp,f,0-14,4,Smear Positive
Timor-Leste,2008,sp,f,15-24,87,Smear Positive
Timor-Leste,2008,sp,f,25-34,72,Smear Positive
Timor-Leste,2008,sp,f,35-44,85,Smear Positive
Timor-Leste,2008,sp,f,45-54,67,Smear Positive
Timor-Leste,2008,sp,f,55-64,35,Smear Positive
Timor-Leste,2008,sp,f,65+,36,Smear Positive
Timor-Leste,2009,sp,m,0-14,8,Smear Positive
Timor-Leste,2009,sp,m,15-24,158,Smear Positive
Timor-Leste,2009,sp,m,25-34,120,Smear Positive
Timor-Leste,2009,sp,m,35-44,94,Smear Positive
Timor-Leste,2009,sp,m,45-54,88,Smear Positive
Timor-Leste,2009,sp,m,55-64,75,Smear Positive
Timor-Leste,2009,sp,m,65+,106,Smear Positive
Timor-Leste,2009,sp,f,0-14,9,Smear Positive
Timor-Leste,2009,sp,f,15-24,124,Smear Positive
Timor-Leste,2009,sp,f,25-34,127,Smear Positive
Timor-Leste,2009,sp,f,35-44,105,Smear Positive
Timor-Leste,2009,sp,f,45-54,69,Smear Positive
Timor-Leste,2009,sp,f,55-64,63,Smear Positive
Timor-Leste,2009,sp,f,65+,60,Smear Positive
Timor-Leste,2011,sp,m,0-14,14,Smear Positive
Timor-Leste,2011,sp,m,15-24,199,Smear Positive
Timor-Leste,2011,sp,m,25-34,177,Smear Positive
Timor-Leste,2011,sp,m,35-44,137,Smear Positive
Timor-Leste,2011,sp,m,45-54,114,Smear Positive
Timor-Leste,2011,sp,m,55-64,99,Smear Positive
Timor-Leste,2011,sp,m,65+,146,Smear Positive
Timor-Leste,2011,sp,f,0-14,16,Smear Positive
Timor-Leste,2011,sp,f,15-24,176,Smear Positive
Timor-Leste,2011,sp,f,25-34,182,Smear Positive
Timor-Leste,2011,sp,f,35-44,113,Smear Positive
Timor-Leste,2011,sp,f,45-54,85,Smear Positive
Timor-Leste,2011,sp,f,55-64,77,Smear Positive
Timor-Leste,2011,sp,f,65+,75,Smear Positive
Timor-Leste,2011,sn,m,0-14,366,Smear Negative
Timor-Leste,2011,sn,f,0-14,282,Smear Negative
Timor-Leste,2011,ep,m,0-14,51,Extrapulmonary
Timor-Leste,2011,ep,f,0-14,55,Extrapulmonary
Timor-Leste,2012,sp,m,0-14,7,Smear Positive
Timor-Leste,2012,sp,m,15-24,196,Smear Positive
Timor-Leste,2012,sp,m,25-34,172,Smear Positive
Timor-Leste,2012,sp,m,35-44,128,Smear Positive
Timor-Leste,2012,sp,m,45-54,119,Smear Positive
Timor-Leste,2012,sp,m,55-64,114,Smear Positive
Timor-Leste,2012,sp,m,65+,129,Smear Positive
Timor-Leste,2012,sp,f,0-14,12,Smear Positive
Timor-Leste,2012,sp,f,15-24,154,Smear Positive
Timor-Leste,2012,sp,f,25-34,143,Smear Positive
Timor-Leste,2012,sp,f,35-44,120,Smear Positive
Timor-Leste,2012,sp,f,45-54,75,Smear Positive
Timor-Leste,2012,sp,f,55-64,84,Smear Positive
Timor-Leste,2012,sp,f,65+,92,Smear Positive
Timor-Leste,2012,sn,m,0-14,171,Smear Negative
Timor-Leste,2012,sn,f,0-14,163,Smear Negative
Timor-Leste,2012,ep,m,0-14,62,Extrapulmonary
Timor-Leste,2012,ep,f,0-14,56,Extrapulmonary
Timor-Leste,2013,rel,m,0-14,167,Relapse
Timor-Leste,2013,rel,f,0-14,173,Relapse
Togo,1995,sp,m,0-14,7,Smear Positive
Togo,1995,sp,m,15-24,95,Smear Positive
Togo,1995,sp,m,25-34,151,Smear Positive
Togo,1995,sp,m,35-44,123,Smear Positive
Togo,1995,sp,m,45-54,82,Smear Positive
Togo,1995,sp,m,55-64,64,Smear Positive
Togo,1995,sp,m,65+,49,Smear Positive
Togo,1995,sp,f,0-14,9,Smear Positive
Togo,1995,sp,f,15-24,80,Smear Positive
Togo,1995,sp,f,25-34,96,Smear Positive
Togo,1995,sp,f,35-44,45,Smear Positive
Togo,1995,sp,f,45-54,38,Smear Positive
Togo,1995,sp,f,55-64,23,Smear Positive
Togo,1995,sp,f,65+,15,Smear Positive
Togo,1996,sp,m,0-14,11,Smear Positive
Togo,1996,sp,m,15-24,95,Smear Positive
Togo,1996,sp,m,25-34,153,Smear Positive
Togo,1996,sp,m,35-44,134,Smear Positive
Togo,1996,sp,m,45-54,89,Smear Positive
Togo,1996,sp,m,55-64,37,Smear Positive
Togo,1996,sp,m,65+,50,Smear Positive
Togo,1996,sp,f,0-14,12,Smear Positive
Togo,1996,sp,f,15-24,89,Smear Positive
Togo,1996,sp,f,25-34,117,Smear Positive
Togo,1996,sp,f,35-44,45,Smear Positive
Togo,1996,sp,f,45-54,45,Smear Positive
Togo,1996,sp,f,55-64,15,Smear Positive
Togo,1996,sp,f,65+,19,Smear Positive
Togo,1998,sp,m,0-14,13,Smear Positive
Togo,1998,sp,m,15-24,85,Smear Positive
Togo,1998,sp,m,25-34,177,Smear Positive
Togo,1998,sp,m,35-44,136,Smear Positive
Togo,1998,sp,m,45-54,86,Smear Positive
Togo,1998,sp,m,55-64,48,Smear Positive
Togo,1998,sp,m,65+,36,Smear Positive
Togo,1998,sp,f,0-14,15,Smear Positive
Togo,1998,sp,f,15-24,95,Smear Positive
Togo,1998,sp,f,25-34,113,Smear Positive
Togo,1998,sp,f,35-44,52,Smear Positive
Togo,1998,sp,f,45-54,36,Smear Positive
Togo,1998,sp,f,55-64,17,Smear Positive
Togo,1998,sp,f,65+,18,Smear Positive
Togo,1999,sp,m,0-14,11,Smear Positive
Togo,1999,sp,m,15-24,92,Smear Positive
Togo,1999,sp,m,25-34,169,Smear Positive
Togo,1999,sp,m,35-44,124,Smear Positive
Togo,1999,sp,m,45-54,80,Smear Positive
Togo,1999,sp,m,55-64,42,Smear Positive
Togo,1999,sp,m,65+,37,Smear Positive
Togo,1999,sp,f,0-14,7,Smear Positive
Togo,1999,sp,f,15-24,88,Smear Positive
Togo,1999,sp,f,25-34,123,Smear Positive
Togo,1999,sp,f,35-44,64,Smear Positive
Togo,1999,sp,f,45-54,32,Smear Positive
Togo,1999,sp,f,55-64,25,Smear Positive
Togo,1999,sp,f,65+,10,Smear Positive
Togo,2000,sp,m,0-14,4,Smear Positive
Togo,2000,sp,m,15-24,101,Smear Positive
Togo,2000,sp,m,25-34,168,Smear Positive
Togo,2000,sp,m,35-44,144,Smear Positive
Togo,2000,sp,m,45-54,109,Smear Positive
Togo,2000,sp,m,55-64,48,Smear Positive
Togo,2000,sp,m,65+,39,Smear Positive
Togo,2000,sp,f,0-14,13,Smear Positive
Togo,2000,sp,f,15-24,107,Smear Positive
Togo,2000,sp,f,25-34,124,Smear Positive
Togo,2000,sp,f,35-44,50,Smear Positive
Togo,2000,sp,f,45-54,36,Smear Positive
Togo,2000,sp,f,55-64,24,Smear Positive
Togo,2000,sp,f,65+,15,Smear Positive
Togo,2002,sp,m,0-14,10,Smear Positive
Togo,2002,sp,m,15-24,140,Smear Positive
Togo,2002,sp,m,25-34,239,Smear Positive
Togo,2002,sp,m,35-44,166,Smear Positive
Togo,2002,sp,m,45-54,104,Smear Positive
Togo,2002,sp,m,55-64,55,Smear Positive
Togo,2002,sp,m,65+,40,Smear Positive
Togo,2002,sp,f,0-14,12,Smear Positive
Togo,2002,sp,f,15-24,125,Smear Positive
Togo,2002,sp,f,25-34,148,Smear Positive
Togo,2002,sp,f,35-44,79,Smear Positive
Togo,2002,sp,f,45-54,43,Smear Positive
Togo,2002,sp,f,55-64,29,Smear Positive
Togo,2002,sp,f,65+,13,Smear Positive
Togo,2003,sp,m,0-14,10,Smear Positive
Togo,2003,sp,m,15-24,126,Smear Positive
Togo,2003,sp,m,25-34,229,Smear Positive
Togo,2003,sp,m,35-44,192,Smear Positive
Togo,2003,sp,m,45-54,120,Smear Positive
Togo,2003,sp,m,55-64,66,Smear Positive
Togo,2003,sp,m,65+,57,Smear Positive
Togo,2003,sp,f,0-14,15,Smear Positive
Togo,2003,sp,f,15-24,102,Smear Positive
Togo,2003,sp,f,25-34,149,Smear Positive
Togo,2003,sp,f,35-44,80,Smear Positive
Togo,2003,sp,f,45-54,55,Smear Positive
Togo,2003,sp,f,55-64,26,Smear Positive
Togo,2003,sp,f,65+,28,Smear Positive
Togo,2004,sp,m,0-14,9,Smear Positive
Togo,2004,sp,m,15-24,145,Smear Positive
Togo,2004,sp,m,25-34,286,Smear Positive
Togo,2004,sp,m,35-44,233,Smear Positive
Togo,2004,sp,m,45-54,143,Smear Positive
Togo,2004,sp,m,55-64,69,Smear Positive
Togo,2004,sp,m,65+,66,Smear Positive
Togo,2004,sp,f,0-14,12,Smear Positive
Togo,2004,sp,f,15-24,150,Smear Positive
Togo,2004,sp,f,25-34,205,Smear Positive
Togo,2004,sp,f,35-44,103,Smear Positive
Togo,2004,sp,f,45-54,55,Smear Positive
Togo,2004,sp,f,55-64,37,Smear Positive
Togo,2004,sp,f,65+,28,Smear Positive
Togo,2005,sp,m,0-14,11,Smear Positive
Togo,2005,sp,m,15-24,177,Smear Positive
Togo,2005,sp,m,25-34,320,Smear Positive
Togo,2005,sp,m,35-44,283,Smear Positive
Togo,2005,sp,m,45-54,125,Smear Positive
Togo,2005,sp,m,55-64,79,Smear Positive
Togo,2005,sp,m,65+,69,Smear Positive
Togo,2005,sp,f,0-14,23,Smear Positive
Togo,2005,sp,f,15-24,157,Smear Positive
Togo,2005,sp,f,25-34,236,Smear Positive
Togo,2005,sp,f,35-44,146,Smear Positive
Togo,2005,sp,f,45-54,67,Smear Positive
Togo,2005,sp,f,55-64,41,Smear Positive
Togo,2005,sp,f,65+,32,Smear Positive
Togo,2006,sp,m,0-14,15,Smear Positive
Togo,2006,sp,m,15-24,174,Smear Positive
Togo,2006,sp,m,25-34,358,Smear Positive
Togo,2006,sp,m,35-44,344,Smear Positive
Togo,2006,sp,m,45-54,183,Smear Positive
Togo,2006,sp,m,55-64,94,Smear Positive
Togo,2006,sp,m,65+,79,Smear Positive
Togo,2006,sp,f,0-14,29,Smear Positive
Togo,2006,sp,f,15-24,214,Smear Positive
Togo,2006,sp,f,25-34,268,Smear Positive
Togo,2006,sp,f,35-44,170,Smear Positive
Togo,2006,sp,f,45-54,96,Smear Positive
Togo,2006,sp,f,55-64,58,Smear Positive
Togo,2006,sp,f,65+,49,Smear Positive
Togo,2007,sp,m,0-14,7,Smear Positive
Togo,2007,sp,m,15-24,156,Smear Positive
Togo,2007,sp,m,25-34,309,Smear Positive
Togo,2007,sp,m,35-44,276,Smear Positive
Togo,2007,sp,m,45-54,170,Smear Positive
Togo,2007,sp,m,55-64,73,Smear Positive
Togo,2007,sp,m,65+,66,Smear Positive
Togo,2007,sp,f,0-14,17,Smear Positive
Togo,2007,sp,f,15-24,184,Smear Positive
Togo,2007,sp,f,25-34,256,Smear Positive
Togo,2007,sp,f,35-44,150,Smear Positive
Togo,2007,sp,f,45-54,67,Smear Positive
Togo,2007,sp,f,55-64,35,Smear Positive
Togo,2007,sp,f,65+,30,Smear Positive
Togo,2007,sn,m,0-14,194,Smear Negative
Togo,2007,ep,m,0-14,356,Extrapulmonary
Togo,2008,sp,m,0-14,15,Smear Positive
Togo,2008,sp,m,15-24,194,Smear Positive
Togo,2008,sp,m,25-34,379,Smear Positive
Togo,2008,sp,m,35-44,338,Smear Positive
Togo,2008,sp,m,45-54,214,Smear Positive
Togo,2008,sp,m,55-64,113,Smear Positive
Togo,2008,sp,m,65+,78,Smear Positive
Togo,2008,sp,f,0-14,29,Smear Positive
Togo,2008,sp,f,15-24,202,Smear Positive
Togo,2008,sp,f,25-34,302,Smear Positive
Togo,2008,sp,f,35-44,170,Smear Positive
Togo,2008,sp,f,45-54,94,Smear Positive
Togo,2008,sp,f,55-64,47,Smear Positive
Togo,2008,sp,f,65+,59,Smear Positive
Togo,2009,sp,m,0-14,15,Smear Positive
Togo,2009,sp,m,15-24,168,Smear Positive
Togo,2009,sp,m,25-34,378,Smear Positive
Togo,2009,sp,m,35-44,331,Smear Positive
Togo,2009,sp,m,45-54,233,Smear Positive
Togo,2009,sp,m,55-64,130,Smear Positive
Togo,2009,sp,m,65+,89,Smear Positive
Togo,2009,sp,f,0-14,27,Smear Positive
Togo,2009,sp,f,15-24,197,Smear Positive
Togo,2009,sp,f,25-34,288,Smear Positive
Togo,2009,sp,f,35-44,166,Smear Positive
Togo,2009,sp,f,45-54,86,Smear Positive
Togo,2009,sp,f,55-64,42,Smear Positive
Togo,2009,sp,f,65+,46,Smear Positive
Togo,2009,sn,m,0-14,8,Smear Negative
Togo,2009,sn,m,15-24,7,Smear Negative
Togo,2009,sn,m,25-34,19,Smear Negative
Togo,2009,sn,m,35-44,29,Smear Negative
Togo,2009,sn,m,45-54,24,Smear Negative
Togo,2009,sn,m,55-64,16,Smear Negative
Togo,2009,sn,m,65+,14,Smear Negative
Togo,2009,sn,f,0-14,11,Smear Negative
Togo,2009,sn,f,15-24,13,Smear Negative
Togo,2009,sn,f,25-34,28,Smear Negative
Togo,2009,sn,f,35-44,13,Smear Negative
Togo,2009,sn,f,45-54,15,Smear Negative
Togo,2009,sn,f,55-64,10,Smear Negative
Togo,2009,sn,f,65+,6,Smear Negative
Togo,2009,ep,m,0-14,17,Extrapulmonary
Togo,2009,ep,m,15-24,20,Extrapulmonary
Togo,2009,ep,m,25-34,40,Extrapulmonary
Togo,2009,ep,m,35-44,41,Extrapulmonary
Togo,2009,ep,m,45-54,36,Extrapulmonary
Togo,2009,ep,m,55-64,22,Extrapulmonary
Togo,2009,ep,m,65+,13,Extrapulmonary
Togo,2009,ep,f,0-14,17,Extrapulmonary
Togo,2009,ep,f,15-24,20,Extrapulmonary
Togo,2009,ep,f,25-34,21,Extrapulmonary
Togo,2009,ep,f,35-44,30,Extrapulmonary
Togo,2009,ep,f,45-54,33,Extrapulmonary
Togo,2009,ep,f,55-64,15,Extrapulmonary
Togo,2009,ep,f,65+,0,Extrapulmonary
Togo,2010,sp,m,0-14,21,Smear Positive
Togo,2010,sp,m,15-24,150,Smear Positive
Togo,2010,sp,m,25-34,350,Smear Positive
Togo,2010,sp,m,35-44,358,Smear Positive
Togo,2010,sp,m,45-54,217,Smear Positive
Togo,2010,sp,m,55-64,116,Smear Positive
Togo,2010,sp,m,65+,80,Smear Positive
Togo,2010,sp,f,0-14,39,Smear Positive
Togo,2010,sp,f,15-24,163,Smear Positive
Togo,2010,sp,f,25-34,285,Smear Positive
Togo,2010,sp,f,35-44,148,Smear Positive
Togo,2010,sp,f,45-54,78,Smear Positive
Togo,2010,sp,f,55-64,62,Smear Positive
Togo,2010,sp,f,65+,29,Smear Positive
Togo,2011,sp,m,0-14,15,Smear Positive
Togo,2011,sp,m,15-24,169,Smear Positive
Togo,2011,sp,m,25-34,340,Smear Positive
Togo,2011,sp,m,35-44,350,Smear Positive
Togo,2011,sp,m,45-54,234,Smear Positive
Togo,2011,sp,m,55-64,123,Smear Positive
Togo,2011,sp,m,65+,85,Smear Positive
Togo,2011,sp,f,0-14,11,Smear Positive
Togo,2011,sp,f,15-24,167,Smear Positive
Togo,2011,sp,f,25-34,277,Smear Positive
Togo,2011,sp,f,35-44,146,Smear Positive
Togo,2011,sp,f,45-54,89,Smear Positive
Togo,2011,sp,f,55-64,50,Smear Positive
Togo,2011,sp,f,65+,38,Smear Positive
Togo,2012,sp,m,0-14,9,Smear Positive
Togo,2012,sp,m,15-24,171,Smear Positive
Togo,2012,sp,m,25-34,338,Smear Positive
Togo,2012,sp,m,35-44,341,Smear Positive
Togo,2012,sp,m,45-54,237,Smear Positive
Togo,2012,sp,m,55-64,121,Smear Positive
Togo,2012,sp,m,65+,87,Smear Positive
Togo,2012,sp,f,0-14,17,Smear Positive
Togo,2012,sp,f,15-24,165,Smear Positive
Togo,2012,sp,f,25-34,287,Smear Positive
Togo,2012,sp,f,35-44,154,Smear Positive
Togo,2012,sp,f,45-54,109,Smear Positive
Togo,2012,sp,f,55-64,48,Smear Positive
Togo,2012,sp,f,65+,28,Smear Positive
Togo,2013,rel,m,0-14,41,Relapse
Togo,2013,rel,m,15-24,216,Relapse
Togo,2013,rel,m,25-34,401,Relapse
Togo,2013,rel,m,35-44,412,Relapse
Togo,2013,rel,m,45-54,307,Relapse
Togo,2013,rel,m,55-64,158,Relapse
Togo,2013,rel,m,65+,92,Relapse
Togo,2013,rel,f,0-14,44,Relapse
Togo,2013,rel,f,15-24,191,Relapse
Togo,2013,rel,f,25-34,300,Relapse
Togo,2013,rel,f,35-44,190,Relapse
Togo,2013,rel,f,45-54,125,Relapse
Togo,2013,rel,f,55-64,70,Relapse
Togo,2013,rel,f,65+,53,Relapse
Tokelau,2007,sp,m,0-14,0,Smear Positive
Tokelau,2007,sp,m,15-24,0,Smear Positive
Tokelau,2007,sp,m,25-34,0,Smear Positive
Tokelau,2007,sp,m,35-44,0,Smear Positive
Tokelau,2007,sp,m,45-54,0,Smear Positive
Tokelau,2007,sp,m,55-64,0,Smear Positive
Tokelau,2007,sp,m,65+,0,Smear Positive
Tokelau,2007,sp,f,0-14,0,Smear Positive
Tokelau,2007,sp,f,15-24,0,Smear Positive
Tokelau,2007,sp,f,25-34,0,Smear Positive
Tokelau,2007,sp,f,35-44,0,Smear Positive
Tokelau,2007,sp,f,45-54,0,Smear Positive
Tokelau,2007,sp,f,55-64,0,Smear Positive
Tokelau,2007,sp,f,65+,0,Smear Positive
Tokelau,2007,sn,m,0-14,0,Smear Negative
Tokelau,2007,sn,m,15-24,0,Smear Negative
Tokelau,2007,sn,m,25-34,0,Smear Negative
Tokelau,2007,sn,m,35-44,0,Smear Negative
Tokelau,2007,sn,m,45-54,0,Smear Negative
Tokelau,2007,sn,m,55-64,0,Smear Negative
Tokelau,2007,sn,m,65+,0,Smear Negative
Tokelau,2007,sn,f,0-14,0,Smear Negative
Tokelau,2007,sn,f,15-24,0,Smear Negative
Tokelau,2007,sn,f,25-34,0,Smear Negative
Tokelau,2007,sn,f,35-44,0,Smear Negative
Tokelau,2007,sn,f,45-54,0,Smear Negative
Tokelau,2007,sn,f,55-64,0,Smear Negative
Tokelau,2007,sn,f,65+,0,Smear Negative
Tokelau,2007,ep,m,0-14,0,Extrapulmonary
Tokelau,2007,ep,m,15-24,0,Extrapulmonary
Tokelau,2007,ep,m,25-34,0,Extrapulmonary
Tokelau,2007,ep,m,35-44,0,Extrapulmonary
Tokelau,2007,ep,m,45-54,0,Extrapulmonary
Tokelau,2007,ep,m,55-64,0,Extrapulmonary
Tokelau,2007,ep,m,65+,0,Extrapulmonary
Tokelau,2007,ep,f,0-14,0,Extrapulmonary
Tokelau,2007,ep,f,15-24,0,Extrapulmonary
Tokelau,2007,ep,f,25-34,0,Extrapulmonary
Tokelau,2007,ep,f,35-44,0,Extrapulmonary
Tokelau,2007,ep,f,45-54,0,Extrapulmonary
Tokelau,2007,ep,f,55-64,0,Extrapulmonary
Tokelau,2007,ep,f,65+,0,Extrapulmonary
Tokelau,2008,sp,m,15-24,0,Smear Positive
Tokelau,2008,sp,m,25-34,0,Smear Positive
Tokelau,2008,sp,m,35-44,0,Smear Positive
Tokelau,2008,sp,m,45-54,0,Smear Positive
Tokelau,2008,sp,m,55-64,0,Smear Positive
Tokelau,2008,sp,f,15-24,0,Smear Positive
Tokelau,2008,sp,f,25-34,0,Smear Positive
Tokelau,2008,sp,f,35-44,0,Smear Positive
Tokelau,2008,sp,f,45-54,0,Smear Positive
Tokelau,2008,sp,f,55-64,0,Smear Positive
Tokelau,2008,sp,f,65+,0,Smear Positive
Tokelau,2008,sn,m,15-24,0,Smear Negative
Tokelau,2008,sn,m,25-34,0,Smear Negative
Tokelau,2008,sn,m,35-44,0,Smear Negative
Tokelau,2008,sn,m,45-54,0,Smear Negative
Tokelau,2008,sn,m,55-64,0,Smear Negative
Tokelau,2008,sn,m,65+,0,Smear Negative
Tokelau,2008,sn,f,0-14,0,Smear Negative
Tokelau,2008,sn,f,15-24,0,Smear Negative
Tokelau,2008,sn,f,25-34,0,Smear Negative
Tokelau,2008,sn,f,35-44,0,Smear Negative
Tokelau,2008,sn,f,45-54,0,Smear Negative
Tokelau,2008,sn,f,55-64,0,Smear Negative
Tokelau,2008,sn,f,65+,0,Smear Negative
Tokelau,2010,sp,m,0-14,0,Smear Positive
Tokelau,2010,sp,m,15-24,0,Smear Positive
Tokelau,2010,sp,m,25-34,0,Smear Positive
Tokelau,2010,sp,m,35-44,0,Smear Positive
Tokelau,2010,sp,m,45-54,0,Smear Positive
Tokelau,2010,sp,m,55-64,0,Smear Positive
Tokelau,2010,sp,m,65+,0,Smear Positive
Tokelau,2010,sp,f,0-14,0,Smear Positive
Tokelau,2010,sp,f,15-24,0,Smear Positive
Tokelau,2010,sp,f,25-34,0,Smear Positive
Tokelau,2010,sp,f,35-44,0,Smear Positive
Tokelau,2010,sp,f,45-54,0,Smear Positive
Tokelau,2010,sp,f,55-64,0,Smear Positive
Tokelau,2010,sp,f,65+,0,Smear Positive
Tokelau,2010,sn,m,0-14,0,Smear Negative
Tokelau,2010,sn,m,15-24,0,Smear Negative
Tokelau,2010,sn,m,25-34,0,Smear Negative
Tokelau,2010,sn,m,35-44,0,Smear Negative
Tokelau,2010,sn,m,45-54,0,Smear Negative
Tokelau,2010,sn,m,55-64,0,Smear Negative
Tokelau,2010,sn,m,65+,0,Smear Negative
Tokelau,2010,sn,f,0-14,0,Smear Negative
Tokelau,2010,sn,f,15-24,0,Smear Negative
Tokelau,2010,sn,f,25-34,0,Smear Negative
Tokelau,2010,sn,f,35-44,0,Smear Negative
Tokelau,2010,sn,f,45-54,0,Smear Negative
Tokelau,2010,sn,f,55-64,0,Smear Negative
Tokelau,2010,sn,f,65+,0,Smear Negative
Tokelau,2010,ep,m,0-14,0,Extrapulmonary
Tokelau,2010,ep,m,15-24,0,Extrapulmonary
Tokelau,2010,ep,m,25-34,0,Extrapulmonary
Tokelau,2010,ep,m,35-44,0,Extrapulmonary
Tokelau,2010,ep,m,45-54,0,Extrapulmonary
Tokelau,2010,ep,m,55-64,0,Extrapulmonary
Tokelau,2010,ep,m,65+,0,Extrapulmonary
Tokelau,2010,ep,f,0-14,0,Extrapulmonary
Tokelau,2010,ep,f,15-24,0,Extrapulmonary
Tokelau,2010,ep,f,25-34,0,Extrapulmonary
Tokelau,2010,ep,f,35-44,0,Extrapulmonary
Tokelau,2010,ep,f,45-54,0,Extrapulmonary
Tokelau,2010,ep,f,55-64,0,Extrapulmonary
Tokelau,2010,ep,f,65+,0,Extrapulmonary
Tokelau,2013,rel,m,0-14,0,Relapse
Tokelau,2013,rel,m,15-24,0,Relapse
Tokelau,2013,rel,m,25-34,0,Relapse
Tokelau,2013,rel,m,35-44,0,Relapse
Tokelau,2013,rel,m,45-54,0,Relapse
Tokelau,2013,rel,m,55-64,0,Relapse
Tokelau,2013,rel,m,65+,0,Relapse
Tokelau,2013,rel,f,0-14,0,Relapse
Tokelau,2013,rel,f,15-24,0,Relapse
Tokelau,2013,rel,f,25-34,0,Relapse
Tokelau,2013,rel,f,35-44,0,Relapse
Tokelau,2013,rel,f,45-54,0,Relapse
Tokelau,2013,rel,f,55-64,0,Relapse
Tokelau,2013,rel,f,65+,0,Relapse
Tonga,1995,sp,m,0-14,0,Smear Positive
Tonga,1995,sp,m,15-24,1,Smear Positive
Tonga,1995,sp,m,25-34,0,Smear Positive
Tonga,1995,sp,m,35-44,0,Smear Positive
Tonga,1995,sp,m,45-54,0,Smear Positive
Tonga,1995,sp,m,55-64,1,Smear Positive
Tonga,1995,sp,m,65+,2,Smear Positive
Tonga,1995,sp,f,0-14,0,Smear Positive
Tonga,1995,sp,f,15-24,0,Smear Positive
Tonga,1995,sp,f,25-34,1,Smear Positive
Tonga,1995,sp,f,35-44,1,Smear Positive
Tonga,1995,sp,f,45-54,0,Smear Positive
Tonga,1995,sp,f,55-64,2,Smear Positive
Tonga,1995,sp,f,65+,1,Smear Positive
Tonga,1996,sp,m,0-14,0,Smear Positive
Tonga,1996,sp,m,15-24,1,Smear Positive
Tonga,1996,sp,m,25-34,1,Smear Positive
Tonga,1996,sp,m,35-44,2,Smear Positive
Tonga,1996,sp,m,45-54,0,Smear Positive
Tonga,1996,sp,m,55-64,6,Smear Positive
Tonga,1996,sp,m,65+,0,Smear Positive
Tonga,1996,sp,f,0-14,0,Smear Positive
Tonga,1996,sp,f,15-24,1,Smear Positive
Tonga,1996,sp,f,25-34,1,Smear Positive
Tonga,1996,sp,f,35-44,1,Smear Positive
Tonga,1996,sp,f,45-54,0,Smear Positive
Tonga,1996,sp,f,55-64,1,Smear Positive
Tonga,1996,sp,f,65+,2,Smear Positive
Tonga,1997,sp,m,0-14,0,Smear Positive
Tonga,1997,sp,m,15-24,2,Smear Positive
Tonga,1997,sp,m,25-34,1,Smear Positive
Tonga,1997,sp,m,35-44,1,Smear Positive
Tonga,1997,sp,m,45-54,0,Smear Positive
Tonga,1997,sp,m,55-64,1,Smear Positive
Tonga,1997,sp,m,65+,2,Smear Positive
Tonga,1997,sp,f,0-14,0,Smear Positive
Tonga,1997,sp,f,15-24,4,Smear Positive
Tonga,1997,sp,f,25-34,0,Smear Positive
Tonga,1997,sp,f,35-44,0,Smear Positive
Tonga,1997,sp,f,45-54,1,Smear Positive
Tonga,1997,sp,f,55-64,0,Smear Positive
Tonga,1997,sp,f,65+,0,Smear Positive
Tonga,1998,sp,m,0-14,0,Smear Positive
Tonga,1998,sp,m,15-24,2,Smear Positive
Tonga,1998,sp,m,25-34,3,Smear Positive
Tonga,1998,sp,m,35-44,1,Smear Positive
Tonga,1998,sp,m,45-54,2,Smear Positive
Tonga,1998,sp,m,55-64,1,Smear Positive
Tonga,1998,sp,m,65+,2,Smear Positive
Tonga,1998,sp,f,0-14,1,Smear Positive
Tonga,1998,sp,f,15-24,1,Smear Positive
Tonga,1998,sp,f,25-34,0,Smear Positive
Tonga,1998,sp,f,35-44,0,Smear Positive
Tonga,1998,sp,f,45-54,0,Smear Positive
Tonga,1998,sp,f,55-64,1,Smear Positive
Tonga,1998,sp,f,65+,2,Smear Positive
Tonga,1999,sp,m,0-14,0,Smear Positive
Tonga,1999,sp,m,15-24,1,Smear Positive
Tonga,1999,sp,m,25-34,0,Smear Positive
Tonga,1999,sp,m,35-44,0,Smear Positive
Tonga,1999,sp,m,45-54,1,Smear Positive
Tonga,1999,sp,m,55-64,3,Smear Positive
Tonga,1999,sp,m,65+,2,Smear Positive
Tonga,1999,sp,f,0-14,0,Smear Positive
Tonga,1999,sp,f,15-24,1,Smear Positive
Tonga,1999,sp,f,25-34,0,Smear Positive
Tonga,1999,sp,f,35-44,0,Smear Positive
Tonga,1999,sp,f,45-54,0,Smear Positive
Tonga,1999,sp,f,55-64,2,Smear Positive
Tonga,1999,sp,f,65+,0,Smear Positive
Tonga,2000,sp,m,15-24,2,Smear Positive
Tonga,2000,sp,m,25-34,1,Smear Positive
Tonga,2000,sp,m,35-44,1,Smear Positive
Tonga,2000,sp,m,55-64,1,Smear Positive
Tonga,2000,sp,m,65+,5,Smear Positive
Tonga,2000,sp,f,15-24,1,Smear Positive
Tonga,2000,sp,f,25-34,1,Smear Positive
Tonga,2000,sp,f,35-44,1,Smear Positive
Tonga,2000,sp,f,55-64,1,Smear Positive
Tonga,2000,sp,f,65+,1,Smear Positive
Tonga,2001,sp,m,0-14,0,Smear Positive
Tonga,2001,sp,m,15-24,0,Smear Positive
Tonga,2001,sp,m,25-34,1,Smear Positive
Tonga,2001,sp,m,35-44,0,Smear Positive
Tonga,2001,sp,m,45-54,0,Smear Positive
Tonga,2001,sp,m,55-64,2,Smear Positive
Tonga,2001,sp,m,65+,1,Smear Positive
Tonga,2001,sp,f,0-14,0,Smear Positive
Tonga,2001,sp,f,15-24,0,Smear Positive
Tonga,2001,sp,f,25-34,2,Smear Positive
Tonga,2001,sp,f,35-44,1,Smear Positive
Tonga,2001,sp,f,45-54,1,Smear Positive
Tonga,2001,sp,f,55-64,0,Smear Positive
Tonga,2001,sp,f,65+,0,Smear Positive
Tonga,2002,sp,m,15-24,1,Smear Positive
Tonga,2002,sp,m,45-54,4,Smear Positive
Tonga,2002,sp,m,65+,10,Smear Positive
Tonga,2002,sp,f,15-24,1,Smear Positive
Tonga,2002,sp,f,25-34,1,Smear Positive
Tonga,2002,sp,f,35-44,1,Smear Positive
Tonga,2002,sp,f,55-64,1,Smear Positive
Tonga,2002,sp,f,65+,4,Smear Positive
Tonga,2003,sp,m,0-14,0,Smear Positive
Tonga,2003,sp,m,15-24,1,Smear Positive
Tonga,2003,sp,m,25-34,1,Smear Positive
Tonga,2003,sp,m,35-44,1,Smear Positive
Tonga,2003,sp,m,45-54,1,Smear Positive
Tonga,2003,sp,m,55-64,0,Smear Positive
Tonga,2003,sp,m,65+,2,Smear Positive
Tonga,2003,sp,f,0-14,0,Smear Positive
Tonga,2003,sp,f,15-24,1,Smear Positive
Tonga,2003,sp,f,25-34,0,Smear Positive
Tonga,2003,sp,f,35-44,1,Smear Positive
Tonga,2003,sp,f,45-54,1,Smear Positive
Tonga,2003,sp,f,55-64,2,Smear Positive
Tonga,2003,sp,f,65+,0,Smear Positive
Tonga,2005,sp,m,0-14,0,Smear Positive
Tonga,2005,sp,m,15-24,2,Smear Positive
Tonga,2005,sp,m,25-34,1,Smear Positive
Tonga,2005,sp,m,35-44,0,Smear Positive
Tonga,2005,sp,m,45-54,2,Smear Positive
Tonga,2005,sp,m,55-64,1,Smear Positive
Tonga,2005,sp,m,65+,0,Smear Positive
Tonga,2005,sp,f,0-14,0,Smear Positive
Tonga,2005,sp,f,15-24,2,Smear Positive
Tonga,2005,sp,f,25-34,1,Smear Positive
Tonga,2005,sp,f,35-44,0,Smear Positive
Tonga,2005,sp,f,45-54,0,Smear Positive
Tonga,2005,sp,f,55-64,2,Smear Positive
Tonga,2005,sp,f,65+,0,Smear Positive
Tonga,2006,sp,m,0-14,0,Smear Positive
Tonga,2006,sp,m,15-24,1,Smear Positive
Tonga,2006,sp,m,25-34,0,Smear Positive
Tonga,2006,sp,m,35-44,0,Smear Positive
Tonga,2006,sp,m,45-54,1,Smear Positive
Tonga,2006,sp,m,55-64,2,Smear Positive
Tonga,2006,sp,m,65+,4,Smear Positive
Tonga,2006,sp,f,0-14,0,Smear Positive
Tonga,2006,sp,f,15-24,1,Smear Positive
Tonga,2006,sp,f,25-34,1,Smear Positive
Tonga,2006,sp,f,35-44,2,Smear Positive
Tonga,2006,sp,f,45-54,0,Smear Positive
Tonga,2006,sp,f,55-64,0,Smear Positive
Tonga,2006,sp,f,65+,2,Smear Positive
Tonga,2006,sn,m,0-14,1,Smear Negative
Tonga,2006,sn,m,15-24,0,Smear Negative
Tonga,2006,sn,m,25-34,0,Smear Negative
Tonga,2006,sn,m,35-44,0,Smear Negative
Tonga,2006,sn,m,45-54,0,Smear Negative
Tonga,2006,sn,m,55-64,0,Smear Negative
Tonga,2006,sn,m,65+,0,Smear Negative
Tonga,2006,sn,f,0-14,0,Smear Negative
Tonga,2006,sn,f,15-24,0,Smear Negative
Tonga,2006,sn,f,25-34,2,Smear Negative
Tonga,2006,sn,f,35-44,0,Smear Negative
Tonga,2006,sn,f,45-54,0,Smear Negative
Tonga,2006,sn,f,55-64,0,Smear Negative
Tonga,2006,sn,f,65+,0,Smear Negative
Tonga,2006,ep,m,0-14,0,Extrapulmonary
Tonga,2006,ep,m,15-24,0,Extrapulmonary
Tonga,2006,ep,m,25-34,0,Extrapulmonary
Tonga,2006,ep,m,35-44,0,Extrapulmonary
Tonga,2006,ep,m,45-54,1,Extrapulmonary
Tonga,2006,ep,m,55-64,0,Extrapulmonary
Tonga,2006,ep,m,65+,0,Extrapulmonary
Tonga,2006,ep,f,0-14,0,Extrapulmonary
Tonga,2006,ep,f,15-24,0,Extrapulmonary
Tonga,2006,ep,f,25-34,0,Extrapulmonary
Tonga,2006,ep,f,35-44,0,Extrapulmonary
Tonga,2006,ep,f,45-54,0,Extrapulmonary
Tonga,2006,ep,f,55-64,0,Extrapulmonary
Tonga,2006,ep,f,65+,0,Extrapulmonary
Tonga,2007,sp,m,0-14,0,Smear Positive
Tonga,2007,sp,m,15-24,2,Smear Positive
Tonga,2007,sp,m,25-34,1,Smear Positive
Tonga,2007,sp,m,35-44,0,Smear Positive
Tonga,2007,sp,m,45-54,0,Smear Positive
Tonga,2007,sp,m,55-64,1,Smear Positive
Tonga,2007,sp,m,65+,5,Smear Positive
Tonga,2007,sp,f,0-14,0,Smear Positive
Tonga,2007,sp,f,15-24,3,Smear Positive
Tonga,2007,sp,f,25-34,1,Smear Positive
Tonga,2007,sp,f,35-44,1,Smear Positive
Tonga,2007,sp,f,45-54,0,Smear Positive
Tonga,2007,sp,f,55-64,0,Smear Positive
Tonga,2007,sp,f,65+,0,Smear Positive
Tonga,2007,sn,m,0-14,1,Smear Negative
Tonga,2007,sn,m,15-24,0,Smear Negative
Tonga,2007,sn,m,25-34,1,Smear Negative
Tonga,2007,sn,m,35-44,1,Smear Negative
Tonga,2007,sn,m,45-54,0,Smear Negative
Tonga,2007,sn,m,55-64,0,Smear Negative
Tonga,2007,sn,m,65+,1,Smear Negative
Tonga,2007,sn,f,0-14,0,Smear Negative
Tonga,2007,sn,f,15-24,1,Smear Negative
Tonga,2007,sn,f,25-34,0,Smear Negative
Tonga,2007,sn,f,35-44,0,Smear Negative
Tonga,2007,sn,f,45-54,0,Smear Negative
Tonga,2007,sn,f,55-64,0,Smear Negative
Tonga,2007,sn,f,65+,0,Smear Negative
Tonga,2007,ep,m,0-14,0,Extrapulmonary
Tonga,2007,ep,m,15-24,1,Extrapulmonary
Tonga,2007,ep,m,25-34,2,Extrapulmonary
Tonga,2007,ep,m,35-44,0,Extrapulmonary
Tonga,2007,ep,m,45-54,0,Extrapulmonary
Tonga,2007,ep,m,55-64,1,Extrapulmonary
Tonga,2007,ep,m,65+,0,Extrapulmonary
Tonga,2007,ep,f,0-14,0,Extrapulmonary
Tonga,2007,ep,f,15-24,0,Extrapulmonary
Tonga,2007,ep,f,25-34,0,Extrapulmonary
Tonga,2007,ep,f,35-44,0,Extrapulmonary
Tonga,2007,ep,f,45-54,0,Extrapulmonary
Tonga,2007,ep,f,55-64,0,Extrapulmonary
Tonga,2007,ep,f,65+,0,Extrapulmonary
Tonga,2008,sp,m,0-14,0,Smear Positive
Tonga,2008,sp,m,15-24,2,Smear Positive
Tonga,2008,sp,m,25-34,0,Smear Positive
Tonga,2008,sp,m,35-44,2,Smear Positive
Tonga,2008,sp,m,45-54,2,Smear Positive
Tonga,2008,sp,m,55-64,1,Smear Positive
Tonga,2008,sp,m,65+,1,Smear Positive
Tonga,2008,sp,f,0-14,0,Smear Positive
Tonga,2008,sp,f,15-24,0,Smear Positive
Tonga,2008,sp,f,25-34,0,Smear Positive
Tonga,2008,sp,f,35-44,0,Smear Positive
Tonga,2008,sp,f,45-54,1,Smear Positive
Tonga,2008,sp,f,55-64,2,Smear Positive
Tonga,2008,sp,f,65+,0,Smear Positive
Tonga,2008,sn,m,0-14,0,Smear Negative
Tonga,2008,sn,m,15-24,0,Smear Negative
Tonga,2008,sn,m,25-34,0,Smear Negative
Tonga,2008,sn,m,35-44,0,Smear Negative
Tonga,2008,sn,m,45-54,0,Smear Negative
Tonga,2008,sn,m,55-64,0,Smear Negative
Tonga,2008,sn,m,65+,0,Smear Negative
Tonga,2008,sn,f,0-14,0,Smear Negative
Tonga,2008,sn,f,15-24,0,Smear Negative
Tonga,2008,sn,f,25-34,0,Smear Negative
Tonga,2008,sn,f,35-44,0,Smear Negative
Tonga,2008,sn,f,45-54,0,Smear Negative
Tonga,2008,sn,f,55-64,0,Smear Negative
Tonga,2008,sn,f,65+,0,Smear Negative
Tonga,2008,ep,m,0-14,0,Extrapulmonary
Tonga,2008,ep,m,15-24,1,Extrapulmonary
Tonga,2008,ep,m,25-34,0,Extrapulmonary
Tonga,2008,ep,m,35-44,0,Extrapulmonary
Tonga,2008,ep,m,45-54,0,Extrapulmonary
Tonga,2008,ep,m,55-64,0,Extrapulmonary
Tonga,2008,ep,m,65+,0,Extrapulmonary
Tonga,2008,ep,f,0-14,0,Extrapulmonary
Tonga,2008,ep,f,15-24,0,Extrapulmonary
Tonga,2008,ep,f,25-34,0,Extrapulmonary
Tonga,2008,ep,f,35-44,0,Extrapulmonary
Tonga,2008,ep,f,45-54,0,Extrapulmonary
Tonga,2008,ep,f,55-64,0,Extrapulmonary
Tonga,2008,ep,f,65+,1,Extrapulmonary
Tonga,2009,sp,m,0-14,0,Smear Positive
Tonga,2009,sp,m,15-24,0,Smear Positive
Tonga,2009,sp,m,25-34,0,Smear Positive
Tonga,2009,sp,m,35-44,1,Smear Positive
Tonga,2009,sp,m,45-54,1,Smear Positive
Tonga,2009,sp,m,55-64,0,Smear Positive
Tonga,2009,sp,m,65+,0,Smear Positive
Tonga,2009,sp,f,0-14,0,Smear Positive
Tonga,2009,sp,f,15-24,0,Smear Positive
Tonga,2009,sp,f,25-34,1,Smear Positive
Tonga,2009,sp,f,35-44,0,Smear Positive
Tonga,2009,sp,f,45-54,0,Smear Positive
Tonga,2009,sp,f,55-64,2,Smear Positive
Tonga,2009,sp,f,65+,1,Smear Positive
Tonga,2009,sn,m,0-14,0,Smear Negative
Tonga,2009,sn,m,15-24,0,Smear Negative
Tonga,2009,sn,m,25-34,0,Smear Negative
Tonga,2009,sn,m,35-44,0,Smear Negative
Tonga,2009,sn,m,45-54,0,Smear Negative
Tonga,2009,sn,m,55-64,0,Smear Negative
Tonga,2009,sn,m,65+,0,Smear Negative
Tonga,2009,sn,f,0-14,0,Smear Negative
Tonga,2009,sn,f,15-24,0,Smear Negative
Tonga,2009,sn,f,25-34,0,Smear Negative
Tonga,2009,sn,f,35-44,0,Smear Negative
Tonga,2009,sn,f,45-54,0,Smear Negative
Tonga,2009,sn,f,55-64,0,Smear Negative
Tonga,2009,sn,f,65+,1,Smear Negative
Tonga,2009,ep,m,0-14,0,Extrapulmonary
Tonga,2009,ep,m,15-24,0,Extrapulmonary
Tonga,2009,ep,m,25-34,1,Extrapulmonary
Tonga,2009,ep,m,35-44,0,Extrapulmonary
Tonga,2009,ep,m,45-54,0,Extrapulmonary
Tonga,2009,ep,m,55-64,0,Extrapulmonary
Tonga,2009,ep,m,65+,0,Extrapulmonary
Tonga,2009,ep,f,0-14,0,Extrapulmonary
Tonga,2009,ep,f,15-24,0,Extrapulmonary
Tonga,2009,ep,f,25-34,0,Extrapulmonary
Tonga,2009,ep,f,35-44,0,Extrapulmonary
Tonga,2009,ep,f,45-54,0,Extrapulmonary
Tonga,2009,ep,f,55-64,0,Extrapulmonary
Tonga,2009,ep,f,65+,0,Extrapulmonary
Tonga,2010,sp,m,0-14,0,Smear Positive
Tonga,2010,sp,m,15-24,0,Smear Positive
Tonga,2010,sp,m,25-34,0,Smear Positive
Tonga,2010,sp,m,35-44,1,Smear Positive
Tonga,2010,sp,m,45-54,0,Smear Positive
Tonga,2010,sp,m,55-64,1,Smear Positive
Tonga,2010,sp,m,65+,3,Smear Positive
Tonga,2010,sp,f,0-14,0,Smear Positive
Tonga,2010,sp,f,15-24,0,Smear Positive
Tonga,2010,sp,f,25-34,0,Smear Positive
Tonga,2010,sp,f,35-44,0,Smear Positive
Tonga,2010,sp,f,45-54,1,Smear Positive
Tonga,2010,sp,f,55-64,0,Smear Positive
Tonga,2010,sp,f,65+,0,Smear Positive
Tonga,2010,sn,m,0-14,1,Smear Negative
Tonga,2010,sn,m,15-24,0,Smear Negative
Tonga,2010,sn,m,25-34,0,Smear Negative
Tonga,2010,sn,m,35-44,0,Smear Negative
Tonga,2010,sn,m,45-54,0,Smear Negative
Tonga,2010,sn,m,55-64,0,Smear Negative
Tonga,2010,sn,m,65+,0,Smear Negative
Tonga,2010,sn,f,0-14,1,Smear Negative
Tonga,2010,sn,f,15-24,1,Smear Negative
Tonga,2010,sn,f,25-34,0,Smear Negative
Tonga,2010,sn,f,35-44,0,Smear Negative
Tonga,2010,sn,f,45-54,0,Smear Negative
Tonga,2010,sn,f,55-64,0,Smear Negative
Tonga,2010,sn,f,65+,0,Smear Negative
Tonga,2010,ep,m,0-14,0,Extrapulmonary
Tonga,2010,ep,m,15-24,0,Extrapulmonary
Tonga,2010,ep,m,25-34,0,Extrapulmonary
Tonga,2010,ep,m,35-44,0,Extrapulmonary
Tonga,2010,ep,m,45-54,1,Extrapulmonary
Tonga,2010,ep,m,55-64,0,Extrapulmonary
Tonga,2010,ep,m,65+,0,Extrapulmonary
Tonga,2010,ep,f,0-14,1,Extrapulmonary
Tonga,2010,ep,f,15-24,0,Extrapulmonary
Tonga,2010,ep,f,25-34,0,Extrapulmonary
Tonga,2010,ep,f,35-44,0,Extrapulmonary
Tonga,2010,ep,f,45-54,0,Extrapulmonary
Tonga,2010,ep,f,55-64,0,Extrapulmonary
Tonga,2010,ep,f,65+,0,Extrapulmonary
Tonga,2011,sp,m,0-14,0,Smear Positive
Tonga,2011,sp,m,15-24,0,Smear Positive
Tonga,2011,sp,m,25-34,1,Smear Positive
Tonga,2011,sp,m,35-44,0,Smear Positive
Tonga,2011,sp,m,45-54,0,Smear Positive
Tonga,2011,sp,m,55-64,0,Smear Positive
Tonga,2011,sp,m,65+,1,Smear Positive
Tonga,2011,sp,f,0-14,2,Smear Positive
Tonga,2011,sp,f,15-24,0,Smear Positive
Tonga,2011,sp,f,25-34,1,Smear Positive
Tonga,2011,sp,f,35-44,1,Smear Positive
Tonga,2011,sp,f,45-54,0,Smear Positive
Tonga,2011,sp,f,55-64,0,Smear Positive
Tonga,2011,sp,f,65+,0,Smear Positive
Tonga,2011,sn,m,0-14,0,Smear Negative
Tonga,2011,sn,m,15-24,0,Smear Negative
Tonga,2011,sn,m,25-34,2,Smear Negative
Tonga,2011,sn,m,35-44,0,Smear Negative
Tonga,2011,sn,m,45-54,0,Smear Negative
Tonga,2011,sn,m,55-64,1,Smear Negative
Tonga,2011,sn,m,65+,0,Smear Negative
Tonga,2011,sn,f,0-14,0,Smear Negative
Tonga,2011,sn,f,15-24,0,Smear Negative
Tonga,2011,sn,f,25-34,0,Smear Negative
Tonga,2011,sn,f,35-44,0,Smear Negative
Tonga,2011,sn,f,45-54,0,Smear Negative
Tonga,2011,sn,f,55-64,0,Smear Negative
Tonga,2011,sn,f,65+,0,Smear Negative
Tonga,2011,ep,m,0-14,0,Extrapulmonary
Tonga,2011,ep,m,15-24,0,Extrapulmonary
Tonga,2011,ep,m,25-34,0,Extrapulmonary
Tonga,2011,ep,m,35-44,0,Extrapulmonary
Tonga,2011,ep,m,45-54,0,Extrapulmonary
Tonga,2011,ep,m,55-64,0,Extrapulmonary
Tonga,2011,ep,m,65+,0,Extrapulmonary
Tonga,2011,ep,f,0-14,0,Extrapulmonary
Tonga,2011,ep,f,15-24,0,Extrapulmonary
Tonga,2011,ep,f,25-34,0,Extrapulmonary
Tonga,2011,ep,f,35-44,0,Extrapulmonary
Tonga,2011,ep,f,45-54,0,Extrapulmonary
Tonga,2011,ep,f,55-64,0,Extrapulmonary
Tonga,2011,ep,f,65+,0,Extrapulmonary
Tonga,2012,sp,m,0-14,0,Smear Positive
Tonga,2012,sp,m,15-24,0,Smear Positive
Tonga,2012,sp,m,25-34,0,Smear Positive
Tonga,2012,sp,m,35-44,0,Smear Positive
Tonga,2012,sp,m,45-54,2,Smear Positive
Tonga,2012,sp,m,55-64,0,Smear Positive
Tonga,2012,sp,m,65+,2,Smear Positive
Tonga,2012,sp,f,0-14,0,Smear Positive
Tonga,2012,sp,f,15-24,2,Smear Positive
Tonga,2012,sp,f,25-34,0,Smear Positive
Tonga,2012,sp,f,35-44,0,Smear Positive
Tonga,2012,sp,f,45-54,1,Smear Positive
Tonga,2012,sp,f,55-64,1,Smear Positive
Tonga,2012,sp,f,65+,1,Smear Positive
Tonga,2012,sn,m,0-14,0,Smear Negative
Tonga,2012,sn,m,15-24,0,Smear Negative
Tonga,2012,sn,m,25-34,0,Smear Negative
Tonga,2012,sn,m,35-44,1,Smear Negative
Tonga,2012,sn,m,45-54,0,Smear Negative
Tonga,2012,sn,m,55-64,0,Smear Negative
Tonga,2012,sn,m,65+,0,Smear Negative
Tonga,2012,sn,f,0-14,0,Smear Negative
Tonga,2012,sn,f,15-24,0,Smear Negative
Tonga,2012,sn,f,25-34,0,Smear Negative
Tonga,2012,sn,f,35-44,0,Smear Negative
Tonga,2012,sn,f,45-54,0,Smear Negative
Tonga,2012,sn,f,55-64,0,Smear Negative
Tonga,2012,sn,f,65+,0,Smear Negative
Tonga,2012,ep,m,0-14,0,Extrapulmonary
Tonga,2012,ep,m,15-24,0,Extrapulmonary
Tonga,2012,ep,m,25-34,0,Extrapulmonary
Tonga,2012,ep,m,35-44,0,Extrapulmonary
Tonga,2012,ep,m,45-54,0,Extrapulmonary
Tonga,2012,ep,m,55-64,0,Extrapulmonary
Tonga,2012,ep,m,65+,0,Extrapulmonary
Tonga,2012,ep,f,0-14,0,Extrapulmonary
Tonga,2012,ep,f,15-24,0,Extrapulmonary
Tonga,2012,ep,f,25-34,0,Extrapulmonary
Tonga,2012,ep,f,35-44,0,Extrapulmonary
Tonga,2012,ep,f,45-54,1,Extrapulmonary
Tonga,2012,ep,f,55-64,0,Extrapulmonary
Tonga,2012,ep,f,65+,0,Extrapulmonary
Tonga,2013,rel,m,0-14,0,Relapse
Tonga,2013,rel,m,15-24,0,Relapse
Tonga,2013,rel,m,25-34,0,Relapse
Tonga,2013,rel,m,35-44,2,Relapse
Tonga,2013,rel,m,45-54,0,Relapse
Tonga,2013,rel,m,55-64,0,Relapse
Tonga,2013,rel,m,65+,1,Relapse
Tonga,2013,rel,f,0-14,1,Relapse
Tonga,2013,rel,f,15-24,0,Relapse
Tonga,2013,rel,f,25-34,0,Relapse
Tonga,2013,rel,f,35-44,0,Relapse
Tonga,2013,rel,f,45-54,3,Relapse
Tonga,2013,rel,f,55-64,1,Relapse
Tonga,2013,rel,f,65+,2,Relapse
Trinidad and Tobago,1995,sp,m,0-14,2,Smear Positive
Trinidad and Tobago,1995,sp,m,15-24,6,Smear Positive
Trinidad and Tobago,1995,sp,m,25-34,15,Smear Positive
Trinidad and Tobago,1995,sp,m,35-44,10,Smear Positive
Trinidad and Tobago,1995,sp,m,45-54,12,Smear Positive
Trinidad and Tobago,1995,sp,m,55-64,7,Smear Positive
Trinidad and Tobago,1995,sp,m,65+,4,Smear Positive
Trinidad and Tobago,1995,sp,f,0-14,0,Smear Positive
Trinidad and Tobago,1995,sp,f,15-24,6,Smear Positive
Trinidad and Tobago,1995,sp,f,25-34,4,Smear Positive
Trinidad and Tobago,1995,sp,f,35-44,2,Smear Positive
Trinidad and Tobago,1995,sp,f,45-54,5,Smear Positive
Trinidad and Tobago,1995,sp,f,55-64,3,Smear Positive
Trinidad and Tobago,1995,sp,f,65+,0,Smear Positive
Trinidad and Tobago,1996,sp,m,0-14,0,Smear Positive
Trinidad and Tobago,1996,sp,m,15-24,4,Smear Positive
Trinidad and Tobago,1996,sp,m,25-34,7,Smear Positive
Trinidad and Tobago,1996,sp,m,35-44,9,Smear Positive
Trinidad and Tobago,1996,sp,m,45-54,9,Smear Positive
Trinidad and Tobago,1996,sp,m,55-64,6,Smear Positive
Trinidad and Tobago,1996,sp,m,65+,6,Smear Positive
Trinidad and Tobago,1996,sp,f,0-14,0,Smear Positive
Trinidad and Tobago,1996,sp,f,15-24,5,Smear Positive
Trinidad and Tobago,1996,sp,f,25-34,5,Smear Positive
Trinidad and Tobago,1996,sp,f,35-44,5,Smear Positive
Trinidad and Tobago,1996,sp,f,45-54,1,Smear Positive
Trinidad and Tobago,1996,sp,f,55-64,1,Smear Positive
Trinidad and Tobago,1996,sp,f,65+,1,Smear Positive
Trinidad and Tobago,1998,sp,m,0-14,0,Smear Positive
Trinidad and Tobago,1998,sp,m,15-24,9,Smear Positive
Trinidad and Tobago,1998,sp,m,25-34,12,Smear Positive
Trinidad and Tobago,1998,sp,m,35-44,21,Smear Positive
Trinidad and Tobago,1998,sp,m,45-54,14,Smear Positive
Trinidad and Tobago,1998,sp,m,55-64,9,Smear Positive
Trinidad and Tobago,1998,sp,m,65+,8,Smear Positive
Trinidad and Tobago,1998,sp,f,0-14,1,Smear Positive
Trinidad and Tobago,1998,sp,f,15-24,5,Smear Positive
Trinidad and Tobago,1998,sp,f,25-34,3,Smear Positive
Trinidad and Tobago,1998,sp,f,35-44,5,Smear Positive
Trinidad and Tobago,1998,sp,f,45-54,2,Smear Positive
Trinidad and Tobago,1998,sp,f,55-64,5,Smear Positive
Trinidad and Tobago,1998,sp,f,65+,4,Smear Positive
Trinidad and Tobago,1999,sp,m,0-14,0,Smear Positive
Trinidad and Tobago,1999,sp,m,15-24,11,Smear Positive
Trinidad and Tobago,1999,sp,m,25-34,18,Smear Positive
Trinidad and Tobago,1999,sp,m,35-44,13,Smear Positive
Trinidad and Tobago,1999,sp,m,45-54,8,Smear Positive
Trinidad and Tobago,1999,sp,m,55-64,5,Smear Positive
Trinidad and Tobago,1999,sp,m,65+,6,Smear Positive
Trinidad and Tobago,1999,sp,f,0-14,0,Smear Positive
Trinidad and Tobago,1999,sp,f,15-24,4,Smear Positive
Trinidad and Tobago,1999,sp,f,25-34,6,Smear Positive
Trinidad and Tobago,1999,sp,f,35-44,7,Smear Positive
Trinidad and Tobago,1999,sp,f,45-54,3,Smear Positive
Trinidad and Tobago,1999,sp,f,55-64,4,Smear Positive
Trinidad and Tobago,1999,sp,f,65+,1,Smear Positive
Trinidad and Tobago,2000,sp,m,0-14,0,Smear Positive
Trinidad and Tobago,2000,sp,m,15-24,7,Smear Positive
Trinidad and Tobago,2000,sp,m,25-34,18,Smear Positive
Trinidad and Tobago,2000,sp,m,35-44,27,Smear Positive
Trinidad and Tobago,2000,sp,m,45-54,17,Smear Positive
Trinidad and Tobago,2000,sp,m,55-64,7,Smear Positive
Trinidad and Tobago,2000,sp,m,65+,7,Smear Positive
Trinidad and Tobago,2000,sp,f,0-14,0,Smear Positive
Trinidad and Tobago,2000,sp,f,15-24,5,Smear Positive
Trinidad and Tobago,2000,sp,f,25-34,7,Smear Positive
Trinidad and Tobago,2000,sp,f,35-44,9,Smear Positive
Trinidad and Tobago,2000,sp,f,45-54,5,Smear Positive
Trinidad and Tobago,2000,sp,f,55-64,2,Smear Positive
Trinidad and Tobago,2000,sp,f,65+,4,Smear Positive
Trinidad and Tobago,2001,sp,m,0-14,5,Smear Positive
Trinidad and Tobago,2001,sp,m,15-24,10,Smear Positive
Trinidad and Tobago,2001,sp,m,25-34,21,Smear Positive
Trinidad and Tobago,2001,sp,m,35-44,36,Smear Positive
Trinidad and Tobago,2001,sp,m,45-54,24,Smear Positive
Trinidad and Tobago,2001,sp,m,55-64,17,Smear Positive
Trinidad and Tobago,2001,sp,m,65+,18,Smear Positive
Trinidad and Tobago,2001,sp,f,0-14,5,Smear Positive
Trinidad and Tobago,2001,sp,f,15-24,10,Smear Positive
Trinidad and Tobago,2001,sp,f,25-34,11,Smear Positive
Trinidad and Tobago,2001,sp,f,35-44,15,Smear Positive
Trinidad and Tobago,2001,sp,f,45-54,9,Smear Positive
Trinidad and Tobago,2001,sp,f,55-64,9,Smear Positive
Trinidad and Tobago,2001,sp,f,65+,8,Smear Positive
Trinidad and Tobago,2002,sp,m,0-14,0,Smear Positive
Trinidad and Tobago,2002,sp,m,15-24,8,Smear Positive
Trinidad and Tobago,2002,sp,m,25-34,13,Smear Positive
Trinidad and Tobago,2002,sp,m,35-44,20,Smear Positive
Trinidad and Tobago,2002,sp,m,45-54,12,Smear Positive
Trinidad and Tobago,2002,sp,m,55-64,12,Smear Positive
Trinidad and Tobago,2002,sp,m,65+,3,Smear Positive
Trinidad and Tobago,2002,sp,f,0-14,0,Smear Positive
Trinidad and Tobago,2002,sp,f,15-24,4,Smear Positive
Trinidad and Tobago,2002,sp,f,25-34,11,Smear Positive
Trinidad and Tobago,2002,sp,f,35-44,3,Smear Positive
Trinidad and Tobago,2002,sp,f,45-54,2,Smear Positive
Trinidad and Tobago,2002,sp,f,55-64,0,Smear Positive
Trinidad and Tobago,2002,sp,f,65+,7,Smear Positive
Trinidad and Tobago,2003,sp,m,0-14,0,Smear Positive
Trinidad and Tobago,2003,sp,m,15-24,9,Smear Positive
Trinidad and Tobago,2003,sp,m,25-34,13,Smear Positive
Trinidad and Tobago,2003,sp,m,35-44,10,Smear Positive
Trinidad and Tobago,2003,sp,m,45-54,13,Smear Positive
Trinidad and Tobago,2003,sp,m,55-64,10,Smear Positive
Trinidad and Tobago,2003,sp,m,65+,6,Smear Positive
Trinidad and Tobago,2003,sp,f,0-14,1,Smear Positive
Trinidad and Tobago,2003,sp,f,15-24,2,Smear Positive
Trinidad and Tobago,2003,sp,f,25-34,2,Smear Positive
Trinidad and Tobago,2003,sp,f,35-44,0,Smear Positive
Trinidad and Tobago,2003,sp,f,45-54,8,Smear Positive
Trinidad and Tobago,2003,sp,f,55-64,1,Smear Positive
Trinidad and Tobago,2003,sp,f,65+,2,Smear Positive
Trinidad and Tobago,2004,sp,m,15-24,3,Smear Positive
Trinidad and Tobago,2004,sp,m,25-34,10,Smear Positive
Trinidad and Tobago,2004,sp,m,35-44,24,Smear Positive
Trinidad and Tobago,2004,sp,m,45-54,7,Smear Positive
Trinidad and Tobago,2004,sp,m,55-64,10,Smear Positive
Trinidad and Tobago,2004,sp,m,65+,7,Smear Positive
Trinidad and Tobago,2004,sp,f,0-14,2,Smear Positive
Trinidad and Tobago,2004,sp,f,15-24,3,Smear Positive
Trinidad and Tobago,2004,sp,f,25-34,8,Smear Positive
Trinidad and Tobago,2004,sp,f,35-44,1,Smear Positive
Trinidad and Tobago,2004,sp,f,45-54,5,Smear Positive
Trinidad and Tobago,2004,sp,f,55-64,1,Smear Positive
Trinidad and Tobago,2005,sp,m,0-14,0,Smear Positive
Trinidad and Tobago,2005,sp,m,15-24,10,Smear Positive
Trinidad and Tobago,2005,sp,m,25-34,11,Smear Positive
Trinidad and Tobago,2005,sp,m,35-44,13,Smear Positive
Trinidad and Tobago,2005,sp,m,45-54,21,Smear Positive
Trinidad and Tobago,2005,sp,m,55-64,10,Smear Positive
Trinidad and Tobago,2005,sp,m,65+,3,Smear Positive
Trinidad and Tobago,2005,sp,f,0-14,0,Smear Positive
Trinidad and Tobago,2005,sp,f,15-24,4,Smear Positive
Trinidad and Tobago,2005,sp,f,25-34,9,Smear Positive
Trinidad and Tobago,2005,sp,f,35-44,3,Smear Positive
Trinidad and Tobago,2005,sp,f,45-54,5,Smear Positive
Trinidad and Tobago,2005,sp,f,55-64,4,Smear Positive
Trinidad and Tobago,2005,sp,f,65+,3,Smear Positive
Trinidad and Tobago,2006,sp,m,0-14,2,Smear Positive
Trinidad and Tobago,2006,sp,m,15-24,7,Smear Positive
Trinidad and Tobago,2006,sp,m,25-34,27,Smear Positive
Trinidad and Tobago,2006,sp,m,35-44,23,Smear Positive
Trinidad and Tobago,2006,sp,m,45-54,20,Smear Positive
Trinidad and Tobago,2006,sp,m,55-64,16,Smear Positive
Trinidad and Tobago,2006,sp,m,65+,12,Smear Positive
Trinidad and Tobago,2006,sp,f,0-14,1,Smear Positive
Trinidad and Tobago,2006,sp,f,15-24,3,Smear Positive
Trinidad and Tobago,2006,sp,f,25-34,10,Smear Positive
Trinidad and Tobago,2006,sp,f,35-44,5,Smear Positive
Trinidad and Tobago,2006,sp,f,45-54,4,Smear Positive
Trinidad and Tobago,2006,sp,f,55-64,8,Smear Positive
Trinidad and Tobago,2006,sp,f,65+,23,Smear Positive
Trinidad and Tobago,2006,sn,m,0-14,3,Smear Negative
Trinidad and Tobago,2006,sn,m,15-24,2,Smear Negative
Trinidad and Tobago,2006,sn,m,25-34,10,Smear Negative
Trinidad and Tobago,2006,sn,m,35-44,11,Smear Negative
Trinidad and Tobago,2006,sn,m,45-54,14,Smear Negative
Trinidad and Tobago,2006,sn,m,55-64,8,Smear Negative
Trinidad and Tobago,2006,sn,m,65+,1,Smear Negative
Trinidad and Tobago,2006,sn,f,0-14,3,Smear Negative
Trinidad and Tobago,2006,sn,f,15-24,1,Smear Negative
Trinidad and Tobago,2006,sn,f,25-34,1,Smear Negative
Trinidad and Tobago,2006,sn,f,35-44,3,Smear Negative
Trinidad and Tobago,2006,sn,f,45-54,2,Smear Negative
Trinidad and Tobago,2006,sn,f,65+,1,Smear Negative
Trinidad and Tobago,2006,ep,m,25-34,3,Extrapulmonary
Trinidad and Tobago,2006,ep,m,35-44,5,Extrapulmonary
Trinidad and Tobago,2006,ep,m,45-54,3,Extrapulmonary
Trinidad and Tobago,2006,ep,m,65+,2,Extrapulmonary
Trinidad and Tobago,2006,ep,f,25-34,3,Extrapulmonary
Trinidad and Tobago,2006,ep,f,35-44,1,Extrapulmonary
Trinidad and Tobago,2007,sp,m,0-14,1,Smear Positive
Trinidad and Tobago,2007,sp,m,15-24,10,Smear Positive
Trinidad and Tobago,2007,sp,m,25-34,16,Smear Positive
Trinidad and Tobago,2007,sp,m,35-44,21,Smear Positive
Trinidad and Tobago,2007,sp,m,45-54,28,Smear Positive
Trinidad and Tobago,2007,sp,m,55-64,18,Smear Positive
Trinidad and Tobago,2007,sp,m,65+,5,Smear Positive
Trinidad and Tobago,2007,sp,f,0-14,0,Smear Positive
Trinidad and Tobago,2007,sp,f,15-24,5,Smear Positive
Trinidad and Tobago,2007,sp,f,25-34,7,Smear Positive
Trinidad and Tobago,2007,sp,f,35-44,7,Smear Positive
Trinidad and Tobago,2007,sp,f,45-54,4,Smear Positive
Trinidad and Tobago,2007,sp,f,55-64,3,Smear Positive
Trinidad and Tobago,2007,sp,f,65+,5,Smear Positive
Trinidad and Tobago,2007,sn,m,0-14,2,Smear Negative
Trinidad and Tobago,2007,sn,m,15-24,2,Smear Negative
Trinidad and Tobago,2007,sn,m,25-34,2,Smear Negative
Trinidad and Tobago,2007,sn,m,35-44,9,Smear Negative
Trinidad and Tobago,2007,sn,m,45-54,10,Smear Negative
Trinidad and Tobago,2007,sn,m,55-64,9,Smear Negative
Trinidad and Tobago,2007,sn,m,65+,9,Smear Negative
Trinidad and Tobago,2007,sn,f,0-14,3,Smear Negative
Trinidad and Tobago,2007,sn,f,15-24,2,Smear Negative
Trinidad and Tobago,2007,sn,f,25-34,1,Smear Negative
Trinidad and Tobago,2007,sn,f,35-44,1,Smear Negative
Trinidad and Tobago,2007,sn,f,45-54,2,Smear Negative
Trinidad and Tobago,2007,sn,f,55-64,1,Smear Negative
Trinidad and Tobago,2007,sn,f,65+,1,Smear Negative
Trinidad and Tobago,2007,ep,m,0-14,1,Extrapulmonary
Trinidad and Tobago,2007,ep,m,15-24,2,Extrapulmonary
Trinidad and Tobago,2007,ep,m,25-34,2,Extrapulmonary
Trinidad and Tobago,2007,ep,m,35-44,4,Extrapulmonary
Trinidad and Tobago,2007,ep,m,45-54,2,Extrapulmonary
Trinidad and Tobago,2007,ep,m,55-64,3,Extrapulmonary
Trinidad and Tobago,2007,ep,m,65+,0,Extrapulmonary
Trinidad and Tobago,2007,ep,f,0-14,0,Extrapulmonary
Trinidad and Tobago,2007,ep,f,15-24,0,Extrapulmonary
Trinidad and Tobago,2007,ep,f,25-34,0,Extrapulmonary
Trinidad and Tobago,2007,ep,f,35-44,2,Extrapulmonary
Trinidad and Tobago,2007,ep,f,45-54,2,Extrapulmonary
Trinidad and Tobago,2007,ep,f,55-64,1,Extrapulmonary
Trinidad and Tobago,2007,ep,f,65+,0,Extrapulmonary
Trinidad and Tobago,2008,sp,m,0-14,2,Smear Positive
Trinidad and Tobago,2008,sp,m,15-24,9,Smear Positive
Trinidad and Tobago,2008,sp,m,25-34,15,Smear Positive
Trinidad and Tobago,2008,sp,m,35-44,19,Smear Positive
Trinidad and Tobago,2008,sp,m,45-54,34,Smear Positive
Trinidad and Tobago,2008,sp,m,55-64,29,Smear Positive
Trinidad and Tobago,2008,sp,m,65+,14,Smear Positive
Trinidad and Tobago,2008,sp,f,0-14,1,Smear Positive
Trinidad and Tobago,2008,sp,f,15-24,11,Smear Positive
Trinidad and Tobago,2008,sp,f,25-34,12,Smear Positive
Trinidad and Tobago,2008,sp,f,35-44,4,Smear Positive
Trinidad and Tobago,2008,sp,f,45-54,8,Smear Positive
Trinidad and Tobago,2008,sp,f,55-64,4,Smear Positive
Trinidad and Tobago,2008,sp,f,65+,7,Smear Positive
Trinidad and Tobago,2008,sn,m,0-14,9,Smear Negative
Trinidad and Tobago,2008,sn,m,15-24,4,Smear Negative
Trinidad and Tobago,2008,sn,m,25-34,13,Smear Negative
Trinidad and Tobago,2008,sn,m,35-44,7,Smear Negative
Trinidad and Tobago,2008,sn,m,45-54,14,Smear Negative
Trinidad and Tobago,2008,sn,m,55-64,12,Smear Negative
Trinidad and Tobago,2008,sn,m,65+,15,Smear Negative
Trinidad and Tobago,2008,sn,f,0-14,1,Smear Negative
Trinidad and Tobago,2008,sn,f,15-24,5,Smear Negative
Trinidad and Tobago,2008,sn,f,25-34,6,Smear Negative
Trinidad and Tobago,2008,sn,f,35-44,2,Smear Negative
Trinidad and Tobago,2008,sn,f,45-54,5,Smear Negative
Trinidad and Tobago,2008,sn,f,55-64,3,Smear Negative
Trinidad and Tobago,2008,sn,f,65+,1,Smear Negative
Trinidad and Tobago,2008,ep,m,0-14,0,Extrapulmonary
Trinidad and Tobago,2008,ep,m,15-24,0,Extrapulmonary
Trinidad and Tobago,2008,ep,m,25-34,0,Extrapulmonary
Trinidad and Tobago,2008,ep,m,35-44,4,Extrapulmonary
Trinidad and Tobago,2008,ep,m,45-54,2,Extrapulmonary
Trinidad and Tobago,2008,ep,m,55-64,0,Extrapulmonary
Trinidad and Tobago,2008,ep,m,65+,1,Extrapulmonary
Trinidad and Tobago,2008,ep,f,0-14,0,Extrapulmonary
Trinidad and Tobago,2008,ep,f,15-24,0,Extrapulmonary
Trinidad and Tobago,2008,ep,f,25-34,1,Extrapulmonary
Trinidad and Tobago,2008,ep,f,35-44,0,Extrapulmonary
Trinidad and Tobago,2008,ep,f,45-54,1,Extrapulmonary
Trinidad and Tobago,2008,ep,f,55-64,0,Extrapulmonary
Trinidad and Tobago,2008,ep,f,65+,0,Extrapulmonary
Trinidad and Tobago,2009,sp,m,0-14,2,Smear Positive
Trinidad and Tobago,2009,sp,m,15-24,6,Smear Positive
Trinidad and Tobago,2009,sp,m,25-34,18,Smear Positive
Trinidad and Tobago,2009,sp,m,35-44,26,Smear Positive
Trinidad and Tobago,2009,sp,m,45-54,20,Smear Positive
Trinidad and Tobago,2009,sp,m,55-64,25,Smear Positive
Trinidad and Tobago,2009,sp,m,65+,13,Smear Positive
Trinidad and Tobago,2009,sp,f,0-14,2,Smear Positive
Trinidad and Tobago,2009,sp,f,15-24,4,Smear Positive
Trinidad and Tobago,2009,sp,f,25-34,11,Smear Positive
Trinidad and Tobago,2009,sp,f,35-44,9,Smear Positive
Trinidad and Tobago,2009,sp,f,45-54,9,Smear Positive
Trinidad and Tobago,2009,sp,f,55-64,4,Smear Positive
Trinidad and Tobago,2009,sp,f,65+,5,Smear Positive
Trinidad and Tobago,2009,sn,m,0-14,3,Smear Negative
Trinidad and Tobago,2009,sn,m,15-24,3,Smear Negative
Trinidad and Tobago,2009,sn,m,25-34,6,Smear Negative
Trinidad and Tobago,2009,sn,m,35-44,10,Smear Negative
Trinidad and Tobago,2009,sn,m,45-54,21,Smear Negative
Trinidad and Tobago,2009,sn,m,55-64,7,Smear Negative
Trinidad and Tobago,2009,sn,m,65+,14,Smear Negative
Trinidad and Tobago,2009,sn,f,0-14,7,Smear Negative
Trinidad and Tobago,2009,sn,f,15-24,5,Smear Negative
Trinidad and Tobago,2009,sn,f,25-34,2,Smear Negative
Trinidad and Tobago,2009,sn,f,35-44,4,Smear Negative
Trinidad and Tobago,2009,sn,f,45-54,4,Smear Negative
Trinidad and Tobago,2009,sn,f,55-64,2,Smear Negative
Trinidad and Tobago,2009,sn,f,65+,3,Smear Negative
Trinidad and Tobago,2009,ep,m,0-14,1,Extrapulmonary
Trinidad and Tobago,2009,ep,m,15-24,0,Extrapulmonary
Trinidad and Tobago,2009,ep,m,25-34,2,Extrapulmonary
Trinidad and Tobago,2009,ep,m,35-44,1,Extrapulmonary
Trinidad and Tobago,2009,ep,m,45-54,7,Extrapulmonary
Trinidad and Tobago,2009,ep,m,55-64,2,Extrapulmonary
Trinidad and Tobago,2009,ep,m,65+,1,Extrapulmonary
Trinidad and Tobago,2009,ep,f,0-14,2,Extrapulmonary
Trinidad and Tobago,2009,ep,f,15-24,0,Extrapulmonary
Trinidad and Tobago,2009,ep,f,25-34,1,Extrapulmonary
Trinidad and Tobago,2009,ep,f,35-44,1,Extrapulmonary
Trinidad and Tobago,2009,ep,f,45-54,1,Extrapulmonary
Trinidad and Tobago,2009,ep,f,55-64,0,Extrapulmonary
Trinidad and Tobago,2009,ep,f,65+,0,Extrapulmonary
Trinidad and Tobago,2010,sp,m,0-14,0,Smear Positive
Trinidad and Tobago,2010,sp,m,15-24,11,Smear Positive
Trinidad and Tobago,2010,sp,m,25-34,21,Smear Positive
Trinidad and Tobago,2010,sp,m,35-44,17,Smear Positive
Trinidad and Tobago,2010,sp,m,45-54,32,Smear Positive
Trinidad and Tobago,2010,sp,m,55-64,20,Smear Positive
Trinidad and Tobago,2010,sp,m,65+,8,Smear Positive
Trinidad and Tobago,2010,sp,f,0-14,0,Smear Positive
Trinidad and Tobago,2010,sp,f,15-24,4,Smear Positive
Trinidad and Tobago,2010,sp,f,25-34,7,Smear Positive
Trinidad and Tobago,2010,sp,f,35-44,7,Smear Positive
Trinidad and Tobago,2010,sp,f,45-54,5,Smear Positive
Trinidad and Tobago,2010,sp,f,55-64,2,Smear Positive
Trinidad and Tobago,2010,sp,f,65+,2,Smear Positive
Trinidad and Tobago,2010,sn,m,0-14,5,Smear Negative
Trinidad and Tobago,2010,sn,m,15-24,2,Smear Negative
Trinidad and Tobago,2010,sn,m,25-34,7,Smear Negative
Trinidad and Tobago,2010,sn,m,35-44,6,Smear Negative
Trinidad and Tobago,2010,sn,m,45-54,9,Smear Negative
Trinidad and Tobago,2010,sn,m,55-64,10,Smear Negative
Trinidad and Tobago,2010,sn,m,65+,2,Smear Negative
Trinidad and Tobago,2010,sn,f,0-14,0,Smear Negative
Trinidad and Tobago,2010,sn,f,15-24,2,Smear Negative
Trinidad and Tobago,2010,sn,f,25-34,4,Smear Negative
Trinidad and Tobago,2010,sn,f,35-44,1,Smear Negative
Trinidad and Tobago,2010,sn,f,45-54,3,Smear Negative
Trinidad and Tobago,2010,sn,f,55-64,1,Smear Negative
Trinidad and Tobago,2010,sn,f,65+,6,Smear Negative
Trinidad and Tobago,2010,ep,m,0-14,3,Extrapulmonary
Trinidad and Tobago,2010,ep,m,15-24,1,Extrapulmonary
Trinidad and Tobago,2010,ep,m,25-34,3,Extrapulmonary
Trinidad and Tobago,2010,ep,m,35-44,1,Extrapulmonary
Trinidad and Tobago,2010,ep,m,45-54,1,Extrapulmonary
Trinidad and Tobago,2010,ep,m,55-64,2,Extrapulmonary
Trinidad and Tobago,2010,ep,m,65+,0,Extrapulmonary
Trinidad and Tobago,2010,ep,f,0-14,0,Extrapulmonary
Trinidad and Tobago,2010,ep,f,15-24,3,Extrapulmonary
Trinidad and Tobago,2010,ep,f,25-34,2,Extrapulmonary
Trinidad and Tobago,2010,ep,f,35-44,1,Extrapulmonary
Trinidad and Tobago,2010,ep,f,45-54,2,Extrapulmonary
Trinidad and Tobago,2010,ep,f,55-64,1,Extrapulmonary
Trinidad and Tobago,2010,ep,f,65+,0,Extrapulmonary
Trinidad and Tobago,2011,sp,m,0-14,1,Smear Positive
Trinidad and Tobago,2011,sp,m,15-24,14,Smear Positive
Trinidad and Tobago,2011,sp,m,25-34,27,Smear Positive
Trinidad and Tobago,2011,sp,m,35-44,13,Smear Positive
Trinidad and Tobago,2011,sp,m,45-54,15,Smear Positive
Trinidad and Tobago,2011,sp,m,55-64,16,Smear Positive
Trinidad and Tobago,2011,sp,m,65+,7,Smear Positive
Trinidad and Tobago,2011,sp,f,0-14,1,Smear Positive
Trinidad and Tobago,2011,sp,f,15-24,6,Smear Positive
Trinidad and Tobago,2011,sp,f,25-34,7,Smear Positive
Trinidad and Tobago,2011,sp,f,35-44,3,Smear Positive
Trinidad and Tobago,2011,sp,f,45-54,4,Smear Positive
Trinidad and Tobago,2011,sp,f,55-64,2,Smear Positive
Trinidad and Tobago,2011,sp,f,65+,5,Smear Positive
Trinidad and Tobago,2011,sn,m,0-14,4,Smear Negative
Trinidad and Tobago,2011,sn,m,15-24,3,Smear Negative
Trinidad and Tobago,2011,sn,m,25-34,12,Smear Negative
Trinidad and Tobago,2011,sn,m,35-44,11,Smear Negative
Trinidad and Tobago,2011,sn,m,45-54,7,Smear Negative
Trinidad and Tobago,2011,sn,m,55-64,9,Smear Negative
Trinidad and Tobago,2011,sn,m,65+,6,Smear Negative
Trinidad and Tobago,2011,sn,f,0-14,1,Smear Negative
Trinidad and Tobago,2011,sn,f,15-24,4,Smear Negative
Trinidad and Tobago,2011,sn,f,25-34,2,Smear Negative
Trinidad and Tobago,2011,sn,f,35-44,3,Smear Negative
Trinidad and Tobago,2011,sn,f,45-54,9,Smear Negative
Trinidad and Tobago,2011,sn,f,55-64,1,Smear Negative
Trinidad and Tobago,2011,sn,f,65+,5,Smear Negative
Trinidad and Tobago,2011,ep,m,0-14,0,Extrapulmonary
Trinidad and Tobago,2011,ep,m,15-24,2,Extrapulmonary
Trinidad and Tobago,2011,ep,m,25-34,4,Extrapulmonary
Trinidad and Tobago,2011,ep,m,35-44,2,Extrapulmonary
Trinidad and Tobago,2011,ep,m,45-54,2,Extrapulmonary
Trinidad and Tobago,2011,ep,m,55-64,0,Extrapulmonary
Trinidad and Tobago,2011,ep,m,65+,0,Extrapulmonary
Trinidad and Tobago,2011,ep,f,0-14,0,Extrapulmonary
Trinidad and Tobago,2011,ep,f,15-24,4,Extrapulmonary
Trinidad and Tobago,2011,ep,f,25-34,0,Extrapulmonary
Trinidad and Tobago,2011,ep,f,35-44,1,Extrapulmonary
Trinidad and Tobago,2011,ep,f,45-54,2,Extrapulmonary
Trinidad and Tobago,2011,ep,f,55-64,1,Extrapulmonary
Trinidad and Tobago,2011,ep,f,65+,1,Extrapulmonary
Trinidad and Tobago,2012,sp,m,0-14,0,Smear Positive
Trinidad and Tobago,2012,sp,m,15-24,7,Smear Positive
Trinidad and Tobago,2012,sp,m,25-34,31,Smear Positive
Trinidad and Tobago,2012,sp,m,35-44,22,Smear Positive
Trinidad and Tobago,2012,sp,m,45-54,28,Smear Positive
Trinidad and Tobago,2012,sp,m,55-64,12,Smear Positive
Trinidad and Tobago,2012,sp,m,65+,11,Smear Positive
Trinidad and Tobago,2012,sp,f,0-14,2,Smear Positive
Trinidad and Tobago,2012,sp,f,15-24,9,Smear Positive
Trinidad and Tobago,2012,sp,f,25-34,11,Smear Positive
Trinidad and Tobago,2012,sp,f,35-44,10,Smear Positive
Trinidad and Tobago,2012,sp,f,45-54,8,Smear Positive
Trinidad and Tobago,2012,sp,f,55-64,4,Smear Positive
Trinidad and Tobago,2012,sp,f,65+,12,Smear Positive
Trinidad and Tobago,2012,sn,m,0-14,2,Smear Negative
Trinidad and Tobago,2012,sn,m,15-24,2,Smear Negative
Trinidad and Tobago,2012,sn,m,25-34,7,Smear Negative
Trinidad and Tobago,2012,sn,m,35-44,9,Smear Negative
Trinidad and Tobago,2012,sn,m,45-54,12,Smear Negative
Trinidad and Tobago,2012,sn,m,55-64,14,Smear Negative
Trinidad and Tobago,2012,sn,m,65+,17,Smear Negative
Trinidad and Tobago,2012,sn,f,0-14,0,Smear Negative
Trinidad and Tobago,2012,sn,f,15-24,1,Smear Negative
Trinidad and Tobago,2012,sn,f,25-34,5,Smear Negative
Trinidad and Tobago,2012,sn,f,35-44,4,Smear Negative
Trinidad and Tobago,2012,sn,f,45-54,4,Smear Negative
Trinidad and Tobago,2012,sn,f,55-64,2,Smear Negative
Trinidad and Tobago,2012,sn,f,65+,2,Smear Negative
Trinidad and Tobago,2012,ep,m,0-14,2,Extrapulmonary
Trinidad and Tobago,2012,ep,m,15-24,2,Extrapulmonary
Trinidad and Tobago,2012,ep,m,25-34,1,Extrapulmonary
Trinidad and Tobago,2012,ep,m,35-44,1,Extrapulmonary
Trinidad and Tobago,2012,ep,m,45-54,2,Extrapulmonary
Trinidad and Tobago,2012,ep,m,55-64,2,Extrapulmonary
Trinidad and Tobago,2012,ep,m,65+,0,Extrapulmonary
Trinidad and Tobago,2012,ep,f,0-14,1,Extrapulmonary
Trinidad and Tobago,2012,ep,f,15-24,1,Extrapulmonary
Trinidad and Tobago,2012,ep,f,25-34,3,Extrapulmonary
Trinidad and Tobago,2012,ep,f,35-44,1,Extrapulmonary
Trinidad and Tobago,2012,ep,f,45-54,0,Extrapulmonary
Trinidad and Tobago,2012,ep,f,55-64,1,Extrapulmonary
Trinidad and Tobago,2012,ep,f,65+,2,Extrapulmonary
Trinidad and Tobago,2013,rel,m,0-14,6,Relapse
Trinidad and Tobago,2013,rel,m,15-24,14,Relapse
Trinidad and Tobago,2013,rel,m,25-34,48,Relapse
Trinidad and Tobago,2013,rel,m,35-44,41,Relapse
Trinidad and Tobago,2013,rel,m,45-54,36,Relapse
Trinidad and Tobago,2013,rel,m,55-64,26,Relapse
Trinidad and Tobago,2013,rel,m,65+,24,Relapse
Trinidad and Tobago,2013,rel,f,0-14,7,Relapse
Trinidad and Tobago,2013,rel,f,15-24,5,Relapse
Trinidad and Tobago,2013,rel,f,25-34,14,Relapse
Trinidad and Tobago,2013,rel,f,35-44,7,Relapse
Trinidad and Tobago,2013,rel,f,45-54,5,Relapse
Trinidad and Tobago,2013,rel,f,55-64,7,Relapse
Trinidad and Tobago,2013,rel,f,65+,10,Relapse
Tunisia,1998,sp,m,0-14,11,Smear Positive
Tunisia,1998,sp,m,15-24,134,Smear Positive
Tunisia,1998,sp,m,25-34,206,Smear Positive
Tunisia,1998,sp,m,35-44,155,Smear Positive
Tunisia,1998,sp,m,45-54,108,Smear Positive
Tunisia,1998,sp,m,55-64,88,Smear Positive
Tunisia,1998,sp,m,65+,95,Smear Positive
Tunisia,1998,sp,f,0-14,12,Smear Positive
Tunisia,1998,sp,f,15-24,80,Smear Positive
Tunisia,1998,sp,f,25-34,65,Smear Positive
Tunisia,1998,sp,f,35-44,43,Smear Positive
Tunisia,1998,sp,f,45-54,39,Smear Positive
Tunisia,1998,sp,f,55-64,43,Smear Positive
Tunisia,1998,sp,f,65+,26,Smear Positive
Tunisia,1999,sp,m,0-14,18,Smear Positive
Tunisia,1999,sp,m,15-24,137,Smear Positive
Tunisia,1999,sp,m,25-34,221,Smear Positive
Tunisia,1999,sp,m,35-44,181,Smear Positive
Tunisia,1999,sp,m,45-54,106,Smear Positive
Tunisia,1999,sp,m,55-64,88,Smear Positive
Tunisia,1999,sp,m,65+,129,Smear Positive
Tunisia,1999,sp,f,0-14,15,Smear Positive
Tunisia,1999,sp,f,15-24,80,Smear Positive
Tunisia,1999,sp,f,25-34,76,Smear Positive
Tunisia,1999,sp,f,35-44,62,Smear Positive
Tunisia,1999,sp,f,45-54,40,Smear Positive
Tunisia,1999,sp,f,55-64,29,Smear Positive
Tunisia,1999,sp,f,65+,53,Smear Positive
Tunisia,2000,sp,m,0-14,16,Smear Positive
Tunisia,2000,sp,m,15-24,139,Smear Positive
Tunisia,2000,sp,m,25-34,208,Smear Positive
Tunisia,2000,sp,m,35-44,156,Smear Positive
Tunisia,2000,sp,m,45-54,109,Smear Positive
Tunisia,2000,sp,m,55-64,65,Smear Positive
Tunisia,2000,sp,m,65+,101,Smear Positive
Tunisia,2000,sp,f,0-14,7,Smear Positive
Tunisia,2000,sp,f,15-24,68,Smear Positive
Tunisia,2000,sp,f,25-34,59,Smear Positive
Tunisia,2000,sp,f,35-44,43,Smear Positive
Tunisia,2000,sp,f,45-54,21,Smear Positive
Tunisia,2000,sp,f,55-64,21,Smear Positive
Tunisia,2000,sp,f,65+,58,Smear Positive
Tunisia,2001,sp,m,0-14,23,Smear Positive
Tunisia,2001,sp,m,15-24,141,Smear Positive
Tunisia,2001,sp,m,25-34,185,Smear Positive
Tunisia,2001,sp,m,35-44,157,Smear Positive
Tunisia,2001,sp,m,45-54,103,Smear Positive
Tunisia,2001,sp,m,55-64,83,Smear Positive
Tunisia,2001,sp,m,65+,100,Smear Positive
Tunisia,2001,sp,f,0-14,9,Smear Positive
Tunisia,2001,sp,f,15-24,62,Smear Positive
Tunisia,2001,sp,f,25-34,42,Smear Positive
Tunisia,2001,sp,f,35-44,47,Smear Positive
Tunisia,2001,sp,f,45-54,30,Smear Positive
Tunisia,2001,sp,f,55-64,42,Smear Positive
Tunisia,2001,sp,f,65+,53,Smear Positive
Tunisia,2002,sp,m,0-14,1,Smear Positive
Tunisia,2002,sp,m,15-24,112,Smear Positive
Tunisia,2002,sp,m,25-34,184,Smear Positive
Tunisia,2002,sp,m,35-44,153,Smear Positive
Tunisia,2002,sp,m,45-54,99,Smear Positive
Tunisia,2002,sp,m,55-64,67,Smear Positive
Tunisia,2002,sp,m,65+,65,Smear Positive
Tunisia,2002,sp,f,0-14,6,Smear Positive
Tunisia,2002,sp,f,15-24,55,Smear Positive
Tunisia,2002,sp,f,25-34,50,Smear Positive
Tunisia,2002,sp,f,35-44,36,Smear Positive
Tunisia,2002,sp,f,45-54,28,Smear Positive
Tunisia,2002,sp,f,55-64,34,Smear Positive
Tunisia,2002,sp,f,65+,37,Smear Positive
Tunisia,2003,sp,m,0-14,3,Smear Positive
Tunisia,2003,sp,m,15-24,100,Smear Positive
Tunisia,2003,sp,m,25-34,164,Smear Positive
Tunisia,2003,sp,m,35-44,129,Smear Positive
Tunisia,2003,sp,m,45-54,95,Smear Positive
Tunisia,2003,sp,m,55-64,66,Smear Positive
Tunisia,2003,sp,m,65+,74,Smear Positive
Tunisia,2003,sp,f,0-14,7,Smear Positive
Tunisia,2003,sp,f,15-24,57,Smear Positive
Tunisia,2003,sp,f,25-34,56,Smear Positive
Tunisia,2003,sp,f,35-44,36,Smear Positive
Tunisia,2003,sp,f,45-54,34,Smear Positive
Tunisia,2003,sp,f,55-64,24,Smear Positive
Tunisia,2003,sp,f,65+,33,Smear Positive
Tunisia,2004,sp,m,0-14,9,Smear Positive
Tunisia,2004,sp,m,15-24,100,Smear Positive
Tunisia,2004,sp,m,25-34,181,Smear Positive
Tunisia,2004,sp,m,35-44,128,Smear Positive
Tunisia,2004,sp,m,45-54,123,Smear Positive
Tunisia,2004,sp,m,55-64,62,Smear Positive
Tunisia,2004,sp,m,65+,91,Smear Positive
Tunisia,2004,sp,f,0-14,7,Smear Positive
Tunisia,2004,sp,f,15-24,44,Smear Positive
Tunisia,2004,sp,f,25-34,55,Smear Positive
Tunisia,2004,sp,f,35-44,39,Smear Positive
Tunisia,2004,sp,f,45-54,47,Smear Positive
Tunisia,2004,sp,f,55-64,19,Smear Positive
Tunisia,2004,sp,f,65+,39,Smear Positive
Tunisia,2005,sp,m,0-14,5,Smear Positive
Tunisia,2005,sp,m,15-24,103,Smear Positive
Tunisia,2005,sp,m,25-34,172,Smear Positive
Tunisia,2005,sp,m,35-44,133,Smear Positive
Tunisia,2005,sp,m,45-54,115,Smear Positive
Tunisia,2005,sp,m,55-64,53,Smear Positive
Tunisia,2005,sp,m,65+,81,Smear Positive
Tunisia,2005,sp,f,0-14,7,Smear Positive
Tunisia,2005,sp,f,15-24,66,Smear Positive
Tunisia,2005,sp,f,25-34,61,Smear Positive
Tunisia,2005,sp,f,35-44,39,Smear Positive
Tunisia,2005,sp,f,45-54,36,Smear Positive
Tunisia,2005,sp,f,55-64,16,Smear Positive
Tunisia,2005,sp,f,65+,28,Smear Positive
Tunisia,2006,sp,m,0-14,5,Smear Positive
Tunisia,2006,sp,m,15-24,125,Smear Positive
Tunisia,2006,sp,m,25-34,174,Smear Positive
Tunisia,2006,sp,m,35-44,119,Smear Positive
Tunisia,2006,sp,m,45-54,111,Smear Positive
Tunisia,2006,sp,m,55-64,58,Smear Positive
Tunisia,2006,sp,m,65+,85,Smear Positive
Tunisia,2006,sp,f,0-14,3,Smear Positive
Tunisia,2006,sp,f,15-24,53,Smear Positive
Tunisia,2006,sp,f,25-34,52,Smear Positive
Tunisia,2006,sp,f,35-44,33,Smear Positive
Tunisia,2006,sp,f,45-54,33,Smear Positive
Tunisia,2006,sp,f,55-64,33,Smear Positive
Tunisia,2006,sp,f,65+,38,Smear Positive
Tunisia,2007,sp,m,0-14,1,Smear Positive
Tunisia,2007,sp,m,15-24,124,Smear Positive
Tunisia,2007,sp,m,25-34,171,Smear Positive
Tunisia,2007,sp,m,35-44,117,Smear Positive
Tunisia,2007,sp,m,45-54,104,Smear Positive
Tunisia,2007,sp,m,55-64,71,Smear Positive
Tunisia,2007,sp,m,65+,75,Smear Positive
Tunisia,2007,sp,f,0-14,11,Smear Positive
Tunisia,2007,sp,f,15-24,69,Smear Positive
Tunisia,2007,sp,f,25-34,54,Smear Positive
Tunisia,2007,sp,f,35-44,42,Smear Positive
Tunisia,2007,sp,f,45-54,28,Smear Positive
Tunisia,2007,sp,f,55-64,29,Smear Positive
Tunisia,2007,sp,f,65+,45,Smear Positive
Tunisia,2008,sp,m,0-14,6,Smear Positive
Tunisia,2008,sp,m,15-24,130,Smear Positive
Tunisia,2008,sp,m,25-34,188,Smear Positive
Tunisia,2008,sp,m,35-44,118,Smear Positive
Tunisia,2008,sp,m,45-54,125,Smear Positive
Tunisia,2008,sp,m,55-64,80,Smear Positive
Tunisia,2008,sp,m,65+,59,Smear Positive
Tunisia,2008,sp,f,0-14,7,Smear Positive
Tunisia,2008,sp,f,15-24,68,Smear Positive
Tunisia,2008,sp,f,25-34,57,Smear Positive
Tunisia,2008,sp,f,35-44,35,Smear Positive
Tunisia,2008,sp,f,45-54,24,Smear Positive
Tunisia,2008,sp,f,55-64,18,Smear Positive
Tunisia,2008,sp,f,65+,52,Smear Positive
Tunisia,2009,sp,m,0-14,6,Smear Positive
Tunisia,2009,sp,m,15-24,80,Smear Positive
Tunisia,2009,sp,m,25-34,175,Smear Positive
Tunisia,2009,sp,m,35-44,122,Smear Positive
Tunisia,2009,sp,m,45-54,134,Smear Positive
Tunisia,2009,sp,m,55-64,71,Smear Positive
Tunisia,2009,sp,m,65+,81,Smear Positive
Tunisia,2009,sp,f,0-14,7,Smear Positive
Tunisia,2009,sp,f,15-24,52,Smear Positive
Tunisia,2009,sp,f,25-34,55,Smear Positive
Tunisia,2009,sp,f,35-44,43,Smear Positive
Tunisia,2009,sp,f,45-54,42,Smear Positive
Tunisia,2009,sp,f,55-64,18,Smear Positive
Tunisia,2009,sp,f,65+,45,Smear Positive
Tunisia,2010,sp,m,0-14,9,Smear Positive
Tunisia,2010,sp,m,15-24,115,Smear Positive
Tunisia,2010,sp,m,25-34,194,Smear Positive
Tunisia,2010,sp,m,35-44,170,Smear Positive
Tunisia,2010,sp,m,45-54,125,Smear Positive
Tunisia,2010,sp,m,55-64,93,Smear Positive
Tunisia,2010,sp,m,65+,88,Smear Positive
Tunisia,2010,sp,f,0-14,4,Smear Positive
Tunisia,2010,sp,f,15-24,64,Smear Positive
Tunisia,2010,sp,f,25-34,64,Smear Positive
Tunisia,2010,sp,f,35-44,39,Smear Positive
Tunisia,2010,sp,f,45-54,34,Smear Positive
Tunisia,2010,sp,f,55-64,40,Smear Positive
Tunisia,2010,sp,f,65+,52,Smear Positive
Tunisia,2011,sp,m,0-14,6,Smear Positive
Tunisia,2011,sp,m,15-24,110,Smear Positive
Tunisia,2011,sp,m,25-34,194,Smear Positive
Tunisia,2011,sp,m,35-44,118,Smear Positive
Tunisia,2011,sp,m,45-54,126,Smear Positive
Tunisia,2011,sp,m,55-64,108,Smear Positive
Tunisia,2011,sp,m,65+,63,Smear Positive
Tunisia,2011,sp,f,0-14,10,Smear Positive
Tunisia,2011,sp,f,15-24,60,Smear Positive
Tunisia,2011,sp,f,25-34,60,Smear Positive
Tunisia,2011,sp,f,35-44,50,Smear Positive
Tunisia,2011,sp,f,45-54,44,Smear Positive
Tunisia,2011,sp,f,55-64,35,Smear Positive
Tunisia,2011,sp,f,65+,47,Smear Positive
Tunisia,2011,sn,m,0-14,1,Smear Negative
Tunisia,2011,sn,m,15-24,24,Smear Negative
Tunisia,2011,sn,m,25-34,29,Smear Negative
Tunisia,2011,sn,m,35-44,19,Smear Negative
Tunisia,2011,sn,m,45-54,19,Smear Negative
Tunisia,2011,sn,m,55-64,23,Smear Negative
Tunisia,2011,sn,m,65+,34,Smear Negative
Tunisia,2011,sn,f,0-14,0,Smear Negative
Tunisia,2011,sn,f,15-24,20,Smear Negative
Tunisia,2011,sn,f,25-34,14,Smear Negative
Tunisia,2011,sn,f,35-44,17,Smear Negative
Tunisia,2011,sn,f,45-54,21,Smear Negative
Tunisia,2011,sn,f,55-64,11,Smear Negative
Tunisia,2011,sn,f,65+,14,Smear Negative
Tunisia,2011,ep,m,0-14,59,Extrapulmonary
Tunisia,2011,ep,m,15-24,107,Extrapulmonary
Tunisia,2011,ep,m,25-34,127,Extrapulmonary
Tunisia,2011,ep,m,35-44,75,Extrapulmonary
Tunisia,2011,ep,m,45-54,88,Extrapulmonary
Tunisia,2011,ep,m,55-64,49,Extrapulmonary
Tunisia,2011,ep,m,65+,66,Extrapulmonary
Tunisia,2011,ep,f,0-14,67,Extrapulmonary
Tunisia,2011,ep,f,15-24,165,Extrapulmonary
Tunisia,2011,ep,f,25-34,209,Extrapulmonary
Tunisia,2011,ep,f,35-44,191,Extrapulmonary
Tunisia,2011,ep,f,45-54,155,Extrapulmonary
Tunisia,2011,ep,f,55-64,142,Extrapulmonary
Tunisia,2011,ep,f,65+,113,Extrapulmonary
Tunisia,2012,sp,m,0-14,10,Smear Positive
Tunisia,2012,sp,m,15-24,88,Smear Positive
Tunisia,2012,sp,m,25-34,191,Smear Positive
Tunisia,2012,sp,m,35-44,149,Smear Positive
Tunisia,2012,sp,m,45-54,114,Smear Positive
Tunisia,2012,sp,m,55-64,93,Smear Positive
Tunisia,2012,sp,m,65+,88,Smear Positive
Tunisia,2012,sp,f,0-14,7,Smear Positive
Tunisia,2012,sp,f,15-24,51,Smear Positive
Tunisia,2012,sp,f,25-34,56,Smear Positive
Tunisia,2012,sp,f,35-44,46,Smear Positive
Tunisia,2012,sp,f,45-54,48,Smear Positive
Tunisia,2012,sp,f,55-64,46,Smear Positive
Tunisia,2012,sp,f,65+,72,Smear Positive
Tunisia,2012,sn,m,0-14,2,Smear Negative
Tunisia,2012,sn,m,15-24,19,Smear Negative
Tunisia,2012,sn,m,25-34,39,Smear Negative
Tunisia,2012,sn,m,35-44,35,Smear Negative
Tunisia,2012,sn,m,45-54,23,Smear Negative
Tunisia,2012,sn,m,55-64,30,Smear Negative
Tunisia,2012,sn,m,65+,31,Smear Negative
Tunisia,2012,sn,f,0-14,4,Smear Negative
Tunisia,2012,sn,f,15-24,13,Smear Negative
Tunisia,2012,sn,f,25-34,16,Smear Negative
Tunisia,2012,sn,f,35-44,18,Smear Negative
Tunisia,2012,sn,f,45-54,16,Smear Negative
Tunisia,2012,sn,f,55-64,16,Smear Negative
Tunisia,2012,sn,f,65+,20,Smear Negative
Tunisia,2012,ep,m,0-14,87,Extrapulmonary
Tunisia,2012,ep,m,15-24,124,Extrapulmonary
Tunisia,2012,ep,m,25-34,123,Extrapulmonary
Tunisia,2012,ep,m,35-44,99,Extrapulmonary
Tunisia,2012,ep,m,45-54,105,Extrapulmonary
Tunisia,2012,ep,m,55-64,74,Extrapulmonary
Tunisia,2012,ep,m,65+,80,Extrapulmonary
Tunisia,2012,ep,f,0-14,94,Extrapulmonary
Tunisia,2012,ep,f,15-24,200,Extrapulmonary
Tunisia,2012,ep,f,25-34,225,Extrapulmonary
Tunisia,2012,ep,f,35-44,189,Extrapulmonary
Tunisia,2012,ep,f,45-54,186,Extrapulmonary
Tunisia,2012,ep,f,55-64,162,Extrapulmonary
Tunisia,2012,ep,f,65+,105,Extrapulmonary
Tunisia,2013,rel,m,0-14,91,Relapse
Tunisia,2013,rel,m,15-24,210,Relapse
Tunisia,2013,rel,m,25-34,360,Relapse
Tunisia,2013,rel,m,35-44,288,Relapse
Tunisia,2013,rel,m,45-54,216,Relapse
Tunisia,2013,rel,m,55-64,182,Relapse
Tunisia,2013,rel,m,65+,177,Relapse
Tunisia,2013,rel,f,0-14,105,Relapse
Tunisia,2013,rel,f,15-24,239,Relapse
Tunisia,2013,rel,f,25-34,349,Relapse
Tunisia,2013,rel,f,35-44,230,Relapse
Tunisia,2013,rel,f,45-54,228,Relapse
Tunisia,2013,rel,f,55-64,189,Relapse
Tunisia,2013,rel,f,65+,171,Relapse
Turkey,2004,sp,m,0-14,0,Smear Positive
Turkey,2004,sp,m,15-24,50,Smear Positive
Turkey,2004,sp,m,25-34,38,Smear Positive
Turkey,2004,sp,m,35-44,50,Smear Positive
Turkey,2004,sp,m,45-54,41,Smear Positive
Turkey,2004,sp,m,55-64,28,Smear Positive
Turkey,2004,sp,m,65+,19,Smear Positive
Turkey,2004,sp,f,0-14,2,Smear Positive
Turkey,2004,sp,f,15-24,24,Smear Positive
Turkey,2004,sp,f,25-34,21,Smear Positive
Turkey,2004,sp,f,35-44,8,Smear Positive
Turkey,2004,sp,f,45-54,4,Smear Positive
Turkey,2004,sp,f,55-64,7,Smear Positive
Turkey,2004,sp,f,65+,6,Smear Positive
Turkey,2005,sp,m,0-14,33,Smear Positive
Turkey,2005,sp,m,15-24,1148,Smear Positive
Turkey,2005,sp,m,25-34,1295,Smear Positive
Turkey,2005,sp,m,35-44,1028,Smear Positive
Turkey,2005,sp,m,45-54,963,Smear Positive
Turkey,2005,sp,m,55-64,534,Smear Positive
Turkey,2005,sp,m,65+,429,Smear Positive
Turkey,2005,sp,f,0-14,50,Smear Positive
Turkey,2005,sp,f,15-24,699,Smear Positive
Turkey,2005,sp,f,25-34,474,Smear Positive
Turkey,2005,sp,f,35-44,243,Smear Positive
Turkey,2005,sp,f,45-54,175,Smear Positive
Turkey,2005,sp,f,55-64,166,Smear Positive
Turkey,2005,sp,f,65+,213,Smear Positive
Turkey,2006,sp,m,0-14,40,Smear Positive
Turkey,2006,sp,m,15-24,1212,Smear Positive
Turkey,2006,sp,m,25-34,1391,Smear Positive
Turkey,2006,sp,m,35-44,1003,Smear Positive
Turkey,2006,sp,m,45-54,1045,Smear Positive
Turkey,2006,sp,m,55-64,575,Smear Positive
Turkey,2006,sp,m,65+,473,Smear Positive
Turkey,2006,sp,f,0-14,56,Smear Positive
Turkey,2006,sp,f,15-24,769,Smear Positive
Turkey,2006,sp,f,25-34,507,Smear Positive
Turkey,2006,sp,f,35-44,235,Smear Positive
Turkey,2006,sp,f,45-54,155,Smear Positive
Turkey,2006,sp,f,55-64,149,Smear Positive
Turkey,2006,sp,f,65+,256,Smear Positive
Turkey,2006,sn,m,0-14,271,Smear Negative
Turkey,2006,sn,m,15-24,727,Smear Negative
Turkey,2006,sn,m,25-34,693,Smear Negative
Turkey,2006,sn,m,35-44,511,Smear Negative
Turkey,2006,sn,m,45-54,426,Smear Negative
Turkey,2006,sn,m,55-64,321,Smear Negative
Turkey,2006,sn,m,65+,346,Smear Negative
Turkey,2006,sn,f,0-14,272,Smear Negative
Turkey,2006,sn,f,15-24,531,Smear Negative
Turkey,2006,sn,f,25-34,365,Smear Negative
Turkey,2006,sn,f,35-44,194,Smear Negative
Turkey,2006,sn,f,45-54,120,Smear Negative
Turkey,2006,sn,f,55-64,122,Smear Negative
Turkey,2006,sn,f,65+,170,Smear Negative
Turkey,2006,ep,m,0-14,227,Extrapulmonary
Turkey,2006,ep,m,15-24,759,Extrapulmonary
Turkey,2006,ep,m,25-34,581,Extrapulmonary
Turkey,2006,ep,m,35-44,349,Extrapulmonary
Turkey,2006,ep,m,45-54,265,Extrapulmonary
Turkey,2006,ep,m,55-64,210,Extrapulmonary
Turkey,2006,ep,m,65+,266,Extrapulmonary
Turkey,2006,ep,f,0-14,247,Extrapulmonary
Turkey,2006,ep,f,15-24,610,Extrapulmonary
Turkey,2006,ep,f,25-34,576,Extrapulmonary
Turkey,2006,ep,f,35-44,446,Extrapulmonary
Turkey,2006,ep,f,45-54,386,Extrapulmonary
Turkey,2006,ep,f,55-64,339,Extrapulmonary
Turkey,2006,ep,f,65+,348,Extrapulmonary
Turkey,2007,sp,m,0-14,50,Smear Positive
Turkey,2007,sp,m,15-24,1091,Smear Positive
Turkey,2007,sp,m,25-34,1245,Smear Positive
Turkey,2007,sp,m,35-44,984,Smear Positive
Turkey,2007,sp,m,45-54,978,Smear Positive
Turkey,2007,sp,m,55-64,571,Smear Positive
Turkey,2007,sp,m,65+,512,Smear Positive
Turkey,2007,sp,f,0-14,63,Smear Positive
Turkey,2007,sp,f,15-24,708,Smear Positive
Turkey,2007,sp,f,25-34,531,Smear Positive
Turkey,2007,sp,f,35-44,246,Smear Positive
Turkey,2007,sp,f,45-54,165,Smear Positive
Turkey,2007,sp,f,55-64,128,Smear Positive
Turkey,2007,sp,f,65+,255,Smear Positive
Turkey,2007,sn,m,0-14,239,Smear Negative
Turkey,2007,sn,m,15-24,649,Smear Negative
Turkey,2007,sn,m,25-34,636,Smear Negative
Turkey,2007,sn,m,35-44,419,Smear Negative
Turkey,2007,sn,m,45-54,390,Smear Negative
Turkey,2007,sn,m,55-64,251,Smear Negative
Turkey,2007,sn,m,65+,301,Smear Negative
Turkey,2007,sn,f,0-14,207,Smear Negative
Turkey,2007,sn,f,15-24,516,Smear Negative
Turkey,2007,sn,f,25-34,332,Smear Negative
Turkey,2007,sn,f,35-44,172,Smear Negative
Turkey,2007,sn,f,45-54,135,Smear Negative
Turkey,2007,sn,f,55-64,96,Smear Negative
Turkey,2007,sn,f,65+,149,Smear Negative
Turkey,2007,ep,m,0-14,201,Extrapulmonary
Turkey,2007,ep,m,15-24,735,Extrapulmonary
Turkey,2007,ep,m,25-34,601,Extrapulmonary
Turkey,2007,ep,m,35-44,347,Extrapulmonary
Turkey,2007,ep,m,45-54,267,Extrapulmonary
Turkey,2007,ep,m,55-64,212,Extrapulmonary
Turkey,2007,ep,m,65+,288,Extrapulmonary
Turkey,2007,ep,f,0-14,192,Extrapulmonary
Turkey,2007,ep,f,15-24,597,Extrapulmonary
Turkey,2007,ep,f,25-34,613,Extrapulmonary
Turkey,2007,ep,f,35-44,466,Extrapulmonary
Turkey,2007,ep,f,45-54,473,Extrapulmonary
Turkey,2007,ep,f,55-64,415,Extrapulmonary
Turkey,2007,ep,f,65+,383,Extrapulmonary
Turkey,2008,sp,m,0-14,48,Smear Positive
Turkey,2008,sp,m,15-24,940,Smear Positive
Turkey,2008,sp,m,25-34,1090,Smear Positive
Turkey,2008,sp,m,35-44,953,Smear Positive
Turkey,2008,sp,m,45-54,947,Smear Positive
Turkey,2008,sp,m,55-64,607,Smear Positive
Turkey,2008,sp,m,65+,453,Smear Positive
Turkey,2008,sp,f,0-14,57,Smear Positive
Turkey,2008,sp,f,15-24,653,Smear Positive
Turkey,2008,sp,f,25-34,485,Smear Positive
Turkey,2008,sp,f,35-44,233,Smear Positive
Turkey,2008,sp,f,45-54,152,Smear Positive
Turkey,2008,sp,f,55-64,139,Smear Positive
Turkey,2008,sp,f,65+,236,Smear Positive
Turkey,2008,sn,m,0-14,227,Smear Negative
Turkey,2008,sn,m,15-24,617,Smear Negative
Turkey,2008,sn,m,25-34,600,Smear Negative
Turkey,2008,sn,m,35-44,379,Smear Negative
Turkey,2008,sn,m,45-54,344,Smear Negative
Turkey,2008,sn,m,55-64,287,Smear Negative
Turkey,2008,sn,m,65+,281,Smear Negative
Turkey,2008,sn,f,0-14,226,Smear Negative
Turkey,2008,sn,f,15-24,459,Smear Negative
Turkey,2008,sn,f,25-34,339,Smear Negative
Turkey,2008,sn,f,35-44,170,Smear Negative
Turkey,2008,sn,f,45-54,121,Smear Negative
Turkey,2008,sn,f,55-64,109,Smear Negative
Turkey,2008,sn,f,65+,166,Smear Negative
Turkey,2008,ep,m,0-14,211,Extrapulmonary
Turkey,2008,ep,m,15-24,591,Extrapulmonary
Turkey,2008,ep,m,25-34,535,Extrapulmonary
Turkey,2008,ep,m,35-44,319,Extrapulmonary
Turkey,2008,ep,m,45-54,278,Extrapulmonary
Turkey,2008,ep,m,55-64,232,Extrapulmonary
Turkey,2008,ep,m,65+,274,Extrapulmonary
Turkey,2008,ep,f,0-14,180,Extrapulmonary
Turkey,2008,ep,f,15-24,510,Extrapulmonary
Turkey,2008,ep,f,25-34,588,Extrapulmonary
Turkey,2008,ep,f,35-44,461,Extrapulmonary
Turkey,2008,ep,f,45-54,431,Extrapulmonary
Turkey,2008,ep,f,55-64,409,Extrapulmonary
Turkey,2008,ep,f,65+,423,Extrapulmonary
Turkey,2009,sp,m,0-14,34,Smear Positive
Turkey,2009,sp,m,15-24,817,Smear Positive
Turkey,2009,sp,m,25-34,986,Smear Positive
Turkey,2009,sp,m,35-44,729,Smear Positive
Turkey,2009,sp,m,45-54,865,Smear Positive
Turkey,2009,sp,m,55-64,500,Smear Positive
Turkey,2009,sp,m,65+,432,Smear Positive
Turkey,2009,sp,f,0-14,36,Smear Positive
Turkey,2009,sp,f,15-24,479,Smear Positive
Turkey,2009,sp,f,25-34,469,Smear Positive
Turkey,2009,sp,f,35-44,171,Smear Positive
Turkey,2009,sp,f,45-54,137,Smear Positive
Turkey,2009,sp,f,55-64,127,Smear Positive
Turkey,2009,sp,f,65+,225,Smear Positive
Turkey,2009,sn,m,0-14,211,Smear Negative
Turkey,2009,sn,m,15-24,554,Smear Negative
Turkey,2009,sn,m,25-34,558,Smear Negative
Turkey,2009,sn,m,35-44,375,Smear Negative
Turkey,2009,sn,m,45-54,384,Smear Negative
Turkey,2009,sn,m,55-64,260,Smear Negative
Turkey,2009,sn,m,65+,310,Smear Negative
Turkey,2009,sn,f,0-14,248,Smear Negative
Turkey,2009,sn,f,15-24,452,Smear Negative
Turkey,2009,sn,f,25-34,341,Smear Negative
Turkey,2009,sn,f,35-44,174,Smear Negative
Turkey,2009,sn,f,45-54,137,Smear Negative
Turkey,2009,sn,f,55-64,121,Smear Negative
Turkey,2009,sn,f,65+,164,Smear Negative
Turkey,2009,ep,m,0-14,210,Extrapulmonary
Turkey,2009,ep,m,15-24,563,Extrapulmonary
Turkey,2009,ep,m,25-34,505,Extrapulmonary
Turkey,2009,ep,m,35-44,321,Extrapulmonary
Turkey,2009,ep,m,45-54,288,Extrapulmonary
Turkey,2009,ep,m,55-64,232,Extrapulmonary
Turkey,2009,ep,m,65+,295,Extrapulmonary
Turkey,2009,ep,f,0-14,201,Extrapulmonary
Turkey,2009,ep,f,15-24,545,Extrapulmonary
Turkey,2009,ep,f,25-34,586,Extrapulmonary
Turkey,2009,ep,f,35-44,458,Extrapulmonary
Turkey,2009,ep,f,45-54,513,Extrapulmonary
Turkey,2009,ep,f,55-64,463,Extrapulmonary
Turkey,2009,ep,f,65+,467,Extrapulmonary
Turkey,2010,sp,m,0-14,23,Smear Positive
Turkey,2010,sp,m,15-24,631,Smear Positive
Turkey,2010,sp,m,25-34,779,Smear Positive
Turkey,2010,sp,m,35-44,703,Smear Positive
Turkey,2010,sp,m,45-54,778,Smear Positive
Turkey,2010,sp,m,55-64,514,Smear Positive
Turkey,2010,sp,m,65+,407,Smear Positive
Turkey,2010,sp,f,0-14,33,Smear Positive
Turkey,2010,sp,f,15-24,485,Smear Positive
Turkey,2010,sp,f,25-34,384,Smear Positive
Turkey,2010,sp,f,35-44,193,Smear Positive
Turkey,2010,sp,f,45-54,141,Smear Positive
Turkey,2010,sp,f,55-64,101,Smear Positive
Turkey,2010,sp,f,65+,203,Smear Positive
Turkey,2010,sn,m,0-14,246,Smear Negative
Turkey,2010,sn,m,15-24,476,Smear Negative
Turkey,2010,sn,m,25-34,500,Smear Negative
Turkey,2010,sn,m,35-44,362,Smear Negative
Turkey,2010,sn,m,45-54,367,Smear Negative
Turkey,2010,sn,m,55-64,273,Smear Negative
Turkey,2010,sn,m,65+,313,Smear Negative
Turkey,2010,sn,f,0-14,222,Smear Negative
Turkey,2010,sn,f,15-24,450,Smear Negative
Turkey,2010,sn,f,25-34,359,Smear Negative
Turkey,2010,sn,f,35-44,140,Smear Negative
Turkey,2010,sn,f,45-54,138,Smear Negative
Turkey,2010,sn,f,55-64,147,Smear Negative
Turkey,2010,sn,f,65+,198,Smear Negative
Turkey,2010,ep,m,0-14,205,Extrapulmonary
Turkey,2010,ep,m,15-24,502,Extrapulmonary
Turkey,2010,ep,m,25-34,478,Extrapulmonary
Turkey,2010,ep,m,35-44,363,Extrapulmonary
Turkey,2010,ep,m,45-54,301,Extrapulmonary
Turkey,2010,ep,m,55-64,275,Extrapulmonary
Turkey,2010,ep,m,65+,335,Extrapulmonary
Turkey,2010,ep,f,0-14,150,Extrapulmonary
Turkey,2010,ep,f,15-24,490,Extrapulmonary
Turkey,2010,ep,f,25-34,587,Extrapulmonary
Turkey,2010,ep,f,35-44,458,Extrapulmonary
Turkey,2010,ep,f,45-54,509,Extrapulmonary
Turkey,2010,ep,f,55-64,475,Extrapulmonary
Turkey,2010,ep,f,65+,489,Extrapulmonary
Turkey,2011,sp,m,0-14,22,Smear Positive
Turkey,2011,sp,m,15-24,550,Smear Positive
Turkey,2011,sp,m,25-34,693,Smear Positive
Turkey,2011,sp,m,35-44,608,Smear Positive
Turkey,2011,sp,m,45-54,696,Smear Positive
Turkey,2011,sp,m,55-64,482,Smear Positive
Turkey,2011,sp,m,65+,412,Smear Positive
Turkey,2011,sp,f,0-14,25,Smear Positive
Turkey,2011,sp,f,15-24,409,Smear Positive
Turkey,2011,sp,f,25-34,385,Smear Positive
Turkey,2011,sp,f,35-44,195,Smear Positive
Turkey,2011,sp,f,45-54,117,Smear Positive
Turkey,2011,sp,f,55-64,121,Smear Positive
Turkey,2011,sp,f,65+,212,Smear Positive
Turkey,2011,sn,m,0-14,212,Smear Negative
Turkey,2011,sn,m,15-24,441,Smear Negative
Turkey,2011,sn,m,25-34,452,Smear Negative
Turkey,2011,sn,m,35-44,343,Smear Negative
Turkey,2011,sn,m,45-54,331,Smear Negative
Turkey,2011,sn,m,55-64,314,Smear Negative
Turkey,2011,sn,m,65+,310,Smear Negative
Turkey,2011,sn,f,0-14,212,Smear Negative
Turkey,2011,sn,f,15-24,380,Smear Negative
Turkey,2011,sn,f,25-34,298,Smear Negative
Turkey,2011,sn,f,35-44,150,Smear Negative
Turkey,2011,sn,f,45-54,127,Smear Negative
Turkey,2011,sn,f,55-64,159,Smear Negative
Turkey,2011,sn,f,65+,196,Smear Negative
Turkey,2011,ep,m,0-14,140,Extrapulmonary
Turkey,2011,ep,m,15-24,519,Extrapulmonary
Turkey,2011,ep,m,25-34,468,Extrapulmonary
Turkey,2011,ep,m,35-44,311,Extrapulmonary
Turkey,2011,ep,m,45-54,307,Extrapulmonary
Turkey,2011,ep,m,55-64,325,Extrapulmonary
Turkey,2011,ep,m,65+,353,Extrapulmonary
Turkey,2011,ep,f,0-14,133,Extrapulmonary
Turkey,2011,ep,f,15-24,426,Extrapulmonary
Turkey,2011,ep,f,25-34,602,Extrapulmonary
Turkey,2011,ep,f,35-44,496,Extrapulmonary
Turkey,2011,ep,f,45-54,501,Extrapulmonary
Turkey,2011,ep,f,55-64,493,Extrapulmonary
Turkey,2011,ep,f,65+,491,Extrapulmonary
Turkey,2012,sp,m,0-14,20,Smear Positive
Turkey,2012,sp,m,15-24,507,Smear Positive
Turkey,2012,sp,m,25-34,655,Smear Positive
Turkey,2012,sp,m,35-44,575,Smear Positive
Turkey,2012,sp,m,45-54,650,Smear Positive
Turkey,2012,sp,m,55-64,476,Smear Positive
Turkey,2012,sp,m,65+,398,Smear Positive
Turkey,2012,sp,f,0-14,30,Smear Positive
Turkey,2012,sp,f,15-24,369,Smear Positive
Turkey,2012,sp,f,25-34,308,Smear Positive
Turkey,2012,sp,f,35-44,168,Smear Positive
Turkey,2012,sp,f,45-54,97,Smear Positive
Turkey,2012,sp,f,55-64,105,Smear Positive
Turkey,2012,sp,f,65+,227,Smear Positive
Turkey,2012,sn,m,0-14,170,Smear Negative
Turkey,2012,sn,m,15-24,396,Smear Negative
Turkey,2012,sn,m,25-34,434,Smear Negative
Turkey,2012,sn,m,35-44,330,Smear Negative
Turkey,2012,sn,m,45-54,334,Smear Negative
Turkey,2012,sn,m,55-64,340,Smear Negative
Turkey,2012,sn,m,65+,363,Smear Negative
Turkey,2012,sn,f,0-14,174,Smear Negative
Turkey,2012,sn,f,15-24,349,Smear Negative
Turkey,2012,sn,f,25-34,288,Smear Negative
Turkey,2012,sn,f,35-44,175,Smear Negative
Turkey,2012,sn,f,45-54,118,Smear Negative
Turkey,2012,sn,f,55-64,133,Smear Negative
Turkey,2012,sn,f,65+,225,Smear Negative
Turkey,2012,ep,m,0-14,151,Extrapulmonary
Turkey,2012,ep,m,15-24,449,Extrapulmonary
Turkey,2012,ep,m,25-34,462,Extrapulmonary
Turkey,2012,ep,m,35-44,346,Extrapulmonary
Turkey,2012,ep,m,45-54,298,Extrapulmonary
Turkey,2012,ep,m,55-64,261,Extrapulmonary
Turkey,2012,ep,m,65+,293,Extrapulmonary
Turkey,2012,ep,f,0-14,127,Extrapulmonary
Turkey,2012,ep,f,15-24,364,Extrapulmonary
Turkey,2012,ep,f,25-34,544,Extrapulmonary
Turkey,2012,ep,f,35-44,419,Extrapulmonary
Turkey,2012,ep,f,45-54,474,Extrapulmonary
Turkey,2012,ep,f,55-64,442,Extrapulmonary
Turkey,2012,ep,f,65+,491,Extrapulmonary
Turkey,2013,rel,m,0-14,282,Relapse
Turkey,2013,rel,m,15-24,1276,Relapse
Turkey,2013,rel,m,25-34,1313,Relapse
Turkey,2013,rel,m,35-44,1175,Relapse
Turkey,2013,rel,m,45-54,1378,Relapse
Turkey,2013,rel,m,55-64,1114,Relapse
Turkey,2013,rel,m,65+,1151,Relapse
Turkey,2013,rel,f,0-14,299,Relapse
Turkey,2013,rel,f,15-24,998,Relapse
Turkey,2013,rel,f,25-34,1136,Relapse
Turkey,2013,rel,f,35-44,743,Relapse
Turkey,2013,rel,f,45-54,663,Relapse
Turkey,2013,rel,f,55-64,682,Relapse
Turkey,2013,rel,f,65+,960,Relapse
Turkmenistan,1995,sp,m,0-14,1,Smear Positive
Turkmenistan,1995,sp,m,15-24,11,Smear Positive
Turkmenistan,1995,sp,m,25-34,188,Smear Positive
Turkmenistan,1995,sp,m,35-44,0,Smear Positive
Turkmenistan,1995,sp,m,45-54,79,Smear Positive
Turkmenistan,1995,sp,m,55-64,30,Smear Positive
Turkmenistan,1995,sp,m,65+,0,Smear Positive
Turkmenistan,1995,sp,f,0-14,2,Smear Positive
Turkmenistan,1995,sp,f,15-24,15,Smear Positive
Turkmenistan,1995,sp,f,25-34,146,Smear Positive
Turkmenistan,1995,sp,f,35-44,0,Smear Positive
Turkmenistan,1995,sp,f,45-54,47,Smear Positive
Turkmenistan,1995,sp,f,55-64,25,Smear Positive
Turkmenistan,1995,sp,f,65+,0,Smear Positive
Turkmenistan,1996,sp,m,0-14,0,Smear Positive
Turkmenistan,1996,sp,m,15-24,15,Smear Positive
Turkmenistan,1996,sp,m,25-34,114,Smear Positive
Turkmenistan,1996,sp,m,35-44,101,Smear Positive
Turkmenistan,1996,sp,m,45-54,44,Smear Positive
Turkmenistan,1996,sp,m,55-64,37,Smear Positive
Turkmenistan,1996,sp,m,65+,23,Smear Positive
Turkmenistan,1996,sp,f,0-14,2,Smear Positive
Turkmenistan,1996,sp,f,15-24,12,Smear Positive
Turkmenistan,1996,sp,f,25-34,75,Smear Positive
Turkmenistan,1996,sp,f,35-44,72,Smear Positive
Turkmenistan,1996,sp,f,45-54,25,Smear Positive
Turkmenistan,1996,sp,f,55-64,19,Smear Positive
Turkmenistan,1996,sp,f,65+,18,Smear Positive
Turkmenistan,1997,sp,m,0-14,2,Smear Positive
Turkmenistan,1997,sp,m,15-24,14,Smear Positive
Turkmenistan,1997,sp,m,25-34,208,Smear Positive
Turkmenistan,1997,sp,m,35-44,77,Smear Positive
Turkmenistan,1997,sp,m,45-54,90,Smear Positive
Turkmenistan,1997,sp,m,55-64,69,Smear Positive
Turkmenistan,1997,sp,m,65+,10,Smear Positive
Turkmenistan,1997,sp,f,0-14,0,Smear Positive
Turkmenistan,1997,sp,f,15-24,10,Smear Positive
Turkmenistan,1997,sp,f,25-34,95,Smear Positive
Turkmenistan,1997,sp,f,35-44,75,Smear Positive
Turkmenistan,1997,sp,f,45-54,47,Smear Positive
Turkmenistan,1997,sp,f,55-64,45,Smear Positive
Turkmenistan,1997,sp,f,65+,22,Smear Positive
Turkmenistan,1998,sp,m,0-14,0,Smear Positive
Turkmenistan,1998,sp,m,15-24,100,Smear Positive
Turkmenistan,1998,sp,m,25-34,210,Smear Positive
Turkmenistan,1998,sp,m,35-44,131,Smear Positive
Turkmenistan,1998,sp,m,45-54,64,Smear Positive
Turkmenistan,1998,sp,m,55-64,48,Smear Positive
Turkmenistan,1998,sp,m,65+,12,Smear Positive
Turkmenistan,1998,sp,f,0-14,2,Smear Positive
Turkmenistan,1998,sp,f,15-24,59,Smear Positive
Turkmenistan,1998,sp,f,25-34,69,Smear Positive
Turkmenistan,1998,sp,f,35-44,43,Smear Positive
Turkmenistan,1998,sp,f,45-54,28,Smear Positive
Turkmenistan,1998,sp,f,55-64,16,Smear Positive
Turkmenistan,1998,sp,f,65+,8,Smear Positive
Turkmenistan,1999,sp,m,0-14,5,Smear Positive
Turkmenistan,1999,sp,m,15-24,129,Smear Positive
Turkmenistan,1999,sp,m,25-34,225,Smear Positive
Turkmenistan,1999,sp,m,35-44,174,Smear Positive
Turkmenistan,1999,sp,m,45-54,77,Smear Positive
Turkmenistan,1999,sp,m,55-64,43,Smear Positive
Turkmenistan,1999,sp,m,65+,17,Smear Positive
Turkmenistan,1999,sp,f,0-14,2,Smear Positive
Turkmenistan,1999,sp,f,15-24,51,Smear Positive
Turkmenistan,1999,sp,f,25-34,103,Smear Positive
Turkmenistan,1999,sp,f,35-44,65,Smear Positive
Turkmenistan,1999,sp,f,45-54,32,Smear Positive
Turkmenistan,1999,sp,f,55-64,27,Smear Positive
Turkmenistan,1999,sp,f,65+,14,Smear Positive
Turkmenistan,2000,sp,m,0-14,16,Smear Positive
Turkmenistan,2000,sp,m,15-24,103,Smear Positive
Turkmenistan,2000,sp,m,25-34,185,Smear Positive
Turkmenistan,2000,sp,m,35-44,144,Smear Positive
Turkmenistan,2000,sp,m,45-54,127,Smear Positive
Turkmenistan,2000,sp,m,55-64,31,Smear Positive
Turkmenistan,2000,sp,m,65+,21,Smear Positive
Turkmenistan,2000,sp,f,0-14,19,Smear Positive
Turkmenistan,2000,sp,f,15-24,73,Smear Positive
Turkmenistan,2000,sp,f,25-34,140,Smear Positive
Turkmenistan,2000,sp,f,35-44,76,Smear Positive
Turkmenistan,2000,sp,f,45-54,31,Smear Positive
Turkmenistan,2000,sp,f,55-64,34,Smear Positive
Turkmenistan,2000,sp,f,65+,17,Smear Positive
Turkmenistan,2001,sp,m,0-14,1,Smear Positive
Turkmenistan,2001,sp,m,15-24,169,Smear Positive
Turkmenistan,2001,sp,m,25-34,295,Smear Positive
Turkmenistan,2001,sp,m,35-44,196,Smear Positive
Turkmenistan,2001,sp,m,45-54,93,Smear Positive
Turkmenistan,2001,sp,m,55-64,46,Smear Positive
Turkmenistan,2001,sp,m,65+,21,Smear Positive
Turkmenistan,2001,sp,f,0-14,3,Smear Positive
Turkmenistan,2001,sp,f,15-24,113,Smear Positive
Turkmenistan,2001,sp,f,25-34,137,Smear Positive
Turkmenistan,2001,sp,f,35-44,70,Smear Positive
Turkmenistan,2001,sp,f,45-54,40,Smear Positive
Turkmenistan,2001,sp,f,55-64,32,Smear Positive
Turkmenistan,2001,sp,f,65+,27,Smear Positive
Turkmenistan,2002,sp,m,0-14,2,Smear Positive
Turkmenistan,2002,sp,m,15-24,164,Smear Positive
Turkmenistan,2002,sp,m,25-34,249,Smear Positive
Turkmenistan,2002,sp,m,35-44,224,Smear Positive
Turkmenistan,2002,sp,m,45-54,112,Smear Positive
Turkmenistan,2002,sp,m,55-64,38,Smear Positive
Turkmenistan,2002,sp,m,65+,21,Smear Positive
Turkmenistan,2002,sp,f,0-14,3,Smear Positive
Turkmenistan,2002,sp,f,15-24,113,Smear Positive
Turkmenistan,2002,sp,f,25-34,143,Smear Positive
Turkmenistan,2002,sp,f,35-44,74,Smear Positive
Turkmenistan,2002,sp,f,45-54,57,Smear Positive
Turkmenistan,2002,sp,f,55-64,34,Smear Positive
Turkmenistan,2002,sp,f,65+,20,Smear Positive
Turkmenistan,2003,sp,m,0-14,3,Smear Positive
Turkmenistan,2003,sp,m,15-24,148,Smear Positive
Turkmenistan,2003,sp,m,25-34,265,Smear Positive
Turkmenistan,2003,sp,m,35-44,212,Smear Positive
Turkmenistan,2003,sp,m,45-54,112,Smear Positive
Turkmenistan,2003,sp,m,55-64,37,Smear Positive
Turkmenistan,2003,sp,m,65+,14,Smear Positive
Turkmenistan,2003,sp,f,0-14,5,Smear Positive
Turkmenistan,2003,sp,f,15-24,94,Smear Positive
Turkmenistan,2003,sp,f,25-34,139,Smear Positive
Turkmenistan,2003,sp,f,35-44,84,Smear Positive
Turkmenistan,2003,sp,f,45-54,42,Smear Positive
Turkmenistan,2003,sp,f,55-64,21,Smear Positive
Turkmenistan,2003,sp,f,65+,21,Smear Positive
Turkmenistan,2004,sp,m,0-14,0,Smear Positive
Turkmenistan,2004,sp,m,15-24,129,Smear Positive
Turkmenistan,2004,sp,m,25-34,250,Smear Positive
Turkmenistan,2004,sp,m,35-44,174,Smear Positive
Turkmenistan,2004,sp,m,45-54,123,Smear Positive
Turkmenistan,2004,sp,m,55-64,37,Smear Positive
Turkmenistan,2004,sp,m,65+,12,Smear Positive
Turkmenistan,2004,sp,f,0-14,2,Smear Positive
Turkmenistan,2004,sp,f,15-24,90,Smear Positive
Turkmenistan,2004,sp,f,25-34,128,Smear Positive
Turkmenistan,2004,sp,f,35-44,68,Smear Positive
Turkmenistan,2004,sp,f,45-54,45,Smear Positive
Turkmenistan,2004,sp,f,55-64,26,Smear Positive
Turkmenistan,2004,sp,f,65+,19,Smear Positive
Turkmenistan,2005,sp,m,0-14,2,Smear Positive
Turkmenistan,2005,sp,m,15-24,148,Smear Positive
Turkmenistan,2005,sp,m,25-34,181,Smear Positive
Turkmenistan,2005,sp,m,35-44,146,Smear Positive
Turkmenistan,2005,sp,m,45-54,97,Smear Positive
Turkmenistan,2005,sp,m,55-64,51,Smear Positive
Turkmenistan,2005,sp,m,65+,13,Smear Positive
Turkmenistan,2005,sp,f,0-14,3,Smear Positive
Turkmenistan,2005,sp,f,15-24,100,Smear Positive
Turkmenistan,2005,sp,f,25-34,101,Smear Positive
Turkmenistan,2005,sp,f,35-44,72,Smear Positive
Turkmenistan,2005,sp,f,45-54,46,Smear Positive
Turkmenistan,2005,sp,f,55-64,27,Smear Positive
Turkmenistan,2005,sp,f,65+,8,Smear Positive
Turkmenistan,2006,sp,m,0-14,0,Smear Positive
Turkmenistan,2006,sp,m,15-24,140,Smear Positive
Turkmenistan,2006,sp,m,25-34,273,Smear Positive
Turkmenistan,2006,sp,m,35-44,191,Smear Positive
Turkmenistan,2006,sp,m,45-54,120,Smear Positive
Turkmenistan,2006,sp,m,55-64,33,Smear Positive
Turkmenistan,2006,sp,m,65+,18,Smear Positive
Turkmenistan,2006,sp,f,0-14,5,Smear Positive
Turkmenistan,2006,sp,f,15-24,107,Smear Positive
Turkmenistan,2006,sp,f,25-34,115,Smear Positive
Turkmenistan,2006,sp,f,35-44,72,Smear Positive
Turkmenistan,2006,sp,f,45-54,34,Smear Positive
Turkmenistan,2006,sp,f,55-64,24,Smear Positive
Turkmenistan,2006,sp,f,65+,23,Smear Positive
Turkmenistan,2006,sn,m,0-14,8,Smear Negative
Turkmenistan,2006,sn,m,15-24,140,Smear Negative
Turkmenistan,2006,sn,m,25-34,180,Smear Negative
Turkmenistan,2006,sn,m,35-44,126,Smear Negative
Turkmenistan,2006,sn,m,45-54,71,Smear Negative
Turkmenistan,2006,sn,m,55-64,35,Smear Negative
Turkmenistan,2006,sn,m,65+,12,Smear Negative
Turkmenistan,2006,sn,f,0-14,7,Smear Negative
Turkmenistan,2006,sn,f,15-24,87,Smear Negative
Turkmenistan,2006,sn,f,25-34,100,Smear Negative
Turkmenistan,2006,sn,f,35-44,62,Smear Negative
Turkmenistan,2006,sn,f,45-54,24,Smear Negative
Turkmenistan,2006,sn,f,55-64,24,Smear Negative
Turkmenistan,2006,sn,f,65+,12,Smear Negative
Turkmenistan,2006,ep,m,0-14,9,Extrapulmonary
Turkmenistan,2006,ep,m,15-24,38,Extrapulmonary
Turkmenistan,2006,ep,m,25-34,42,Extrapulmonary
Turkmenistan,2006,ep,m,35-44,28,Extrapulmonary
Turkmenistan,2006,ep,m,45-54,15,Extrapulmonary
Turkmenistan,2006,ep,m,55-64,14,Extrapulmonary
Turkmenistan,2006,ep,m,65+,4,Extrapulmonary
Turkmenistan,2006,ep,f,0-14,9,Extrapulmonary
Turkmenistan,2006,ep,f,15-24,18,Extrapulmonary
Turkmenistan,2006,ep,f,25-34,23,Extrapulmonary
Turkmenistan,2006,ep,f,35-44,30,Extrapulmonary
Turkmenistan,2006,ep,f,45-54,12,Extrapulmonary
Turkmenistan,2006,ep,f,55-64,10,Extrapulmonary
Turkmenistan,2006,ep,f,65+,4,Extrapulmonary
Turkmenistan,2007,sp,m,0-14,2,Smear Positive
Turkmenistan,2007,sp,m,15-24,176,Smear Positive
Turkmenistan,2007,sp,m,25-34,272,Smear Positive
Turkmenistan,2007,sp,m,35-44,224,Smear Positive
Turkmenistan,2007,sp,m,45-54,137,Smear Positive
Turkmenistan,2007,sp,m,55-64,56,Smear Positive
Turkmenistan,2007,sp,m,65+,23,Smear Positive
Turkmenistan,2007,sp,f,0-14,6,Smear Positive
Turkmenistan,2007,sp,f,15-24,129,Smear Positive
Turkmenistan,2007,sp,f,25-34,132,Smear Positive
Turkmenistan,2007,sp,f,35-44,81,Smear Positive
Turkmenistan,2007,sp,f,45-54,69,Smear Positive
Turkmenistan,2007,sp,f,55-64,36,Smear Positive
Turkmenistan,2007,sp,f,65+,35,Smear Positive
Turkmenistan,2007,sn,m,0-14,0,Smear Negative
Turkmenistan,2007,sn,m,15-24,0,Smear Negative
Turkmenistan,2007,sn,m,25-34,0,Smear Negative
Turkmenistan,2007,sn,m,35-44,0,Smear Negative
Turkmenistan,2007,sn,m,45-54,0,Smear Negative
Turkmenistan,2007,sn,m,55-64,0,Smear Negative
Turkmenistan,2007,sn,m,65+,0,Smear Negative
Turkmenistan,2007,sn,f,0-14,0,Smear Negative
Turkmenistan,2007,sn,f,15-24,0,Smear Negative
Turkmenistan,2007,sn,f,25-34,0,Smear Negative
Turkmenistan,2007,sn,f,35-44,0,Smear Negative
Turkmenistan,2007,sn,f,45-54,0,Smear Negative
Turkmenistan,2007,sn,f,55-64,0,Smear Negative
Turkmenistan,2007,sn,f,65+,0,Smear Negative
Turkmenistan,2007,ep,m,0-14,0,Extrapulmonary
Turkmenistan,2007,ep,m,15-24,0,Extrapulmonary
Turkmenistan,2007,ep,m,25-34,0,Extrapulmonary
Turkmenistan,2007,ep,m,35-44,0,Extrapulmonary
Turkmenistan,2007,ep,m,45-54,0,Extrapulmonary
Turkmenistan,2007,ep,m,55-64,0,Extrapulmonary
Turkmenistan,2007,ep,m,65+,0,Extrapulmonary
Turkmenistan,2007,ep,f,0-14,0,Extrapulmonary
Turkmenistan,2007,ep,f,15-24,0,Extrapulmonary
Turkmenistan,2007,ep,f,25-34,0,Extrapulmonary
Turkmenistan,2007,ep,f,35-44,0,Extrapulmonary
Turkmenistan,2007,ep,f,45-54,0,Extrapulmonary
Turkmenistan,2007,ep,f,55-64,0,Extrapulmonary
Turkmenistan,2007,ep,f,65+,0,Extrapulmonary
Turkmenistan,2008,sp,m,0-14,3,Smear Positive
Turkmenistan,2008,sp,m,15-24,176,Smear Positive
Turkmenistan,2008,sp,m,25-34,235,Smear Positive
Turkmenistan,2008,sp,m,35-44,201,Smear Positive
Turkmenistan,2008,sp,m,45-54,164,Smear Positive
Turkmenistan,2008,sp,m,55-64,56,Smear Positive
Turkmenistan,2008,sp,m,65+,24,Smear Positive
Turkmenistan,2008,sp,f,0-14,4,Smear Positive
Turkmenistan,2008,sp,f,15-24,126,Smear Positive
Turkmenistan,2008,sp,f,25-34,146,Smear Positive
Turkmenistan,2008,sp,f,35-44,81,Smear Positive
Turkmenistan,2008,sp,f,45-54,56,Smear Positive
Turkmenistan,2008,sp,f,55-64,29,Smear Positive
Turkmenistan,2008,sp,f,65+,30,Smear Positive
Turkmenistan,2009,sp,m,0-14,0,Smear Positive
Turkmenistan,2009,sp,m,15-24,178,Smear Positive
Turkmenistan,2009,sp,m,25-34,223,Smear Positive
Turkmenistan,2009,sp,m,35-44,221,Smear Positive
Turkmenistan,2009,sp,m,45-54,155,Smear Positive
Turkmenistan,2009,sp,m,55-64,59,Smear Positive
Turkmenistan,2009,sp,m,65+,32,Smear Positive
Turkmenistan,2009,sp,f,0-14,5,Smear Positive
Turkmenistan,2009,sp,f,15-24,146,Smear Positive
Turkmenistan,2009,sp,f,25-34,119,Smear Positive
Turkmenistan,2009,sp,f,35-44,90,Smear Positive
Turkmenistan,2009,sp,f,45-54,65,Smear Positive
Turkmenistan,2009,sp,f,55-64,47,Smear Positive
Turkmenistan,2009,sp,f,65+,30,Smear Positive
Turkmenistan,2010,sp,m,0-14,1,Smear Positive
Turkmenistan,2010,sp,m,15-24,130,Smear Positive
Turkmenistan,2010,sp,m,25-34,212,Smear Positive
Turkmenistan,2010,sp,m,35-44,183,Smear Positive
Turkmenistan,2010,sp,m,45-54,141,Smear Positive
Turkmenistan,2010,sp,m,55-64,51,Smear Positive
Turkmenistan,2010,sp,m,65+,26,Smear Positive
Turkmenistan,2010,sp,f,0-14,2,Smear Positive
Turkmenistan,2010,sp,f,15-24,112,Smear Positive
Turkmenistan,2010,sp,f,25-34,112,Smear Positive
Turkmenistan,2010,sp,f,35-44,74,Smear Positive
Turkmenistan,2010,sp,f,45-54,46,Smear Positive
Turkmenistan,2010,sp,f,55-64,38,Smear Positive
Turkmenistan,2010,sp,f,65+,25,Smear Positive
Turkmenistan,2011,sp,m,0-14,0,Smear Positive
Turkmenistan,2011,sp,m,15-24,117,Smear Positive
Turkmenistan,2011,sp,m,25-34,179,Smear Positive
Turkmenistan,2011,sp,m,35-44,167,Smear Positive
Turkmenistan,2011,sp,m,45-54,134,Smear Positive
Turkmenistan,2011,sp,m,55-64,91,Smear Positive
Turkmenistan,2011,sp,m,65+,23,Smear Positive
Turkmenistan,2011,sp,f,0-14,1,Smear Positive
Turkmenistan,2011,sp,f,15-24,113,Smear Positive
Turkmenistan,2011,sp,f,25-34,115,Smear Positive
Turkmenistan,2011,sp,f,35-44,94,Smear Positive
Turkmenistan,2011,sp,f,45-54,50,Smear Positive
Turkmenistan,2011,sp,f,55-64,33,Smear Positive
Turkmenistan,2011,sp,f,65+,20,Smear Positive
Turkmenistan,2011,sn,m,0-14,26,Smear Negative
Turkmenistan,2011,sn,m,15-24,93,Smear Negative
Turkmenistan,2011,sn,m,25-34,151,Smear Negative
Turkmenistan,2011,sn,m,35-44,149,Smear Negative
Turkmenistan,2011,sn,m,45-54,123,Smear Negative
Turkmenistan,2011,sn,m,55-64,71,Smear Negative
Turkmenistan,2011,sn,m,65+,15,Smear Negative
Turkmenistan,2011,sn,f,0-14,24,Smear Negative
Turkmenistan,2011,sn,f,15-24,103,Smear Negative
Turkmenistan,2011,sn,f,25-34,95,Smear Negative
Turkmenistan,2011,sn,f,35-44,79,Smear Negative
Turkmenistan,2011,sn,f,45-54,42,Smear Negative
Turkmenistan,2011,sn,f,55-64,20,Smear Negative
Turkmenistan,2011,sn,f,65+,12,Smear Negative
Turkmenistan,2012,sp,m,0-14,1,Smear Positive
Turkmenistan,2012,sp,m,15-24,111,Smear Positive
Turkmenistan,2012,sp,m,25-34,200,Smear Positive
Turkmenistan,2012,sp,m,35-44,171,Smear Positive
Turkmenistan,2012,sp,m,45-54,135,Smear Positive
Turkmenistan,2012,sp,m,55-64,62,Smear Positive
Turkmenistan,2012,sp,m,65+,20,Smear Positive
Turkmenistan,2012,sp,f,0-14,0,Smear Positive
Turkmenistan,2012,sp,f,15-24,137,Smear Positive
Turkmenistan,2012,sp,f,25-34,120,Smear Positive
Turkmenistan,2012,sp,f,35-44,56,Smear Positive
Turkmenistan,2012,sp,f,45-54,64,Smear Positive
Turkmenistan,2012,sp,f,55-64,37,Smear Positive
Turkmenistan,2012,sp,f,65+,33,Smear Positive
Turkmenistan,2012,sn,m,0-14,22,Smear Negative
Turkmenistan,2012,sn,m,15-24,204,Smear Negative
Turkmenistan,2012,sn,m,25-34,170,Smear Negative
Turkmenistan,2012,sn,m,35-44,131,Smear Negative
Turkmenistan,2012,sn,m,45-54,93,Smear Negative
Turkmenistan,2012,sn,m,55-64,43,Smear Negative
Turkmenistan,2012,sn,m,65+,11,Smear Negative
Turkmenistan,2012,sn,f,0-14,21,Smear Negative
Turkmenistan,2012,sn,f,15-24,112,Smear Negative
Turkmenistan,2012,sn,f,25-34,142,Smear Negative
Turkmenistan,2012,sn,f,35-44,61,Smear Negative
Turkmenistan,2012,sn,f,45-54,63,Smear Negative
Turkmenistan,2012,sn,f,55-64,37,Smear Negative
Turkmenistan,2012,sn,f,65+,7,Smear Negative
Turks and Caicos Islands,2002,sp,m,35-44,1,Smear Positive
Turks and Caicos Islands,2002,sp,f,25-34,1,Smear Positive
Turks and Caicos Islands,2003,sp,m,0-14,0,Smear Positive
Turks and Caicos Islands,2003,sp,m,15-24,0,Smear Positive
Turks and Caicos Islands,2003,sp,m,25-34,2,Smear Positive
Turks and Caicos Islands,2003,sp,m,35-44,0,Smear Positive
Turks and Caicos Islands,2003,sp,m,45-54,0,Smear Positive
Turks and Caicos Islands,2003,sp,m,55-64,0,Smear Positive
Turks and Caicos Islands,2003,sp,m,65+,0,Smear Positive
Turks and Caicos Islands,2003,sp,f,0-14,0,Smear Positive
Turks and Caicos Islands,2003,sp,f,15-24,0,Smear Positive
Turks and Caicos Islands,2003,sp,f,25-34,2,Smear Positive
Turks and Caicos Islands,2003,sp,f,35-44,0,Smear Positive
Turks and Caicos Islands,2003,sp,f,45-54,2,Smear Positive
Turks and Caicos Islands,2003,sp,f,55-64,0,Smear Positive
Turks and Caicos Islands,2003,sp,f,65+,0,Smear Positive
Turks and Caicos Islands,2006,sp,m,0-14,0,Smear Positive
Turks and Caicos Islands,2006,sp,m,15-24,1,Smear Positive
Turks and Caicos Islands,2006,sp,m,25-34,1,Smear Positive
Turks and Caicos Islands,2006,sp,m,35-44,0,Smear Positive
Turks and Caicos Islands,2006,sp,m,45-54,0,Smear Positive
Turks and Caicos Islands,2006,sp,m,55-64,0,Smear Positive
Turks and Caicos Islands,2006,sp,m,65+,0,Smear Positive
Turks and Caicos Islands,2006,sp,f,0-14,0,Smear Positive
Turks and Caicos Islands,2006,sp,f,15-24,1,Smear Positive
Turks and Caicos Islands,2006,sp,f,25-34,1,Smear Positive
Turks and Caicos Islands,2006,sp,f,35-44,1,Smear Positive
Turks and Caicos Islands,2006,sp,f,45-54,1,Smear Positive
Turks and Caicos Islands,2006,sp,f,55-64,1,Smear Positive
Turks and Caicos Islands,2006,sp,f,65+,0,Smear Positive
Turks and Caicos Islands,2006,sn,m,0-14,0,Smear Negative
Turks and Caicos Islands,2006,sn,m,15-24,0,Smear Negative
Turks and Caicos Islands,2006,sn,m,25-34,0,Smear Negative
Turks and Caicos Islands,2006,sn,m,35-44,0,Smear Negative
Turks and Caicos Islands,2006,sn,m,45-54,0,Smear Negative
Turks and Caicos Islands,2006,sn,m,55-64,0,Smear Negative
Turks and Caicos Islands,2006,sn,m,65+,0,Smear Negative
Turks and Caicos Islands,2006,sn,f,0-14,0,Smear Negative
Turks and Caicos Islands,2006,sn,f,15-24,0,Smear Negative
Turks and Caicos Islands,2006,sn,f,25-34,0,Smear Negative
Turks and Caicos Islands,2006,sn,f,35-44,0,Smear Negative
Turks and Caicos Islands,2006,sn,f,45-54,0,Smear Negative
Turks and Caicos Islands,2006,sn,f,55-64,0,Smear Negative
Turks and Caicos Islands,2006,sn,f,65+,0,Smear Negative
Turks and Caicos Islands,2006,ep,m,0-14,0,Extrapulmonary
Turks and Caicos Islands,2006,ep,m,15-24,0,Extrapulmonary
Turks and Caicos Islands,2006,ep,m,25-34,0,Extrapulmonary
Turks and Caicos Islands,2006,ep,m,35-44,0,Extrapulmonary
Turks and Caicos Islands,2006,ep,m,45-54,0,Extrapulmonary
Turks and Caicos Islands,2006,ep,m,55-64,0,Extrapulmonary
Turks and Caicos Islands,2006,ep,m,65+,0,Extrapulmonary
Turks and Caicos Islands,2006,ep,f,0-14,0,Extrapulmonary
Turks and Caicos Islands,2006,ep,f,15-24,0,Extrapulmonary
Turks and Caicos Islands,2006,ep,f,25-34,0,Extrapulmonary
Turks and Caicos Islands,2006,ep,f,35-44,0,Extrapulmonary
Turks and Caicos Islands,2006,ep,f,45-54,0,Extrapulmonary
Turks and Caicos Islands,2006,ep,f,55-64,0,Extrapulmonary
Turks and Caicos Islands,2006,ep,f,65+,0,Extrapulmonary
Turks and Caicos Islands,2010,sp,m,0-14,0,Smear Positive
Turks and Caicos Islands,2010,sp,m,15-24,0,Smear Positive
Turks and Caicos Islands,2010,sp,m,25-34,0,Smear Positive
Turks and Caicos Islands,2010,sp,m,35-44,1,Smear Positive
Turks and Caicos Islands,2010,sp,m,45-54,0,Smear Positive
Turks and Caicos Islands,2010,sp,m,55-64,0,Smear Positive
Turks and Caicos Islands,2010,sp,m,65+,0,Smear Positive
Turks and Caicos Islands,2010,sp,f,0-14,0,Smear Positive
Turks and Caicos Islands,2010,sp,f,15-24,0,Smear Positive
Turks and Caicos Islands,2010,sp,f,25-34,0,Smear Positive
Turks and Caicos Islands,2010,sp,f,35-44,1,Smear Positive
Turks and Caicos Islands,2010,sp,f,45-54,1,Smear Positive
Turks and Caicos Islands,2010,sp,f,55-64,0,Smear Positive
Turks and Caicos Islands,2010,sp,f,65+,0,Smear Positive
Turks and Caicos Islands,2010,sn,m,0-14,0,Smear Negative
Turks and Caicos Islands,2010,sn,m,15-24,0,Smear Negative
Turks and Caicos Islands,2010,sn,m,25-34,0,Smear Negative
Turks and Caicos Islands,2010,sn,m,35-44,0,Smear Negative
Turks and Caicos Islands,2010,sn,m,45-54,0,Smear Negative
Turks and Caicos Islands,2010,sn,m,65+,0,Smear Negative
Turks and Caicos Islands,2010,sn,f,0-14,0,Smear Negative
Turks and Caicos Islands,2010,sn,f,15-24,1,Smear Negative
Turks and Caicos Islands,2010,sn,f,25-34,0,Smear Negative
Turks and Caicos Islands,2010,sn,f,35-44,0,Smear Negative
Turks and Caicos Islands,2010,sn,f,45-54,0,Smear Negative
Turks and Caicos Islands,2010,sn,f,55-64,0,Smear Negative
Turks and Caicos Islands,2010,sn,f,65+,0,Smear Negative
Turks and Caicos Islands,2010,ep,m,0-14,0,Extrapulmonary
Turks and Caicos Islands,2010,ep,m,15-24,0,Extrapulmonary
Turks and Caicos Islands,2010,ep,m,25-34,1,Extrapulmonary
Turks and Caicos Islands,2010,ep,m,35-44,0,Extrapulmonary
Turks and Caicos Islands,2010,ep,m,45-54,0,Extrapulmonary
Turks and Caicos Islands,2010,ep,m,55-64,0,Extrapulmonary
Turks and Caicos Islands,2010,ep,m,65+,0,Extrapulmonary
Turks and Caicos Islands,2010,ep,f,0-14,0,Extrapulmonary
Turks and Caicos Islands,2010,ep,f,15-24,0,Extrapulmonary
Turks and Caicos Islands,2010,ep,f,25-34,0,Extrapulmonary
Turks and Caicos Islands,2010,ep,f,35-44,0,Extrapulmonary
Turks and Caicos Islands,2010,ep,f,45-54,0,Extrapulmonary
Turks and Caicos Islands,2010,ep,f,55-64,0,Extrapulmonary
Turks and Caicos Islands,2010,ep,f,65+,0,Extrapulmonary
Turks and Caicos Islands,2011,sp,m,0-14,0,Smear Positive
Turks and Caicos Islands,2011,sp,m,15-24,2,Smear Positive
Turks and Caicos Islands,2011,sp,m,25-34,3,Smear Positive
Turks and Caicos Islands,2011,sp,m,35-44,2,Smear Positive
Turks and Caicos Islands,2011,sp,m,45-54,0,Smear Positive
Turks and Caicos Islands,2011,sp,m,55-64,1,Smear Positive
Turks and Caicos Islands,2011,sp,m,65+,0,Smear Positive
Turks and Caicos Islands,2011,sp,f,0-14,0,Smear Positive
Turks and Caicos Islands,2011,sp,f,15-24,0,Smear Positive
Turks and Caicos Islands,2011,sp,f,25-34,0,Smear Positive
Turks and Caicos Islands,2011,sp,f,35-44,0,Smear Positive
Turks and Caicos Islands,2011,sp,f,45-54,0,Smear Positive
Turks and Caicos Islands,2011,sp,f,55-64,0,Smear Positive
Turks and Caicos Islands,2011,sp,f,65+,0,Smear Positive
Turks and Caicos Islands,2011,sn,m,0-14,0,Smear Negative
Turks and Caicos Islands,2011,sn,m,15-24,0,Smear Negative
Turks and Caicos Islands,2011,sn,m,25-34,0,Smear Negative
Turks and Caicos Islands,2011,sn,m,35-44,0,Smear Negative
Turks and Caicos Islands,2011,sn,m,45-54,0,Smear Negative
Turks and Caicos Islands,2011,sn,m,55-64,0,Smear Negative
Turks and Caicos Islands,2011,sn,m,65+,0,Smear Negative
Turks and Caicos Islands,2011,sn,f,0-14,0,Smear Negative
Turks and Caicos Islands,2011,sn,f,15-24,0,Smear Negative
Turks and Caicos Islands,2011,sn,f,25-34,0,Smear Negative
Turks and Caicos Islands,2011,sn,f,35-44,0,Smear Negative
Turks and Caicos Islands,2011,sn,f,45-54,0,Smear Negative
Turks and Caicos Islands,2011,sn,f,55-64,0,Smear Negative
Turks and Caicos Islands,2011,sn,f,65+,0,Smear Negative
Turks and Caicos Islands,2011,ep,m,0-14,0,Extrapulmonary
Turks and Caicos Islands,2011,ep,m,15-24,0,Extrapulmonary
Turks and Caicos Islands,2011,ep,m,25-34,0,Extrapulmonary
Turks and Caicos Islands,2011,ep,m,35-44,0,Extrapulmonary
Turks and Caicos Islands,2011,ep,m,45-54,0,Extrapulmonary
Turks and Caicos Islands,2011,ep,m,55-64,0,Extrapulmonary
Turks and Caicos Islands,2011,ep,m,65+,0,Extrapulmonary
Turks and Caicos Islands,2011,ep,f,0-14,0,Extrapulmonary
Turks and Caicos Islands,2011,ep,f,15-24,0,Extrapulmonary
Turks and Caicos Islands,2011,ep,f,25-34,0,Extrapulmonary
Turks and Caicos Islands,2011,ep,f,35-44,0,Extrapulmonary
Turks and Caicos Islands,2011,ep,f,45-54,0,Extrapulmonary
Turks and Caicos Islands,2011,ep,f,55-64,0,Extrapulmonary
Turks and Caicos Islands,2011,ep,f,65+,0,Extrapulmonary
Turks and Caicos Islands,2012,sp,m,0-14,0,Smear Positive
Turks and Caicos Islands,2012,sp,m,15-24,0,Smear Positive
Turks and Caicos Islands,2012,sp,m,35-44,2,Smear Positive
Turks and Caicos Islands,2012,sp,m,45-54,0,Smear Positive
Turks and Caicos Islands,2012,sp,m,55-64,0,Smear Positive
Turks and Caicos Islands,2012,sp,m,65+,0,Smear Positive
Turks and Caicos Islands,2012,sp,f,0-14,0,Smear Positive
Turks and Caicos Islands,2012,sp,f,15-24,0,Smear Positive
Turks and Caicos Islands,2012,sp,f,25-34,2,Smear Positive
Turks and Caicos Islands,2012,sp,f,35-44,0,Smear Positive
Turks and Caicos Islands,2012,sp,f,45-54,1,Smear Positive
Turks and Caicos Islands,2012,sp,f,55-64,0,Smear Positive
Turks and Caicos Islands,2012,sp,f,65+,0,Smear Positive
Turks and Caicos Islands,2012,sn,m,0-14,0,Smear Negative
Turks and Caicos Islands,2012,sn,m,15-24,0,Smear Negative
Turks and Caicos Islands,2012,sn,m,25-34,0,Smear Negative
Turks and Caicos Islands,2012,sn,m,35-44,0,Smear Negative
Turks and Caicos Islands,2012,sn,m,45-54,0,Smear Negative
Turks and Caicos Islands,2012,sn,m,55-64,1,Smear Negative
Turks and Caicos Islands,2012,sn,m,65+,0,Smear Negative
Turks and Caicos Islands,2012,sn,f,0-14,0,Smear Negative
Turks and Caicos Islands,2012,sn,f,15-24,0,Smear Negative
Turks and Caicos Islands,2012,sn,f,25-34,0,Smear Negative
Turks and Caicos Islands,2012,sn,f,35-44,1,Smear Negative
Turks and Caicos Islands,2012,sn,f,45-54,0,Smear Negative
Turks and Caicos Islands,2012,sn,f,55-64,0,Smear Negative
Turks and Caicos Islands,2012,sn,f,65+,0,Smear Negative
Turks and Caicos Islands,2012,ep,m,0-14,0,Extrapulmonary
Turks and Caicos Islands,2012,ep,m,15-24,0,Extrapulmonary
Turks and Caicos Islands,2012,ep,m,25-34,0,Extrapulmonary
Turks and Caicos Islands,2012,ep,m,35-44,0,Extrapulmonary
Turks and Caicos Islands,2012,ep,m,45-54,0,Extrapulmonary
Turks and Caicos Islands,2012,ep,m,55-64,0,Extrapulmonary
Turks and Caicos Islands,2012,ep,m,65+,0,Extrapulmonary
Turks and Caicos Islands,2012,ep,f,0-14,0,Extrapulmonary
Turks and Caicos Islands,2012,ep,f,15-24,0,Extrapulmonary
Turks and Caicos Islands,2012,ep,f,25-34,0,Extrapulmonary
Turks and Caicos Islands,2012,ep,f,35-44,1,Extrapulmonary
Turks and Caicos Islands,2012,ep,f,45-54,0,Extrapulmonary
Turks and Caicos Islands,2012,ep,f,55-64,0,Extrapulmonary
Turks and Caicos Islands,2012,ep,f,65+,0,Extrapulmonary
Turks and Caicos Islands,2013,rel,f,15-24,1,Relapse
Turks and Caicos Islands,2013,rel,f,35-44,1,Relapse
Tuvalu,1995,sp,m,0-14,1,Smear Positive
Tuvalu,1995,sp,m,15-24,0,Smear Positive
Tuvalu,1995,sp,m,25-34,1,Smear Positive
Tuvalu,1995,sp,m,35-44,0,Smear Positive
Tuvalu,1995,sp,m,45-54,0,Smear Positive
Tuvalu,1995,sp,m,55-64,1,Smear Positive
Tuvalu,1995,sp,m,65+,0,Smear Positive
Tuvalu,1995,sp,f,0-14,0,Smear Positive
Tuvalu,1995,sp,f,15-24,1,Smear Positive
Tuvalu,1995,sp,f,25-34,1,Smear Positive
Tuvalu,1995,sp,f,35-44,0,Smear Positive
Tuvalu,1995,sp,f,45-54,0,Smear Positive
Tuvalu,1995,sp,f,55-64,1,Smear Positive
Tuvalu,1995,sp,f,65+,0,Smear Positive
Tuvalu,1998,sp,m,0-14,1,Smear Positive
Tuvalu,1998,sp,m,25-34,3,Smear Positive
Tuvalu,1998,sp,m,35-44,2,Smear Positive
Tuvalu,1998,sp,m,55-64,1,Smear Positive
Tuvalu,1998,sp,m,65+,1,Smear Positive
Tuvalu,1998,sp,f,0-14,6,Smear Positive
Tuvalu,1998,sp,f,25-34,1,Smear Positive
Tuvalu,1998,sp,f,35-44,1,Smear Positive
Tuvalu,1998,sp,f,45-54,1,Smear Positive
Tuvalu,1998,sp,f,65+,1,Smear Positive
Tuvalu,2003,sp,m,0-14,4,Smear Positive
Tuvalu,2003,sp,m,15-24,2,Smear Positive
Tuvalu,2003,sp,m,25-34,0,Smear Positive
Tuvalu,2003,sp,m,35-44,1,Smear Positive
Tuvalu,2003,sp,m,45-54,6,Smear Positive
Tuvalu,2003,sp,m,55-64,0,Smear Positive
Tuvalu,2003,sp,m,65+,0,Smear Positive
Tuvalu,2003,sp,f,0-14,0,Smear Positive
Tuvalu,2003,sp,f,15-24,3,Smear Positive
Tuvalu,2003,sp,f,25-34,0,Smear Positive
Tuvalu,2003,sp,f,35-44,1,Smear Positive
Tuvalu,2003,sp,f,45-54,0,Smear Positive
Tuvalu,2003,sp,f,55-64,0,Smear Positive
Tuvalu,2003,sp,f,65+,0,Smear Positive
Tuvalu,2005,sp,m,45-54,1,Smear Positive
Tuvalu,2005,sp,m,55-64,1,Smear Positive
Tuvalu,2005,sp,f,15-24,1,Smear Positive
Tuvalu,2005,sp,f,55-64,2,Smear Positive
Tuvalu,2006,sp,m,0-14,0,Smear Positive
Tuvalu,2006,sp,m,15-24,1,Smear Positive
Tuvalu,2006,sp,m,25-34,0,Smear Positive
Tuvalu,2006,sp,m,35-44,0,Smear Positive
Tuvalu,2006,sp,m,45-54,0,Smear Positive
Tuvalu,2006,sp,m,55-64,0,Smear Positive
Tuvalu,2006,sp,m,65+,0,Smear Positive
Tuvalu,2006,sp,f,0-14,0,Smear Positive
Tuvalu,2006,sp,f,15-24,1,Smear Positive
Tuvalu,2006,sp,f,25-34,0,Smear Positive
Tuvalu,2006,sp,f,35-44,1,Smear Positive
Tuvalu,2006,sp,f,45-54,1,Smear Positive
Tuvalu,2006,sp,f,55-64,0,Smear Positive
Tuvalu,2006,sp,f,65+,0,Smear Positive
Tuvalu,2006,sn,m,0-14,0,Smear Negative
Tuvalu,2006,sn,m,15-24,0,Smear Negative
Tuvalu,2006,sn,m,25-34,0,Smear Negative
Tuvalu,2006,sn,m,35-44,0,Smear Negative
Tuvalu,2006,sn,m,45-54,1,Smear Negative
Tuvalu,2006,sn,m,55-64,0,Smear Negative
Tuvalu,2006,sn,m,65+,0,Smear Negative
Tuvalu,2006,sn,f,0-14,0,Smear Negative
Tuvalu,2006,sn,f,15-24,0,Smear Negative
Tuvalu,2006,sn,f,25-34,0,Smear Negative
Tuvalu,2006,sn,f,35-44,0,Smear Negative
Tuvalu,2006,sn,f,45-54,0,Smear Negative
Tuvalu,2006,sn,f,55-64,0,Smear Negative
Tuvalu,2006,sn,f,65+,2,Smear Negative
Tuvalu,2006,ep,m,0-14,1,Extrapulmonary
Tuvalu,2006,ep,m,15-24,0,Extrapulmonary
Tuvalu,2006,ep,m,25-34,1,Extrapulmonary
Tuvalu,2006,ep,m,35-44,0,Extrapulmonary
Tuvalu,2006,ep,m,45-54,0,Extrapulmonary
Tuvalu,2006,ep,m,55-64,0,Extrapulmonary
Tuvalu,2006,ep,m,65+,0,Extrapulmonary
Tuvalu,2006,ep,f,0-14,0,Extrapulmonary
Tuvalu,2006,ep,f,15-24,0,Extrapulmonary
Tuvalu,2006,ep,f,25-34,0,Extrapulmonary
Tuvalu,2006,ep,f,35-44,0,Extrapulmonary
Tuvalu,2006,ep,f,45-54,0,Extrapulmonary
Tuvalu,2006,ep,f,55-64,0,Extrapulmonary
Tuvalu,2006,ep,f,65+,0,Extrapulmonary
Tuvalu,2007,sp,m,0-14,1,Smear Positive
Tuvalu,2007,sp,m,15-24,1,Smear Positive
Tuvalu,2007,sp,m,25-34,0,Smear Positive
Tuvalu,2007,sp,m,35-44,2,Smear Positive
Tuvalu,2007,sp,m,45-54,0,Smear Positive
Tuvalu,2007,sp,m,55-64,0,Smear Positive
Tuvalu,2007,sp,m,65+,2,Smear Positive
Tuvalu,2007,sp,f,0-14,2,Smear Positive
Tuvalu,2007,sp,f,15-24,0,Smear Positive
Tuvalu,2007,sp,f,25-34,0,Smear Positive
Tuvalu,2007,sp,f,35-44,0,Smear Positive
Tuvalu,2007,sp,f,45-54,1,Smear Positive
Tuvalu,2007,sp,f,55-64,3,Smear Positive
Tuvalu,2007,sp,f,65+,0,Smear Positive
Tuvalu,2007,sn,f,15-24,1,Smear Negative
Tuvalu,2007,ep,m,0-14,2,Extrapulmonary
Tuvalu,2008,sp,m,0-14,2,Smear Positive
Tuvalu,2008,sp,m,15-24,2,Smear Positive
Tuvalu,2008,sp,m,25-34,1,Smear Positive
Tuvalu,2008,sp,m,35-44,0,Smear Positive
Tuvalu,2008,sp,m,45-54,1,Smear Positive
Tuvalu,2008,sp,m,55-64,0,Smear Positive
Tuvalu,2008,sp,m,65+,0,Smear Positive
Tuvalu,2008,sp,f,0-14,0,Smear Positive
Tuvalu,2008,sp,f,15-24,1,Smear Positive
Tuvalu,2008,sp,f,25-34,2,Smear Positive
Tuvalu,2008,sp,f,35-44,2,Smear Positive
Tuvalu,2008,sp,f,45-54,1,Smear Positive
Tuvalu,2008,sp,f,55-64,0,Smear Positive
Tuvalu,2008,sp,f,65+,0,Smear Positive
Tuvalu,2008,sn,m,0-14,0,Smear Negative
Tuvalu,2008,sn,m,15-24,0,Smear Negative
Tuvalu,2008,sn,m,25-34,1,Smear Negative
Tuvalu,2008,sn,m,35-44,1,Smear Negative
Tuvalu,2008,sn,m,45-54,1,Smear Negative
Tuvalu,2008,sn,m,55-64,0,Smear Negative
Tuvalu,2008,sn,m,65+,0,Smear Negative
Tuvalu,2008,sn,f,0-14,1,Smear Negative
Tuvalu,2008,sn,f,15-24,0,Smear Negative
Tuvalu,2008,sn,f,25-34,0,Smear Negative
Tuvalu,2008,sn,f,35-44,1,Smear Negative
Tuvalu,2008,sn,f,45-54,0,Smear Negative
Tuvalu,2008,sn,f,55-64,0,Smear Negative
Tuvalu,2008,sn,f,65+,0,Smear Negative
Tuvalu,2008,ep,m,0-14,0,Extrapulmonary
Tuvalu,2008,ep,m,15-24,1,Extrapulmonary
Tuvalu,2008,ep,m,25-34,1,Extrapulmonary
Tuvalu,2008,ep,m,35-44,0,Extrapulmonary
Tuvalu,2008,ep,m,45-54,0,Extrapulmonary
Tuvalu,2008,ep,m,55-64,0,Extrapulmonary
Tuvalu,2008,ep,m,65+,0,Extrapulmonary
Tuvalu,2008,ep,f,0-14,1,Extrapulmonary
Tuvalu,2008,ep,f,15-24,0,Extrapulmonary
Tuvalu,2008,ep,f,25-34,0,Extrapulmonary
Tuvalu,2008,ep,f,35-44,0,Extrapulmonary
Tuvalu,2008,ep,f,45-54,0,Extrapulmonary
Tuvalu,2008,ep,f,55-64,0,Extrapulmonary
Tuvalu,2008,ep,f,65+,0,Extrapulmonary
Tuvalu,2009,sp,m,15-24,1,Smear Positive
Tuvalu,2009,sp,m,35-44,1,Smear Positive
Tuvalu,2009,sp,f,0-14,1,Smear Positive
Tuvalu,2009,sp,f,35-44,1,Smear Positive
Tuvalu,2009,sp,f,45-54,2,Smear Positive
Tuvalu,2009,sp,f,55-64,1,Smear Positive
Tuvalu,2009,sp,f,65+,1,Smear Positive
Tuvalu,2009,ep,m,0-14,3,Extrapulmonary
Tuvalu,2009,ep,m,15-24,2,Extrapulmonary
Tuvalu,2009,ep,m,35-44,1,Extrapulmonary
Tuvalu,2009,ep,f,0-14,1,Extrapulmonary
Tuvalu,2009,ep,f,15-24,1,Extrapulmonary
Tuvalu,2009,ep,f,35-44,1,Extrapulmonary
Tuvalu,2010,sp,m,0-14,0,Smear Positive
Tuvalu,2010,sp,m,15-24,1,Smear Positive
Tuvalu,2010,sp,m,25-34,0,Smear Positive
Tuvalu,2010,sp,m,35-44,0,Smear Positive
Tuvalu,2010,sp,m,45-54,1,Smear Positive
Tuvalu,2010,sp,m,55-64,2,Smear Positive
Tuvalu,2010,sp,m,65+,0,Smear Positive
Tuvalu,2010,sp,f,0-14,0,Smear Positive
Tuvalu,2010,sp,f,15-24,0,Smear Positive
Tuvalu,2010,sp,f,25-34,1,Smear Positive
Tuvalu,2010,sp,f,35-44,0,Smear Positive
Tuvalu,2010,sp,f,45-54,0,Smear Positive
Tuvalu,2010,sp,f,55-64,0,Smear Positive
Tuvalu,2010,sp,f,65+,0,Smear Positive
Tuvalu,2010,sn,m,0-14,0,Smear Negative
Tuvalu,2010,sn,m,15-24,0,Smear Negative
Tuvalu,2010,sn,m,25-34,0,Smear Negative
Tuvalu,2010,sn,m,35-44,0,Smear Negative
Tuvalu,2010,sn,m,45-54,0,Smear Negative
Tuvalu,2010,sn,m,55-64,0,Smear Negative
Tuvalu,2010,sn,m,65+,0,Smear Negative
Tuvalu,2010,sn,f,0-14,0,Smear Negative
Tuvalu,2010,sn,f,15-24,2,Smear Negative
Tuvalu,2010,sn,f,25-34,0,Smear Negative
Tuvalu,2010,sn,f,35-44,0,Smear Negative
Tuvalu,2010,sn,f,45-54,0,Smear Negative
Tuvalu,2010,sn,f,55-64,0,Smear Negative
Tuvalu,2010,sn,f,65+,0,Smear Negative
Tuvalu,2010,ep,m,0-14,5,Extrapulmonary
Tuvalu,2010,ep,m,15-24,0,Extrapulmonary
Tuvalu,2010,ep,m,25-34,0,Extrapulmonary
Tuvalu,2010,ep,m,35-44,0,Extrapulmonary
Tuvalu,2010,ep,m,45-54,0,Extrapulmonary
Tuvalu,2010,ep,m,55-64,0,Extrapulmonary
Tuvalu,2010,ep,m,65+,1,Extrapulmonary
Tuvalu,2010,ep,f,0-14,0,Extrapulmonary
Tuvalu,2010,ep,f,15-24,0,Extrapulmonary
Tuvalu,2010,ep,f,25-34,0,Extrapulmonary
Tuvalu,2010,ep,f,35-44,0,Extrapulmonary
Tuvalu,2010,ep,f,45-54,0,Extrapulmonary
Tuvalu,2010,ep,f,55-64,0,Extrapulmonary
Tuvalu,2010,ep,f,65+,1,Extrapulmonary
Tuvalu,2011,sp,m,0-14,1,Smear Positive
Tuvalu,2011,sp,m,15-24,1,Smear Positive
Tuvalu,2011,sp,m,55-64,1,Smear Positive
Tuvalu,2011,sp,f,45-54,1,Smear Positive
Tuvalu,2011,sn,m,35-44,2,Smear Negative
Tuvalu,2011,sn,m,45-54,1,Smear Negative
Tuvalu,2011,sn,f,0-14,1,Smear Negative
Tuvalu,2011,ep,m,0-14,1,Extrapulmonary
Tuvalu,2011,ep,m,15-24,1,Extrapulmonary
Tuvalu,2011,ep,m,25-34,1,Extrapulmonary
Tuvalu,2011,ep,f,0-14,1,Extrapulmonary
Tuvalu,2012,sp,m,15-24,1,Smear Positive
Tuvalu,2012,sp,m,35-44,1,Smear Positive
Tuvalu,2012,sp,m,45-54,1,Smear Positive
Tuvalu,2012,sp,f,0-14,2,Smear Positive
Tuvalu,2012,sp,f,15-24,1,Smear Positive
Tuvalu,2012,sp,f,45-54,2,Smear Positive
Tuvalu,2012,sn,m,45-54,1,Smear Negative
Tuvalu,2012,sn,m,65+,1,Smear Negative
Tuvalu,2012,ep,m,0-14,2,Extrapulmonary
Tuvalu,2012,ep,m,15-24,1,Extrapulmonary
Tuvalu,2012,ep,m,25-34,1,Extrapulmonary
Tuvalu,2012,ep,m,35-44,1,Extrapulmonary
Tuvalu,2012,ep,m,45-54,1,Extrapulmonary
Tuvalu,2012,ep,m,65+,1,Extrapulmonary
Tuvalu,2012,ep,f,25-34,1,Extrapulmonary
Tuvalu,2012,ep,f,55-64,1,Extrapulmonary
Tuvalu,2013,rel,m,0-14,0,Relapse
Tuvalu,2013,rel,m,15-24,4,Relapse
Tuvalu,2013,rel,m,25-34,1,Relapse
Tuvalu,2013,rel,m,35-44,0,Relapse
Tuvalu,2013,rel,m,45-54,2,Relapse
Tuvalu,2013,rel,m,55-64,2,Relapse
Tuvalu,2013,rel,m,65+,2,Relapse
Tuvalu,2013,rel,f,0-14,1,Relapse
Tuvalu,2013,rel,f,15-24,2,Relapse
Tuvalu,2013,rel,f,25-34,1,Relapse
Tuvalu,2013,rel,f,35-44,0,Relapse
Tuvalu,2013,rel,f,45-54,3,Relapse
Tuvalu,2013,rel,f,55-64,0,Relapse
Tuvalu,2013,rel,f,65+,0,Relapse
Uganda,1995,sp,m,0-14,370,Smear Positive
Uganda,1995,sp,m,15-24,1193,Smear Positive
Uganda,1995,sp,m,25-34,2491,Smear Positive
Uganda,1995,sp,m,35-44,1797,Smear Positive
Uganda,1995,sp,m,45-54,1115,Smear Positive
Uganda,1995,sp,m,55-64,602,Smear Positive
Uganda,1995,sp,m,65+,323,Smear Positive
Uganda,1995,sp,f,0-14,402,Smear Positive
Uganda,1995,sp,f,15-24,1376,Smear Positive
Uganda,1995,sp,f,25-34,1845,Smear Positive
Uganda,1995,sp,f,35-44,1104,Smear Positive
Uganda,1995,sp,f,45-54,635,Smear Positive
Uganda,1995,sp,f,55-64,312,Smear Positive
Uganda,1995,sp,f,65+,113,Smear Positive
Uganda,1996,sp,m,0-14,372,Smear Positive
Uganda,1996,sp,m,15-24,1271,Smear Positive
Uganda,1996,sp,m,25-34,2706,Smear Positive
Uganda,1996,sp,m,35-44,2026,Smear Positive
Uganda,1996,sp,m,45-54,1252,Smear Positive
Uganda,1996,sp,m,55-64,646,Smear Positive
Uganda,1996,sp,m,65+,353,Smear Positive
Uganda,1996,sp,f,0-14,455,Smear Positive
Uganda,1996,sp,f,15-24,1482,Smear Positive
Uganda,1996,sp,f,25-34,2099,Smear Positive
Uganda,1996,sp,f,35-44,1246,Smear Positive
Uganda,1996,sp,f,45-54,728,Smear Positive
Uganda,1996,sp,f,55-64,379,Smear Positive
Uganda,1996,sp,f,65+,160,Smear Positive
Uganda,1997,sp,m,0-14,340,Smear Positive
Uganda,1997,sp,m,15-24,1485,Smear Positive
Uganda,1997,sp,m,25-34,3278,Smear Positive
Uganda,1997,sp,m,35-44,2919,Smear Positive
Uganda,1997,sp,m,45-54,1439,Smear Positive
Uganda,1997,sp,m,55-64,733,Smear Positive
Uganda,1997,sp,m,65+,353,Smear Positive
Uganda,1997,sp,f,0-14,375,Smear Positive
Uganda,1997,sp,f,15-24,1700,Smear Positive
Uganda,1997,sp,f,25-34,2489,Smear Positive
Uganda,1997,sp,f,35-44,1368,Smear Positive
Uganda,1997,sp,f,45-54,812,Smear Positive
Uganda,1997,sp,f,55-64,379,Smear Positive
Uganda,1997,sp,f,65+,131,Smear Positive
Uganda,1998,sp,m,0-14,334,Smear Positive
Uganda,1998,sp,m,15-24,1512,Smear Positive
Uganda,1998,sp,m,25-34,3672,Smear Positive
Uganda,1998,sp,m,35-44,2491,Smear Positive
Uganda,1998,sp,m,45-54,1429,Smear Positive
Uganda,1998,sp,m,55-64,676,Smear Positive
Uganda,1998,sp,m,65+,428,Smear Positive
Uganda,1998,sp,f,0-14,467,Smear Positive
Uganda,1998,sp,f,15-24,1682,Smear Positive
Uganda,1998,sp,f,25-34,2760,Smear Positive
Uganda,1998,sp,f,35-44,1441,Smear Positive
Uganda,1998,sp,f,45-54,744,Smear Positive
Uganda,1998,sp,f,55-64,395,Smear Positive
Uganda,1998,sp,f,65+,191,Smear Positive
Uganda,1999,sp,m,0-14,310,Smear Positive
Uganda,1999,sp,m,15-24,1510,Smear Positive
Uganda,1999,sp,m,25-34,3475,Smear Positive
Uganda,1999,sp,m,35-44,2526,Smear Positive
Uganda,1999,sp,m,45-54,1354,Smear Positive
Uganda,1999,sp,m,55-64,613,Smear Positive
Uganda,1999,sp,m,65+,413,Smear Positive
Uganda,1999,sp,f,0-14,434,Smear Positive
Uganda,1999,sp,f,15-24,1654,Smear Positive
Uganda,1999,sp,f,25-34,2591,Smear Positive
Uganda,1999,sp,f,35-44,1415,Smear Positive
Uganda,1999,sp,f,45-54,680,Smear Positive
Uganda,1999,sp,f,55-64,331,Smear Positive
Uganda,1999,sp,f,65+,162,Smear Positive
Uganda,2000,sp,m,0-14,283,Smear Positive
Uganda,2000,sp,m,15-24,1511,Smear Positive
Uganda,2000,sp,m,25-34,3497,Smear Positive
Uganda,2000,sp,m,35-44,2479,Smear Positive
Uganda,2000,sp,m,45-54,1279,Smear Positive
Uganda,2000,sp,m,55-64,607,Smear Positive
Uganda,2000,sp,m,65+,395,Smear Positive
Uganda,2000,sp,f,0-14,400,Smear Positive
Uganda,2000,sp,f,15-24,1649,Smear Positive
Uganda,2000,sp,f,25-34,2782,Smear Positive
Uganda,2000,sp,f,35-44,1510,Smear Positive
Uganda,2000,sp,f,45-54,671,Smear Positive
Uganda,2000,sp,f,55-64,316,Smear Positive
Uganda,2000,sp,f,65+,163,Smear Positive
Uganda,2001,sp,m,0-14,231,Smear Positive
Uganda,2001,sp,m,15-24,1461,Smear Positive
Uganda,2001,sp,m,25-34,3483,Smear Positive
Uganda,2001,sp,m,35-44,2540,Smear Positive
Uganda,2001,sp,m,45-54,1242,Smear Positive
Uganda,2001,sp,m,55-64,638,Smear Positive
Uganda,2001,sp,m,65+,392,Smear Positive
Uganda,2001,sp,f,0-14,334,Smear Positive
Uganda,2001,sp,f,15-24,1603,Smear Positive
Uganda,2001,sp,f,25-34,2656,Smear Positive
Uganda,2001,sp,f,35-44,1528,Smear Positive
Uganda,2001,sp,f,45-54,703,Smear Positive
Uganda,2001,sp,f,55-64,292,Smear Positive
Uganda,2001,sp,f,65+,180,Smear Positive
Uganda,2002,sp,m,0-14,259,Smear Positive
Uganda,2002,sp,m,15-24,1503,Smear Positive
Uganda,2002,sp,m,25-34,3783,Smear Positive
Uganda,2002,sp,m,35-44,2865,Smear Positive
Uganda,2002,sp,m,45-54,1399,Smear Positive
Uganda,2002,sp,m,55-64,723,Smear Positive
Uganda,2002,sp,m,65+,465,Smear Positive
Uganda,2002,sp,f,0-14,371,Smear Positive
Uganda,2002,sp,f,15-24,1689,Smear Positive
Uganda,2002,sp,f,25-34,3011,Smear Positive
Uganda,2002,sp,f,35-44,1708,Smear Positive
Uganda,2002,sp,f,45-54,765,Smear Positive
Uganda,2002,sp,f,55-64,374,Smear Positive
Uganda,2002,sp,f,65+,184,Smear Positive
Uganda,2003,sp,m,0-14,261,Smear Positive
Uganda,2003,sp,m,15-24,1643,Smear Positive
Uganda,2003,sp,m,25-34,4142,Smear Positive
Uganda,2003,sp,m,35-44,3011,Smear Positive
Uganda,2003,sp,m,45-54,1578,Smear Positive
Uganda,2003,sp,m,55-64,719,Smear Positive
Uganda,2003,sp,m,65+,501,Smear Positive
Uganda,2003,sp,f,0-14,377,Smear Positive
Uganda,2003,sp,f,15-24,1770,Smear Positive
Uganda,2003,sp,f,25-34,3176,Smear Positive
Uganda,2003,sp,f,35-44,1815,Smear Positive
Uganda,2003,sp,f,45-54,749,Smear Positive
Uganda,2003,sp,f,55-64,356,Smear Positive
Uganda,2003,sp,f,65+,214,Smear Positive
Uganda,2004,sp,m,0-14,284,Smear Positive
Uganda,2004,sp,m,15-24,1803,Smear Positive
Uganda,2004,sp,m,25-34,4222,Smear Positive
Uganda,2004,sp,m,35-44,3269,Smear Positive
Uganda,2004,sp,m,45-54,1599,Smear Positive
Uganda,2004,sp,m,55-64,810,Smear Positive
Uganda,2004,sp,m,65+,525,Smear Positive
Uganda,2004,sp,f,0-14,371,Smear Positive
Uganda,2004,sp,f,15-24,1803,Smear Positive
Uganda,2004,sp,f,25-34,3110,Smear Positive
Uganda,2004,sp,f,35-44,1780,Smear Positive
Uganda,2004,sp,f,45-54,812,Smear Positive
Uganda,2004,sp,f,55-64,358,Smear Positive
Uganda,2004,sp,f,65+,193,Smear Positive
Uganda,2005,sp,m,0-14,257,Smear Positive
Uganda,2005,sp,m,15-24,1598,Smear Positive
Uganda,2005,sp,m,25-34,4075,Smear Positive
Uganda,2005,sp,m,35-44,3209,Smear Positive
Uganda,2005,sp,m,45-54,1576,Smear Positive
Uganda,2005,sp,m,55-64,725,Smear Positive
Uganda,2005,sp,m,65+,539,Smear Positive
Uganda,2005,sp,f,0-14,371,Smear Positive
Uganda,2005,sp,f,15-24,1811,Smear Positive
Uganda,2005,sp,f,25-34,3099,Smear Positive
Uganda,2005,sp,f,35-44,1800,Smear Positive
Uganda,2005,sp,f,45-54,818,Smear Positive
Uganda,2005,sp,f,55-64,389,Smear Positive
Uganda,2005,sp,f,65+,257,Smear Positive
Uganda,2006,sp,m,0-14,255,Smear Positive
Uganda,2006,sp,m,15-24,1624,Smear Positive
Uganda,2006,sp,m,25-34,4084,Smear Positive
Uganda,2006,sp,m,35-44,3391,Smear Positive
Uganda,2006,sp,m,45-54,1591,Smear Positive
Uganda,2006,sp,m,55-64,718,Smear Positive
Uganda,2006,sp,m,65+,511,Smear Positive
Uganda,2006,sp,f,0-14,363,Smear Positive
Uganda,2006,sp,f,15-24,1792,Smear Positive
Uganda,2006,sp,f,25-34,2909,Smear Positive
Uganda,2006,sp,f,35-44,1736,Smear Positive
Uganda,2006,sp,f,45-54,812,Smear Positive
Uganda,2006,sp,f,55-64,332,Smear Positive
Uganda,2006,sp,f,65+,238,Smear Positive
Uganda,2007,sp,m,0-14,234,Smear Positive
Uganda,2007,sp,m,15-24,1741,Smear Positive
Uganda,2007,sp,m,25-34,4406,Smear Positive
Uganda,2007,sp,m,35-44,3551,Smear Positive
Uganda,2007,sp,m,45-54,1681,Smear Positive
Uganda,2007,sp,m,55-64,766,Smear Positive
Uganda,2007,sp,m,65+,505,Smear Positive
Uganda,2007,sp,f,0-14,343,Smear Positive
Uganda,2007,sp,f,15-24,1874,Smear Positive
Uganda,2007,sp,f,25-34,3008,Smear Positive
Uganda,2007,sp,f,35-44,1742,Smear Positive
Uganda,2007,sp,f,45-54,824,Smear Positive
Uganda,2007,sp,f,55-64,382,Smear Positive
Uganda,2007,sp,f,65+,246,Smear Positive
Uganda,2008,sp,m,0-14,269,Smear Positive
Uganda,2008,sp,m,15-24,1953,Smear Positive
Uganda,2008,sp,m,25-34,4697,Smear Positive
Uganda,2008,sp,m,35-44,3922,Smear Positive
Uganda,2008,sp,m,45-54,1981,Smear Positive
Uganda,2008,sp,m,55-64,875,Smear Positive
Uganda,2008,sp,m,65+,565,Smear Positive
Uganda,2008,sp,f,0-14,382,Smear Positive
Uganda,2008,sp,f,15-24,2006,Smear Positive
Uganda,2008,sp,f,25-34,2985,Smear Positive
Uganda,2008,sp,f,35-44,1749,Smear Positive
Uganda,2008,sp,f,45-54,862,Smear Positive
Uganda,2008,sp,f,55-64,314,Smear Positive
Uganda,2008,sp,f,65+,206,Smear Positive
Uganda,2008,sn,m,0-14,0,Smear Negative
Uganda,2008,sn,m,15-24,0,Smear Negative
Uganda,2008,sn,m,25-34,0,Smear Negative
Uganda,2008,sn,m,35-44,0,Smear Negative
Uganda,2008,sn,m,45-54,0,Smear Negative
Uganda,2008,sn,m,55-64,0,Smear Negative
Uganda,2008,sn,m,65+,0,Smear Negative
Uganda,2008,sn,f,0-14,0,Smear Negative
Uganda,2008,sn,f,15-24,0,Smear Negative
Uganda,2008,sn,f,25-34,0,Smear Negative
Uganda,2008,sn,f,35-44,0,Smear Negative
Uganda,2008,sn,f,45-54,0,Smear Negative
Uganda,2008,sn,f,55-64,0,Smear Negative
Uganda,2008,sn,f,65+,0,Smear Negative
Uganda,2008,ep,m,0-14,0,Extrapulmonary
Uganda,2008,ep,m,15-24,0,Extrapulmonary
Uganda,2008,ep,m,25-34,0,Extrapulmonary
Uganda,2008,ep,m,35-44,0,Extrapulmonary
Uganda,2008,ep,m,45-54,0,Extrapulmonary
Uganda,2008,ep,m,55-64,0,Extrapulmonary
Uganda,2008,ep,m,65+,0,Extrapulmonary
Uganda,2008,ep,f,0-14,0,Extrapulmonary
Uganda,2008,ep,f,15-24,0,Extrapulmonary
Uganda,2008,ep,f,25-34,0,Extrapulmonary
Uganda,2008,ep,f,35-44,0,Extrapulmonary
Uganda,2008,ep,f,45-54,0,Extrapulmonary
Uganda,2008,ep,f,55-64,0,Extrapulmonary
Uganda,2008,ep,f,65+,0,Extrapulmonary
Uganda,2009,sp,m,0-14,250,Smear Positive
Uganda,2009,sp,m,15-24,1853,Smear Positive
Uganda,2009,sp,m,25-34,4816,Smear Positive
Uganda,2009,sp,m,35-44,4115,Smear Positive
Uganda,2009,sp,m,45-54,2089,Smear Positive
Uganda,2009,sp,m,55-64,901,Smear Positive
Uganda,2009,sp,m,65+,578,Smear Positive
Uganda,2009,sp,f,0-14,372,Smear Positive
Uganda,2009,sp,f,15-24,2151,Smear Positive
Uganda,2009,sp,f,25-34,2919,Smear Positive
Uganda,2009,sp,f,35-44,1673,Smear Positive
Uganda,2009,sp,f,45-54,811,Smear Positive
Uganda,2009,sp,f,55-64,369,Smear Positive
Uganda,2009,sp,f,65+,216,Smear Positive
Uganda,2010,sp,m,0-14,268,Smear Positive
Uganda,2010,sp,m,15-24,2055,Smear Positive
Uganda,2010,sp,m,25-34,4735,Smear Positive
Uganda,2010,sp,m,35-44,4133,Smear Positive
Uganda,2010,sp,m,45-54,2214,Smear Positive
Uganda,2010,sp,m,55-64,905,Smear Positive
Uganda,2010,sp,m,65+,613,Smear Positive
Uganda,2010,sp,f,0-14,401,Smear Positive
Uganda,2010,sp,f,15-24,1964,Smear Positive
Uganda,2010,sp,f,25-34,2923,Smear Positive
Uganda,2010,sp,f,35-44,1691,Smear Positive
Uganda,2010,sp,f,45-54,924,Smear Positive
Uganda,2010,sp,f,55-64,365,Smear Positive
Uganda,2010,sp,f,65+,248,Smear Positive
Uganda,2011,sp,m,0-14,295,Smear Positive
Uganda,2011,sp,m,15-24,2075,Smear Positive
Uganda,2011,sp,m,25-34,5044,Smear Positive
Uganda,2011,sp,m,35-44,4613,Smear Positive
Uganda,2011,sp,m,45-54,2466,Smear Positive
Uganda,2011,sp,m,55-64,994,Smear Positive
Uganda,2011,sp,m,65+,604,Smear Positive
Uganda,2011,sp,f,0-14,400,Smear Positive
Uganda,2011,sp,f,15-24,2092,Smear Positive
Uganda,2011,sp,f,25-34,2853,Smear Positive
Uganda,2011,sp,f,35-44,1809,Smear Positive
Uganda,2011,sp,f,45-54,973,Smear Positive
Uganda,2011,sp,f,55-64,409,Smear Positive
Uganda,2011,sp,f,65+,313,Smear Positive
Uganda,2012,sp,m,0-14,272,Smear Positive
Uganda,2012,sp,m,15-24,2174,Smear Positive
Uganda,2012,sp,m,25-34,5029,Smear Positive
Uganda,2012,sp,m,35-44,4493,Smear Positive
Uganda,2012,sp,m,45-54,2479,Smear Positive
Uganda,2012,sp,m,55-64,1015,Smear Positive
Uganda,2012,sp,m,65+,633,Smear Positive
Uganda,2012,sp,f,0-14,364,Smear Positive
Uganda,2012,sp,f,15-24,2194,Smear Positive
Uganda,2012,sp,f,25-34,2912,Smear Positive
Uganda,2012,sp,f,35-44,1733,Smear Positive
Uganda,2012,sp,f,45-54,864,Smear Positive
Uganda,2012,sp,f,55-64,419,Smear Positive
Uganda,2012,sp,f,65+,281,Smear Positive
Uganda,2013,rel,m,0-14,263,Relapse
Uganda,2013,rel,m,15-24,2135,Relapse
Uganda,2013,rel,m,25-34,5323,Relapse
Uganda,2013,rel,m,35-44,4624,Relapse
Uganda,2013,rel,m,45-54,2490,Relapse
Uganda,2013,rel,m,55-64,1026,Relapse
Uganda,2013,rel,m,65+,714,Relapse
Uganda,2013,rel,f,0-14,386,Relapse
Uganda,2013,rel,f,15-24,2160,Relapse
Uganda,2013,rel,f,25-34,2830,Relapse
Uganda,2013,rel,f,35-44,1756,Relapse
Uganda,2013,rel,f,45-54,910,Relapse
Uganda,2013,rel,f,55-64,450,Relapse
Uganda,2013,rel,f,65+,341,Relapse
Ukraine,1995,sp,m,0-14,10,Smear Positive
Ukraine,1995,sp,m,15-24,385,Smear Positive
Ukraine,1995,sp,m,25-34,1076,Smear Positive
Ukraine,1995,sp,m,35-44,2064,Smear Positive
Ukraine,1995,sp,m,45-54,1515,Smear Positive
Ukraine,1995,sp,m,55-64,1087,Smear Positive
Ukraine,1995,sp,m,65+,437,Smear Positive
Ukraine,1995,sp,f,0-14,21,Smear Positive
Ukraine,1995,sp,f,15-24,314,Smear Positive
Ukraine,1995,sp,f,25-34,380,Smear Positive
Ukraine,1995,sp,f,35-44,327,Smear Positive
Ukraine,1995,sp,f,45-54,182,Smear Positive
Ukraine,1995,sp,f,55-64,185,Smear Positive
Ukraine,1995,sp,f,65+,280,Smear Positive
Ukraine,1996,sp,m,0-14,9,Smear Positive
Ukraine,1996,sp,m,15-24,569,Smear Positive
Ukraine,1996,sp,m,25-34,1199,Smear Positive
Ukraine,1996,sp,m,35-44,2318,Smear Positive
Ukraine,1996,sp,m,45-54,1704,Smear Positive
Ukraine,1996,sp,m,55-64,1264,Smear Positive
Ukraine,1996,sp,m,65+,544,Smear Positive
Ukraine,1996,sp,f,0-14,13,Smear Positive
Ukraine,1996,sp,f,15-24,379,Smear Positive
Ukraine,1996,sp,f,25-34,410,Smear Positive
Ukraine,1996,sp,f,35-44,397,Smear Positive
Ukraine,1996,sp,f,45-54,196,Smear Positive
Ukraine,1996,sp,f,55-64,192,Smear Positive
Ukraine,1996,sp,f,65+,370,Smear Positive
Ukraine,1997,sp,m,0-14,12,Smear Positive
Ukraine,1997,sp,m,15-24,623,Smear Positive
Ukraine,1997,sp,m,25-34,1310,Smear Positive
Ukraine,1997,sp,m,35-44,2107,Smear Positive
Ukraine,1997,sp,m,45-54,1718,Smear Positive
Ukraine,1997,sp,m,55-64,1141,Smear Positive
Ukraine,1997,sp,m,65+,555,Smear Positive
Ukraine,1997,sp,f,0-14,22,Smear Positive
Ukraine,1997,sp,f,15-24,383,Smear Positive
Ukraine,1997,sp,f,25-34,474,Smear Positive
Ukraine,1997,sp,f,35-44,359,Smear Positive
Ukraine,1997,sp,f,45-54,256,Smear Positive
Ukraine,1997,sp,f,55-64,126,Smear Positive
Ukraine,1997,sp,f,65+,377,Smear Positive
Ukraine,1998,sp,m,0-14,24,Smear Positive
Ukraine,1998,sp,m,15-24,687,Smear Positive
Ukraine,1998,sp,m,25-34,1500,Smear Positive
Ukraine,1998,sp,m,35-44,2460,Smear Positive
Ukraine,1998,sp,m,45-54,1873,Smear Positive
Ukraine,1998,sp,m,55-64,1140,Smear Positive
Ukraine,1998,sp,m,65+,576,Smear Positive
Ukraine,1998,sp,f,0-14,36,Smear Positive
Ukraine,1998,sp,f,15-24,468,Smear Positive
Ukraine,1998,sp,f,25-34,556,Smear Positive
Ukraine,1998,sp,f,35-44,431,Smear Positive
Ukraine,1998,sp,f,45-54,248,Smear Positive
Ukraine,1998,sp,f,55-64,194,Smear Positive
Ukraine,1998,sp,f,65+,393,Smear Positive
Ukraine,1999,sp,m,0-14,11,Smear Positive
Ukraine,1999,sp,m,15-24,661,Smear Positive
Ukraine,1999,sp,m,25-34,1463,Smear Positive
Ukraine,1999,sp,m,35-44,2351,Smear Positive
Ukraine,1999,sp,m,45-54,1825,Smear Positive
Ukraine,1999,sp,m,55-64,1067,Smear Positive
Ukraine,1999,sp,m,65+,557,Smear Positive
Ukraine,1999,sp,f,0-14,25,Smear Positive
Ukraine,1999,sp,f,15-24,485,Smear Positive
Ukraine,1999,sp,f,25-34,577,Smear Positive
Ukraine,1999,sp,f,35-44,478,Smear Positive
Ukraine,1999,sp,f,45-54,297,Smear Positive
Ukraine,1999,sp,f,55-64,222,Smear Positive
Ukraine,1999,sp,f,65+,393,Smear Positive
Ukraine,2000,sp,m,0-14,21,Smear Positive
Ukraine,2000,sp,m,15-24,693,Smear Positive
Ukraine,2000,sp,m,25-34,1552,Smear Positive
Ukraine,2000,sp,m,35-44,2385,Smear Positive
Ukraine,2000,sp,m,45-54,2007,Smear Positive
Ukraine,2000,sp,m,55-64,1062,Smear Positive
Ukraine,2000,sp,m,65+,532,Smear Positive
Ukraine,2000,sp,f,0-14,41,Smear Positive
Ukraine,2000,sp,f,15-24,487,Smear Positive
Ukraine,2000,sp,f,25-34,590,Smear Positive
Ukraine,2000,sp,f,35-44,447,Smear Positive
Ukraine,2000,sp,f,45-54,298,Smear Positive
Ukraine,2000,sp,f,55-64,218,Smear Positive
Ukraine,2000,sp,f,65+,405,Smear Positive
Ukraine,2001,sp,m,0-14,9,Smear Positive
Ukraine,2001,sp,m,15-24,757,Smear Positive
Ukraine,2001,sp,m,25-34,1721,Smear Positive
Ukraine,2001,sp,m,35-44,2720,Smear Positive
Ukraine,2001,sp,m,45-54,2393,Smear Positive
Ukraine,2001,sp,m,55-64,1050,Smear Positive
Ukraine,2001,sp,m,65+,559,Smear Positive
Ukraine,2001,sp,f,0-14,18,Smear Positive
Ukraine,2001,sp,f,15-24,544,Smear Positive
Ukraine,2001,sp,f,25-34,649,Smear Positive
Ukraine,2001,sp,f,35-44,525,Smear Positive
Ukraine,2001,sp,f,45-54,354,Smear Positive
Ukraine,2001,sp,f,55-64,235,Smear Positive
Ukraine,2001,sp,f,65+,418,Smear Positive
Ukraine,2003,sp,m,0-14,10,Smear Positive
Ukraine,2003,sp,m,15-24,850,Smear Positive
Ukraine,2003,sp,m,25-34,2033,Smear Positive
Ukraine,2003,sp,m,35-44,2808,Smear Positive
Ukraine,2003,sp,m,45-54,2634,Smear Positive
Ukraine,2003,sp,m,55-64,983,Smear Positive
Ukraine,2003,sp,m,65+,617,Smear Positive
Ukraine,2003,sp,f,0-14,29,Smear Positive
Ukraine,2003,sp,f,15-24,514,Smear Positive
Ukraine,2003,sp,f,25-34,745,Smear Positive
Ukraine,2003,sp,f,35-44,557,Smear Positive
Ukraine,2003,sp,f,45-54,363,Smear Positive
Ukraine,2003,sp,f,55-64,221,Smear Positive
Ukraine,2003,sp,f,65+,421,Smear Positive
Ukraine,2006,sp,m,0-14,8,Smear Positive
Ukraine,2006,sp,m,15-24,926,Smear Positive
Ukraine,2006,sp,m,25-34,2522,Smear Positive
Ukraine,2006,sp,m,35-44,2979,Smear Positive
Ukraine,2006,sp,m,45-54,2714,Smear Positive
Ukraine,2006,sp,m,55-64,1087,Smear Positive
Ukraine,2006,sp,m,65+,568,Smear Positive
Ukraine,2006,sp,f,0-14,16,Smear Positive
Ukraine,2006,sp,f,15-24,600,Smear Positive
Ukraine,2006,sp,f,25-34,909,Smear Positive
Ukraine,2006,sp,f,35-44,704,Smear Positive
Ukraine,2006,sp,f,45-54,446,Smear Positive
Ukraine,2006,sp,f,55-64,246,Smear Positive
Ukraine,2006,sp,f,65+,481,Smear Positive
Ukraine,2006,ep,m,0-14,256,Extrapulmonary
Ukraine,2006,ep,m,15-24,398,Extrapulmonary
Ukraine,2006,ep,m,25-34,553,Extrapulmonary
Ukraine,2006,ep,m,35-44,474,Extrapulmonary
Ukraine,2006,ep,m,45-54,379,Extrapulmonary
Ukraine,2006,ep,m,55-64,216,Extrapulmonary
Ukraine,2006,ep,m,65+,191,Extrapulmonary
Ukraine,2006,ep,f,0-14,183,Extrapulmonary
Ukraine,2006,ep,f,15-24,295,Extrapulmonary
Ukraine,2006,ep,f,25-34,359,Extrapulmonary
Ukraine,2006,ep,f,35-44,280,Extrapulmonary
Ukraine,2006,ep,f,45-54,283,Extrapulmonary
Ukraine,2006,ep,f,55-64,173,Extrapulmonary
Ukraine,2006,ep,f,65+,254,Extrapulmonary
Ukraine,2007,sp,m,0-14,14,Smear Positive
Ukraine,2007,sp,m,15-24,1556,Smear Positive
Ukraine,2007,sp,m,25-34,4507,Smear Positive
Ukraine,2007,sp,m,35-44,5206,Smear Positive
Ukraine,2007,sp,m,45-54,5024,Smear Positive
Ukraine,2007,sp,m,55-64,2130,Smear Positive
Ukraine,2007,sp,m,65+,1090,Smear Positive
Ukraine,2007,sp,f,0-14,7,Smear Positive
Ukraine,2007,sp,f,15-24,982,Smear Positive
Ukraine,2007,sp,f,25-34,1661,Smear Positive
Ukraine,2007,sp,f,35-44,1314,Smear Positive
Ukraine,2007,sp,f,45-54,855,Smear Positive
Ukraine,2007,sp,f,55-64,438,Smear Positive
Ukraine,2007,sp,f,65+,861,Smear Positive
Ukraine,2008,sp,m,0-14,9,Smear Positive
Ukraine,2008,sp,m,15-24,901,Smear Positive
Ukraine,2008,sp,m,25-34,2696,Smear Positive
Ukraine,2008,sp,m,35-44,2859,Smear Positive
Ukraine,2008,sp,m,45-54,2769,Smear Positive
Ukraine,2008,sp,m,55-64,1140,Smear Positive
Ukraine,2008,sp,m,65+,574,Smear Positive
Ukraine,2008,sp,f,0-14,24,Smear Positive
Ukraine,2008,sp,f,15-24,585,Smear Positive
Ukraine,2008,sp,f,25-34,979,Smear Positive
Ukraine,2008,sp,f,35-44,762,Smear Positive
Ukraine,2008,sp,f,45-54,544,Smear Positive
Ukraine,2008,sp,f,55-64,255,Smear Positive
Ukraine,2008,sp,f,65+,477,Smear Positive
Ukraine,2008,sn,m,0-14,72,Smear Negative
Ukraine,2008,sn,m,15-24,1373,Smear Negative
Ukraine,2008,sn,m,25-34,2961,Smear Negative
Ukraine,2008,sn,m,35-44,2720,Smear Negative
Ukraine,2008,sn,m,45-54,2722,Smear Negative
Ukraine,2008,sn,m,55-64,1353,Smear Negative
Ukraine,2008,sn,m,65+,912,Smear Negative
Ukraine,2008,sn,f,0-14,104,Smear Negative
Ukraine,2008,sn,f,15-24,1072,Smear Negative
Ukraine,2008,sn,f,25-34,1515,Smear Negative
Ukraine,2008,sn,f,35-44,1029,Smear Negative
Ukraine,2008,sn,f,45-54,746,Smear Negative
Ukraine,2008,sn,f,55-64,391,Smear Negative
Ukraine,2008,sn,f,65+,535,Smear Negative
Ukraine,2008,ep,m,0-14,221,Extrapulmonary
Ukraine,2008,ep,m,15-24,311,Extrapulmonary
Ukraine,2008,ep,m,25-34,530,Extrapulmonary
Ukraine,2008,ep,m,35-44,427,Extrapulmonary
Ukraine,2008,ep,m,45-54,342,Extrapulmonary
Ukraine,2008,ep,m,55-64,195,Extrapulmonary
Ukraine,2008,ep,m,65+,154,Extrapulmonary
Ukraine,2008,ep,f,0-14,151,Extrapulmonary
Ukraine,2008,ep,f,15-24,199,Extrapulmonary
Ukraine,2008,ep,f,25-34,315,Extrapulmonary
Ukraine,2008,ep,f,35-44,255,Extrapulmonary
Ukraine,2008,ep,f,45-54,192,Extrapulmonary
Ukraine,2008,ep,f,55-64,156,Extrapulmonary
Ukraine,2008,ep,f,65+,212,Extrapulmonary
Ukraine,2009,sp,m,0-14,15,Smear Positive
Ukraine,2009,sp,m,15-24,953,Smear Positive
Ukraine,2009,sp,m,25-34,2506,Smear Positive
Ukraine,2009,sp,m,35-44,2656,Smear Positive
Ukraine,2009,sp,m,45-54,2384,Smear Positive
Ukraine,2009,sp,m,55-64,1073,Smear Positive
Ukraine,2009,sp,m,65+,570,Smear Positive
Ukraine,2009,sp,f,0-14,15,Smear Positive
Ukraine,2009,sp,f,15-24,531,Smear Positive
Ukraine,2009,sp,f,25-34,986,Smear Positive
Ukraine,2009,sp,f,35-44,717,Smear Positive
Ukraine,2009,sp,f,45-54,470,Smear Positive
Ukraine,2009,sp,f,55-64,254,Smear Positive
Ukraine,2009,sp,f,65+,502,Smear Positive
Ukraine,2009,sn,m,0-14,91,Smear Negative
Ukraine,2009,sn,m,15-24,1340,Smear Negative
Ukraine,2009,sn,m,25-34,2761,Smear Negative
Ukraine,2009,sn,m,35-44,2442,Smear Negative
Ukraine,2009,sn,m,45-54,2170,Smear Negative
Ukraine,2009,sn,m,55-64,1251,Smear Negative
Ukraine,2009,sn,m,65+,802,Smear Negative
Ukraine,2009,sn,f,0-14,112,Smear Negative
Ukraine,2009,sn,f,15-24,991,Smear Negative
Ukraine,2009,sn,f,25-34,1433,Smear Negative
Ukraine,2009,sn,f,35-44,955,Smear Negative
Ukraine,2009,sn,f,45-54,701,Smear Negative
Ukraine,2009,sn,f,55-64,377,Smear Negative
Ukraine,2009,sn,f,65+,508,Smear Negative
Ukraine,2009,ep,m,0-14,176,Extrapulmonary
Ukraine,2009,ep,m,15-24,253,Extrapulmonary
Ukraine,2009,ep,m,25-34,626,Extrapulmonary
Ukraine,2009,ep,m,35-44,499,Extrapulmonary
Ukraine,2009,ep,m,45-54,353,Extrapulmonary
Ukraine,2009,ep,m,55-64,208,Extrapulmonary
Ukraine,2009,ep,m,65+,141,Extrapulmonary
Ukraine,2009,ep,f,0-14,171,Extrapulmonary
Ukraine,2009,ep,f,15-24,218,Extrapulmonary
Ukraine,2009,ep,f,25-34,327,Extrapulmonary
Ukraine,2009,ep,f,35-44,287,Extrapulmonary
Ukraine,2009,ep,f,45-54,233,Extrapulmonary
Ukraine,2009,ep,f,55-64,163,Extrapulmonary
Ukraine,2009,ep,f,65+,203,Extrapulmonary
Ukraine,2010,ep,m,0-14,175,Extrapulmonary
Ukraine,2010,ep,m,15-24,233,Extrapulmonary
Ukraine,2010,ep,m,25-34,509,Extrapulmonary
Ukraine,2010,ep,m,35-44,439,Extrapulmonary
Ukraine,2010,ep,m,45-54,289,Extrapulmonary
Ukraine,2010,ep,m,55-64,178,Extrapulmonary
Ukraine,2010,ep,m,65+,138,Extrapulmonary
Ukraine,2010,ep,f,0-14,127,Extrapulmonary
Ukraine,2010,ep,f,15-24,183,Extrapulmonary
Ukraine,2010,ep,f,25-34,327,Extrapulmonary
Ukraine,2010,ep,f,35-44,246,Extrapulmonary
Ukraine,2010,ep,f,45-54,186,Extrapulmonary
Ukraine,2010,ep,f,55-64,161,Extrapulmonary
Ukraine,2010,ep,f,65+,164,Extrapulmonary
Ukraine,2011,sp,m,0-14,8,Smear Positive
Ukraine,2011,sp,m,15-24,539,Smear Positive
Ukraine,2011,sp,m,25-34,1991,Smear Positive
Ukraine,2011,sp,m,35-44,2209,Smear Positive
Ukraine,2011,sp,m,45-54,1796,Smear Positive
Ukraine,2011,sp,m,55-64,881,Smear Positive
Ukraine,2011,sp,m,65+,377,Smear Positive
Ukraine,2011,sp,f,0-14,11,Smear Positive
Ukraine,2011,sp,f,15-24,348,Smear Positive
Ukraine,2011,sp,f,25-34,741,Smear Positive
Ukraine,2011,sp,f,35-44,603,Smear Positive
Ukraine,2011,sp,f,45-54,388,Smear Positive
Ukraine,2011,sp,f,55-64,230,Smear Positive
Ukraine,2011,sp,f,65+,380,Smear Positive
Ukraine,2012,sp,m,0-14,9,Smear Positive
Ukraine,2012,sp,m,15-24,546,Smear Positive
Ukraine,2012,sp,m,25-34,2028,Smear Positive
Ukraine,2012,sp,m,35-44,2393,Smear Positive
Ukraine,2012,sp,m,45-54,1926,Smear Positive
Ukraine,2012,sp,m,55-64,965,Smear Positive
Ukraine,2012,sp,m,65+,389,Smear Positive
Ukraine,2012,sp,f,0-14,10,Smear Positive
Ukraine,2012,sp,f,15-24,334,Smear Positive
Ukraine,2012,sp,f,25-34,771,Smear Positive
Ukraine,2012,sp,f,35-44,609,Smear Positive
Ukraine,2012,sp,f,45-54,401,Smear Positive
Ukraine,2012,sp,f,55-64,218,Smear Positive
Ukraine,2012,sp,f,65+,431,Smear Positive
Ukraine,2012,sn,m,0-14,99,Smear Negative
Ukraine,2012,sn,m,15-24,1020,Smear Negative
Ukraine,2012,sn,m,25-34,2949,Smear Negative
Ukraine,2012,sn,m,35-44,2713,Smear Negative
Ukraine,2012,sn,m,45-54,2190,Smear Negative
Ukraine,2012,sn,m,55-64,1310,Smear Negative
Ukraine,2012,sn,m,65+,749,Smear Negative
Ukraine,2012,sn,f,0-14,105,Smear Negative
Ukraine,2012,sn,f,15-24,891,Smear Negative
Ukraine,2012,sn,f,25-34,1617,Smear Negative
Ukraine,2012,sn,f,35-44,1162,Smear Negative
Ukraine,2012,sn,f,45-54,722,Smear Negative
Ukraine,2012,sn,f,55-64,440,Smear Negative
Ukraine,2012,sn,f,65+,492,Smear Negative
Ukraine,2013,rel,m,0-14,324,Relapse
Ukraine,2013,rel,m,15-24,1500,Relapse
Ukraine,2013,rel,m,25-34,5578,Relapse
Ukraine,2013,rel,m,35-44,6555,Relapse
Ukraine,2013,rel,m,45-54,5255,Relapse
Ukraine,2013,rel,m,55-64,2994,Relapse
Ukraine,2013,rel,m,65+,1435,Relapse
Ukraine,2013,rel,f,0-14,314,Relapse
Ukraine,2013,rel,f,15-24,1274,Relapse
Ukraine,2013,rel,f,25-34,2906,Relapse
Ukraine,2013,rel,f,35-44,2309,Relapse
Ukraine,2013,rel,f,45-54,1506,Relapse
Ukraine,2013,rel,f,55-64,953,Relapse
Ukraine,2013,rel,f,65+,1241,Relapse
United Arab Emirates,1999,sp,m,0-14,4,Smear Positive
United Arab Emirates,1999,sp,m,15-24,9,Smear Positive
United Arab Emirates,1999,sp,m,25-34,3,Smear Positive
United Arab Emirates,1999,sp,m,35-44,2,Smear Positive
United Arab Emirates,1999,sp,m,45-54,4,Smear Positive
United Arab Emirates,1999,sp,m,55-64,6,Smear Positive
United Arab Emirates,1999,sp,m,65+,5,Smear Positive
United Arab Emirates,1999,sp,f,0-14,9,Smear Positive
United Arab Emirates,1999,sp,f,15-24,11,Smear Positive
United Arab Emirates,1999,sp,f,25-34,5,Smear Positive
United Arab Emirates,1999,sp,f,35-44,3,Smear Positive
United Arab Emirates,1999,sp,f,45-54,0,Smear Positive
United Arab Emirates,1999,sp,f,55-64,3,Smear Positive
United Arab Emirates,1999,sp,f,65+,2,Smear Positive
United Arab Emirates,2000,sp,m,0-14,2,Smear Positive
United Arab Emirates,2000,sp,m,15-24,4,Smear Positive
United Arab Emirates,2000,sp,m,25-34,4,Smear Positive
United Arab Emirates,2000,sp,m,35-44,6,Smear Positive
United Arab Emirates,2000,sp,m,45-54,5,Smear Positive
United Arab Emirates,2000,sp,m,55-64,12,Smear Positive
United Arab Emirates,2000,sp,m,65+,10,Smear Positive
United Arab Emirates,2000,sp,f,0-14,3,Smear Positive
United Arab Emirates,2000,sp,f,15-24,16,Smear Positive
United Arab Emirates,2000,sp,f,25-34,1,Smear Positive
United Arab Emirates,2000,sp,f,35-44,3,Smear Positive
United Arab Emirates,2000,sp,f,45-54,0,Smear Positive
United Arab Emirates,2000,sp,f,55-64,0,Smear Positive
United Arab Emirates,2000,sp,f,65+,4,Smear Positive
United Arab Emirates,2002,sp,m,0-14,1,Smear Positive
United Arab Emirates,2002,sp,m,15-24,2,Smear Positive
United Arab Emirates,2002,sp,m,25-34,0,Smear Positive
United Arab Emirates,2002,sp,m,35-44,6,Smear Positive
United Arab Emirates,2002,sp,m,45-54,6,Smear Positive
United Arab Emirates,2002,sp,m,55-64,10,Smear Positive
United Arab Emirates,2002,sp,m,65+,0,Smear Positive
United Arab Emirates,2002,sp,f,0-14,3,Smear Positive
United Arab Emirates,2002,sp,f,15-24,3,Smear Positive
United Arab Emirates,2002,sp,f,25-34,8,Smear Positive
United Arab Emirates,2002,sp,f,35-44,3,Smear Positive
United Arab Emirates,2002,sp,f,45-54,4,Smear Positive
United Arab Emirates,2002,sp,f,55-64,10,Smear Positive
United Arab Emirates,2002,sp,f,65+,1,Smear Positive
United Arab Emirates,2003,sp,m,0-14,2,Smear Positive
United Arab Emirates,2003,sp,m,15-24,10,Smear Positive
United Arab Emirates,2003,sp,m,25-34,8,Smear Positive
United Arab Emirates,2003,sp,m,35-44,12,Smear Positive
United Arab Emirates,2003,sp,m,45-54,3,Smear Positive
United Arab Emirates,2003,sp,m,55-64,2,Smear Positive
United Arab Emirates,2003,sp,m,65+,10,Smear Positive
United Arab Emirates,2003,sp,f,0-14,4,Smear Positive
United Arab Emirates,2003,sp,f,15-24,9,Smear Positive
United Arab Emirates,2003,sp,f,25-34,5,Smear Positive
United Arab Emirates,2003,sp,f,35-44,3,Smear Positive
United Arab Emirates,2003,sp,f,45-54,3,Smear Positive
United Arab Emirates,2003,sp,f,55-64,2,Smear Positive
United Arab Emirates,2003,sp,f,65+,4,Smear Positive
United Arab Emirates,2004,sp,m,0-14,1,Smear Positive
United Arab Emirates,2004,sp,m,15-24,7,Smear Positive
United Arab Emirates,2004,sp,m,25-34,6,Smear Positive
United Arab Emirates,2004,sp,m,35-44,7,Smear Positive
United Arab Emirates,2004,sp,m,45-54,3,Smear Positive
United Arab Emirates,2004,sp,m,55-64,1,Smear Positive
United Arab Emirates,2004,sp,m,65+,7,Smear Positive
United Arab Emirates,2004,sp,f,0-14,3,Smear Positive
United Arab Emirates,2004,sp,f,15-24,6,Smear Positive
United Arab Emirates,2004,sp,f,25-34,2,Smear Positive
United Arab Emirates,2004,sp,f,35-44,7,Smear Positive
United Arab Emirates,2004,sp,f,45-54,2,Smear Positive
United Arab Emirates,2004,sp,f,55-64,2,Smear Positive
United Arab Emirates,2004,sp,f,65+,3,Smear Positive
United Arab Emirates,2006,sp,m,0-14,0,Smear Positive
United Arab Emirates,2006,sp,m,15-24,5,Smear Positive
United Arab Emirates,2006,sp,m,25-34,3,Smear Positive
United Arab Emirates,2006,sp,m,35-44,7,Smear Positive
United Arab Emirates,2006,sp,m,45-54,3,Smear Positive
United Arab Emirates,2006,sp,m,55-64,1,Smear Positive
United Arab Emirates,2006,sp,m,65+,4,Smear Positive
United Arab Emirates,2006,sp,f,0-14,2,Smear Positive
United Arab Emirates,2006,sp,f,15-24,6,Smear Positive
United Arab Emirates,2006,sp,f,25-34,4,Smear Positive
United Arab Emirates,2006,sp,f,35-44,5,Smear Positive
United Arab Emirates,2006,sp,f,45-54,3,Smear Positive
United Arab Emirates,2006,sp,f,55-64,4,Smear Positive
United Arab Emirates,2006,sp,f,65+,5,Smear Positive
United Arab Emirates,2006,sn,m,0-14,2,Smear Negative
United Arab Emirates,2006,sn,m,15-24,1,Smear Negative
United Arab Emirates,2006,sn,m,25-34,0,Smear Negative
United Arab Emirates,2006,sn,m,35-44,3,Smear Negative
United Arab Emirates,2006,sn,m,45-54,1,Smear Negative
United Arab Emirates,2006,sn,m,55-64,1,Smear Negative
United Arab Emirates,2006,sn,m,65+,0,Smear Negative
United Arab Emirates,2006,sn,f,0-14,5,Smear Negative
United Arab Emirates,2006,sn,f,15-24,1,Smear Negative
United Arab Emirates,2006,sn,f,25-34,1,Smear Negative
United Arab Emirates,2006,sn,f,35-44,2,Smear Negative
United Arab Emirates,2006,sn,f,45-54,0,Smear Negative
United Arab Emirates,2006,sn,f,55-64,1,Smear Negative
United Arab Emirates,2006,sn,f,65+,0,Smear Negative
United Arab Emirates,2006,ep,m,0-14,0,Extrapulmonary
United Arab Emirates,2006,ep,m,15-24,0,Extrapulmonary
United Arab Emirates,2006,ep,m,25-34,4,Extrapulmonary
United Arab Emirates,2006,ep,m,35-44,0,Extrapulmonary
United Arab Emirates,2006,ep,m,45-54,0,Extrapulmonary
United Arab Emirates,2006,ep,m,55-64,2,Extrapulmonary
United Arab Emirates,2006,ep,m,65+,1,Extrapulmonary
United Arab Emirates,2006,ep,f,0-14,3,Extrapulmonary
United Arab Emirates,2006,ep,f,15-24,0,Extrapulmonary
United Arab Emirates,2006,ep,f,25-34,3,Extrapulmonary
United Arab Emirates,2006,ep,f,35-44,0,Extrapulmonary
United Arab Emirates,2006,ep,f,45-54,1,Extrapulmonary
United Arab Emirates,2006,ep,f,55-64,1,Extrapulmonary
United Arab Emirates,2006,ep,f,65+,1,Extrapulmonary
United Arab Emirates,2007,sp,m,0-14,2,Smear Positive
United Arab Emirates,2007,sp,m,15-24,5,Smear Positive
United Arab Emirates,2007,sp,m,25-34,6,Smear Positive
United Arab Emirates,2007,sp,m,35-44,3,Smear Positive
United Arab Emirates,2007,sp,m,45-54,4,Smear Positive
United Arab Emirates,2007,sp,m,55-64,3,Smear Positive
United Arab Emirates,2007,sp,m,65+,10,Smear Positive
United Arab Emirates,2007,sp,f,0-14,1,Smear Positive
United Arab Emirates,2007,sp,f,15-24,8,Smear Positive
United Arab Emirates,2007,sp,f,25-34,6,Smear Positive
United Arab Emirates,2007,sp,f,35-44,3,Smear Positive
United Arab Emirates,2007,sp,f,45-54,2,Smear Positive
United Arab Emirates,2007,sp,f,55-64,0,Smear Positive
United Arab Emirates,2007,sp,f,65+,0,Smear Positive
United Arab Emirates,2007,sn,m,0-14,1,Smear Negative
United Arab Emirates,2007,sn,m,15-24,2,Smear Negative
United Arab Emirates,2007,sn,m,25-34,0,Smear Negative
United Arab Emirates,2007,sn,m,35-44,0,Smear Negative
United Arab Emirates,2007,sn,m,45-54,0,Smear Negative
United Arab Emirates,2007,sn,m,55-64,3,Smear Negative
United Arab Emirates,2007,sn,m,65+,5,Smear Negative
United Arab Emirates,2007,sn,f,0-14,2,Smear Negative
United Arab Emirates,2007,sn,f,15-24,1,Smear Negative
United Arab Emirates,2007,sn,f,25-34,2,Smear Negative
United Arab Emirates,2007,sn,f,35-44,1,Smear Negative
United Arab Emirates,2007,sn,f,45-54,1,Smear Negative
United Arab Emirates,2007,sn,f,55-64,1,Smear Negative
United Arab Emirates,2007,sn,f,65+,1,Smear Negative
United Arab Emirates,2007,ep,m,0-14,1,Extrapulmonary
United Arab Emirates,2007,ep,m,15-24,1,Extrapulmonary
United Arab Emirates,2007,ep,m,25-34,1,Extrapulmonary
United Arab Emirates,2007,ep,m,35-44,0,Extrapulmonary
United Arab Emirates,2007,ep,m,45-54,1,Extrapulmonary
United Arab Emirates,2007,ep,m,55-64,0,Extrapulmonary
United Arab Emirates,2007,ep,m,65+,1,Extrapulmonary
United Arab Emirates,2007,ep,f,0-14,4,Extrapulmonary
United Arab Emirates,2007,ep,f,15-24,2,Extrapulmonary
United Arab Emirates,2007,ep,f,25-34,1,Extrapulmonary
United Arab Emirates,2007,ep,f,35-44,2,Extrapulmonary
United Arab Emirates,2007,ep,f,45-54,1,Extrapulmonary
United Arab Emirates,2007,ep,f,55-64,0,Extrapulmonary
United Arab Emirates,2007,ep,f,65+,1,Extrapulmonary
United Arab Emirates,2008,sp,m,0-14,0,Smear Positive
United Arab Emirates,2008,sp,m,15-24,6,Smear Positive
United Arab Emirates,2008,sp,m,25-34,1,Smear Positive
United Arab Emirates,2008,sp,m,35-44,7,Smear Positive
United Arab Emirates,2008,sp,m,45-54,5,Smear Positive
United Arab Emirates,2008,sp,m,55-64,3,Smear Positive
United Arab Emirates,2008,sp,m,65+,6,Smear Positive
United Arab Emirates,2008,sp,f,0-14,0,Smear Positive
United Arab Emirates,2008,sp,f,15-24,10,Smear Positive
United Arab Emirates,2008,sp,f,25-34,4,Smear Positive
United Arab Emirates,2008,sp,f,35-44,1,Smear Positive
United Arab Emirates,2008,sp,f,45-54,1,Smear Positive
United Arab Emirates,2008,sp,f,55-64,3,Smear Positive
United Arab Emirates,2008,sp,f,65+,3,Smear Positive
United Arab Emirates,2008,sn,m,0-14,1,Smear Negative
United Arab Emirates,2008,sn,m,15-24,2,Smear Negative
United Arab Emirates,2008,sn,m,25-34,2,Smear Negative
United Arab Emirates,2008,sn,m,35-44,0,Smear Negative
United Arab Emirates,2008,sn,m,45-54,0,Smear Negative
United Arab Emirates,2008,sn,m,55-64,0,Smear Negative
United Arab Emirates,2008,sn,m,65+,1,Smear Negative
United Arab Emirates,2008,sn,f,0-14,3,Smear Negative
United Arab Emirates,2008,sn,f,15-24,1,Smear Negative
United Arab Emirates,2008,sn,f,25-34,2,Smear Negative
United Arab Emirates,2008,sn,f,35-44,0,Smear Negative
United Arab Emirates,2008,sn,f,45-54,1,Smear Negative
United Arab Emirates,2008,sn,f,55-64,1,Smear Negative
United Arab Emirates,2008,sn,f,65+,3,Smear Negative
United Arab Emirates,2008,ep,m,0-14,4,Extrapulmonary
United Arab Emirates,2008,ep,m,15-24,4,Extrapulmonary
United Arab Emirates,2008,ep,m,25-34,0,Extrapulmonary
United Arab Emirates,2008,ep,m,35-44,1,Extrapulmonary
United Arab Emirates,2008,ep,m,45-54,0,Extrapulmonary
United Arab Emirates,2008,ep,m,55-64,3,Extrapulmonary
United Arab Emirates,2008,ep,m,65+,0,Extrapulmonary
United Arab Emirates,2008,ep,f,0-14,1,Extrapulmonary
United Arab Emirates,2008,ep,f,15-24,1,Extrapulmonary
United Arab Emirates,2008,ep,f,25-34,4,Extrapulmonary
United Arab Emirates,2008,ep,f,35-44,0,Extrapulmonary
United Arab Emirates,2008,ep,f,45-54,3,Extrapulmonary
United Arab Emirates,2008,ep,f,55-64,1,Extrapulmonary
United Arab Emirates,2008,ep,f,65+,3,Extrapulmonary
United Arab Emirates,2009,sp,m,0-14,2,Smear Positive
United Arab Emirates,2009,sp,m,15-24,8,Smear Positive
United Arab Emirates,2009,sp,m,25-34,9,Smear Positive
United Arab Emirates,2009,sp,m,35-44,8,Smear Positive
United Arab Emirates,2009,sp,m,45-54,6,Smear Positive
United Arab Emirates,2009,sp,m,55-64,4,Smear Positive
United Arab Emirates,2009,sp,m,65+,4,Smear Positive
United Arab Emirates,2009,sp,f,0-14,0,Smear Positive
United Arab Emirates,2009,sp,f,15-24,8,Smear Positive
United Arab Emirates,2009,sp,f,25-34,5,Smear Positive
United Arab Emirates,2009,sp,f,35-44,2,Smear Positive
United Arab Emirates,2009,sp,f,45-54,7,Smear Positive
United Arab Emirates,2009,sp,f,55-64,0,Smear Positive
United Arab Emirates,2009,sp,f,65+,6,Smear Positive
United Arab Emirates,2009,sn,m,0-14,3,Smear Negative
United Arab Emirates,2009,sn,m,15-24,0,Smear Negative
United Arab Emirates,2009,sn,m,25-34,0,Smear Negative
United Arab Emirates,2009,sn,m,35-44,2,Smear Negative
United Arab Emirates,2009,sn,m,45-54,1,Smear Negative
United Arab Emirates,2009,sn,m,55-64,1,Smear Negative
United Arab Emirates,2009,sn,m,65+,1,Smear Negative
United Arab Emirates,2009,sn,f,0-14,4,Smear Negative
United Arab Emirates,2009,sn,f,15-24,0,Smear Negative
United Arab Emirates,2009,sn,f,25-34,2,Smear Negative
United Arab Emirates,2009,sn,f,35-44,0,Smear Negative
United Arab Emirates,2009,sn,f,45-54,0,Smear Negative
United Arab Emirates,2009,sn,f,55-64,0,Smear Negative
United Arab Emirates,2009,sn,f,65+,1,Smear Negative
United Arab Emirates,2009,ep,m,0-14,5,Extrapulmonary
United Arab Emirates,2009,ep,m,15-24,2,Extrapulmonary
United Arab Emirates,2009,ep,m,25-34,3,Extrapulmonary
United Arab Emirates,2009,ep,m,35-44,2,Extrapulmonary
United Arab Emirates,2009,ep,m,45-54,3,Extrapulmonary
United Arab Emirates,2009,ep,m,55-64,0,Extrapulmonary
United Arab Emirates,2009,ep,m,65+,1,Extrapulmonary
United Arab Emirates,2009,ep,f,0-14,2,Extrapulmonary
United Arab Emirates,2009,ep,f,15-24,3,Extrapulmonary
United Arab Emirates,2009,ep,f,25-34,4,Extrapulmonary
United Arab Emirates,2009,ep,f,35-44,0,Extrapulmonary
United Arab Emirates,2009,ep,f,45-54,2,Extrapulmonary
United Arab Emirates,2009,ep,f,55-64,0,Extrapulmonary
United Arab Emirates,2009,ep,f,65+,3,Extrapulmonary
United Arab Emirates,2010,sp,m,0-14,1,Smear Positive
United Arab Emirates,2010,sp,m,15-24,7,Smear Positive
United Arab Emirates,2010,sp,m,25-34,13,Smear Positive
United Arab Emirates,2010,sp,m,35-44,7,Smear Positive
United Arab Emirates,2010,sp,m,45-54,3,Smear Positive
United Arab Emirates,2010,sp,m,55-64,4,Smear Positive
United Arab Emirates,2010,sp,m,65+,4,Smear Positive
United Arab Emirates,2010,sp,f,0-14,1,Smear Positive
United Arab Emirates,2010,sp,f,15-24,2,Smear Positive
United Arab Emirates,2010,sp,f,25-34,4,Smear Positive
United Arab Emirates,2010,sp,f,35-44,1,Smear Positive
United Arab Emirates,2010,sp,f,45-54,5,Smear Positive
United Arab Emirates,2010,sp,f,55-64,1,Smear Positive
United Arab Emirates,2010,sp,f,65+,3,Smear Positive
United Arab Emirates,2010,sn,m,0-14,3,Smear Negative
United Arab Emirates,2010,sn,m,15-24,1,Smear Negative
United Arab Emirates,2010,sn,m,25-34,5,Smear Negative
United Arab Emirates,2010,sn,m,35-44,0,Smear Negative
United Arab Emirates,2010,sn,m,45-54,2,Smear Negative
United Arab Emirates,2010,sn,m,55-64,3,Smear Negative
United Arab Emirates,2010,sn,m,65+,3,Smear Negative
United Arab Emirates,2010,sn,f,0-14,4,Smear Negative
United Arab Emirates,2010,sn,f,15-24,4,Smear Negative
United Arab Emirates,2010,sn,f,25-34,0,Smear Negative
United Arab Emirates,2010,sn,f,35-44,0,Smear Negative
United Arab Emirates,2010,sn,f,45-54,0,Smear Negative
United Arab Emirates,2010,sn,f,55-64,0,Smear Negative
United Arab Emirates,2010,sn,f,65+,3,Smear Negative
United Arab Emirates,2010,ep,m,0-14,3,Extrapulmonary
United Arab Emirates,2010,ep,m,15-24,3,Extrapulmonary
United Arab Emirates,2010,ep,m,25-34,4,Extrapulmonary
United Arab Emirates,2010,ep,m,35-44,4,Extrapulmonary
United Arab Emirates,2010,ep,m,45-54,0,Extrapulmonary
United Arab Emirates,2010,ep,m,55-64,4,Extrapulmonary
United Arab Emirates,2010,ep,m,65+,2,Extrapulmonary
United Arab Emirates,2010,ep,f,0-14,6,Extrapulmonary
United Arab Emirates,2010,ep,f,15-24,6,Extrapulmonary
United Arab Emirates,2010,ep,f,25-34,8,Extrapulmonary
United Arab Emirates,2010,ep,f,35-44,4,Extrapulmonary
United Arab Emirates,2010,ep,f,45-54,0,Extrapulmonary
United Arab Emirates,2010,ep,f,55-64,0,Extrapulmonary
United Arab Emirates,2010,ep,f,65+,3,Extrapulmonary
United Arab Emirates,2011,sp,m,0-14,0,Smear Positive
United Arab Emirates,2011,sp,m,15-24,3,Smear Positive
United Arab Emirates,2011,sp,m,25-34,7,Smear Positive
United Arab Emirates,2011,sp,m,35-44,3,Smear Positive
United Arab Emirates,2011,sp,m,45-54,5,Smear Positive
United Arab Emirates,2011,sp,m,55-64,1,Smear Positive
United Arab Emirates,2011,sp,m,65+,3,Smear Positive
United Arab Emirates,2011,sp,f,0-14,4,Smear Positive
United Arab Emirates,2011,sp,f,15-24,6,Smear Positive
United Arab Emirates,2011,sp,f,25-34,6,Smear Positive
United Arab Emirates,2011,sp,f,35-44,3,Smear Positive
United Arab Emirates,2011,sp,f,45-54,2,Smear Positive
United Arab Emirates,2011,sp,f,55-64,1,Smear Positive
United Arab Emirates,2011,sp,f,65+,2,Smear Positive
United Arab Emirates,2011,sn,m,0-14,2,Smear Negative
United Arab Emirates,2011,sn,m,15-24,5,Smear Negative
United Arab Emirates,2011,sn,m,25-34,5,Smear Negative
United Arab Emirates,2011,sn,m,35-44,3,Smear Negative
United Arab Emirates,2011,sn,m,45-54,3,Smear Negative
United Arab Emirates,2011,sn,m,55-64,1,Smear Negative
United Arab Emirates,2011,sn,m,65+,2,Smear Negative
United Arab Emirates,2011,sn,f,0-14,1,Smear Negative
United Arab Emirates,2011,sn,f,15-24,1,Smear Negative
United Arab Emirates,2011,sn,f,25-34,2,Smear Negative
United Arab Emirates,2011,sn,f,35-44,0,Smear Negative
United Arab Emirates,2011,sn,f,45-54,0,Smear Negative
United Arab Emirates,2011,sn,f,55-64,0,Smear Negative
United Arab Emirates,2011,sn,f,65+,2,Smear Negative
United Arab Emirates,2011,ep,m,0-14,2,Extrapulmonary
United Arab Emirates,2011,ep,m,15-24,4,Extrapulmonary
United Arab Emirates,2011,ep,m,25-34,3,Extrapulmonary
United Arab Emirates,2011,ep,m,35-44,2,Extrapulmonary
United Arab Emirates,2011,ep,m,45-54,1,Extrapulmonary
United Arab Emirates,2011,ep,m,55-64,2,Extrapulmonary
United Arab Emirates,2011,ep,m,65+,4,Extrapulmonary
United Arab Emirates,2011,ep,f,0-14,0,Extrapulmonary
United Arab Emirates,2011,ep,f,15-24,5,Extrapulmonary
United Arab Emirates,2011,ep,f,25-34,0,Extrapulmonary
United Arab Emirates,2011,ep,f,35-44,2,Extrapulmonary
United Arab Emirates,2011,ep,f,45-54,2,Extrapulmonary
United Arab Emirates,2011,ep,f,55-64,1,Extrapulmonary
United Arab Emirates,2011,ep,f,65+,2,Extrapulmonary
United Arab Emirates,2012,sp,m,0-14,0,Smear Positive
United Arab Emirates,2012,sp,m,15-24,2,Smear Positive
United Arab Emirates,2012,sp,m,25-34,4,Smear Positive
United Arab Emirates,2012,sp,m,35-44,4,Smear Positive
United Arab Emirates,2012,sp,m,45-54,5,Smear Positive
United Arab Emirates,2012,sp,m,55-64,5,Smear Positive
United Arab Emirates,2012,sp,m,65+,2,Smear Positive
United Arab Emirates,2012,sp,f,0-14,0,Smear Positive
United Arab Emirates,2012,sp,f,15-24,5,Smear Positive
United Arab Emirates,2012,sp,f,25-34,2,Smear Positive
United Arab Emirates,2012,sp,f,35-44,2,Smear Positive
United Arab Emirates,2012,sp,f,45-54,3,Smear Positive
United Arab Emirates,2012,sp,f,55-64,4,Smear Positive
United Arab Emirates,2012,sp,f,65+,4,Smear Positive
United Arab Emirates,2012,sn,m,0-14,0,Smear Negative
United Arab Emirates,2012,sn,m,15-24,0,Smear Negative
United Arab Emirates,2012,sn,m,25-34,3,Smear Negative
United Arab Emirates,2012,sn,m,35-44,1,Smear Negative
United Arab Emirates,2012,sn,m,45-54,1,Smear Negative
United Arab Emirates,2012,sn,m,55-64,1,Smear Negative
United Arab Emirates,2012,sn,m,65+,2,Smear Negative
United Arab Emirates,2012,sn,f,0-14,1,Smear Negative
United Arab Emirates,2012,sn,f,15-24,4,Smear Negative
United Arab Emirates,2012,sn,f,25-34,0,Smear Negative
United Arab Emirates,2012,sn,f,35-44,0,Smear Negative
United Arab Emirates,2012,sn,f,45-54,1,Smear Negative
United Arab Emirates,2012,sn,f,55-64,0,Smear Negative
United Arab Emirates,2012,sn,f,65+,1,Smear Negative
United Arab Emirates,2012,ep,m,0-14,2,Extrapulmonary
United Arab Emirates,2012,ep,m,15-24,1,Extrapulmonary
United Arab Emirates,2012,ep,m,25-34,3,Extrapulmonary
United Arab Emirates,2012,ep,m,35-44,3,Extrapulmonary
United Arab Emirates,2012,ep,m,45-54,0,Extrapulmonary
United Arab Emirates,2012,ep,m,55-64,0,Extrapulmonary
United Arab Emirates,2012,ep,m,65+,2,Extrapulmonary
United Arab Emirates,2012,ep,f,0-14,0,Extrapulmonary
United Arab Emirates,2012,ep,f,15-24,4,Extrapulmonary
United Arab Emirates,2012,ep,f,25-34,2,Extrapulmonary
United Arab Emirates,2012,ep,f,35-44,1,Extrapulmonary
United Arab Emirates,2012,ep,f,45-54,1,Extrapulmonary
United Arab Emirates,2012,ep,f,55-64,0,Extrapulmonary
United Arab Emirates,2012,ep,f,65+,1,Extrapulmonary
United Arab Emirates,2013,rel,m,0-14,4,Relapse
United Arab Emirates,2013,rel,m,15-24,8,Relapse
United Arab Emirates,2013,rel,m,25-34,9,Relapse
United Arab Emirates,2013,rel,m,35-44,9,Relapse
United Arab Emirates,2013,rel,m,45-54,6,Relapse
United Arab Emirates,2013,rel,m,55-64,5,Relapse
United Arab Emirates,2013,rel,m,65+,10,Relapse
United Arab Emirates,2013,rel,f,0-14,5,Relapse
United Arab Emirates,2013,rel,f,15-24,4,Relapse
United Arab Emirates,2013,rel,f,25-34,9,Relapse
United Arab Emirates,2013,rel,f,35-44,3,Relapse
United Arab Emirates,2013,rel,f,45-54,3,Relapse
United Arab Emirates,2013,rel,f,55-64,1,Relapse
United Arab Emirates,2013,rel,f,65+,6,Relapse
United Kingdom of Great Britain and Northern Ireland,1997,sp,m,0-14,2,Smear Positive
United Kingdom of Great Britain and Northern Ireland,1997,sp,m,15-24,68,Smear Positive
United Kingdom of Great Britain and Northern Ireland,1997,sp,m,25-34,87,Smear Positive
United Kingdom of Great Britain and Northern Ireland,1997,sp,m,35-44,90,Smear Positive
United Kingdom of Great Britain and Northern Ireland,1997,sp,m,45-54,84,Smear Positive
United Kingdom of Great Britain and Northern Ireland,1997,sp,m,55-64,60,Smear Positive
United Kingdom of Great Britain and Northern Ireland,1997,sp,m,65+,107,Smear Positive
United Kingdom of Great Britain and Northern Ireland,1997,sp,f,0-14,8,Smear Positive
United Kingdom of Great Britain and Northern Ireland,1997,sp,f,15-24,67,Smear Positive
United Kingdom of Great Britain and Northern Ireland,1997,sp,f,25-34,64,Smear Positive
United Kingdom of Great Britain and Northern Ireland,1997,sp,f,35-44,43,Smear Positive
United Kingdom of Great Britain and Northern Ireland,1997,sp,f,45-54,34,Smear Positive
United Kingdom of Great Britain and Northern Ireland,1997,sp,f,55-64,24,Smear Positive
United Kingdom of Great Britain and Northern Ireland,1997,sp,f,65+,51,Smear Positive
United Kingdom of Great Britain and Northern Ireland,1998,sp,m,0-14,11,Smear Positive
United Kingdom of Great Britain and Northern Ireland,1998,sp,m,15-24,103,Smear Positive
United Kingdom of Great Britain and Northern Ireland,1998,sp,m,25-34,164,Smear Positive
United Kingdom of Great Britain and Northern Ireland,1998,sp,m,35-44,141,Smear Positive
United Kingdom of Great Britain and Northern Ireland,1998,sp,m,45-54,108,Smear Positive
United Kingdom of Great Britain and Northern Ireland,1998,sp,m,55-64,105,Smear Positive
United Kingdom of Great Britain and Northern Ireland,1998,sp,m,65+,225,Smear Positive
United Kingdom of Great Britain and Northern Ireland,1998,sp,f,0-14,9,Smear Positive
United Kingdom of Great Britain and Northern Ireland,1998,sp,f,15-24,105,Smear Positive
United Kingdom of Great Britain and Northern Ireland,1998,sp,f,25-34,103,Smear Positive
United Kingdom of Great Britain and Northern Ireland,1998,sp,f,35-44,71,Smear Positive
United Kingdom of Great Britain and Northern Ireland,1998,sp,f,45-54,44,Smear Positive
United Kingdom of Great Britain and Northern Ireland,1998,sp,f,55-64,39,Smear Positive
United Kingdom of Great Britain and Northern Ireland,1998,sp,f,65+,114,Smear Positive
United Kingdom of Great Britain and Northern Ireland,1999,sp,m,0-14,8,Smear Positive
United Kingdom of Great Britain and Northern Ireland,1999,sp,m,15-24,68,Smear Positive
United Kingdom of Great Britain and Northern Ireland,1999,sp,m,25-34,93,Smear Positive
United Kingdom of Great Britain and Northern Ireland,1999,sp,m,35-44,68,Smear Positive
United Kingdom of Great Britain and Northern Ireland,1999,sp,m,45-54,53,Smear Positive
United Kingdom of Great Britain and Northern Ireland,1999,sp,m,55-64,51,Smear Positive
United Kingdom of Great Britain and Northern Ireland,1999,sp,m,65+,126,Smear Positive
United Kingdom of Great Britain and Northern Ireland,1999,sp,f,0-14,6,Smear Positive
United Kingdom of Great Britain and Northern Ireland,1999,sp,f,15-24,55,Smear Positive
United Kingdom of Great Britain and Northern Ireland,1999,sp,f,25-34,80,Smear Positive
United Kingdom of Great Britain and Northern Ireland,1999,sp,f,35-44,60,Smear Positive
United Kingdom of Great Britain and Northern Ireland,1999,sp,f,45-54,29,Smear Positive
United Kingdom of Great Britain and Northern Ireland,1999,sp,f,55-64,30,Smear Positive
United Kingdom of Great Britain and Northern Ireland,1999,sp,f,65+,69,Smear Positive
United Kingdom of Great Britain and Northern Ireland,2000,sp,m,0-14,8,Smear Positive
United Kingdom of Great Britain and Northern Ireland,2000,sp,m,15-24,86,Smear Positive
United Kingdom of Great Britain and Northern Ireland,2000,sp,m,25-34,130,Smear Positive
United Kingdom of Great Britain and Northern Ireland,2000,sp,m,35-44,96,Smear Positive
United Kingdom of Great Britain and Northern Ireland,2000,sp,m,45-54,87,Smear Positive
United Kingdom of Great Britain and Northern Ireland,2000,sp,m,55-64,75,Smear Positive
United Kingdom of Great Britain and Northern Ireland,2000,sp,m,65+,138,Smear Positive
United Kingdom of Great Britain and Northern Ireland,2000,sp,f,0-14,9,Smear Positive
United Kingdom of Great Britain and Northern Ireland,2000,sp,f,15-24,95,Smear Positive
United Kingdom of Great Britain and Northern Ireland,2000,sp,f,25-34,114,Smear Positive
United Kingdom of Great Britain and Northern Ireland,2000,sp,f,35-44,60,Smear Positive
United Kingdom of Great Britain and Northern Ireland,2000,sp,f,45-54,31,Smear Positive
United Kingdom of Great Britain and Northern Ireland,2000,sp,f,55-64,31,Smear Positive
United Kingdom of Great Britain and Northern Ireland,2000,sp,f,65+,67,Smear Positive
United Kingdom of Great Britain and Northern Ireland,2001,sp,m,0-14,10,Smear Positive
United Kingdom of Great Britain and Northern Ireland,2001,sp,m,15-24,99,Smear Positive
United Kingdom of Great Britain and Northern Ireland,2001,sp,m,25-34,135,Smear Positive
United Kingdom of Great Britain and Northern Ireland,2001,sp,m,35-44,105,Smear Positive
United Kingdom of Great Britain and Northern Ireland,2001,sp,m,45-54,96,Smear Positive
United Kingdom of Great Britain and Northern Ireland,2001,sp,m,55-64,81,Smear Positive
United Kingdom of Great Britain and Northern Ireland,2001,sp,m,65+,117,Smear Positive
United Kingdom of Great Britain and Northern Ireland,2001,sp,f,0-14,15,Smear Positive
United Kingdom of Great Britain and Northern Ireland,2001,sp,f,15-24,74,Smear Positive
United Kingdom of Great Britain and Northern Ireland,2001,sp,f,25-34,104,Smear Positive
United Kingdom of Great Britain and Northern Ireland,2001,sp,f,35-44,57,Smear Positive
United Kingdom of Great Britain and Northern Ireland,2001,sp,f,45-54,54,Smear Positive
United Kingdom of Great Britain and Northern Ireland,2001,sp,f,55-64,38,Smear Positive
United Kingdom of Great Britain and Northern Ireland,2001,sp,f,65+,105,Smear Positive
United Kingdom of Great Britain and Northern Ireland,2002,sp,m,0-14,6,Smear Positive
United Kingdom of Great Britain and Northern Ireland,2002,sp,m,15-24,94,Smear Positive
United Kingdom of Great Britain and Northern Ireland,2002,sp,m,25-34,142,Smear Positive
United Kingdom of Great Britain and Northern Ireland,2002,sp,m,35-44,132,Smear Positive
United Kingdom of Great Britain and Northern Ireland,2002,sp,m,45-54,98,Smear Positive
United Kingdom of Great Britain and Northern Ireland,2002,sp,m,55-64,90,Smear Positive
United Kingdom of Great Britain and Northern Ireland,2002,sp,m,65+,153,Smear Positive
United Kingdom of Great Britain and Northern Ireland,2002,sp,f,0-14,6,Smear Positive
United Kingdom of Great Britain and Northern Ireland,2002,sp,f,15-24,82,Smear Positive
United Kingdom of Great Britain and Northern Ireland,2002,sp,f,25-34,131,Smear Positive
United Kingdom of Great Britain and Northern Ireland,2002,sp,f,35-44,66,Smear Positive
United Kingdom of Great Britain and Northern Ireland,2002,sp,f,45-54,44,Smear Positive
United Kingdom of Great Britain and Northern Ireland,2002,sp,f,55-64,33,Smear Positive
United Kingdom of Great Britain and Northern Ireland,2002,sp,f,65+,93,Smear Positive
United Kingdom of Great Britain and Northern Ireland,2003,sp,m,0-14,13,Smear Positive
United Kingdom of Great Britain and Northern Ireland,2003,sp,m,15-24,101,Smear Positive
United Kingdom of Great Britain and Northern Ireland,2003,sp,m,25-34,182,Smear Positive
United Kingdom of Great Britain and Northern Ireland,2003,sp,m,35-44,128,Smear Positive
United Kingdom of Great Britain and Northern Ireland,2003,sp,m,45-54,81,Smear Positive
United Kingdom of Great Britain and Northern Ireland,2003,sp,m,55-64,59,Smear Positive
United Kingdom of Great Britain and Northern Ireland,2003,sp,m,65+,92,Smear Positive
United Kingdom of Great Britain and Northern Ireland,2003,sp,f,0-14,14,Smear Positive
United Kingdom of Great Britain and Northern Ireland,2003,sp,f,15-24,108,Smear Positive
United Kingdom of Great Britain and Northern Ireland,2003,sp,f,25-34,148,Smear Positive
United Kingdom of Great Britain and Northern Ireland,2003,sp,f,35-44,88,Smear Positive
United Kingdom of Great Britain and Northern Ireland,2003,sp,f,45-54,47,Smear Positive
United Kingdom of Great Britain and Northern Ireland,2003,sp,f,55-64,17,Smear Positive
United Kingdom of Great Britain and Northern Ireland,2003,sp,f,65+,55,Smear Positive
United Kingdom of Great Britain and Northern Ireland,2004,sp,m,0-14,10,Smear Positive
United Kingdom of Great Britain and Northern Ireland,2004,sp,m,15-24,118,Smear Positive
United Kingdom of Great Britain and Northern Ireland,2004,sp,m,25-34,203,Smear Positive
United Kingdom of Great Britain and Northern Ireland,2004,sp,m,35-44,148,Smear Positive
United Kingdom of Great Britain and Northern Ireland,2004,sp,m,45-54,103,Smear Positive
United Kingdom of Great Britain and Northern Ireland,2004,sp,m,55-64,85,Smear Positive
United Kingdom of Great Britain and Northern Ireland,2004,sp,m,65+,94,Smear Positive
United Kingdom of Great Britain and Northern Ireland,2004,sp,f,0-14,13,Smear Positive
United Kingdom of Great Britain and Northern Ireland,2004,sp,f,15-24,126,Smear Positive
United Kingdom of Great Britain and Northern Ireland,2004,sp,f,25-34,176,Smear Positive
United Kingdom of Great Britain and Northern Ireland,2004,sp,f,35-44,85,Smear Positive
United Kingdom of Great Britain and Northern Ireland,2004,sp,f,45-54,47,Smear Positive
United Kingdom of Great Britain and Northern Ireland,2004,sp,f,55-64,33,Smear Positive
United Kingdom of Great Britain and Northern Ireland,2004,sp,f,65+,65,Smear Positive
United Kingdom of Great Britain and Northern Ireland,2005,sp,m,0-14,9,Smear Positive
United Kingdom of Great Britain and Northern Ireland,2005,sp,m,15-24,135,Smear Positive
United Kingdom of Great Britain and Northern Ireland,2005,sp,m,25-34,200,Smear Positive
United Kingdom of Great Britain and Northern Ireland,2005,sp,m,35-44,166,Smear Positive
United Kingdom of Great Britain and Northern Ireland,2005,sp,m,45-54,95,Smear Positive
United Kingdom of Great Britain and Northern Ireland,2005,sp,m,55-64,95,Smear Positive
United Kingdom of Great Britain and Northern Ireland,2005,sp,m,65+,124,Smear Positive
United Kingdom of Great Britain and Northern Ireland,2005,sp,f,0-14,14,Smear Positive
United Kingdom of Great Britain and Northern Ireland,2005,sp,f,15-24,115,Smear Positive
United Kingdom of Great Britain and Northern Ireland,2005,sp,f,25-34,163,Smear Positive
United Kingdom of Great Britain and Northern Ireland,2005,sp,f,35-44,80,Smear Positive
United Kingdom of Great Britain and Northern Ireland,2005,sp,f,45-54,39,Smear Positive
United Kingdom of Great Britain and Northern Ireland,2005,sp,f,55-64,28,Smear Positive
United Kingdom of Great Britain and Northern Ireland,2005,sp,f,65+,83,Smear Positive
United Kingdom of Great Britain and Northern Ireland,2006,sp,m,0-14,9,Smear Positive
United Kingdom of Great Britain and Northern Ireland,2006,sp,m,15-24,173,Smear Positive
United Kingdom of Great Britain and Northern Ireland,2006,sp,m,25-34,244,Smear Positive
United Kingdom of Great Britain and Northern Ireland,2006,sp,m,35-44,213,Smear Positive
United Kingdom of Great Britain and Northern Ireland,2006,sp,m,45-54,148,Smear Positive
United Kingdom of Great Britain and Northern Ireland,2006,sp,m,55-64,88,Smear Positive
United Kingdom of Great Britain and Northern Ireland,2006,sp,m,65+,191,Smear Positive
United Kingdom of Great Britain and Northern Ireland,2006,sp,f,0-14,22,Smear Positive
United Kingdom of Great Britain and Northern Ireland,2006,sp,f,15-24,168,Smear Positive
United Kingdom of Great Britain and Northern Ireland,2006,sp,f,25-34,192,Smear Positive
United Kingdom of Great Britain and Northern Ireland,2006,sp,f,35-44,112,Smear Positive
United Kingdom of Great Britain and Northern Ireland,2006,sp,f,45-54,60,Smear Positive
United Kingdom of Great Britain and Northern Ireland,2006,sp,f,55-64,42,Smear Positive
United Kingdom of Great Britain and Northern Ireland,2006,sp,f,65+,97,Smear Positive
United Kingdom of Great Britain and Northern Ireland,2006,sn,m,0-14,103,Smear Negative
United Kingdom of Great Britain and Northern Ireland,2006,sn,m,15-24,230,Smear Negative
United Kingdom of Great Britain and Northern Ireland,2006,sn,m,25-34,391,Smear Negative
United Kingdom of Great Britain and Northern Ireland,2006,sn,m,35-44,240,Smear Negative
United Kingdom of Great Britain and Northern Ireland,2006,sn,m,45-54,175,Smear Negative
United Kingdom of Great Britain and Northern Ireland,2006,sn,m,55-64,153,Smear Negative
United Kingdom of Great Britain and Northern Ireland,2006,sn,m,65+,320,Smear Negative
United Kingdom of Great Britain and Northern Ireland,2006,sn,f,0-14,113,Smear Negative
United Kingdom of Great Britain and Northern Ireland,2006,sn,f,15-24,223,Smear Negative
United Kingdom of Great Britain and Northern Ireland,2006,sn,f,25-34,292,Smear Negative
United Kingdom of Great Britain and Northern Ireland,2006,sn,f,35-44,184,Smear Negative
United Kingdom of Great Britain and Northern Ireland,2006,sn,f,45-54,117,Smear Negative
United Kingdom of Great Britain and Northern Ireland,2006,sn,f,55-64,86,Smear Negative
United Kingdom of Great Britain and Northern Ireland,2006,sn,f,65+,198,Smear Negative
United Kingdom of Great Britain and Northern Ireland,2006,ep,m,0-14,48,Extrapulmonary
United Kingdom of Great Britain and Northern Ireland,2006,ep,m,15-24,266,Extrapulmonary
United Kingdom of Great Britain and Northern Ireland,2006,ep,m,25-34,589,Extrapulmonary
United Kingdom of Great Britain and Northern Ireland,2006,ep,m,35-44,382,Extrapulmonary
United Kingdom of Great Britain and Northern Ireland,2006,ep,m,45-54,186,Extrapulmonary
United Kingdom of Great Britain and Northern Ireland,2006,ep,m,55-64,141,Extrapulmonary
United Kingdom of Great Britain and Northern Ireland,2006,ep,m,65+,176,Extrapulmonary
United Kingdom of Great Britain and Northern Ireland,2006,ep,f,0-14,81,Extrapulmonary
United Kingdom of Great Britain and Northern Ireland,2006,ep,f,15-24,261,Extrapulmonary
United Kingdom of Great Britain and Northern Ireland,2006,ep,f,25-34,502,Extrapulmonary
United Kingdom of Great Britain and Northern Ireland,2006,ep,f,35-44,310,Extrapulmonary
United Kingdom of Great Britain and Northern Ireland,2006,ep,f,45-54,220,Extrapulmonary
United Kingdom of Great Britain and Northern Ireland,2006,ep,f,55-64,155,Extrapulmonary
United Kingdom of Great Britain and Northern Ireland,2006,ep,f,65+,236,Extrapulmonary
United Kingdom of Great Britain and Northern Ireland,2007,sp,m,0-14,13,Smear Positive
United Kingdom of Great Britain and Northern Ireland,2007,sp,m,15-24,183,Smear Positive
United Kingdom of Great Britain and Northern Ireland,2007,sp,m,25-34,286,Smear Positive
United Kingdom of Great Britain and Northern Ireland,2007,sp,m,35-44,223,Smear Positive
United Kingdom of Great Britain and Northern Ireland,2007,sp,m,45-54,169,Smear Positive
United Kingdom of Great Britain and Northern Ireland,2007,sp,m,55-64,97,Smear Positive
United Kingdom of Great Britain and Northern Ireland,2007,sp,m,65+,202,Smear Positive
United Kingdom of Great Britain and Northern Ireland,2007,sp,f,0-14,20,Smear Positive
United Kingdom of Great Britain and Northern Ireland,2007,sp,f,15-24,145,Smear Positive
United Kingdom of Great Britain and Northern Ireland,2007,sp,f,25-34,222,Smear Positive
United Kingdom of Great Britain and Northern Ireland,2007,sp,f,35-44,91,Smear Positive
United Kingdom of Great Britain and Northern Ireland,2007,sp,f,45-54,58,Smear Positive
United Kingdom of Great Britain and Northern Ireland,2007,sp,f,55-64,45,Smear Positive
United Kingdom of Great Britain and Northern Ireland,2007,sp,f,65+,138,Smear Positive
United Kingdom of Great Britain and Northern Ireland,2007,sn,m,0-14,145,Smear Negative
United Kingdom of Great Britain and Northern Ireland,2007,sn,m,15-24,224,Smear Negative
United Kingdom of Great Britain and Northern Ireland,2007,sn,m,25-34,379,Smear Negative
United Kingdom of Great Britain and Northern Ireland,2007,sn,m,35-44,248,Smear Negative
United Kingdom of Great Britain and Northern Ireland,2007,sn,m,45-54,204,Smear Negative
United Kingdom of Great Britain and Northern Ireland,2007,sn,m,55-64,218,Smear Negative
United Kingdom of Great Britain and Northern Ireland,2007,sn,m,65+,274,Smear Negative
United Kingdom of Great Britain and Northern Ireland,2007,sn,f,0-14,142,Smear Negative
United Kingdom of Great Britain and Northern Ireland,2007,sn,f,15-24,210,Smear Negative
United Kingdom of Great Britain and Northern Ireland,2007,sn,f,25-34,322,Smear Negative
United Kingdom of Great Britain and Northern Ireland,2007,sn,f,35-44,180,Smear Negative
United Kingdom of Great Britain and Northern Ireland,2007,sn,f,45-54,113,Smear Negative
United Kingdom of Great Britain and Northern Ireland,2007,sn,f,55-64,133,Smear Negative
United Kingdom of Great Britain and Northern Ireland,2007,sn,f,65+,198,Smear Negative
United Kingdom of Great Britain and Northern Ireland,2007,ep,m,0-14,202,Extrapulmonary
United Kingdom of Great Britain and Northern Ireland,2007,ep,m,15-24,548,Extrapulmonary
United Kingdom of Great Britain and Northern Ireland,2007,ep,m,25-34,1000,Extrapulmonary
United Kingdom of Great Britain and Northern Ireland,2007,ep,m,35-44,590,Extrapulmonary
United Kingdom of Great Britain and Northern Ireland,2007,ep,m,45-54,366,Extrapulmonary
United Kingdom of Great Britain and Northern Ireland,2007,ep,m,55-64,261,Extrapulmonary
United Kingdom of Great Britain and Northern Ireland,2007,ep,m,65+,457,Extrapulmonary
United Kingdom of Great Britain and Northern Ireland,2007,ep,f,0-14,225,Extrapulmonary
United Kingdom of Great Britain and Northern Ireland,2007,ep,f,15-24,432,Extrapulmonary
United Kingdom of Great Britain and Northern Ireland,2007,ep,f,25-34,782,Extrapulmonary
United Kingdom of Great Britain and Northern Ireland,2007,ep,f,35-44,478,Extrapulmonary
United Kingdom of Great Britain and Northern Ireland,2007,ep,f,45-54,303,Extrapulmonary
United Kingdom of Great Britain and Northern Ireland,2007,ep,f,55-64,248,Extrapulmonary
United Kingdom of Great Britain and Northern Ireland,2007,ep,f,65+,402,Extrapulmonary
United Kingdom of Great Britain and Northern Ireland,2008,sp,m,0-14,5,Smear Positive
United Kingdom of Great Britain and Northern Ireland,2008,sp,m,15-24,125,Smear Positive
United Kingdom of Great Britain and Northern Ireland,2008,sp,m,25-34,188,Smear Positive
United Kingdom of Great Britain and Northern Ireland,2008,sp,m,35-44,155,Smear Positive
United Kingdom of Great Britain and Northern Ireland,2008,sp,m,45-54,111,Smear Positive
United Kingdom of Great Britain and Northern Ireland,2008,sp,m,55-64,61,Smear Positive
United Kingdom of Great Britain and Northern Ireland,2008,sp,m,65+,99,Smear Positive
United Kingdom of Great Britain and Northern Ireland,2008,sp,f,0-14,16,Smear Positive
United Kingdom of Great Britain and Northern Ireland,2008,sp,f,15-24,134,Smear Positive
United Kingdom of Great Britain and Northern Ireland,2008,sp,f,25-34,181,Smear Positive
United Kingdom of Great Britain and Northern Ireland,2008,sp,f,35-44,90,Smear Positive
United Kingdom of Great Britain and Northern Ireland,2008,sp,f,45-54,27,Smear Positive
United Kingdom of Great Britain and Northern Ireland,2008,sp,f,55-64,28,Smear Positive
United Kingdom of Great Britain and Northern Ireland,2008,sp,f,65+,62,Smear Positive
United Kingdom of Great Britain and Northern Ireland,2008,sn,m,0-14,108,Smear Negative
United Kingdom of Great Britain and Northern Ireland,2008,sn,m,15-24,172,Smear Negative
United Kingdom of Great Britain and Northern Ireland,2008,sn,m,25-34,317,Smear Negative
United Kingdom of Great Britain and Northern Ireland,2008,sn,m,35-44,192,Smear Negative
United Kingdom of Great Britain and Northern Ireland,2008,sn,m,45-54,143,Smear Negative
United Kingdom of Great Britain and Northern Ireland,2008,sn,m,55-64,110,Smear Negative
United Kingdom of Great Britain and Northern Ireland,2008,sn,m,65+,202,Smear Negative
United Kingdom of Great Britain and Northern Ireland,2008,sn,f,0-14,104,Smear Negative
United Kingdom of Great Britain and Northern Ireland,2008,sn,f,15-24,154,Smear Negative
United Kingdom of Great Britain and Northern Ireland,2008,sn,f,25-34,245,Smear Negative
United Kingdom of Great Britain and Northern Ireland,2008,sn,f,35-44,145,Smear Negative
United Kingdom of Great Britain and Northern Ireland,2008,sn,f,45-54,108,Smear Negative
United Kingdom of Great Britain and Northern Ireland,2008,sn,f,55-64,65,Smear Negative
United Kingdom of Great Britain and Northern Ireland,2008,sn,f,65+,146,Smear Negative
United Kingdom of Great Britain and Northern Ireland,2008,ep,m,0-14,64,Extrapulmonary
United Kingdom of Great Britain and Northern Ireland,2008,ep,m,15-24,222,Extrapulmonary
United Kingdom of Great Britain and Northern Ireland,2008,ep,m,25-34,513,Extrapulmonary
United Kingdom of Great Britain and Northern Ireland,2008,ep,m,35-44,330,Extrapulmonary
United Kingdom of Great Britain and Northern Ireland,2008,ep,m,45-54,186,Extrapulmonary
United Kingdom of Great Britain and Northern Ireland,2008,ep,m,55-64,92,Extrapulmonary
United Kingdom of Great Britain and Northern Ireland,2008,ep,m,65+,154,Extrapulmonary
United Kingdom of Great Britain and Northern Ireland,2008,ep,f,0-14,80,Extrapulmonary
United Kingdom of Great Britain and Northern Ireland,2008,ep,f,15-24,172,Extrapulmonary
United Kingdom of Great Britain and Northern Ireland,2008,ep,f,25-34,426,Extrapulmonary
United Kingdom of Great Britain and Northern Ireland,2008,ep,f,35-44,277,Extrapulmonary
United Kingdom of Great Britain and Northern Ireland,2008,ep,f,45-54,211,Extrapulmonary
United Kingdom of Great Britain and Northern Ireland,2008,ep,f,55-64,118,Extrapulmonary
United Kingdom of Great Britain and Northern Ireland,2008,ep,f,65+,177,Extrapulmonary
United Kingdom of Great Britain and Northern Ireland,2009,sp,m,0-14,4,Smear Positive
United Kingdom of Great Britain and Northern Ireland,2009,sp,m,15-24,136,Smear Positive
United Kingdom of Great Britain and Northern Ireland,2009,sp,m,25-34,207,Smear Positive
United Kingdom of Great Britain and Northern Ireland,2009,sp,m,35-44,142,Smear Positive
United Kingdom of Great Britain and Northern Ireland,2009,sp,m,45-54,96,Smear Positive
United Kingdom of Great Britain and Northern Ireland,2009,sp,m,55-64,64,Smear Positive
United Kingdom of Great Britain and Northern Ireland,2009,sp,m,65+,95,Smear Positive
United Kingdom of Great Britain and Northern Ireland,2009,sp,f,0-14,18,Smear Positive
United Kingdom of Great Britain and Northern Ireland,2009,sp,f,15-24,111,Smear Positive
United Kingdom of Great Britain and Northern Ireland,2009,sp,f,25-34,159,Smear Positive
United Kingdom of Great Britain and Northern Ireland,2009,sp,f,35-44,77,Smear Positive
United Kingdom of Great Britain and Northern Ireland,2009,sp,f,45-54,39,Smear Positive
United Kingdom of Great Britain and Northern Ireland,2009,sp,f,55-64,24,Smear Positive
United Kingdom of Great Britain and Northern Ireland,2009,sp,f,65+,48,Smear Positive
United Kingdom of Great Britain and Northern Ireland,2009,sn,m,0-14,93,Smear Negative
United Kingdom of Great Britain and Northern Ireland,2009,sn,m,15-24,261,Smear Negative
United Kingdom of Great Britain and Northern Ireland,2009,sn,m,25-34,343,Smear Negative
United Kingdom of Great Britain and Northern Ireland,2009,sn,m,35-44,246,Smear Negative
United Kingdom of Great Britain and Northern Ireland,2009,sn,m,45-54,167,Smear Negative
United Kingdom of Great Britain and Northern Ireland,2009,sn,m,55-64,135,Smear Negative
United Kingdom of Great Britain and Northern Ireland,2009,sn,m,65+,239,Smear Negative
United Kingdom of Great Britain and Northern Ireland,2009,sn,f,0-14,114,Smear Negative
United Kingdom of Great Britain and Northern Ireland,2009,sn,f,15-24,179,Smear Negative
United Kingdom of Great Britain and Northern Ireland,2009,sn,f,25-34,257,Smear Negative
United Kingdom of Great Britain and Northern Ireland,2009,sn,f,35-44,156,Smear Negative
United Kingdom of Great Britain and Northern Ireland,2009,sn,f,45-54,131,Smear Negative
United Kingdom of Great Britain and Northern Ireland,2009,sn,f,55-64,84,Smear Negative
United Kingdom of Great Britain and Northern Ireland,2009,sn,f,65+,162,Smear Negative
United Kingdom of Great Britain and Northern Ireland,2009,ep,m,0-14,63,Extrapulmonary
United Kingdom of Great Britain and Northern Ireland,2009,ep,m,15-24,202,Extrapulmonary
United Kingdom of Great Britain and Northern Ireland,2009,ep,m,25-34,528,Extrapulmonary
United Kingdom of Great Britain and Northern Ireland,2009,ep,m,35-44,390,Extrapulmonary
United Kingdom of Great Britain and Northern Ireland,2009,ep,m,45-54,203,Extrapulmonary
United Kingdom of Great Britain and Northern Ireland,2009,ep,m,55-64,114,Extrapulmonary
United Kingdom of Great Britain and Northern Ireland,2009,ep,m,65+,177,Extrapulmonary
United Kingdom of Great Britain and Northern Ireland,2009,ep,f,0-14,50,Extrapulmonary
United Kingdom of Great Britain and Northern Ireland,2009,ep,f,15-24,198,Extrapulmonary
United Kingdom of Great Britain and Northern Ireland,2009,ep,f,25-34,438,Extrapulmonary
United Kingdom of Great Britain and Northern Ireland,2009,ep,f,35-44,299,Extrapulmonary
United Kingdom of Great Britain and Northern Ireland,2009,ep,f,45-54,206,Extrapulmonary
United Kingdom of Great Britain and Northern Ireland,2009,ep,f,55-64,152,Extrapulmonary
United Kingdom of Great Britain and Northern Ireland,2009,ep,f,65+,181,Extrapulmonary
United Kingdom of Great Britain and Northern Ireland,2010,sp,m,0-14,7,Smear Positive
United Kingdom of Great Britain and Northern Ireland,2010,sp,m,15-24,132,Smear Positive
United Kingdom of Great Britain and Northern Ireland,2010,sp,m,25-34,170,Smear Positive
United Kingdom of Great Britain and Northern Ireland,2010,sp,m,35-44,132,Smear Positive
United Kingdom of Great Britain and Northern Ireland,2010,sp,m,45-54,109,Smear Positive
United Kingdom of Great Britain and Northern Ireland,2010,sp,m,55-64,59,Smear Positive
United Kingdom of Great Britain and Northern Ireland,2010,sp,m,65+,106,Smear Positive
United Kingdom of Great Britain and Northern Ireland,2010,sp,f,0-14,15,Smear Positive
United Kingdom of Great Britain and Northern Ireland,2010,sp,f,15-24,112,Smear Positive
United Kingdom of Great Britain and Northern Ireland,2010,sp,f,25-34,128,Smear Positive
United Kingdom of Great Britain and Northern Ireland,2010,sp,f,35-44,82,Smear Positive
United Kingdom of Great Britain and Northern Ireland,2010,sp,f,45-54,43,Smear Positive
United Kingdom of Great Britain and Northern Ireland,2010,sp,f,55-64,39,Smear Positive
United Kingdom of Great Britain and Northern Ireland,2010,sp,f,65+,55,Smear Positive
United Kingdom of Great Britain and Northern Ireland,2010,sn,m,0-14,95,Smear Negative
United Kingdom of Great Britain and Northern Ireland,2010,sn,m,15-24,237,Smear Negative
United Kingdom of Great Britain and Northern Ireland,2010,sn,m,25-34,372,Smear Negative
United Kingdom of Great Britain and Northern Ireland,2010,sn,m,35-44,226,Smear Negative
United Kingdom of Great Britain and Northern Ireland,2010,sn,m,45-54,176,Smear Negative
United Kingdom of Great Britain and Northern Ireland,2010,sn,m,55-64,168,Smear Negative
United Kingdom of Great Britain and Northern Ireland,2010,sn,m,65+,232,Smear Negative
United Kingdom of Great Britain and Northern Ireland,2010,sn,f,0-14,106,Smear Negative
United Kingdom of Great Britain and Northern Ireland,2010,sn,f,15-24,193,Smear Negative
United Kingdom of Great Britain and Northern Ireland,2010,sn,f,25-34,266,Smear Negative
United Kingdom of Great Britain and Northern Ireland,2010,sn,f,35-44,166,Smear Negative
United Kingdom of Great Britain and Northern Ireland,2010,sn,f,45-54,110,Smear Negative
United Kingdom of Great Britain and Northern Ireland,2010,sn,f,55-64,85,Smear Negative
United Kingdom of Great Britain and Northern Ireland,2010,sn,f,65+,176,Smear Negative
United Kingdom of Great Britain and Northern Ireland,2010,ep,m,0-14,53,Extrapulmonary
United Kingdom of Great Britain and Northern Ireland,2010,ep,m,15-24,242,Extrapulmonary
United Kingdom of Great Britain and Northern Ireland,2010,ep,m,25-34,619,Extrapulmonary
United Kingdom of Great Britain and Northern Ireland,2010,ep,m,35-44,426,Extrapulmonary
United Kingdom of Great Britain and Northern Ireland,2010,ep,m,45-54,206,Extrapulmonary
United Kingdom of Great Britain and Northern Ireland,2010,ep,m,55-64,126,Extrapulmonary
United Kingdom of Great Britain and Northern Ireland,2010,ep,m,65+,174,Extrapulmonary
United Kingdom of Great Britain and Northern Ireland,2010,ep,f,0-14,57,Extrapulmonary
United Kingdom of Great Britain and Northern Ireland,2010,ep,f,15-24,204,Extrapulmonary
United Kingdom of Great Britain and Northern Ireland,2010,ep,f,25-34,423,Extrapulmonary
United Kingdom of Great Britain and Northern Ireland,2010,ep,f,35-44,296,Extrapulmonary
United Kingdom of Great Britain and Northern Ireland,2010,ep,f,45-54,209,Extrapulmonary
United Kingdom of Great Britain and Northern Ireland,2010,ep,f,55-64,142,Extrapulmonary
United Kingdom of Great Britain and Northern Ireland,2010,ep,f,65+,174,Extrapulmonary
United Kingdom of Great Britain and Northern Ireland,2011,sp,m,0-14,3,Smear Positive
United Kingdom of Great Britain and Northern Ireland,2011,sp,m,15-24,146,Smear Positive
United Kingdom of Great Britain and Northern Ireland,2011,sp,m,25-34,205,Smear Positive
United Kingdom of Great Britain and Northern Ireland,2011,sp,m,35-44,147,Smear Positive
United Kingdom of Great Britain and Northern Ireland,2011,sp,m,45-54,110,Smear Positive
United Kingdom of Great Britain and Northern Ireland,2011,sp,m,55-64,79,Smear Positive
United Kingdom of Great Britain and Northern Ireland,2011,sp,m,65+,102,Smear Positive
United Kingdom of Great Britain and Northern Ireland,2011,sp,f,0-14,19,Smear Positive
United Kingdom of Great Britain and Northern Ireland,2011,sp,f,15-24,136,Smear Positive
United Kingdom of Great Britain and Northern Ireland,2011,sp,f,25-34,139,Smear Positive
United Kingdom of Great Britain and Northern Ireland,2011,sp,f,35-44,78,Smear Positive
United Kingdom of Great Britain and Northern Ireland,2011,sp,f,45-54,48,Smear Positive
United Kingdom of Great Britain and Northern Ireland,2011,sp,f,55-64,27,Smear Positive
United Kingdom of Great Britain and Northern Ireland,2011,sp,f,65+,50,Smear Positive
United Kingdom of Great Britain and Northern Ireland,2011,sn,m,0-14,100,Smear Negative
United Kingdom of Great Britain and Northern Ireland,2011,sn,m,15-24,279,Smear Negative
United Kingdom of Great Britain and Northern Ireland,2011,sn,m,25-34,388,Smear Negative
United Kingdom of Great Britain and Northern Ireland,2011,sn,m,35-44,266,Smear Negative
United Kingdom of Great Britain and Northern Ireland,2011,sn,m,45-54,202,Smear Negative
United Kingdom of Great Britain and Northern Ireland,2011,sn,m,55-64,145,Smear Negative
United Kingdom of Great Britain and Northern Ireland,2011,sn,m,65+,295,Smear Negative
United Kingdom of Great Britain and Northern Ireland,2011,sn,f,0-14,115,Smear Negative
United Kingdom of Great Britain and Northern Ireland,2011,sn,f,15-24,179,Smear Negative
United Kingdom of Great Britain and Northern Ireland,2011,sn,f,25-34,300,Smear Negative
United Kingdom of Great Britain and Northern Ireland,2011,sn,f,35-44,165,Smear Negative
United Kingdom of Great Britain and Northern Ireland,2011,sn,f,45-54,111,Smear Negative
United Kingdom of Great Britain and Northern Ireland,2011,sn,f,55-64,114,Smear Negative
United Kingdom of Great Britain and Northern Ireland,2011,sn,f,65+,170,Smear Negative
United Kingdom of Great Britain and Northern Ireland,2011,ep,m,0-14,65,Extrapulmonary
United Kingdom of Great Britain and Northern Ireland,2011,ep,m,15-24,288,Extrapulmonary
United Kingdom of Great Britain and Northern Ireland,2011,ep,m,25-34,695,Extrapulmonary
United Kingdom of Great Britain and Northern Ireland,2011,ep,m,35-44,410,Extrapulmonary
United Kingdom of Great Britain and Northern Ireland,2011,ep,m,45-54,236,Extrapulmonary
United Kingdom of Great Britain and Northern Ireland,2011,ep,m,55-64,146,Extrapulmonary
United Kingdom of Great Britain and Northern Ireland,2011,ep,m,65+,195,Extrapulmonary
United Kingdom of Great Britain and Northern Ireland,2011,ep,f,0-14,70,Extrapulmonary
United Kingdom of Great Britain and Northern Ireland,2011,ep,f,15-24,200,Extrapulmonary
United Kingdom of Great Britain and Northern Ireland,2011,ep,f,25-34,503,Extrapulmonary
United Kingdom of Great Britain and Northern Ireland,2011,ep,f,35-44,345,Extrapulmonary
United Kingdom of Great Britain and Northern Ireland,2011,ep,f,45-54,231,Extrapulmonary
United Kingdom of Great Britain and Northern Ireland,2011,ep,f,55-64,149,Extrapulmonary
United Kingdom of Great Britain and Northern Ireland,2011,ep,f,65+,177,Extrapulmonary
United Kingdom of Great Britain and Northern Ireland,2012,sp,m,0-14,8,Smear Positive
United Kingdom of Great Britain and Northern Ireland,2012,sp,m,15-24,156,Smear Positive
United Kingdom of Great Britain and Northern Ireland,2012,sp,m,25-34,184,Smear Positive
United Kingdom of Great Britain and Northern Ireland,2012,sp,m,35-44,137,Smear Positive
United Kingdom of Great Britain and Northern Ireland,2012,sp,m,45-54,118,Smear Positive
United Kingdom of Great Britain and Northern Ireland,2012,sp,m,55-64,88,Smear Positive
United Kingdom of Great Britain and Northern Ireland,2012,sp,m,65+,88,Smear Positive
United Kingdom of Great Britain and Northern Ireland,2012,sp,f,0-14,17,Smear Positive
United Kingdom of Great Britain and Northern Ireland,2012,sp,f,15-24,109,Smear Positive
United Kingdom of Great Britain and Northern Ireland,2012,sp,f,25-34,141,Smear Positive
United Kingdom of Great Britain and Northern Ireland,2012,sp,f,35-44,81,Smear Positive
United Kingdom of Great Britain and Northern Ireland,2012,sp,f,45-54,55,Smear Positive
United Kingdom of Great Britain and Northern Ireland,2012,sp,f,55-64,17,Smear Positive
United Kingdom of Great Britain and Northern Ireland,2012,sp,f,65+,52,Smear Positive
United Kingdom of Great Britain and Northern Ireland,2012,sn,m,0-14,121,Smear Negative
United Kingdom of Great Britain and Northern Ireland,2012,sn,m,15-24,272,Smear Negative
United Kingdom of Great Britain and Northern Ireland,2012,sn,m,25-34,401,Smear Negative
United Kingdom of Great Britain and Northern Ireland,2012,sn,m,35-44,230,Smear Negative
United Kingdom of Great Britain and Northern Ireland,2012,sn,m,45-54,199,Smear Negative
United Kingdom of Great Britain and Northern Ireland,2012,sn,m,55-64,150,Smear Negative
United Kingdom of Great Britain and Northern Ireland,2012,sn,m,65+,259,Smear Negative
United Kingdom of Great Britain and Northern Ireland,2012,sn,f,0-14,112,Smear Negative
United Kingdom of Great Britain and Northern Ireland,2012,sn,f,15-24,181,Smear Negative
United Kingdom of Great Britain and Northern Ireland,2012,sn,f,25-34,259,Smear Negative
United Kingdom of Great Britain and Northern Ireland,2012,sn,f,35-44,179,Smear Negative
United Kingdom of Great Britain and Northern Ireland,2012,sn,f,45-54,120,Smear Negative
United Kingdom of Great Britain and Northern Ireland,2012,sn,f,55-64,91,Smear Negative
United Kingdom of Great Britain and Northern Ireland,2012,sn,f,65+,177,Smear Negative
United Kingdom of Great Britain and Northern Ireland,2012,ep,m,0-14,49,Extrapulmonary
United Kingdom of Great Britain and Northern Ireland,2012,ep,m,15-24,260,Extrapulmonary
United Kingdom of Great Britain and Northern Ireland,2012,ep,m,25-34,702,Extrapulmonary
United Kingdom of Great Britain and Northern Ireland,2012,ep,m,35-44,464,Extrapulmonary
United Kingdom of Great Britain and Northern Ireland,2012,ep,m,45-54,230,Extrapulmonary
United Kingdom of Great Britain and Northern Ireland,2012,ep,m,55-64,144,Extrapulmonary
United Kingdom of Great Britain and Northern Ireland,2012,ep,m,65+,166,Extrapulmonary
United Kingdom of Great Britain and Northern Ireland,2012,ep,f,0-14,68,Extrapulmonary
United Kingdom of Great Britain and Northern Ireland,2012,ep,f,15-24,191,Extrapulmonary
United Kingdom of Great Britain and Northern Ireland,2012,ep,f,25-34,505,Extrapulmonary
United Kingdom of Great Britain and Northern Ireland,2012,ep,f,35-44,315,Extrapulmonary
United Kingdom of Great Britain and Northern Ireland,2012,ep,f,45-54,215,Extrapulmonary
United Kingdom of Great Britain and Northern Ireland,2012,ep,f,55-64,152,Extrapulmonary
United Kingdom of Great Britain and Northern Ireland,2012,ep,f,65+,215,Extrapulmonary
United Kingdom of Great Britain and Northern Ireland,2013,rel,m,0-14,155,Relapse
United Kingdom of Great Britain and Northern Ireland,2013,rel,m,15-24,588,Relapse
United Kingdom of Great Britain and Northern Ireland,2013,rel,m,25-34,1158,Relapse
United Kingdom of Great Britain and Northern Ireland,2013,rel,m,35-44,858,Relapse
United Kingdom of Great Britain and Northern Ireland,2013,rel,m,45-54,590,Relapse
United Kingdom of Great Britain and Northern Ireland,2013,rel,m,55-64,378,Relapse
United Kingdom of Great Britain and Northern Ireland,2013,rel,m,65+,558,Relapse
United Kingdom of Great Britain and Northern Ireland,2013,rel,f,0-14,156,Relapse
United Kingdom of Great Britain and Northern Ireland,2013,rel,f,15-24,404,Relapse
United Kingdom of Great Britain and Northern Ireland,2013,rel,f,25-34,839,Relapse
United Kingdom of Great Britain and Northern Ireland,2013,rel,f,35-44,552,Relapse
United Kingdom of Great Britain and Northern Ireland,2013,rel,f,45-54,406,Relapse
United Kingdom of Great Britain and Northern Ireland,2013,rel,f,55-64,280,Relapse
United Kingdom of Great Britain and Northern Ireland,2013,rel,f,65+,462,Relapse
United Republic of Tanzania,1995,sp,m,0-14,183,Smear Positive
United Republic of Tanzania,1995,sp,m,15-24,2108,Smear Positive
United Republic of Tanzania,1995,sp,m,25-34,4091,Smear Positive
United Republic of Tanzania,1995,sp,m,35-44,2916,Smear Positive
United Republic of Tanzania,1995,sp,m,45-54,1754,Smear Positive
United Republic of Tanzania,1995,sp,m,55-64,1007,Smear Positive
United Republic of Tanzania,1995,sp,m,65+,640,Smear Positive
United Republic of Tanzania,1995,sp,f,0-14,201,Smear Positive
United Republic of Tanzania,1995,sp,f,15-24,1904,Smear Positive
United Republic of Tanzania,1995,sp,f,25-34,2532,Smear Positive
United Republic of Tanzania,1995,sp,f,35-44,1324,Smear Positive
United Republic of Tanzania,1995,sp,f,45-54,735,Smear Positive
United Republic of Tanzania,1995,sp,f,55-64,380,Smear Positive
United Republic of Tanzania,1995,sp,f,65+,179,Smear Positive
United Republic of Tanzania,1996,sp,m,0-14,171,Smear Positive
United Republic of Tanzania,1996,sp,m,15-24,2176,Smear Positive
United Republic of Tanzania,1996,sp,m,25-34,4275,Smear Positive
United Republic of Tanzania,1996,sp,m,35-44,3107,Smear Positive
United Republic of Tanzania,1996,sp,m,45-54,1843,Smear Positive
United Republic of Tanzania,1996,sp,m,55-64,1109,Smear Positive
United Republic of Tanzania,1996,sp,m,65+,656,Smear Positive
United Republic of Tanzania,1996,sp,f,0-14,221,Smear Positive
United Republic of Tanzania,1996,sp,f,15-24,2087,Smear Positive
United Republic of Tanzania,1996,sp,f,25-34,2885,Smear Positive
United Republic of Tanzania,1996,sp,f,35-44,1461,Smear Positive
United Republic of Tanzania,1996,sp,f,45-54,806,Smear Positive
United Republic of Tanzania,1996,sp,f,55-64,472,Smear Positive
United Republic of Tanzania,1996,sp,f,65+,203,Smear Positive
United Republic of Tanzania,1997,sp,m,0-14,188,Smear Positive
United Republic of Tanzania,1997,sp,m,15-24,2210,Smear Positive
United Republic of Tanzania,1997,sp,m,25-34,4538,Smear Positive
United Republic of Tanzania,1997,sp,m,35-44,3066,Smear Positive
United Republic of Tanzania,1997,sp,m,45-54,1090,Smear Positive
United Republic of Tanzania,1997,sp,m,55-64,1134,Smear Positive
United Republic of Tanzania,1997,sp,m,65+,699,Smear Positive
United Republic of Tanzania,1997,sp,f,0-14,251,Smear Positive
United Republic of Tanzania,1997,sp,f,15-24,2146,Smear Positive
United Republic of Tanzania,1997,sp,f,25-34,2876,Smear Positive
United Republic of Tanzania,1997,sp,f,35-44,1502,Smear Positive
United Republic of Tanzania,1997,sp,f,45-54,908,Smear Positive
United Republic of Tanzania,1997,sp,f,55-64,501,Smear Positive
United Republic of Tanzania,1997,sp,f,65+,198,Smear Positive
United Republic of Tanzania,1998,sp,m,0-14,198,Smear Positive
United Republic of Tanzania,1998,sp,m,15-24,2528,Smear Positive
United Republic of Tanzania,1998,sp,m,25-34,4910,Smear Positive
United Republic of Tanzania,1998,sp,m,35-44,3400,Smear Positive
United Republic of Tanzania,1998,sp,m,45-54,1973,Smear Positive
United Republic of Tanzania,1998,sp,m,55-64,1112,Smear Positive
United Republic of Tanzania,1998,sp,m,65+,767,Smear Positive
United Republic of Tanzania,1998,sp,f,0-14,240,Smear Positive
United Republic of Tanzania,1998,sp,f,15-24,2234,Smear Positive
United Republic of Tanzania,1998,sp,f,25-34,3243,Smear Positive
United Republic of Tanzania,1998,sp,f,35-44,1686,Smear Positive
United Republic of Tanzania,1998,sp,f,45-54,835,Smear Positive
United Republic of Tanzania,1998,sp,f,55-64,466,Smear Positive
United Republic of Tanzania,1998,sp,f,65+,241,Smear Positive
United Republic of Tanzania,1999,sp,m,0-14,170,Smear Positive
United Republic of Tanzania,1999,sp,m,15-24,2422,Smear Positive
United Republic of Tanzania,1999,sp,m,25-34,4887,Smear Positive
United Republic of Tanzania,1999,sp,m,35-44,3401,Smear Positive
United Republic of Tanzania,1999,sp,m,45-54,2068,Smear Positive
United Republic of Tanzania,1999,sp,m,55-64,1160,Smear Positive
United Republic of Tanzania,1999,sp,m,65+,823,Smear Positive
United Republic of Tanzania,1999,sp,f,0-14,230,Smear Positive
United Republic of Tanzania,1999,sp,f,15-24,2160,Smear Positive
United Republic of Tanzania,1999,sp,f,25-34,3469,Smear Positive
United Republic of Tanzania,1999,sp,f,35-44,1724,Smear Positive
United Republic of Tanzania,1999,sp,f,45-54,876,Smear Positive
United Republic of Tanzania,1999,sp,f,55-64,501,Smear Positive
United Republic of Tanzania,1999,sp,f,65+,232,Smear Positive
United Republic of Tanzania,2000,sp,m,0-14,200,Smear Positive
United Republic of Tanzania,2000,sp,m,15-24,2357,Smear Positive
United Republic of Tanzania,2000,sp,m,25-34,4836,Smear Positive
United Republic of Tanzania,2000,sp,m,35-44,3430,Smear Positive
United Republic of Tanzania,2000,sp,m,45-54,2022,Smear Positive
United Republic of Tanzania,2000,sp,m,55-64,1202,Smear Positive
United Republic of Tanzania,2000,sp,m,65+,834,Smear Positive
United Republic of Tanzania,2000,sp,f,0-14,257,Smear Positive
United Republic of Tanzania,2000,sp,f,15-24,2106,Smear Positive
United Republic of Tanzania,2000,sp,f,25-34,3426,Smear Positive
United Republic of Tanzania,2000,sp,f,35-44,1738,Smear Positive
United Republic of Tanzania,2000,sp,f,45-54,868,Smear Positive
United Republic of Tanzania,2000,sp,f,55-64,494,Smear Positive
United Republic of Tanzania,2000,sp,f,65+,269,Smear Positive
United Republic of Tanzania,2001,sp,m,0-14,212,Smear Positive
United Republic of Tanzania,2001,sp,m,15-24,2302,Smear Positive
United Republic of Tanzania,2001,sp,m,25-34,4912,Smear Positive
United Republic of Tanzania,2001,sp,m,35-44,3545,Smear Positive
United Republic of Tanzania,2001,sp,m,45-54,2031,Smear Positive
United Republic of Tanzania,2001,sp,m,55-64,1136,Smear Positive
United Republic of Tanzania,2001,sp,m,65+,930,Smear Positive
United Republic of Tanzania,2001,sp,f,0-14,312,Smear Positive
United Republic of Tanzania,2001,sp,f,15-24,2117,Smear Positive
United Republic of Tanzania,2001,sp,f,25-34,3609,Smear Positive
United Republic of Tanzania,2001,sp,f,35-44,1847,Smear Positive
United Republic of Tanzania,2001,sp,f,45-54,891,Smear Positive
United Republic of Tanzania,2001,sp,f,55-64,522,Smear Positive
United Republic of Tanzania,2001,sp,f,65+,319,Smear Positive
United Republic of Tanzania,2002,sp,m,0-14,187,Smear Positive
United Republic of Tanzania,2002,sp,m,15-24,2309,Smear Positive
United Republic of Tanzania,2002,sp,m,25-34,4814,Smear Positive
United Republic of Tanzania,2002,sp,m,35-44,3525,Smear Positive
United Republic of Tanzania,2002,sp,m,45-54,2075,Smear Positive
United Republic of Tanzania,2002,sp,m,55-64,1211,Smear Positive
United Republic of Tanzania,2002,sp,m,65+,944,Smear Positive
United Republic of Tanzania,2002,sp,f,0-14,241,Smear Positive
United Republic of Tanzania,2002,sp,f,15-24,1927,Smear Positive
United Republic of Tanzania,2002,sp,f,25-34,3511,Smear Positive
United Republic of Tanzania,2002,sp,f,35-44,1706,Smear Positive
United Republic of Tanzania,2002,sp,f,45-54,907,Smear Positive
United Republic of Tanzania,2002,sp,f,55-64,475,Smear Positive
United Republic of Tanzania,2002,sp,f,65+,304,Smear Positive
United Republic of Tanzania,2003,sp,m,0-14,181,Smear Positive
United Republic of Tanzania,2003,sp,m,15-24,2172,Smear Positive
United Republic of Tanzania,2003,sp,m,25-34,4964,Smear Positive
United Republic of Tanzania,2003,sp,m,35-44,3728,Smear Positive
United Republic of Tanzania,2003,sp,m,45-54,2166,Smear Positive
United Republic of Tanzania,2003,sp,m,55-64,1237,Smear Positive
United Republic of Tanzania,2003,sp,m,65+,1025,Smear Positive
United Republic of Tanzania,2003,sp,f,0-14,244,Smear Positive
United Republic of Tanzania,2003,sp,f,15-24,2063,Smear Positive
United Republic of Tanzania,2003,sp,f,25-34,3504,Smear Positive
United Republic of Tanzania,2003,sp,f,35-44,1833,Smear Positive
United Republic of Tanzania,2003,sp,f,45-54,929,Smear Positive
United Republic of Tanzania,2003,sp,f,55-64,509,Smear Positive
United Republic of Tanzania,2003,sp,f,65+,344,Smear Positive
United Republic of Tanzania,2004,sp,m,0-14,208,Smear Positive
United Republic of Tanzania,2004,sp,m,15-24,2216,Smear Positive
United Republic of Tanzania,2004,sp,m,25-34,5203,Smear Positive
United Republic of Tanzania,2004,sp,m,35-44,3884,Smear Positive
United Republic of Tanzania,2004,sp,m,45-54,2254,Smear Positive
United Republic of Tanzania,2004,sp,m,55-64,1272,Smear Positive
United Republic of Tanzania,2004,sp,m,65+,1129,Smear Positive
United Republic of Tanzania,2004,sp,f,0-14,280,Smear Positive
United Republic of Tanzania,2004,sp,f,15-24,1996,Smear Positive
United Republic of Tanzania,2004,sp,f,25-34,3537,Smear Positive
United Republic of Tanzania,2004,sp,f,35-44,1960,Smear Positive
United Republic of Tanzania,2004,sp,f,45-54,1011,Smear Positive
United Republic of Tanzania,2004,sp,f,55-64,544,Smear Positive
United Republic of Tanzania,2004,sp,f,65+,329,Smear Positive
United Republic of Tanzania,2005,sp,m,0-14,190,Smear Positive
United Republic of Tanzania,2005,sp,m,15-24,2062,Smear Positive
United Republic of Tanzania,2005,sp,m,25-34,4939,Smear Positive
United Republic of Tanzania,2005,sp,m,35-44,4025,Smear Positive
United Republic of Tanzania,2005,sp,m,45-54,2310,Smear Positive
United Republic of Tanzania,2005,sp,m,55-64,1279,Smear Positive
United Republic of Tanzania,2005,sp,m,65+,1054,Smear Positive
United Republic of Tanzania,2005,sp,f,0-14,271,Smear Positive
United Republic of Tanzania,2005,sp,f,15-24,1852,Smear Positive
United Republic of Tanzania,2005,sp,f,25-34,3521,Smear Positive
United Republic of Tanzania,2005,sp,f,35-44,1892,Smear Positive
United Republic of Tanzania,2005,sp,f,45-54,968,Smear Positive
United Republic of Tanzania,2005,sp,f,55-64,547,Smear Positive
United Republic of Tanzania,2005,sp,f,65+,354,Smear Positive
United Republic of Tanzania,2006,sp,m,0-14,204,Smear Positive
United Republic of Tanzania,2006,sp,m,15-24,2060,Smear Positive
United Republic of Tanzania,2006,sp,m,25-34,4926,Smear Positive
United Republic of Tanzania,2006,sp,m,35-44,3832,Smear Positive
United Republic of Tanzania,2006,sp,m,45-54,2154,Smear Positive
United Republic of Tanzania,2006,sp,m,55-64,1348,Smear Positive
United Republic of Tanzania,2006,sp,m,65+,1029,Smear Positive
United Republic of Tanzania,2006,sp,f,0-14,293,Smear Positive
United Republic of Tanzania,2006,sp,f,15-24,1745,Smear Positive
United Republic of Tanzania,2006,sp,f,25-34,3326,Smear Positive
United Republic of Tanzania,2006,sp,f,35-44,1970,Smear Positive
United Republic of Tanzania,2006,sp,f,45-54,995,Smear Positive
United Republic of Tanzania,2006,sp,f,55-64,507,Smear Positive
United Republic of Tanzania,2006,sp,f,65+,335,Smear Positive
United Republic of Tanzania,2007,sp,m,0-14,189,Smear Positive
United Republic of Tanzania,2007,sp,m,15-24,2021,Smear Positive
United Republic of Tanzania,2007,sp,m,25-34,4665,Smear Positive
United Republic of Tanzania,2007,sp,m,35-44,3855,Smear Positive
United Republic of Tanzania,2007,sp,m,45-54,2231,Smear Positive
United Republic of Tanzania,2007,sp,m,55-64,1317,Smear Positive
United Republic of Tanzania,2007,sp,m,65+,1066,Smear Positive
United Republic of Tanzania,2007,sp,f,0-14,238,Smear Positive
United Republic of Tanzania,2007,sp,f,15-24,1735,Smear Positive
United Republic of Tanzania,2007,sp,f,25-34,3388,Smear Positive
United Republic of Tanzania,2007,sp,f,35-44,1945,Smear Positive
United Republic of Tanzania,2007,sp,f,45-54,947,Smear Positive
United Republic of Tanzania,2007,sp,f,55-64,535,Smear Positive
United Republic of Tanzania,2007,sp,f,65+,388,Smear Positive
United Republic of Tanzania,2008,sp,m,0-14,191,Smear Positive
United Republic of Tanzania,2008,sp,m,15-24,1963,Smear Positive
United Republic of Tanzania,2008,sp,m,25-34,4595,Smear Positive
United Republic of Tanzania,2008,sp,m,35-44,3874,Smear Positive
United Republic of Tanzania,2008,sp,m,45-54,2349,Smear Positive
United Republic of Tanzania,2008,sp,m,55-64,1230,Smear Positive
United Republic of Tanzania,2008,sp,m,65+,1077,Smear Positive
United Republic of Tanzania,2008,sp,f,0-14,233,Smear Positive
United Republic of Tanzania,2008,sp,f,15-24,1663,Smear Positive
United Republic of Tanzania,2008,sp,f,25-34,3152,Smear Positive
United Republic of Tanzania,2008,sp,f,35-44,1901,Smear Positive
United Republic of Tanzania,2008,sp,f,45-54,964,Smear Positive
United Republic of Tanzania,2008,sp,f,55-64,564,Smear Positive
United Republic of Tanzania,2008,sp,f,65+,415,Smear Positive
United Republic of Tanzania,2008,sn,m,25-34,21935,Smear Negative
United Republic of Tanzania,2008,ep,m,35-44,12784,Extrapulmonary
United Republic of Tanzania,2009,sp,m,0-14,196,Smear Positive
United Republic of Tanzania,2009,sp,m,15-24,2081,Smear Positive
United Republic of Tanzania,2009,sp,m,25-34,4581,Smear Positive
United Republic of Tanzania,2009,sp,m,35-44,4125,Smear Positive
United Republic of Tanzania,2009,sp,m,45-54,2388,Smear Positive
United Republic of Tanzania,2009,sp,m,55-64,1293,Smear Positive
United Republic of Tanzania,2009,sp,m,65+,1123,Smear Positive
United Republic of Tanzania,2009,sp,f,0-14,247,Smear Positive
United Republic of Tanzania,2009,sp,f,15-24,1639,Smear Positive
United Republic of Tanzania,2009,sp,f,25-34,3102,Smear Positive
United Republic of Tanzania,2009,sp,f,35-44,2080,Smear Positive
United Republic of Tanzania,2009,sp,f,45-54,1060,Smear Positive
United Republic of Tanzania,2009,sp,f,55-64,564,Smear Positive
United Republic of Tanzania,2009,sp,f,65+,416,Smear Positive
United Republic of Tanzania,2009,sn,m,0-14,1371,Smear Negative
United Republic of Tanzania,2009,sn,m,25-34,10964,Smear Negative
United Republic of Tanzania,2009,sn,f,0-14,1134,Smear Negative
United Republic of Tanzania,2009,sn,f,25-34,8281,Smear Negative
United Republic of Tanzania,2009,ep,m,0-14,1262,Extrapulmonary
United Republic of Tanzania,2009,ep,m,25-34,6036,Extrapulmonary
United Republic of Tanzania,2009,ep,f,0-14,986,Extrapulmonary
United Republic of Tanzania,2009,ep,f,25-34,5121,Extrapulmonary
United Republic of Tanzania,2010,sp,m,0-14,232,Smear Positive
United Republic of Tanzania,2010,sp,m,15-24,1975,Smear Positive
United Republic of Tanzania,2010,sp,m,25-34,4493,Smear Positive
United Republic of Tanzania,2010,sp,m,35-44,4141,Smear Positive
United Republic of Tanzania,2010,sp,m,45-54,2427,Smear Positive
United Republic of Tanzania,2010,sp,m,55-64,1309,Smear Positive
United Republic of Tanzania,2010,sp,m,65+,1161,Smear Positive
United Republic of Tanzania,2010,sp,f,0-14,248,Smear Positive
United Republic of Tanzania,2010,sp,f,15-24,1689,Smear Positive
United Republic of Tanzania,2010,sp,f,25-34,2988,Smear Positive
United Republic of Tanzania,2010,sp,f,35-44,2013,Smear Positive
United Republic of Tanzania,2010,sp,f,45-54,1044,Smear Positive
United Republic of Tanzania,2010,sp,f,55-64,578,Smear Positive
United Republic of Tanzania,2010,sp,f,65+,471,Smear Positive
United Republic of Tanzania,2010,sn,m,0-14,1369,Smear Negative
United Republic of Tanzania,2010,sn,m,15-24,10589,Smear Negative
United Republic of Tanzania,2010,sn,f,0-14,1030,Smear Negative
United Republic of Tanzania,2010,sn,f,15-24,8206,Smear Negative
United Republic of Tanzania,2010,ep,m,0-14,1234,Extrapulmonary
United Republic of Tanzania,2010,ep,m,15-24,6056,Extrapulmonary
United Republic of Tanzania,2010,ep,f,0-14,1103,Extrapulmonary
United Republic of Tanzania,2010,ep,f,15-24,5322,Extrapulmonary
United Republic of Tanzania,2011,sp,m,0-14,190,Smear Positive
United Republic of Tanzania,2011,sp,m,15-24,1975,Smear Positive
United Republic of Tanzania,2011,sp,m,25-34,4405,Smear Positive
United Republic of Tanzania,2011,sp,m,35-44,4073,Smear Positive
United Republic of Tanzania,2011,sp,m,45-54,2402,Smear Positive
United Republic of Tanzania,2011,sp,m,55-64,1211,Smear Positive
United Republic of Tanzania,2011,sp,m,65+,1127,Smear Positive
United Republic of Tanzania,2011,sp,f,0-14,221,Smear Positive
United Republic of Tanzania,2011,sp,f,15-24,1660,Smear Positive
United Republic of Tanzania,2011,sp,f,25-34,2896,Smear Positive
United Republic of Tanzania,2011,sp,f,35-44,2140,Smear Positive
United Republic of Tanzania,2011,sp,f,45-54,944,Smear Positive
United Republic of Tanzania,2011,sp,f,55-64,490,Smear Positive
United Republic of Tanzania,2011,sp,f,65+,381,Smear Positive
United Republic of Tanzania,2011,sn,m,0-14,1255,Smear Negative
United Republic of Tanzania,2011,sn,f,0-14,1062,Smear Negative
United Republic of Tanzania,2011,ep,m,0-14,1188,Extrapulmonary
United Republic of Tanzania,2011,ep,f,0-14,967,Extrapulmonary
United Republic of Tanzania,2012,sp,m,0-14,209,Smear Positive
United Republic of Tanzania,2012,sp,m,15-24,2091,Smear Positive
United Republic of Tanzania,2012,sp,m,25-34,4721,Smear Positive
United Republic of Tanzania,2012,sp,m,35-44,4409,Smear Positive
United Republic of Tanzania,2012,sp,m,45-54,2462,Smear Positive
United Republic of Tanzania,2012,sp,m,55-64,1304,Smear Positive
United Republic of Tanzania,2012,sp,m,65+,1121,Smear Positive
United Republic of Tanzania,2012,sp,f,0-14,284,Smear Positive
United Republic of Tanzania,2012,sp,f,15-24,1652,Smear Positive
United Republic of Tanzania,2012,sp,f,25-34,2917,Smear Positive
United Republic of Tanzania,2012,sp,f,35-44,2115,Smear Positive
United Republic of Tanzania,2012,sp,f,45-54,1024,Smear Positive
United Republic of Tanzania,2012,sp,f,55-64,508,Smear Positive
United Republic of Tanzania,2012,sp,f,65+,424,Smear Positive
United Republic of Tanzania,2012,sn,m,0-14,1379,Smear Negative
United Republic of Tanzania,2012,sn,f,0-14,1138,Smear Negative
United Republic of Tanzania,2012,ep,m,0-14,1235,Extrapulmonary
United Republic of Tanzania,2012,ep,f,0-14,1070,Extrapulmonary
United Republic of Tanzania,2013,rel,m,0-14,3589,Relapse
United Republic of Tanzania,2013,rel,f,0-14,3069,Relapse
United States of America,1995,sp,m,0-14,19,Smear Positive
United States of America,1995,sp,m,15-24,355,Smear Positive
United States of America,1995,sp,m,25-34,876,Smear Positive
United States of America,1995,sp,m,35-44,1417,Smear Positive
United States of America,1995,sp,m,45-54,1121,Smear Positive
United States of America,1995,sp,m,55-64,742,Smear Positive
United States of America,1995,sp,m,65+,1099,Smear Positive
United States of America,1995,sp,f,0-14,26,Smear Positive
United States of America,1995,sp,f,15-24,280,Smear Positive
United States of America,1995,sp,f,25-34,579,Smear Positive
United States of America,1995,sp,f,35-44,499,Smear Positive
United States of America,1995,sp,f,45-54,285,Smear Positive
United States of America,1995,sp,f,55-64,202,Smear Positive
United States of America,1995,sp,f,65+,591,Smear Positive
United States of America,1996,sp,m,0-14,15,Smear Positive
United States of America,1996,sp,m,15-24,333,Smear Positive
United States of America,1996,sp,m,25-34,815,Smear Positive
United States of America,1996,sp,m,35-44,1219,Smear Positive
United States of America,1996,sp,m,45-54,1073,Smear Positive
United States of America,1996,sp,m,55-64,678,Smear Positive
United States of America,1996,sp,m,65+,1007,Smear Positive
United States of America,1996,sp,f,0-14,21,Smear Positive
United States of America,1996,sp,f,15-24,289,Smear Positive
United States of America,1996,sp,f,25-34,487,Smear Positive
United States of America,1996,sp,f,35-44,478,Smear Positive
United States of America,1996,sp,f,45-54,279,Smear Positive
United States of America,1996,sp,f,55-64,217,Smear Positive
United States of America,1996,sp,f,65+,541,Smear Positive
United States of America,1997,sp,m,0-14,12,Smear Positive
United States of America,1997,sp,m,15-24,330,Smear Positive
United States of America,1997,sp,m,25-34,701,Smear Positive
United States of America,1997,sp,m,35-44,1127,Smear Positive
United States of America,1997,sp,m,45-54,979,Smear Positive
United States of America,1997,sp,m,55-64,679,Smear Positive
United States of America,1997,sp,m,65+,944,Smear Positive
United States of America,1997,sp,f,0-14,28,Smear Positive
United States of America,1997,sp,f,15-24,269,Smear Positive
United States of America,1997,sp,f,25-34,449,Smear Positive
United States of America,1997,sp,f,35-44,447,Smear Positive
United States of America,1997,sp,f,45-54,254,Smear Positive
United States of America,1997,sp,f,55-64,201,Smear Positive
United States of America,1997,sp,f,65+,514,Smear Positive
United States of America,1998,sp,m,0-14,10,Smear Positive
United States of America,1998,sp,m,15-24,321,Smear Positive
United States of America,1998,sp,m,25-34,663,Smear Positive
United States of America,1998,sp,m,35-44,1009,Smear Positive
United States of America,1998,sp,m,45-54,1007,Smear Positive
United States of America,1998,sp,m,55-64,628,Smear Positive
United States of America,1998,sp,m,65+,914,Smear Positive
United States of America,1998,sp,f,0-14,15,Smear Positive
United States of America,1998,sp,f,15-24,269,Smear Positive
United States of America,1998,sp,f,25-34,425,Smear Positive
United States of America,1998,sp,f,35-44,424,Smear Positive
United States of America,1998,sp,f,45-54,267,Smear Positive
United States of America,1998,sp,f,55-64,179,Smear Positive
United States of America,1998,sp,f,65+,492,Smear Positive
United States of America,1999,sp,m,0-14,18,Smear Positive
United States of America,1999,sp,m,15-24,331,Smear Positive
United States of America,1999,sp,m,25-34,616,Smear Positive
United States of America,1999,sp,m,35-44,1011,Smear Positive
United States of America,1999,sp,m,45-54,930,Smear Positive
United States of America,1999,sp,m,55-64,601,Smear Positive
United States of America,1999,sp,m,65+,801,Smear Positive
United States of America,1999,sp,f,0-14,16,Smear Positive
United States of America,1999,sp,f,15-24,232,Smear Positive
United States of America,1999,sp,f,25-34,391,Smear Positive
United States of America,1999,sp,f,35-44,394,Smear Positive
United States of America,1999,sp,f,45-54,245,Smear Positive
United States of America,1999,sp,f,55-64,244,Smear Positive
United States of America,1999,sp,f,65+,444,Smear Positive
United States of America,2000,sp,m,0-14,6,Smear Positive
United States of America,2000,sp,m,15-24,365,Smear Positive
United States of America,2000,sp,m,25-34,602,Smear Positive
United States of America,2000,sp,m,35-44,906,Smear Positive
United States of America,2000,sp,m,45-54,904,Smear Positive
United States of America,2000,sp,m,55-64,577,Smear Positive
United States of America,2000,sp,m,65+,738,Smear Positive
United States of America,2000,sp,f,0-14,14,Smear Positive
United States of America,2000,sp,f,15-24,246,Smear Positive
United States of America,2000,sp,f,25-34,376,Smear Positive
United States of America,2000,sp,f,35-44,349,Smear Positive
United States of America,2000,sp,f,45-54,253,Smear Positive
United States of America,2000,sp,f,55-64,152,Smear Positive
United States of America,2000,sp,f,65+,396,Smear Positive
United States of America,2001,sp,m,0-14,17,Smear Positive
United States of America,2001,sp,m,15-24,320,Smear Positive
United States of America,2001,sp,m,25-34,613,Smear Positive
United States of America,2001,sp,m,35-44,824,Smear Positive
United States of America,2001,sp,m,45-54,876,Smear Positive
United States of America,2001,sp,m,55-64,524,Smear Positive
United States of America,2001,sp,m,65+,649,Smear Positive
United States of America,2001,sp,f,0-14,21,Smear Positive
United States of America,2001,sp,f,15-24,239,Smear Positive
United States of America,2001,sp,f,25-34,410,Smear Positive
United States of America,2001,sp,f,35-44,346,Smear Positive
United States of America,2001,sp,f,45-54,247,Smear Positive
United States of America,2001,sp,f,55-64,176,Smear Positive
United States of America,2001,sp,f,65+,389,Smear Positive
United States of America,2002,sp,m,0-14,14,Smear Positive
United States of America,2002,sp,m,15-24,343,Smear Positive
United States of America,2002,sp,m,25-34,562,Smear Positive
United States of America,2002,sp,m,35-44,813,Smear Positive
United States of America,2002,sp,m,45-54,795,Smear Positive
United States of America,2002,sp,m,55-64,490,Smear Positive
United States of America,2002,sp,m,65+,592,Smear Positive
United States of America,2002,sp,f,0-14,15,Smear Positive
United States of America,2002,sp,f,15-24,233,Smear Positive
United States of America,2002,sp,f,25-34,423,Smear Positive
United States of America,2002,sp,f,35-44,362,Smear Positive
United States of America,2002,sp,f,45-54,255,Smear Positive
United States of America,2002,sp,f,55-64,167,Smear Positive
United States of America,2002,sp,f,65+,370,Smear Positive
United States of America,2003,sp,m,0-14,11,Smear Positive
United States of America,2003,sp,m,15-24,365,Smear Positive
United States of America,2003,sp,m,25-34,526,Smear Positive
United States of America,2003,sp,m,35-44,754,Smear Positive
United States of America,2003,sp,m,45-54,828,Smear Positive
United States of America,2003,sp,m,55-64,487,Smear Positive
United States of America,2003,sp,m,65+,650,Smear Positive
United States of America,2003,sp,f,0-14,12,Smear Positive
United States of America,2003,sp,f,15-24,277,Smear Positive
United States of America,2003,sp,f,25-34,353,Smear Positive
United States of America,2003,sp,f,35-44,310,Smear Positive
United States of America,2003,sp,f,45-54,269,Smear Positive
United States of America,2003,sp,f,55-64,169,Smear Positive
United States of America,2003,sp,f,65+,354,Smear Positive
United States of America,2004,sp,m,0-14,12,Smear Positive
United States of America,2004,sp,m,15-24,362,Smear Positive
United States of America,2004,sp,m,25-34,547,Smear Positive
United States of America,2004,sp,m,35-44,728,Smear Positive
United States of America,2004,sp,m,45-54,829,Smear Positive
United States of America,2004,sp,m,55-64,504,Smear Positive
United States of America,2004,sp,m,65+,582,Smear Positive
United States of America,2004,sp,f,0-14,19,Smear Positive
United States of America,2004,sp,f,15-24,265,Smear Positive
United States of America,2004,sp,f,25-34,339,Smear Positive
United States of America,2004,sp,f,35-44,302,Smear Positive
United States of America,2004,sp,f,45-54,252,Smear Positive
United States of America,2004,sp,f,55-64,166,Smear Positive
United States of America,2004,sp,f,65+,344,Smear Positive
United States of America,2005,sp,m,0-14,14,Smear Positive
United States of America,2005,sp,m,15-24,383,Smear Positive
United States of America,2005,sp,m,25-34,535,Smear Positive
United States of America,2005,sp,m,35-44,666,Smear Positive
United States of America,2005,sp,m,45-54,767,Smear Positive
United States of America,2005,sp,m,55-64,499,Smear Positive
United States of America,2005,sp,m,65+,624,Smear Positive
United States of America,2005,sp,f,0-14,11,Smear Positive
United States of America,2005,sp,f,15-24,241,Smear Positive
United States of America,2005,sp,f,25-34,348,Smear Positive
United States of America,2005,sp,f,35-44,276,Smear Positive
United States of America,2005,sp,f,45-54,242,Smear Positive
United States of America,2005,sp,f,55-64,161,Smear Positive
United States of America,2005,sp,f,65+,322,Smear Positive
United States of America,2006,sp,m,0-14,12,Smear Positive
United States of America,2006,sp,m,15-24,388,Smear Positive
United States of America,2006,sp,m,25-34,568,Smear Positive
United States of America,2006,sp,m,35-44,659,Smear Positive
United States of America,2006,sp,m,45-54,759,Smear Positive
United States of America,2006,sp,m,55-64,531,Smear Positive
United States of America,2006,sp,m,65+,596,Smear Positive
United States of America,2006,sp,f,0-14,11,Smear Positive
United States of America,2006,sp,f,15-24,257,Smear Positive
United States of America,2006,sp,f,25-34,384,Smear Positive
United States of America,2006,sp,f,35-44,263,Smear Positive
United States of America,2006,sp,f,45-54,212,Smear Positive
United States of America,2006,sp,f,55-64,146,Smear Positive
United States of America,2006,sp,f,65+,303,Smear Positive
United States of America,2006,sn,m,0-14,292,Smear Negative
United States of America,2006,sn,m,15-24,331,Smear Negative
United States of America,2006,sn,m,25-34,476,Smear Negative
United States of America,2006,sn,m,35-44,541,Smear Negative
United States of America,2006,sn,m,45-54,655,Smear Negative
United States of America,2006,sn,m,55-64,499,Smear Negative
United States of America,2006,sn,m,65+,772,Smear Negative
United States of America,2006,sn,f,0-14,276,Smear Negative
United States of America,2006,sn,f,15-24,269,Smear Negative
United States of America,2006,sn,f,25-34,397,Smear Negative
United States of America,2006,sn,f,35-44,321,Smear Negative
United States of America,2006,sn,f,45-54,272,Smear Negative
United States of America,2006,sn,f,55-64,209,Smear Negative
United States of America,2006,sn,f,65+,481,Smear Negative
United States of America,2006,ep,m,0-14,114,Extrapulmonary
United States of America,2006,ep,m,15-24,150,Extrapulmonary
United States of America,2006,ep,m,25-34,286,Extrapulmonary
United States of America,2006,ep,m,35-44,265,Extrapulmonary
United States of America,2006,ep,m,45-54,220,Extrapulmonary
United States of America,2006,ep,m,55-64,163,Extrapulmonary
United States of America,2006,ep,m,65+,267,Extrapulmonary
United States of America,2006,ep,f,0-14,102,Extrapulmonary
United States of America,2006,ep,f,15-24,143,Extrapulmonary
United States of America,2006,ep,f,25-34,290,Extrapulmonary
United States of America,2006,ep,f,35-44,245,Extrapulmonary
United States of America,2006,ep,f,45-54,212,Extrapulmonary
United States of America,2006,ep,f,55-64,174,Extrapulmonary
United States of America,2006,ep,f,65+,256,Extrapulmonary
United States of America,2007,sp,m,0-14,12,Smear Positive
United States of America,2007,sp,m,15-24,414,Smear Positive
United States of America,2007,sp,m,25-34,490,Smear Positive
United States of America,2007,sp,m,35-44,572,Smear Positive
United States of America,2007,sp,m,45-54,744,Smear Positive
United States of America,2007,sp,m,55-64,533,Smear Positive
United States of America,2007,sp,m,65+,562,Smear Positive
United States of America,2007,sp,f,0-14,12,Smear Positive
United States of America,2007,sp,f,15-24,257,Smear Positive
United States of America,2007,sp,f,25-34,338,Smear Positive
United States of America,2007,sp,f,35-44,260,Smear Positive
United States of America,2007,sp,f,45-54,225,Smear Positive
United States of America,2007,sp,f,55-64,135,Smear Positive
United States of America,2007,sp,f,65+,308,Smear Positive
United States of America,2007,sn,m,0-14,286,Smear Negative
United States of America,2007,sn,m,15-24,362,Smear Negative
United States of America,2007,sn,m,25-34,511,Smear Negative
United States of America,2007,sn,m,35-44,469,Smear Negative
United States of America,2007,sn,m,45-54,630,Smear Negative
United States of America,2007,sn,m,55-64,476,Smear Negative
United States of America,2007,sn,m,65+,724,Smear Negative
United States of America,2007,sn,f,0-14,286,Smear Negative
United States of America,2007,sn,f,15-24,260,Smear Negative
United States of America,2007,sn,f,25-34,384,Smear Negative
United States of America,2007,sn,f,35-44,294,Smear Negative
United States of America,2007,sn,f,45-54,279,Smear Negative
United States of America,2007,sn,f,55-64,267,Smear Negative
United States of America,2007,sn,f,65+,497,Smear Negative
United States of America,2007,ep,m,0-14,90,Extrapulmonary
United States of America,2007,ep,m,15-24,137,Extrapulmonary
United States of America,2007,ep,m,25-34,284,Extrapulmonary
United States of America,2007,ep,m,35-44,227,Extrapulmonary
United States of America,2007,ep,m,45-54,208,Extrapulmonary
United States of America,2007,ep,m,55-64,155,Extrapulmonary
United States of America,2007,ep,m,65+,215,Extrapulmonary
United States of America,2007,ep,f,0-14,93,Extrapulmonary
United States of America,2007,ep,f,15-24,148,Extrapulmonary
United States of America,2007,ep,f,25-34,263,Extrapulmonary
United States of America,2007,ep,f,35-44,219,Extrapulmonary
United States of America,2007,ep,f,45-54,211,Extrapulmonary
United States of America,2007,ep,f,55-64,176,Extrapulmonary
United States of America,2007,ep,f,65+,270,Extrapulmonary
United States of America,2008,sp,m,0-14,11,Smear Positive
United States of America,2008,sp,m,15-24,375,Smear Positive
United States of America,2008,sp,m,25-34,513,Smear Positive
United States of America,2008,sp,m,35-44,495,Smear Positive
United States of America,2008,sp,m,45-54,725,Smear Positive
United States of America,2008,sp,m,55-64,526,Smear Positive
United States of America,2008,sp,m,65+,561,Smear Positive
United States of America,2008,sp,f,0-14,22,Smear Positive
United States of America,2008,sp,f,15-24,220,Smear Positive
United States of America,2008,sp,f,25-34,329,Smear Positive
United States of America,2008,sp,f,35-44,269,Smear Positive
United States of America,2008,sp,f,45-54,224,Smear Positive
United States of America,2008,sp,f,55-64,172,Smear Positive
United States of America,2008,sp,f,65+,300,Smear Positive
United States of America,2008,sn,m,0-14,311,Smear Negative
United States of America,2008,sn,m,15-24,323,Smear Negative
United States of America,2008,sn,m,25-34,486,Smear Negative
United States of America,2008,sn,m,35-44,505,Smear Negative
United States of America,2008,sn,m,45-54,605,Smear Negative
United States of America,2008,sn,m,55-64,449,Smear Negative
United States of America,2008,sn,m,65+,692,Smear Negative
United States of America,2008,sn,f,0-14,260,Smear Negative
United States of America,2008,sn,f,15-24,246,Smear Negative
United States of America,2008,sn,f,25-34,334,Smear Negative
United States of America,2008,sn,f,35-44,303,Smear Negative
United States of America,2008,sn,f,45-54,283,Smear Negative
United States of America,2008,sn,f,55-64,233,Smear Negative
United States of America,2008,sn,f,65+,483,Smear Negative
United States of America,2008,ep,m,0-14,82,Extrapulmonary
United States of America,2008,ep,m,15-24,146,Extrapulmonary
United States of America,2008,ep,m,25-34,284,Extrapulmonary
United States of America,2008,ep,m,35-44,242,Extrapulmonary
United States of America,2008,ep,m,45-54,225,Extrapulmonary
United States of America,2008,ep,m,55-64,147,Extrapulmonary
United States of America,2008,ep,m,65+,232,Extrapulmonary
United States of America,2008,ep,f,0-14,97,Extrapulmonary
United States of America,2008,ep,f,15-24,129,Extrapulmonary
United States of America,2008,ep,f,25-34,261,Extrapulmonary
United States of America,2008,ep,f,35-44,219,Extrapulmonary
United States of America,2008,ep,f,45-54,181,Extrapulmonary
United States of America,2008,ep,f,55-64,162,Extrapulmonary
United States of America,2008,ep,f,65+,231,Extrapulmonary
United States of America,2009,sp,m,0-14,11,Smear Positive
United States of America,2009,sp,m,15-24,299,Smear Positive
United States of America,2009,sp,m,25-34,446,Smear Positive
United States of America,2009,sp,m,35-44,431,Smear Positive
United States of America,2009,sp,m,45-54,564,Smear Positive
United States of America,2009,sp,m,55-64,452,Smear Positive
United States of America,2009,sp,m,65+,496,Smear Positive
United States of America,2009,sp,f,0-14,6,Smear Positive
United States of America,2009,sp,f,15-24,203,Smear Positive
United States of America,2009,sp,f,25-34,288,Smear Positive
United States of America,2009,sp,f,35-44,221,Smear Positive
United States of America,2009,sp,f,45-54,211,Smear Positive
United States of America,2009,sp,f,55-64,135,Smear Positive
United States of America,2009,sp,f,65+,247,Smear Positive
United States of America,2009,sn,m,0-14,248,Smear Negative
United States of America,2009,sn,m,15-24,279,Smear Negative
United States of America,2009,sn,m,25-34,452,Smear Negative
United States of America,2009,sn,m,35-44,452,Smear Negative
United States of America,2009,sn,m,45-54,489,Smear Negative
United States of America,2009,sn,m,55-64,428,Smear Negative
United States of America,2009,sn,m,65+,662,Smear Negative
United States of America,2009,sn,f,0-14,217,Smear Negative
United States of America,2009,sn,f,15-24,234,Smear Negative
United States of America,2009,sn,f,25-34,340,Smear Negative
United States of America,2009,sn,f,35-44,284,Smear Negative
United States of America,2009,sn,f,45-54,258,Smear Negative
United States of America,2009,sn,f,55-64,225,Smear Negative
United States of America,2009,sn,f,65+,413,Smear Negative
United States of America,2009,ep,m,0-14,77,Extrapulmonary
United States of America,2009,ep,m,15-24,121,Extrapulmonary
United States of America,2009,ep,m,25-34,231,Extrapulmonary
United States of America,2009,ep,m,35-44,206,Extrapulmonary
United States of America,2009,ep,m,45-54,176,Extrapulmonary
United States of America,2009,ep,m,55-64,144,Extrapulmonary
United States of America,2009,ep,m,65+,232,Extrapulmonary
United States of America,2009,ep,f,0-14,80,Extrapulmonary
United States of America,2009,ep,f,15-24,120,Extrapulmonary
United States of America,2009,ep,f,25-34,271,Extrapulmonary
United States of America,2009,ep,f,35-44,205,Extrapulmonary
United States of America,2009,ep,f,45-54,165,Extrapulmonary
United States of America,2009,ep,f,55-64,141,Extrapulmonary
United States of America,2009,ep,f,65+,210,Extrapulmonary
United States of America,2010,sp,m,0-14,5,Smear Positive
United States of America,2010,sp,m,15-24,246,Smear Positive
United States of America,2010,sp,m,25-34,360,Smear Positive
United States of America,2010,sp,m,35-44,371,Smear Positive
United States of America,2010,sp,m,45-54,505,Smear Positive
United States of America,2010,sp,m,55-64,403,Smear Positive
United States of America,2010,sp,m,65+,466,Smear Positive
United States of America,2010,sp,f,0-14,9,Smear Positive
United States of America,2010,sp,f,15-24,195,Smear Positive
United States of America,2010,sp,f,25-34,265,Smear Positive
United States of America,2010,sp,f,35-44,183,Smear Positive
United States of America,2010,sp,f,45-54,165,Smear Positive
United States of America,2010,sp,f,55-64,130,Smear Positive
United States of America,2010,sp,f,65+,223,Smear Positive
United States of America,2010,sn,m,0-14,243,Smear Negative
United States of America,2010,sn,m,15-24,245,Smear Negative
United States of America,2010,sn,m,25-34,428,Smear Negative
United States of America,2010,sn,m,35-44,436,Smear Negative
United States of America,2010,sn,m,45-54,533,Smear Negative
United States of America,2010,sn,m,55-64,425,Smear Negative
United States of America,2010,sn,m,65+,640,Smear Negative
United States of America,2010,sn,f,0-14,203,Smear Negative
United States of America,2010,sn,f,15-24,202,Smear Negative
United States of America,2010,sn,f,25-34,278,Smear Negative
United States of America,2010,sn,f,35-44,245,Smear Negative
United States of America,2010,sn,f,45-54,270,Smear Negative
United States of America,2010,sn,f,55-64,193,Smear Negative
United States of America,2010,sn,f,65+,410,Smear Negative
United States of America,2010,ep,m,0-14,62,Extrapulmonary
United States of America,2010,ep,m,15-24,114,Extrapulmonary
United States of America,2010,ep,m,25-34,233,Extrapulmonary
United States of America,2010,ep,m,35-44,204,Extrapulmonary
United States of America,2010,ep,m,45-54,140,Extrapulmonary
United States of America,2010,ep,m,55-64,123,Extrapulmonary
United States of America,2010,ep,m,65+,166,Extrapulmonary
United States of America,2010,ep,f,0-14,70,Extrapulmonary
United States of America,2010,ep,f,15-24,104,Extrapulmonary
United States of America,2010,ep,f,25-34,214,Extrapulmonary
United States of America,2010,ep,f,35-44,162,Extrapulmonary
United States of America,2010,ep,f,45-54,133,Extrapulmonary
United States of America,2010,ep,f,55-64,126,Extrapulmonary
United States of America,2010,ep,f,65+,177,Extrapulmonary
United States of America,2011,sp,m,0-14,12,Smear Positive
United States of America,2011,sp,m,15-24,235,Smear Positive
United States of America,2011,sp,m,25-34,403,Smear Positive
United States of America,2011,sp,m,35-44,374,Smear Positive
United States of America,2011,sp,m,45-54,557,Smear Positive
United States of America,2011,sp,m,55-64,434,Smear Positive
United States of America,2011,sp,m,65+,486,Smear Positive
United States of America,2011,sp,f,0-14,15,Smear Positive
United States of America,2011,sp,f,15-24,160,Smear Positive
United States of America,2011,sp,f,25-34,254,Smear Positive
United States of America,2011,sp,f,35-44,199,Smear Positive
United States of America,2011,sp,f,45-54,150,Smear Positive
United States of America,2011,sp,f,55-64,138,Smear Positive
United States of America,2011,sp,f,65+,269,Smear Positive
United States of America,2011,sn,m,0-14,227,Smear Negative
United States of America,2011,sn,m,15-24,231,Smear Negative
United States of America,2011,sn,m,25-34,365,Smear Negative
United States of America,2011,sn,m,35-44,376,Smear Negative
United States of America,2011,sn,m,45-54,437,Smear Negative
United States of America,2011,sn,m,55-64,459,Smear Negative
United States of America,2011,sn,m,65+,607,Smear Negative
United States of America,2011,sn,f,0-14,185,Smear Negative
United States of America,2011,sn,f,15-24,195,Smear Negative
United States of America,2011,sn,f,25-34,303,Smear Negative
United States of America,2011,sn,f,35-44,245,Smear Negative
United States of America,2011,sn,f,45-54,214,Smear Negative
United States of America,2011,sn,f,55-64,212,Smear Negative
United States of America,2011,sn,f,65+,426,Smear Negative
United States of America,2011,ep,m,0-14,69,Extrapulmonary
United States of America,2011,ep,m,15-24,94,Extrapulmonary
United States of America,2011,ep,m,25-34,203,Extrapulmonary
United States of America,2011,ep,m,35-44,176,Extrapulmonary
United States of America,2011,ep,m,45-54,184,Extrapulmonary
United States of America,2011,ep,m,55-64,163,Extrapulmonary
United States of America,2011,ep,m,65+,208,Extrapulmonary
United States of America,2011,ep,f,0-14,64,Extrapulmonary
United States of America,2011,ep,f,15-24,93,Extrapulmonary
United States of America,2011,ep,f,25-34,198,Extrapulmonary
United States of America,2011,ep,f,35-44,195,Extrapulmonary
United States of America,2011,ep,f,45-54,167,Extrapulmonary
United States of America,2011,ep,f,55-64,132,Extrapulmonary
United States of America,2011,ep,f,65+,205,Extrapulmonary
United States of America,2012,sp,m,0-14,10,Smear Positive
United States of America,2012,sp,m,15-24,239,Smear Positive
United States of America,2012,sp,m,25-34,322,Smear Positive
United States of America,2012,sp,m,35-44,333,Smear Positive
United States of America,2012,sp,m,45-54,502,Smear Positive
United States of America,2012,sp,m,55-64,455,Smear Positive
United States of America,2012,sp,m,65+,529,Smear Positive
United States of America,2012,sp,f,0-14,14,Smear Positive
United States of America,2012,sp,f,15-24,161,Smear Positive
United States of America,2012,sp,f,25-34,262,Smear Positive
United States of America,2012,sp,f,35-44,169,Smear Positive
United States of America,2012,sp,f,45-54,175,Smear Positive
United States of America,2012,sp,f,55-64,148,Smear Positive
United States of America,2012,sp,f,65+,243,Smear Positive
United States of America,2012,sn,m,0-14,180,Smear Negative
United States of America,2012,sn,m,15-24,225,Smear Negative
United States of America,2012,sn,m,25-34,378,Smear Negative
United States of America,2012,sn,m,35-44,346,Smear Negative
United States of America,2012,sn,m,45-54,383,Smear Negative
United States of America,2012,sn,m,55-64,443,Smear Negative
United States of America,2012,sn,m,65+,628,Smear Negative
United States of America,2012,sn,f,0-14,173,Smear Negative
United States of America,2012,sn,f,15-24,198,Smear Negative
United States of America,2012,sn,f,25-34,295,Smear Negative
United States of America,2012,sn,f,35-44,218,Smear Negative
United States of America,2012,sn,f,45-54,216,Smear Negative
United States of America,2012,sn,f,55-64,200,Smear Negative
United States of America,2012,sn,f,65+,373,Smear Negative
United States of America,2012,ep,m,0-14,53,Extrapulmonary
United States of America,2012,ep,m,15-24,88,Extrapulmonary
United States of America,2012,ep,m,25-34,217,Extrapulmonary
United States of America,2012,ep,m,35-44,169,Extrapulmonary
United States of America,2012,ep,m,45-54,163,Extrapulmonary
United States of America,2012,ep,m,55-64,141,Extrapulmonary
United States of America,2012,ep,m,65+,214,Extrapulmonary
United States of America,2012,ep,f,0-14,54,Extrapulmonary
United States of America,2012,ep,f,15-24,100,Extrapulmonary
United States of America,2012,ep,f,25-34,226,Extrapulmonary
United States of America,2012,ep,f,35-44,180,Extrapulmonary
United States of America,2012,ep,f,45-54,156,Extrapulmonary
United States of America,2012,ep,f,55-64,127,Extrapulmonary
United States of America,2012,ep,f,65+,212,Extrapulmonary
United States of America,2013,rel,m,0-14,249,Relapse
United States of America,2013,rel,m,15-24,529,Relapse
United States of America,2013,rel,m,25-34,829,Relapse
United States of America,2013,rel,m,35-44,793,Relapse
United States of America,2013,rel,m,45-54,937,Relapse
United States of America,2013,rel,m,55-64,926,Relapse
United States of America,2013,rel,m,65+,1259,Relapse
United States of America,2013,rel,f,0-14,229,Relapse
United States of America,2013,rel,f,15-24,415,Relapse
United States of America,2013,rel,f,25-34,693,Relapse
United States of America,2013,rel,f,35-44,528,Relapse
United States of America,2013,rel,f,45-54,470,Relapse
United States of America,2013,rel,f,55-64,463,Relapse
United States of America,2013,rel,f,65+,786,Relapse
Uruguay,1995,sp,m,0-14,4,Smear Positive
Uruguay,1995,sp,m,15-24,28,Smear Positive
Uruguay,1995,sp,m,25-34,40,Smear Positive
Uruguay,1995,sp,m,35-44,35,Smear Positive
Uruguay,1995,sp,m,45-54,49,Smear Positive
Uruguay,1995,sp,m,55-64,38,Smear Positive
Uruguay,1995,sp,m,65+,50,Smear Positive
Uruguay,1995,sp,f,0-14,2,Smear Positive
Uruguay,1995,sp,f,15-24,21,Smear Positive
Uruguay,1995,sp,f,25-34,26,Smear Positive
Uruguay,1995,sp,f,35-44,18,Smear Positive
Uruguay,1995,sp,f,45-54,12,Smear Positive
Uruguay,1995,sp,f,55-64,9,Smear Positive
Uruguay,1995,sp,f,65+,17,Smear Positive
Uruguay,1996,sp,m,0-14,4,Smear Positive
Uruguay,1996,sp,m,15-24,34,Smear Positive
Uruguay,1996,sp,m,25-34,43,Smear Positive
Uruguay,1996,sp,m,35-44,58,Smear Positive
Uruguay,1996,sp,m,45-54,59,Smear Positive
Uruguay,1996,sp,m,55-64,53,Smear Positive
Uruguay,1996,sp,m,65+,42,Smear Positive
Uruguay,1996,sp,f,0-14,4,Smear Positive
Uruguay,1996,sp,f,15-24,24,Smear Positive
Uruguay,1996,sp,f,25-34,35,Smear Positive
Uruguay,1996,sp,f,35-44,17,Smear Positive
Uruguay,1996,sp,f,45-54,21,Smear Positive
Uruguay,1996,sp,f,55-64,10,Smear Positive
Uruguay,1996,sp,f,65+,22,Smear Positive
Uruguay,1997,sp,m,0-14,3,Smear Positive
Uruguay,1997,sp,m,15-24,37,Smear Positive
Uruguay,1997,sp,m,25-34,44,Smear Positive
Uruguay,1997,sp,m,35-44,53,Smear Positive
Uruguay,1997,sp,m,45-54,53,Smear Positive
Uruguay,1997,sp,m,55-64,55,Smear Positive
Uruguay,1997,sp,m,65+,53,Smear Positive
Uruguay,1997,sp,f,0-14,5,Smear Positive
Uruguay,1997,sp,f,15-24,26,Smear Positive
Uruguay,1997,sp,f,25-34,28,Smear Positive
Uruguay,1997,sp,f,35-44,29,Smear Positive
Uruguay,1997,sp,f,45-54,12,Smear Positive
Uruguay,1997,sp,f,55-64,8,Smear Positive
Uruguay,1997,sp,f,65+,17,Smear Positive
Uruguay,1998,sp,m,0-14,2,Smear Positive
Uruguay,1998,sp,m,15-24,30,Smear Positive
Uruguay,1998,sp,m,25-34,47,Smear Positive
Uruguay,1998,sp,m,35-44,52,Smear Positive
Uruguay,1998,sp,m,45-54,47,Smear Positive
Uruguay,1998,sp,m,55-64,38,Smear Positive
Uruguay,1998,sp,m,65+,39,Smear Positive
Uruguay,1998,sp,f,0-14,2,Smear Positive
Uruguay,1998,sp,f,15-24,30,Smear Positive
Uruguay,1998,sp,f,25-34,29,Smear Positive
Uruguay,1998,sp,f,35-44,15,Smear Positive
Uruguay,1998,sp,f,45-54,14,Smear Positive
Uruguay,1998,sp,f,55-64,6,Smear Positive
Uruguay,1998,sp,f,65+,23,Smear Positive
Uruguay,1999,sp,m,0-14,1,Smear Positive
Uruguay,1999,sp,m,15-24,45,Smear Positive
Uruguay,1999,sp,m,25-34,48,Smear Positive
Uruguay,1999,sp,m,35-44,42,Smear Positive
Uruguay,1999,sp,m,45-54,46,Smear Positive
Uruguay,1999,sp,m,55-64,48,Smear Positive
Uruguay,1999,sp,m,65+,41,Smear Positive
Uruguay,1999,sp,f,0-14,4,Smear Positive
Uruguay,1999,sp,f,15-24,20,Smear Positive
Uruguay,1999,sp,f,25-34,25,Smear Positive
Uruguay,1999,sp,f,35-44,33,Smear Positive
Uruguay,1999,sp,f,45-54,14,Smear Positive
Uruguay,1999,sp,f,55-64,11,Smear Positive
Uruguay,1999,sp,f,65+,14,Smear Positive
Uruguay,2000,sp,m,0-14,0,Smear Positive
Uruguay,2000,sp,m,15-24,36,Smear Positive
Uruguay,2000,sp,m,25-34,48,Smear Positive
Uruguay,2000,sp,m,35-44,45,Smear Positive
Uruguay,2000,sp,m,45-54,41,Smear Positive
Uruguay,2000,sp,m,55-64,30,Smear Positive
Uruguay,2000,sp,m,65+,34,Smear Positive
Uruguay,2000,sp,f,0-14,2,Smear Positive
Uruguay,2000,sp,f,15-24,28,Smear Positive
Uruguay,2000,sp,f,25-34,22,Smear Positive
Uruguay,2000,sp,f,35-44,21,Smear Positive
Uruguay,2000,sp,f,45-54,13,Smear Positive
Uruguay,2000,sp,f,55-64,12,Smear Positive
Uruguay,2000,sp,f,65+,16,Smear Positive
Uruguay,2001,sp,m,0-14,2,Smear Positive
Uruguay,2001,sp,m,15-24,33,Smear Positive
Uruguay,2001,sp,m,25-34,38,Smear Positive
Uruguay,2001,sp,m,35-44,49,Smear Positive
Uruguay,2001,sp,m,45-54,42,Smear Positive
Uruguay,2001,sp,m,55-64,31,Smear Positive
Uruguay,2001,sp,m,65+,44,Smear Positive
Uruguay,2001,sp,f,0-14,4,Smear Positive
Uruguay,2001,sp,f,15-24,25,Smear Positive
Uruguay,2001,sp,f,25-34,31,Smear Positive
Uruguay,2001,sp,f,35-44,7,Smear Positive
Uruguay,2001,sp,f,45-54,15,Smear Positive
Uruguay,2001,sp,f,55-64,3,Smear Positive
Uruguay,2001,sp,f,65+,16,Smear Positive
Uruguay,2002,sp,m,0-14,1,Smear Positive
Uruguay,2002,sp,m,15-24,33,Smear Positive
Uruguay,2002,sp,m,25-34,33,Smear Positive
Uruguay,2002,sp,m,35-44,37,Smear Positive
Uruguay,2002,sp,m,45-54,36,Smear Positive
Uruguay,2002,sp,m,55-64,23,Smear Positive
Uruguay,2002,sp,m,65+,32,Smear Positive
Uruguay,2002,sp,f,0-14,1,Smear Positive
Uruguay,2002,sp,f,15-24,25,Smear Positive
Uruguay,2002,sp,f,25-34,25,Smear Positive
Uruguay,2002,sp,f,35-44,20,Smear Positive
Uruguay,2002,sp,f,45-54,10,Smear Positive
Uruguay,2002,sp,f,55-64,11,Smear Positive
Uruguay,2002,sp,f,65+,21,Smear Positive
Uruguay,2003,sp,m,0-14,3,Smear Positive
Uruguay,2003,sp,m,15-24,46,Smear Positive
Uruguay,2003,sp,m,25-34,50,Smear Positive
Uruguay,2003,sp,m,35-44,35,Smear Positive
Uruguay,2003,sp,m,45-54,42,Smear Positive
Uruguay,2003,sp,m,55-64,38,Smear Positive
Uruguay,2003,sp,m,65+,26,Smear Positive
Uruguay,2003,sp,f,0-14,1,Smear Positive
Uruguay,2003,sp,f,15-24,28,Smear Positive
Uruguay,2003,sp,f,25-34,24,Smear Positive
Uruguay,2003,sp,f,35-44,13,Smear Positive
Uruguay,2003,sp,f,45-54,13,Smear Positive
Uruguay,2003,sp,f,55-64,6,Smear Positive
Uruguay,2003,sp,f,65+,14,Smear Positive
Uruguay,2004,sp,m,0-14,1,Smear Positive
Uruguay,2004,sp,m,15-24,38,Smear Positive
Uruguay,2004,sp,m,25-34,59,Smear Positive
Uruguay,2004,sp,m,35-44,53,Smear Positive
Uruguay,2004,sp,m,45-54,48,Smear Positive
Uruguay,2004,sp,m,55-64,26,Smear Positive
Uruguay,2004,sp,m,65+,40,Smear Positive
Uruguay,2004,sp,f,0-14,2,Smear Positive
Uruguay,2004,sp,f,15-24,34,Smear Positive
Uruguay,2004,sp,f,25-34,25,Smear Positive
Uruguay,2004,sp,f,35-44,12,Smear Positive
Uruguay,2004,sp,f,45-54,17,Smear Positive
Uruguay,2004,sp,f,55-64,11,Smear Positive
Uruguay,2004,sp,f,65+,7,Smear Positive
Uruguay,2005,sp,m,0-14,1,Smear Positive
Uruguay,2005,sp,m,15-24,42,Smear Positive
Uruguay,2005,sp,m,25-34,48,Smear Positive
Uruguay,2005,sp,m,35-44,39,Smear Positive
Uruguay,2005,sp,m,45-54,45,Smear Positive
Uruguay,2005,sp,m,55-64,34,Smear Positive
Uruguay,2005,sp,m,65+,36,Smear Positive
Uruguay,2005,sp,f,0-14,1,Smear Positive
Uruguay,2005,sp,f,15-24,33,Smear Positive
Uruguay,2005,sp,f,25-34,30,Smear Positive
Uruguay,2005,sp,f,35-44,17,Smear Positive
Uruguay,2005,sp,f,45-54,9,Smear Positive
Uruguay,2005,sp,f,55-64,8,Smear Positive
Uruguay,2005,sp,f,65+,12,Smear Positive
Uruguay,2006,sp,m,0-14,1,Smear Positive
Uruguay,2006,sp,m,15-24,38,Smear Positive
Uruguay,2006,sp,m,25-34,53,Smear Positive
Uruguay,2006,sp,m,35-44,34,Smear Positive
Uruguay,2006,sp,m,45-54,30,Smear Positive
Uruguay,2006,sp,m,55-64,38,Smear Positive
Uruguay,2006,sp,m,65+,29,Smear Positive
Uruguay,2006,sp,f,0-14,4,Smear Positive
Uruguay,2006,sp,f,15-24,21,Smear Positive
Uruguay,2006,sp,f,25-34,19,Smear Positive
Uruguay,2006,sp,f,35-44,11,Smear Positive
Uruguay,2006,sp,f,45-54,6,Smear Positive
Uruguay,2006,sp,f,55-64,11,Smear Positive
Uruguay,2006,sp,f,65+,10,Smear Positive
Uruguay,2006,sn,m,0-14,1,Smear Negative
Uruguay,2006,sn,m,15-24,9,Smear Negative
Uruguay,2006,sn,m,25-34,23,Smear Negative
Uruguay,2006,sn,m,35-44,20,Smear Negative
Uruguay,2006,sn,m,45-54,17,Smear Negative
Uruguay,2006,sn,m,55-64,11,Smear Negative
Uruguay,2006,sn,m,65+,21,Smear Negative
Uruguay,2006,sn,f,0-14,4,Smear Negative
Uruguay,2006,sn,f,15-24,7,Smear Negative
Uruguay,2006,sn,f,25-34,10,Smear Negative
Uruguay,2006,sn,f,35-44,4,Smear Negative
Uruguay,2006,sn,f,45-54,10,Smear Negative
Uruguay,2006,sn,f,55-64,4,Smear Negative
Uruguay,2006,sn,f,65+,11,Smear Negative
Uruguay,2006,ep,m,0-14,2,Extrapulmonary
Uruguay,2006,ep,m,15-24,10,Extrapulmonary
Uruguay,2006,ep,m,25-34,6,Extrapulmonary
Uruguay,2006,ep,m,35-44,6,Extrapulmonary
Uruguay,2006,ep,m,45-54,6,Extrapulmonary
Uruguay,2006,ep,m,55-64,8,Extrapulmonary
Uruguay,2006,ep,m,65+,2,Extrapulmonary
Uruguay,2006,ep,f,0-14,4,Extrapulmonary
Uruguay,2006,ep,f,15-24,2,Extrapulmonary
Uruguay,2006,ep,f,25-34,4,Extrapulmonary
Uruguay,2006,ep,f,35-44,5,Extrapulmonary
Uruguay,2006,ep,f,45-54,4,Extrapulmonary
Uruguay,2006,ep,f,55-64,2,Extrapulmonary
Uruguay,2006,ep,f,65+,9,Extrapulmonary
Uruguay,2007,sp,m,0-14,1,Smear Positive
Uruguay,2007,sp,m,15-24,39,Smear Positive
Uruguay,2007,sp,m,25-34,69,Smear Positive
Uruguay,2007,sp,m,35-44,37,Smear Positive
Uruguay,2007,sp,m,45-54,50,Smear Positive
Uruguay,2007,sp,m,55-64,39,Smear Positive
Uruguay,2007,sp,m,65+,39,Smear Positive
Uruguay,2007,sp,f,0-14,1,Smear Positive
Uruguay,2007,sp,f,15-24,23,Smear Positive
Uruguay,2007,sp,f,25-34,26,Smear Positive
Uruguay,2007,sp,f,35-44,22,Smear Positive
Uruguay,2007,sp,f,45-54,14,Smear Positive
Uruguay,2007,sp,f,55-64,7,Smear Positive
Uruguay,2007,sp,f,65+,13,Smear Positive
Uruguay,2007,sn,m,0-14,4,Smear Negative
Uruguay,2007,sn,m,15-24,7,Smear Negative
Uruguay,2007,sn,m,25-34,20,Smear Negative
Uruguay,2007,sn,m,35-44,11,Smear Negative
Uruguay,2007,sn,m,45-54,20,Smear Negative
Uruguay,2007,sn,m,55-64,12,Smear Negative
Uruguay,2007,sn,m,65+,13,Smear Negative
Uruguay,2007,sn,f,0-14,3,Smear Negative
Uruguay,2007,sn,f,15-24,9,Smear Negative
Uruguay,2007,sn,f,25-34,10,Smear Negative
Uruguay,2007,sn,f,35-44,8,Smear Negative
Uruguay,2007,sn,f,45-54,6,Smear Negative
Uruguay,2007,sn,f,55-64,0,Smear Negative
Uruguay,2007,sn,f,65+,9,Smear Negative
Uruguay,2007,ep,m,0-14,3,Extrapulmonary
Uruguay,2007,ep,m,15-24,5,Extrapulmonary
Uruguay,2007,ep,m,25-34,8,Extrapulmonary
Uruguay,2007,ep,m,35-44,4,Extrapulmonary
Uruguay,2007,ep,m,45-54,4,Extrapulmonary
Uruguay,2007,ep,m,55-64,5,Extrapulmonary
Uruguay,2007,ep,m,65+,7,Extrapulmonary
Uruguay,2007,ep,f,0-14,1,Extrapulmonary
Uruguay,2007,ep,f,15-24,1,Extrapulmonary
Uruguay,2007,ep,f,25-34,8,Extrapulmonary
Uruguay,2007,ep,f,35-44,1,Extrapulmonary
Uruguay,2007,ep,f,45-54,4,Extrapulmonary
Uruguay,2007,ep,f,55-64,1,Extrapulmonary
Uruguay,2007,ep,f,65+,5,Extrapulmonary
Uruguay,2008,sp,m,0-14,1,Smear Positive
Uruguay,2008,sp,m,15-24,49,Smear Positive
Uruguay,2008,sp,m,25-34,71,Smear Positive
Uruguay,2008,sp,m,35-44,64,Smear Positive
Uruguay,2008,sp,m,45-54,45,Smear Positive
Uruguay,2008,sp,m,55-64,28,Smear Positive
Uruguay,2008,sp,m,65+,34,Smear Positive
Uruguay,2008,sp,f,0-14,4,Smear Positive
Uruguay,2008,sp,f,15-24,26,Smear Positive
Uruguay,2008,sp,f,25-34,35,Smear Positive
Uruguay,2008,sp,f,35-44,26,Smear Positive
Uruguay,2008,sp,f,45-54,15,Smear Positive
Uruguay,2008,sp,f,55-64,13,Smear Positive
Uruguay,2008,sp,f,65+,13,Smear Positive
Uruguay,2008,sn,m,0-14,4,Smear Negative
Uruguay,2008,sn,m,15-24,9,Smear Negative
Uruguay,2008,sn,m,25-34,20,Smear Negative
Uruguay,2008,sn,m,35-44,15,Smear Negative
Uruguay,2008,sn,m,45-54,13,Smear Negative
Uruguay,2008,sn,m,55-64,14,Smear Negative
Uruguay,2008,sn,m,65+,16,Smear Negative
Uruguay,2008,sn,f,0-14,5,Smear Negative
Uruguay,2008,sn,f,15-24,10,Smear Negative
Uruguay,2008,sn,f,25-34,15,Smear Negative
Uruguay,2008,sn,f,35-44,8,Smear Negative
Uruguay,2008,sn,f,45-54,16,Smear Negative
Uruguay,2008,sn,f,55-64,3,Smear Negative
Uruguay,2008,sn,f,65+,11,Smear Negative
Uruguay,2008,ep,m,0-14,1,Extrapulmonary
Uruguay,2008,ep,m,15-24,6,Extrapulmonary
Uruguay,2008,ep,m,25-34,12,Extrapulmonary
Uruguay,2008,ep,m,35-44,8,Extrapulmonary
Uruguay,2008,ep,m,45-54,3,Extrapulmonary
Uruguay,2008,ep,m,55-64,0,Extrapulmonary
Uruguay,2008,ep,m,65+,4,Extrapulmonary
Uruguay,2008,ep,f,0-14,3,Extrapulmonary
Uruguay,2008,ep,f,15-24,8,Extrapulmonary
Uruguay,2008,ep,f,25-34,5,Extrapulmonary
Uruguay,2008,ep,f,35-44,6,Extrapulmonary
Uruguay,2008,ep,f,45-54,5,Extrapulmonary
Uruguay,2008,ep,f,55-64,3,Extrapulmonary
Uruguay,2008,ep,f,65+,5,Extrapulmonary
Uruguay,2009,sp,m,0-14,1,Smear Positive
Uruguay,2009,sp,m,15-24,43,Smear Positive
Uruguay,2009,sp,m,25-34,64,Smear Positive
Uruguay,2009,sp,m,35-44,50,Smear Positive
Uruguay,2009,sp,m,45-54,57,Smear Positive
Uruguay,2009,sp,m,55-64,42,Smear Positive
Uruguay,2009,sp,m,65+,38,Smear Positive
Uruguay,2009,sp,f,0-14,4,Smear Positive
Uruguay,2009,sp,f,15-24,21,Smear Positive
Uruguay,2009,sp,f,25-34,32,Smear Positive
Uruguay,2009,sp,f,35-44,22,Smear Positive
Uruguay,2009,sp,f,45-54,14,Smear Positive
Uruguay,2009,sp,f,55-64,6,Smear Positive
Uruguay,2009,sp,f,65+,15,Smear Positive
Uruguay,2009,sn,m,0-14,11,Smear Negative
Uruguay,2009,sn,m,15-24,11,Smear Negative
Uruguay,2009,sn,m,25-34,26,Smear Negative
Uruguay,2009,sn,m,35-44,19,Smear Negative
Uruguay,2009,sn,m,45-54,22,Smear Negative
Uruguay,2009,sn,m,55-64,15,Smear Negative
Uruguay,2009,sn,m,65+,17,Smear Negative
Uruguay,2009,sn,f,0-14,5,Smear Negative
Uruguay,2009,sn,f,15-24,10,Smear Negative
Uruguay,2009,sn,f,25-34,12,Smear Negative
Uruguay,2009,sn,f,35-44,12,Smear Negative
Uruguay,2009,sn,f,45-54,12,Smear Negative
Uruguay,2009,sn,f,55-64,10,Smear Negative
Uruguay,2009,sn,f,65+,10,Smear Negative
Uruguay,2009,ep,m,0-14,6,Extrapulmonary
Uruguay,2009,ep,m,15-24,4,Extrapulmonary
Uruguay,2009,ep,m,25-34,9,Extrapulmonary
Uruguay,2009,ep,m,35-44,8,Extrapulmonary
Uruguay,2009,ep,m,45-54,6,Extrapulmonary
Uruguay,2009,ep,m,55-64,2,Extrapulmonary
Uruguay,2009,ep,m,65+,8,Extrapulmonary
Uruguay,2009,ep,f,0-14,1,Extrapulmonary
Uruguay,2009,ep,f,15-24,2,Extrapulmonary
Uruguay,2009,ep,f,25-34,4,Extrapulmonary
Uruguay,2009,ep,f,35-44,5,Extrapulmonary
Uruguay,2009,ep,f,45-54,4,Extrapulmonary
Uruguay,2009,ep,f,55-64,2,Extrapulmonary
Uruguay,2009,ep,f,65+,5,Extrapulmonary
Uruguay,2010,sp,m,0-14,1,Smear Positive
Uruguay,2010,sp,m,15-24,46,Smear Positive
Uruguay,2010,sp,m,25-34,70,Smear Positive
Uruguay,2010,sp,m,35-44,35,Smear Positive
Uruguay,2010,sp,m,45-54,46,Smear Positive
Uruguay,2010,sp,m,55-64,33,Smear Positive
Uruguay,2010,sp,m,65+,31,Smear Positive
Uruguay,2010,sp,f,0-14,3,Smear Positive
Uruguay,2010,sp,f,15-24,24,Smear Positive
Uruguay,2010,sp,f,25-34,36,Smear Positive
Uruguay,2010,sp,f,35-44,12,Smear Positive
Uruguay,2010,sp,f,45-54,10,Smear Positive
Uruguay,2010,sp,f,55-64,5,Smear Positive
Uruguay,2010,sp,f,65+,16,Smear Positive
Uruguay,2010,sn,m,0-14,12,Smear Negative
Uruguay,2010,sn,m,15-24,4,Smear Negative
Uruguay,2010,sn,m,25-34,11,Smear Negative
Uruguay,2010,sn,m,35-44,15,Smear Negative
Uruguay,2010,sn,m,45-54,19,Smear Negative
Uruguay,2010,sn,m,55-64,7,Smear Negative
Uruguay,2010,sn,m,65+,15,Smear Negative
Uruguay,2010,sn,f,0-14,9,Smear Negative
Uruguay,2010,sn,f,15-24,8,Smear Negative
Uruguay,2010,sn,f,25-34,5,Smear Negative
Uruguay,2010,sn,f,35-44,17,Smear Negative
Uruguay,2010,sn,f,45-54,7,Smear Negative
Uruguay,2010,sn,f,55-64,9,Smear Negative
Uruguay,2010,sn,f,65+,16,Smear Negative
Uruguay,2010,ep,m,0-14,3,Extrapulmonary
Uruguay,2010,ep,m,15-24,6,Extrapulmonary
Uruguay,2010,ep,m,25-34,9,Extrapulmonary
Uruguay,2010,ep,m,35-44,5,Extrapulmonary
Uruguay,2010,ep,m,45-54,5,Extrapulmonary
Uruguay,2010,ep,m,55-64,6,Extrapulmonary
Uruguay,2010,ep,m,65+,4,Extrapulmonary
Uruguay,2010,ep,f,0-14,4,Extrapulmonary
Uruguay,2010,ep,f,15-24,4,Extrapulmonary
Uruguay,2010,ep,f,25-34,8,Extrapulmonary
Uruguay,2010,ep,f,35-44,2,Extrapulmonary
Uruguay,2010,ep,f,45-54,5,Extrapulmonary
Uruguay,2010,ep,f,55-64,3,Extrapulmonary
Uruguay,2010,ep,f,65+,6,Extrapulmonary
Uruguay,2011,sp,m,0-14,0,Smear Positive
Uruguay,2011,sp,m,15-24,58,Smear Positive
Uruguay,2011,sp,m,25-34,93,Smear Positive
Uruguay,2011,sp,m,35-44,55,Smear Positive
Uruguay,2011,sp,m,45-54,45,Smear Positive
Uruguay,2011,sp,m,55-64,36,Smear Positive
Uruguay,2011,sp,m,65+,37,Smear Positive
Uruguay,2011,sp,f,0-14,1,Smear Positive
Uruguay,2011,sp,f,15-24,29,Smear Positive
Uruguay,2011,sp,f,25-34,55,Smear Positive
Uruguay,2011,sp,f,35-44,19,Smear Positive
Uruguay,2011,sp,f,45-54,12,Smear Positive
Uruguay,2011,sp,f,55-64,11,Smear Positive
Uruguay,2011,sp,f,65+,16,Smear Positive
Uruguay,2011,sn,m,0-14,17,Smear Negative
Uruguay,2011,sn,m,15-24,19,Smear Negative
Uruguay,2011,sn,m,25-34,31,Smear Negative
Uruguay,2011,sn,m,35-44,28,Smear Negative
Uruguay,2011,sn,m,45-54,17,Smear Negative
Uruguay,2011,sn,m,55-64,20,Smear Negative
Uruguay,2011,sn,m,65+,19,Smear Negative
Uruguay,2011,sn,f,0-14,28,Smear Negative
Uruguay,2011,sn,f,15-24,8,Smear Negative
Uruguay,2011,sn,f,25-34,18,Smear Negative
Uruguay,2011,sn,f,35-44,9,Smear Negative
Uruguay,2011,sn,f,45-54,9,Smear Negative
Uruguay,2011,sn,f,55-64,14,Smear Negative
Uruguay,2011,sn,f,65+,12,Smear Negative
Uruguay,2011,ep,m,0-14,1,Extrapulmonary
Uruguay,2011,ep,m,15-24,3,Extrapulmonary
Uruguay,2011,ep,m,25-34,11,Extrapulmonary
Uruguay,2011,ep,m,35-44,5,Extrapulmonary
Uruguay,2011,ep,m,45-54,1,Extrapulmonary
Uruguay,2011,ep,m,55-64,4,Extrapulmonary
Uruguay,2011,ep,m,65+,3,Extrapulmonary
Uruguay,2011,ep,f,0-14,3,Extrapulmonary
Uruguay,2011,ep,f,15-24,2,Extrapulmonary
Uruguay,2011,ep,f,25-34,3,Extrapulmonary
Uruguay,2011,ep,f,35-44,1,Extrapulmonary
Uruguay,2011,ep,f,45-54,5,Extrapulmonary
Uruguay,2011,ep,f,55-64,1,Extrapulmonary
Uruguay,2011,ep,f,65+,5,Extrapulmonary
Uruguay,2012,sp,m,0-14,3,Smear Positive
Uruguay,2012,sp,m,15-24,38,Smear Positive
Uruguay,2012,sp,m,25-34,98,Smear Positive
Uruguay,2012,sp,m,35-44,56,Smear Positive
Uruguay,2012,sp,m,45-54,52,Smear Positive
Uruguay,2012,sp,m,55-64,39,Smear Positive
Uruguay,2012,sp,m,65+,29,Smear Positive
Uruguay,2012,sp,f,0-14,2,Smear Positive
Uruguay,2012,sp,f,15-24,25,Smear Positive
Uruguay,2012,sp,f,25-34,26,Smear Positive
Uruguay,2012,sp,f,35-44,21,Smear Positive
Uruguay,2012,sp,f,45-54,15,Smear Positive
Uruguay,2012,sp,f,55-64,13,Smear Positive
Uruguay,2012,sp,f,65+,15,Smear Positive
Uruguay,2012,sn,m,0-14,22,Smear Negative
Uruguay,2012,sn,m,15-24,20,Smear Negative
Uruguay,2012,sn,m,25-34,28,Smear Negative
Uruguay,2012,sn,m,35-44,30,Smear Negative
Uruguay,2012,sn,m,45-54,30,Smear Negative
Uruguay,2012,sn,m,55-64,13,Smear Negative
Uruguay,2012,sn,m,65+,22,Smear Negative
Uruguay,2012,sn,f,0-14,18,Smear Negative
Uruguay,2012,sn,f,15-24,19,Smear Negative
Uruguay,2012,sn,f,25-34,18,Smear Negative
Uruguay,2012,sn,f,35-44,9,Smear Negative
Uruguay,2012,sn,f,45-54,12,Smear Negative
Uruguay,2012,sn,f,55-64,12,Smear Negative
Uruguay,2012,sn,f,65+,16,Smear Negative
Uruguay,2012,ep,m,0-14,2,Extrapulmonary
Uruguay,2012,ep,m,15-24,1,Extrapulmonary
Uruguay,2012,ep,m,25-34,8,Extrapulmonary
Uruguay,2012,ep,m,35-44,10,Extrapulmonary
Uruguay,2012,ep,m,45-54,8,Extrapulmonary
Uruguay,2012,ep,m,55-64,5,Extrapulmonary
Uruguay,2012,ep,m,65+,1,Extrapulmonary
Uruguay,2012,ep,f,0-14,1,Extrapulmonary
Uruguay,2012,ep,f,15-24,2,Extrapulmonary
Uruguay,2012,ep,f,25-34,5,Extrapulmonary
Uruguay,2012,ep,f,35-44,3,Extrapulmonary
Uruguay,2012,ep,f,45-54,5,Extrapulmonary
Uruguay,2012,ep,f,55-64,3,Extrapulmonary
Uruguay,2012,ep,f,65+,5,Extrapulmonary
Uruguay,2013,rel,m,0-14,22,Relapse
Uruguay,2013,rel,m,15-24,80,Relapse
Uruguay,2013,rel,m,25-34,142,Relapse
Uruguay,2013,rel,m,35-44,102,Relapse
Uruguay,2013,rel,m,45-54,100,Relapse
Uruguay,2013,rel,m,55-64,83,Relapse
Uruguay,2013,rel,m,65+,66,Relapse
Uruguay,2013,rel,f,0-14,30,Relapse
Uruguay,2013,rel,f,15-24,35,Relapse
Uruguay,2013,rel,f,25-34,71,Relapse
Uruguay,2013,rel,f,35-44,44,Relapse
Uruguay,2013,rel,f,45-54,31,Relapse
Uruguay,2013,rel,f,55-64,40,Relapse
Uruguay,2013,rel,f,65+,35,Relapse
US Virgin Islands,1995,sp,m,0-14,0,Smear Positive
US Virgin Islands,1995,sp,m,15-24,0,Smear Positive
US Virgin Islands,1995,sp,m,25-34,0,Smear Positive
US Virgin Islands,1995,sp,m,35-44,1,Smear Positive
US Virgin Islands,1995,sp,m,45-54,1,Smear Positive
US Virgin Islands,1995,sp,m,55-64,0,Smear Positive
US Virgin Islands,1995,sp,m,65+,0,Smear Positive
US Virgin Islands,1996,sp,m,0-14,0,Smear Positive
US Virgin Islands,1996,sp,m,15-24,0,Smear Positive
US Virgin Islands,1996,sp,m,25-34,1,Smear Positive
US Virgin Islands,1996,sp,m,35-44,1,Smear Positive
US Virgin Islands,1996,sp,m,45-54,0,Smear Positive
US Virgin Islands,1996,sp,m,55-64,1,Smear Positive
US Virgin Islands,1996,sp,m,65+,0,Smear Positive
US Virgin Islands,1996,sp,f,0-14,0,Smear Positive
US Virgin Islands,1996,sp,f,15-24,0,Smear Positive
US Virgin Islands,1996,sp,f,25-34,1,Smear Positive
US Virgin Islands,1996,sp,f,35-44,0,Smear Positive
US Virgin Islands,1996,sp,f,45-54,0,Smear Positive
US Virgin Islands,1996,sp,f,55-64,0,Smear Positive
US Virgin Islands,1996,sp,f,65+,1,Smear Positive
Uzbekistan,1996,sp,m,0-14,2,Smear Positive
Uzbekistan,1996,sp,m,15-24,96,Smear Positive
Uzbekistan,1996,sp,m,25-34,1042,Smear Positive
Uzbekistan,1996,sp,m,35-44,650,Smear Positive
Uzbekistan,1996,sp,m,45-54,0,Smear Positive
Uzbekistan,1996,sp,m,55-64,196,Smear Positive
Uzbekistan,1996,sp,m,65+,0,Smear Positive
Uzbekistan,1996,sp,f,0-14,5,Smear Positive
Uzbekistan,1996,sp,f,15-24,87,Smear Positive
Uzbekistan,1996,sp,f,25-34,799,Smear Positive
Uzbekistan,1996,sp,f,35-44,324,Smear Positive
Uzbekistan,1996,sp,f,45-54,0,Smear Positive
Uzbekistan,1996,sp,f,55-64,149,Smear Positive
Uzbekistan,1996,sp,f,65+,0,Smear Positive
Uzbekistan,1998,sp,m,0-14,0,Smear Positive
Uzbekistan,1998,sp,m,15-24,6,Smear Positive
Uzbekistan,1998,sp,m,25-34,5,Smear Positive
Uzbekistan,1998,sp,m,35-44,0,Smear Positive
Uzbekistan,1998,sp,m,45-54,1,Smear Positive
Uzbekistan,1998,sp,m,55-64,1,Smear Positive
Uzbekistan,1998,sp,m,65+,0,Smear Positive
Uzbekistan,1998,sp,f,0-14,0,Smear Positive
Uzbekistan,1998,sp,f,15-24,9,Smear Positive
Uzbekistan,1998,sp,f,25-34,9,Smear Positive
Uzbekistan,1998,sp,f,35-44,4,Smear Positive
Uzbekistan,1998,sp,f,45-54,2,Smear Positive
Uzbekistan,1998,sp,f,55-64,1,Smear Positive
Uzbekistan,1998,sp,f,65+,1,Smear Positive
Uzbekistan,1999,sp,m,0-14,4,Smear Positive
Uzbekistan,1999,sp,m,15-24,429,Smear Positive
Uzbekistan,1999,sp,m,25-34,926,Smear Positive
Uzbekistan,1999,sp,m,35-44,519,Smear Positive
Uzbekistan,1999,sp,m,45-54,262,Smear Positive
Uzbekistan,1999,sp,m,55-64,146,Smear Positive
Uzbekistan,1999,sp,m,65+,100,Smear Positive
Uzbekistan,1999,sp,f,0-14,11,Smear Positive
Uzbekistan,1999,sp,f,15-24,346,Smear Positive
Uzbekistan,1999,sp,f,25-34,647,Smear Positive
Uzbekistan,1999,sp,f,35-44,339,Smear Positive
Uzbekistan,1999,sp,f,45-54,186,Smear Positive
Uzbekistan,1999,sp,f,55-64,136,Smear Positive
Uzbekistan,1999,sp,f,65+,124,Smear Positive
Uzbekistan,2000,sp,m,0-14,6,Smear Positive
Uzbekistan,2000,sp,m,15-24,351,Smear Positive
Uzbekistan,2000,sp,m,25-34,749,Smear Positive
Uzbekistan,2000,sp,m,35-44,510,Smear Positive
Uzbekistan,2000,sp,m,45-54,346,Smear Positive
Uzbekistan,2000,sp,m,55-64,213,Smear Positive
Uzbekistan,2000,sp,m,65+,107,Smear Positive
Uzbekistan,2000,sp,f,0-14,11,Smear Positive
Uzbekistan,2000,sp,f,15-24,261,Smear Positive
Uzbekistan,2000,sp,f,25-34,547,Smear Positive
Uzbekistan,2000,sp,f,35-44,288,Smear Positive
Uzbekistan,2000,sp,f,45-54,213,Smear Positive
Uzbekistan,2000,sp,f,55-64,112,Smear Positive
Uzbekistan,2000,sp,f,65+,111,Smear Positive
Uzbekistan,2001,sp,m,0-14,7,Smear Positive
Uzbekistan,2001,sp,m,15-24,390,Smear Positive
Uzbekistan,2001,sp,m,25-34,905,Smear Positive
Uzbekistan,2001,sp,m,35-44,523,Smear Positive
Uzbekistan,2001,sp,m,45-54,396,Smear Positive
Uzbekistan,2001,sp,m,55-64,253,Smear Positive
Uzbekistan,2001,sp,m,65+,133,Smear Positive
Uzbekistan,2001,sp,f,0-14,21,Smear Positive
Uzbekistan,2001,sp,f,15-24,337,Smear Positive
Uzbekistan,2001,sp,f,25-34,631,Smear Positive
Uzbekistan,2001,sp,f,35-44,338,Smear Positive
Uzbekistan,2001,sp,f,45-54,267,Smear Positive
Uzbekistan,2001,sp,f,55-64,216,Smear Positive
Uzbekistan,2001,sp,f,65+,181,Smear Positive
Uzbekistan,2002,sp,m,0-14,10,Smear Positive
Uzbekistan,2002,sp,m,15-24,330,Smear Positive
Uzbekistan,2002,sp,m,25-34,481,Smear Positive
Uzbekistan,2002,sp,m,35-44,318,Smear Positive
Uzbekistan,2002,sp,m,45-54,178,Smear Positive
Uzbekistan,2002,sp,m,55-64,87,Smear Positive
Uzbekistan,2002,sp,m,65+,111,Smear Positive
Uzbekistan,2002,sp,f,0-14,18,Smear Positive
Uzbekistan,2002,sp,f,15-24,277,Smear Positive
Uzbekistan,2002,sp,f,25-34,394,Smear Positive
Uzbekistan,2002,sp,f,35-44,214,Smear Positive
Uzbekistan,2002,sp,f,45-54,127,Smear Positive
Uzbekistan,2002,sp,f,55-64,96,Smear Positive
Uzbekistan,2002,sp,f,65+,125,Smear Positive
Uzbekistan,2003,sp,m,0-14,9,Smear Positive
Uzbekistan,2003,sp,m,15-24,487,Smear Positive
Uzbekistan,2003,sp,m,25-34,828,Smear Positive
Uzbekistan,2003,sp,m,35-44,595,Smear Positive
Uzbekistan,2003,sp,m,45-54,412,Smear Positive
Uzbekistan,2003,sp,m,55-64,253,Smear Positive
Uzbekistan,2003,sp,m,65+,220,Smear Positive
Uzbekistan,2003,sp,f,0-14,29,Smear Positive
Uzbekistan,2003,sp,f,15-24,360,Smear Positive
Uzbekistan,2003,sp,f,25-34,588,Smear Positive
Uzbekistan,2003,sp,f,35-44,353,Smear Positive
Uzbekistan,2003,sp,f,45-54,210,Smear Positive
Uzbekistan,2003,sp,f,55-64,172,Smear Positive
Uzbekistan,2003,sp,f,65+,174,Smear Positive
Uzbekistan,2004,sp,m,0-14,23,Smear Positive
Uzbekistan,2004,sp,m,15-24,512,Smear Positive
Uzbekistan,2004,sp,m,25-34,835,Smear Positive
Uzbekistan,2004,sp,m,35-44,607,Smear Positive
Uzbekistan,2004,sp,m,45-54,502,Smear Positive
Uzbekistan,2004,sp,m,55-64,275,Smear Positive
Uzbekistan,2004,sp,m,65+,252,Smear Positive
Uzbekistan,2004,sp,f,0-14,31,Smear Positive
Uzbekistan,2004,sp,f,15-24,430,Smear Positive
Uzbekistan,2004,sp,f,25-34,600,Smear Positive
Uzbekistan,2004,sp,f,35-44,341,Smear Positive
Uzbekistan,2004,sp,f,45-54,274,Smear Positive
Uzbekistan,2004,sp,f,55-64,211,Smear Positive
Uzbekistan,2004,sp,f,65+,226,Smear Positive
Uzbekistan,2005,sp,m,0-14,25,Smear Positive
Uzbekistan,2005,sp,m,15-24,596,Smear Positive
Uzbekistan,2005,sp,m,25-34,831,Smear Positive
Uzbekistan,2005,sp,m,35-44,723,Smear Positive
Uzbekistan,2005,sp,m,45-54,522,Smear Positive
Uzbekistan,2005,sp,m,55-64,263,Smear Positive
Uzbekistan,2005,sp,m,65+,313,Smear Positive
Uzbekistan,2005,sp,f,0-14,40,Smear Positive
Uzbekistan,2005,sp,f,15-24,538,Smear Positive
Uzbekistan,2005,sp,f,25-34,597,Smear Positive
Uzbekistan,2005,sp,f,35-44,375,Smear Positive
Uzbekistan,2005,sp,f,45-54,288,Smear Positive
Uzbekistan,2005,sp,f,55-64,217,Smear Positive
Uzbekistan,2005,sp,f,65+,367,Smear Positive
Uzbekistan,2006,sp,m,0-14,19,Smear Positive
Uzbekistan,2006,sp,m,15-24,568,Smear Positive
Uzbekistan,2006,sp,m,25-34,807,Smear Positive
Uzbekistan,2006,sp,m,35-44,717,Smear Positive
Uzbekistan,2006,sp,m,45-54,565,Smear Positive
Uzbekistan,2006,sp,m,55-64,268,Smear Positive
Uzbekistan,2006,sp,m,65+,329,Smear Positive
Uzbekistan,2006,sp,f,0-14,41,Smear Positive
Uzbekistan,2006,sp,f,15-24,544,Smear Positive
Uzbekistan,2006,sp,f,25-34,597,Smear Positive
Uzbekistan,2006,sp,f,35-44,346,Smear Positive
Uzbekistan,2006,sp,f,45-54,327,Smear Positive
Uzbekistan,2006,sp,f,55-64,224,Smear Positive
Uzbekistan,2006,sp,f,65+,421,Smear Positive
Uzbekistan,2006,sn,m,0-14,273,Smear Negative
Uzbekistan,2006,sn,m,15-24,696,Smear Negative
Uzbekistan,2006,sn,m,25-34,923,Smear Negative
Uzbekistan,2006,sn,m,35-44,731,Smear Negative
Uzbekistan,2006,sn,m,45-54,685,Smear Negative
Uzbekistan,2006,sn,m,55-64,400,Smear Negative
Uzbekistan,2006,sn,m,65+,493,Smear Negative
Uzbekistan,2006,sn,f,0-14,193,Smear Negative
Uzbekistan,2006,sn,f,15-24,575,Smear Negative
Uzbekistan,2006,sn,f,25-34,659,Smear Negative
Uzbekistan,2006,sn,f,35-44,501,Smear Negative
Uzbekistan,2006,sn,f,45-54,387,Smear Negative
Uzbekistan,2006,sn,f,55-64,284,Smear Negative
Uzbekistan,2006,sn,f,65+,401,Smear Negative
Uzbekistan,2006,ep,m,0-14,1385,Extrapulmonary
Uzbekistan,2006,ep,m,15-24,595,Extrapulmonary
Uzbekistan,2006,ep,m,25-34,445,Extrapulmonary
Uzbekistan,2006,ep,m,35-44,316,Extrapulmonary
Uzbekistan,2006,ep,m,45-54,236,Extrapulmonary
Uzbekistan,2006,ep,m,55-64,106,Extrapulmonary
Uzbekistan,2006,ep,m,65+,161,Extrapulmonary
Uzbekistan,2006,ep,f,0-14,922,Extrapulmonary
Uzbekistan,2006,ep,f,15-24,351,Extrapulmonary
Uzbekistan,2006,ep,f,25-34,320,Extrapulmonary
Uzbekistan,2006,ep,f,35-44,297,Extrapulmonary
Uzbekistan,2006,ep,f,45-54,211,Extrapulmonary
Uzbekistan,2006,ep,f,55-64,111,Extrapulmonary
Uzbekistan,2006,ep,f,65+,144,Extrapulmonary
Uzbekistan,2007,sp,m,0-14,18,Smear Positive
Uzbekistan,2007,sp,m,15-24,569,Smear Positive
Uzbekistan,2007,sp,m,25-34,768,Smear Positive
Uzbekistan,2007,sp,m,35-44,579,Smear Positive
Uzbekistan,2007,sp,m,45-54,583,Smear Positive
Uzbekistan,2007,sp,m,55-64,282,Smear Positive
Uzbekistan,2007,sp,m,65+,380,Smear Positive
Uzbekistan,2007,sp,f,0-14,25,Smear Positive
Uzbekistan,2007,sp,f,15-24,485,Smear Positive
Uzbekistan,2007,sp,f,25-34,507,Smear Positive
Uzbekistan,2007,sp,f,35-44,342,Smear Positive
Uzbekistan,2007,sp,f,45-54,255,Smear Positive
Uzbekistan,2007,sp,f,55-64,235,Smear Positive
Uzbekistan,2007,sp,f,65+,436,Smear Positive
Uzbekistan,2007,sn,m,0-14,187,Smear Negative
Uzbekistan,2007,sn,m,15-24,738,Smear Negative
Uzbekistan,2007,sn,m,25-34,957,Smear Negative
Uzbekistan,2007,sn,m,35-44,746,Smear Negative
Uzbekistan,2007,sn,m,45-54,689,Smear Negative
Uzbekistan,2007,sn,m,55-64,383,Smear Negative
Uzbekistan,2007,sn,m,65+,548,Smear Negative
Uzbekistan,2007,sn,f,0-14,198,Smear Negative
Uzbekistan,2007,sn,f,15-24,516,Smear Negative
Uzbekistan,2007,sn,f,25-34,649,Smear Negative
Uzbekistan,2007,sn,f,35-44,428,Smear Negative
Uzbekistan,2007,sn,f,45-54,391,Smear Negative
Uzbekistan,2007,sn,f,55-64,294,Smear Negative
Uzbekistan,2007,sn,f,65+,443,Smear Negative
Uzbekistan,2007,ep,m,0-14,1320,Extrapulmonary
Uzbekistan,2007,ep,m,15-24,589,Extrapulmonary
Uzbekistan,2007,ep,m,25-34,467,Extrapulmonary
Uzbekistan,2007,ep,m,35-44,301,Extrapulmonary
Uzbekistan,2007,ep,m,45-54,217,Extrapulmonary
Uzbekistan,2007,ep,m,55-64,119,Extrapulmonary
Uzbekistan,2007,ep,m,65+,137,Extrapulmonary
Uzbekistan,2007,ep,f,0-14,835,Extrapulmonary
Uzbekistan,2007,ep,f,15-24,307,Extrapulmonary
Uzbekistan,2007,ep,f,25-34,321,Extrapulmonary
Uzbekistan,2007,ep,f,35-44,232,Extrapulmonary
Uzbekistan,2007,ep,f,45-54,189,Extrapulmonary
Uzbekistan,2007,ep,f,55-64,124,Extrapulmonary
Uzbekistan,2007,ep,f,65+,122,Extrapulmonary
Uzbekistan,2008,sp,m,0-14,10,Smear Positive
Uzbekistan,2008,sp,m,15-24,515,Smear Positive
Uzbekistan,2008,sp,m,25-34,688,Smear Positive
Uzbekistan,2008,sp,m,35-44,572,Smear Positive
Uzbekistan,2008,sp,m,45-54,544,Smear Positive
Uzbekistan,2008,sp,m,55-64,287,Smear Positive
Uzbekistan,2008,sp,m,65+,369,Smear Positive
Uzbekistan,2008,sp,f,0-14,23,Smear Positive
Uzbekistan,2008,sp,f,15-24,427,Smear Positive
Uzbekistan,2008,sp,f,25-34,479,Smear Positive
Uzbekistan,2008,sp,f,35-44,309,Smear Positive
Uzbekistan,2008,sp,f,45-54,273,Smear Positive
Uzbekistan,2008,sp,f,55-64,227,Smear Positive
Uzbekistan,2008,sp,f,65+,394,Smear Positive
Uzbekistan,2008,sn,m,0-14,124,Smear Negative
Uzbekistan,2008,sn,m,15-24,713,Smear Negative
Uzbekistan,2008,sn,m,25-34,907,Smear Negative
Uzbekistan,2008,sn,m,35-44,765,Smear Negative
Uzbekistan,2008,sn,m,45-54,646,Smear Negative
Uzbekistan,2008,sn,m,55-64,361,Smear Negative
Uzbekistan,2008,sn,m,65+,489,Smear Negative
Uzbekistan,2008,sn,f,0-14,139,Smear Negative
Uzbekistan,2008,sn,f,15-24,477,Smear Negative
Uzbekistan,2008,sn,f,25-34,590,Smear Negative
Uzbekistan,2008,sn,f,35-44,397,Smear Negative
Uzbekistan,2008,sn,f,45-54,333,Smear Negative
Uzbekistan,2008,sn,f,55-64,305,Smear Negative
Uzbekistan,2008,sn,f,65+,394,Smear Negative
Uzbekistan,2008,ep,m,0-14,1038,Extrapulmonary
Uzbekistan,2008,ep,m,15-24,499,Extrapulmonary
Uzbekistan,2008,ep,m,25-34,378,Extrapulmonary
Uzbekistan,2008,ep,m,35-44,248,Extrapulmonary
Uzbekistan,2008,ep,m,45-54,164,Extrapulmonary
Uzbekistan,2008,ep,m,55-64,91,Extrapulmonary
Uzbekistan,2008,ep,m,65+,119,Extrapulmonary
Uzbekistan,2008,ep,f,0-14,674,Extrapulmonary
Uzbekistan,2008,ep,f,15-24,222,Extrapulmonary
Uzbekistan,2008,ep,f,25-34,262,Extrapulmonary
Uzbekistan,2008,ep,f,35-44,194,Extrapulmonary
Uzbekistan,2008,ep,f,45-54,154,Extrapulmonary
Uzbekistan,2008,ep,f,55-64,84,Extrapulmonary
Uzbekistan,2008,ep,f,65+,87,Extrapulmonary
Uzbekistan,2009,sp,m,0-14,12,Smear Positive
Uzbekistan,2009,sp,m,15-24,541,Smear Positive
Uzbekistan,2009,sp,m,25-34,615,Smear Positive
Uzbekistan,2009,sp,m,35-44,566,Smear Positive
Uzbekistan,2009,sp,m,45-54,513,Smear Positive
Uzbekistan,2009,sp,m,55-64,294,Smear Positive
Uzbekistan,2009,sp,m,65+,319,Smear Positive
Uzbekistan,2009,sp,f,0-14,23,Smear Positive
Uzbekistan,2009,sp,f,15-24,429,Smear Positive
Uzbekistan,2009,sp,f,25-34,501,Smear Positive
Uzbekistan,2009,sp,f,35-44,296,Smear Positive
Uzbekistan,2009,sp,f,45-54,227,Smear Positive
Uzbekistan,2009,sp,f,55-64,241,Smear Positive
Uzbekistan,2009,sp,f,65+,382,Smear Positive
Uzbekistan,2009,sn,m,0-14,167,Smear Negative
Uzbekistan,2009,sn,m,15-24,755,Smear Negative
Uzbekistan,2009,sn,m,25-34,889,Smear Negative
Uzbekistan,2009,sn,m,35-44,686,Smear Negative
Uzbekistan,2009,sn,m,45-54,619,Smear Negative
Uzbekistan,2009,sn,m,55-64,419,Smear Negative
Uzbekistan,2009,sn,m,65+,443,Smear Negative
Uzbekistan,2009,sn,f,0-14,141,Smear Negative
Uzbekistan,2009,sn,f,15-24,571,Smear Negative
Uzbekistan,2009,sn,f,25-34,715,Smear Negative
Uzbekistan,2009,sn,f,35-44,415,Smear Negative
Uzbekistan,2009,sn,f,45-54,395,Smear Negative
Uzbekistan,2009,sn,f,55-64,317,Smear Negative
Uzbekistan,2009,sn,f,65+,411,Smear Negative
Uzbekistan,2009,ep,m,0-14,1213,Extrapulmonary
Uzbekistan,2009,ep,m,15-24,499,Extrapulmonary
Uzbekistan,2009,ep,m,25-34,411,Extrapulmonary
Uzbekistan,2009,ep,m,35-44,264,Extrapulmonary
Uzbekistan,2009,ep,m,45-54,190,Extrapulmonary
Uzbekistan,2009,ep,m,55-64,129,Extrapulmonary
Uzbekistan,2009,ep,m,65+,129,Extrapulmonary
Uzbekistan,2009,ep,f,0-14,707,Extrapulmonary
Uzbekistan,2009,ep,f,15-24,236,Extrapulmonary
Uzbekistan,2009,ep,f,25-34,300,Extrapulmonary
Uzbekistan,2009,ep,f,35-44,224,Extrapulmonary
Uzbekistan,2009,ep,f,45-54,167,Extrapulmonary
Uzbekistan,2009,ep,f,55-64,120,Extrapulmonary
Uzbekistan,2009,ep,f,65+,78,Extrapulmonary
Uzbekistan,2010,sp,m,0-14,8,Smear Positive
Uzbekistan,2010,sp,m,15-24,487,Smear Positive
Uzbekistan,2010,sp,m,25-34,574,Smear Positive
Uzbekistan,2010,sp,m,35-44,529,Smear Positive
Uzbekistan,2010,sp,m,45-54,479,Smear Positive
Uzbekistan,2010,sp,m,55-64,293,Smear Positive
Uzbekistan,2010,sp,m,65+,297,Smear Positive
Uzbekistan,2010,sp,f,0-14,22,Smear Positive
Uzbekistan,2010,sp,f,15-24,365,Smear Positive
Uzbekistan,2010,sp,f,25-34,512,Smear Positive
Uzbekistan,2010,sp,f,35-44,308,Smear Positive
Uzbekistan,2010,sp,f,45-54,248,Smear Positive
Uzbekistan,2010,sp,f,55-64,239,Smear Positive
Uzbekistan,2010,sp,f,65+,350,Smear Positive
Uzbekistan,2010,sn,m,0-14,155,Smear Negative
Uzbekistan,2010,sn,m,15-24,733,Smear Negative
Uzbekistan,2010,sn,m,25-34,861,Smear Negative
Uzbekistan,2010,sn,m,35-44,664,Smear Negative
Uzbekistan,2010,sn,m,45-54,597,Smear Negative
Uzbekistan,2010,sn,m,55-64,399,Smear Negative
Uzbekistan,2010,sn,m,65+,453,Smear Negative
Uzbekistan,2010,sn,f,0-14,145,Smear Negative
Uzbekistan,2010,sn,f,15-24,562,Smear Negative
Uzbekistan,2010,sn,f,25-34,673,Smear Negative
Uzbekistan,2010,sn,f,35-44,408,Smear Negative
Uzbekistan,2010,sn,f,45-54,363,Smear Negative
Uzbekistan,2010,sn,f,55-64,335,Smear Negative
Uzbekistan,2010,sn,f,65+,387,Smear Negative
Uzbekistan,2010,ep,m,0-14,992,Extrapulmonary
Uzbekistan,2010,ep,m,15-24,451,Extrapulmonary
Uzbekistan,2010,ep,m,25-34,393,Extrapulmonary
Uzbekistan,2010,ep,m,35-44,277,Extrapulmonary
Uzbekistan,2010,ep,m,45-54,207,Extrapulmonary
Uzbekistan,2010,ep,m,55-64,127,Extrapulmonary
Uzbekistan,2010,ep,m,65+,108,Extrapulmonary
Uzbekistan,2010,ep,f,0-14,556,Extrapulmonary
Uzbekistan,2010,ep,f,15-24,254,Extrapulmonary
Uzbekistan,2010,ep,f,25-34,308,Extrapulmonary
Uzbekistan,2010,ep,f,35-44,195,Extrapulmonary
Uzbekistan,2010,ep,f,45-54,203,Extrapulmonary
Uzbekistan,2010,ep,f,55-64,121,Extrapulmonary
Uzbekistan,2010,ep,f,65+,96,Extrapulmonary
Uzbekistan,2011,sp,m,0-14,8,Smear Positive
Uzbekistan,2011,sp,m,15-24,378,Smear Positive
Uzbekistan,2011,sp,m,25-34,493,Smear Positive
Uzbekistan,2011,sp,m,35-44,453,Smear Positive
Uzbekistan,2011,sp,m,45-54,440,Smear Positive
Uzbekistan,2011,sp,m,55-64,306,Smear Positive
Uzbekistan,2011,sp,m,65+,253,Smear Positive
Uzbekistan,2011,sp,f,0-14,11,Smear Positive
Uzbekistan,2011,sp,f,15-24,335,Smear Positive
Uzbekistan,2011,sp,f,25-34,418,Smear Positive
Uzbekistan,2011,sp,f,35-44,233,Smear Positive
Uzbekistan,2011,sp,f,45-54,245,Smear Positive
Uzbekistan,2011,sp,f,55-64,293,Smear Positive
Uzbekistan,2011,sp,f,65+,332,Smear Positive
Uzbekistan,2011,sn,m,0-14,146,Smear Negative
Uzbekistan,2011,sn,m,15-24,594,Smear Negative
Uzbekistan,2011,sn,m,25-34,739,Smear Negative
Uzbekistan,2011,sn,m,35-44,625,Smear Negative
Uzbekistan,2011,sn,m,45-54,588,Smear Negative
Uzbekistan,2011,sn,m,55-64,414,Smear Negative
Uzbekistan,2011,sn,m,65+,425,Smear Negative
Uzbekistan,2011,sn,f,0-14,103,Smear Negative
Uzbekistan,2011,sn,f,15-24,434,Smear Negative
Uzbekistan,2011,sn,f,25-34,543,Smear Negative
Uzbekistan,2011,sn,f,35-44,348,Smear Negative
Uzbekistan,2011,sn,f,45-54,327,Smear Negative
Uzbekistan,2011,sn,f,55-64,339,Smear Negative
Uzbekistan,2011,sn,f,65+,333,Smear Negative
Uzbekistan,2011,ep,m,0-14,836,Extrapulmonary
Uzbekistan,2011,ep,m,15-24,381,Extrapulmonary
Uzbekistan,2011,ep,m,25-34,345,Extrapulmonary
Uzbekistan,2011,ep,m,35-44,235,Extrapulmonary
Uzbekistan,2011,ep,m,45-54,173,Extrapulmonary
Uzbekistan,2011,ep,m,55-64,132,Extrapulmonary
Uzbekistan,2011,ep,m,65+,105,Extrapulmonary
Uzbekistan,2011,ep,f,0-14,488,Extrapulmonary
Uzbekistan,2011,ep,f,15-24,258,Extrapulmonary
Uzbekistan,2011,ep,f,25-34,267,Extrapulmonary
Uzbekistan,2011,ep,f,35-44,204,Extrapulmonary
Uzbekistan,2011,ep,f,45-54,185,Extrapulmonary
Uzbekistan,2011,ep,f,55-64,129,Extrapulmonary
Uzbekistan,2011,ep,f,65+,101,Extrapulmonary
Uzbekistan,2012,sp,m,0-14,10,Smear Positive
Uzbekistan,2012,sp,m,15-24,360,Smear Positive
Uzbekistan,2012,sp,m,25-34,506,Smear Positive
Uzbekistan,2012,sp,m,35-44,403,Smear Positive
Uzbekistan,2012,sp,m,45-54,449,Smear Positive
Uzbekistan,2012,sp,m,55-64,313,Smear Positive
Uzbekistan,2012,sp,m,65+,273,Smear Positive
Uzbekistan,2012,sp,f,0-14,9,Smear Positive
Uzbekistan,2012,sp,f,15-24,319,Smear Positive
Uzbekistan,2012,sp,f,25-34,367,Smear Positive
Uzbekistan,2012,sp,f,35-44,237,Smear Positive
Uzbekistan,2012,sp,f,45-54,201,Smear Positive
Uzbekistan,2012,sp,f,55-64,261,Smear Positive
Uzbekistan,2012,sp,f,65+,322,Smear Positive
Uzbekistan,2012,sn,m,0-14,112,Smear Negative
Uzbekistan,2012,sn,m,15-24,572,Smear Negative
Uzbekistan,2012,sn,m,25-34,796,Smear Negative
Uzbekistan,2012,sn,m,35-44,643,Smear Negative
Uzbekistan,2012,sn,m,45-54,588,Smear Negative
Uzbekistan,2012,sn,m,55-64,423,Smear Negative
Uzbekistan,2012,sn,m,65+,434,Smear Negative
Uzbekistan,2012,sn,f,0-14,109,Smear Negative
Uzbekistan,2012,sn,f,15-24,421,Smear Negative
Uzbekistan,2012,sn,f,25-34,572,Smear Negative
Uzbekistan,2012,sn,f,35-44,353,Smear Negative
Uzbekistan,2012,sn,f,45-54,373,Smear Negative
Uzbekistan,2012,sn,f,55-64,363,Smear Negative
Uzbekistan,2012,sn,f,65+,378,Smear Negative
Uzbekistan,2012,ep,m,0-14,833,Extrapulmonary
Uzbekistan,2012,ep,m,15-24,415,Extrapulmonary
Uzbekistan,2012,ep,m,25-34,336,Extrapulmonary
Uzbekistan,2012,ep,m,35-44,265,Extrapulmonary
Uzbekistan,2012,ep,m,45-54,243,Extrapulmonary
Uzbekistan,2012,ep,m,55-64,139,Extrapulmonary
Uzbekistan,2012,ep,m,65+,126,Extrapulmonary
Uzbekistan,2012,ep,f,0-14,488,Extrapulmonary
Uzbekistan,2012,ep,f,15-24,207,Extrapulmonary
Uzbekistan,2012,ep,f,25-34,289,Extrapulmonary
Uzbekistan,2012,ep,f,35-44,212,Extrapulmonary
Uzbekistan,2012,ep,f,45-54,182,Extrapulmonary
Uzbekistan,2012,ep,f,55-64,134,Extrapulmonary
Uzbekistan,2012,ep,f,65+,96,Extrapulmonary
Uzbekistan,2013,rel,m,0-14,1194,Relapse
Uzbekistan,2013,rel,m,15-24,1560,Relapse
Uzbekistan,2013,rel,m,25-34,2371,Relapse
Uzbekistan,2013,rel,m,35-44,2587,Relapse
Uzbekistan,2013,rel,m,45-54,2119,Relapse
Uzbekistan,2013,rel,m,55-64,1711,Relapse
Uzbekistan,2013,rel,m,65+,1144,Relapse
Uzbekistan,2013,rel,f,0-14,766,Relapse
Uzbekistan,2013,rel,f,15-24,1096,Relapse
Uzbekistan,2013,rel,f,25-34,1617,Relapse
Uzbekistan,2013,rel,f,35-44,1338,Relapse
Uzbekistan,2013,rel,f,45-54,1127,Relapse
Uzbekistan,2013,rel,f,55-64,1062,Relapse
Uzbekistan,2013,rel,f,65+,1120,Relapse
Vanuatu,1995,sp,m,0-14,0,Smear Positive
Vanuatu,1995,sp,m,15-24,6,Smear Positive
Vanuatu,1995,sp,m,25-34,2,Smear Positive
Vanuatu,1995,sp,m,35-44,5,Smear Positive
Vanuatu,1995,sp,m,45-54,3,Smear Positive
Vanuatu,1995,sp,m,55-64,4,Smear Positive
Vanuatu,1995,sp,m,65+,0,Smear Positive
Vanuatu,1995,sp,f,0-14,0,Smear Positive
Vanuatu,1995,sp,f,15-24,5,Smear Positive
Vanuatu,1995,sp,f,25-34,0,Smear Positive
Vanuatu,1995,sp,f,35-44,2,Smear Positive
Vanuatu,1995,sp,f,45-54,3,Smear Positive
Vanuatu,1995,sp,f,55-64,0,Smear Positive
Vanuatu,1995,sp,f,65+,0,Smear Positive
Vanuatu,1996,sp,m,0-14,2,Smear Positive
Vanuatu,1996,sp,m,15-24,4,Smear Positive
Vanuatu,1996,sp,m,25-34,2,Smear Positive
Vanuatu,1996,sp,m,35-44,6,Smear Positive
Vanuatu,1996,sp,m,45-54,4,Smear Positive
Vanuatu,1996,sp,m,55-64,4,Smear Positive
Vanuatu,1996,sp,m,65+,1,Smear Positive
Vanuatu,1996,sp,f,0-14,2,Smear Positive
Vanuatu,1996,sp,f,15-24,10,Smear Positive
Vanuatu,1996,sp,f,25-34,3,Smear Positive
Vanuatu,1996,sp,f,35-44,5,Smear Positive
Vanuatu,1996,sp,f,45-54,3,Smear Positive
Vanuatu,1996,sp,f,55-64,4,Smear Positive
Vanuatu,1996,sp,f,65+,0,Smear Positive
Vanuatu,1998,sp,m,0-14,2,Smear Positive
Vanuatu,1998,sp,m,15-24,4,Smear Positive
Vanuatu,1998,sp,m,25-34,5,Smear Positive
Vanuatu,1998,sp,m,35-44,1,Smear Positive
Vanuatu,1998,sp,m,45-54,0,Smear Positive
Vanuatu,1998,sp,m,55-64,2,Smear Positive
Vanuatu,1998,sp,m,65+,2,Smear Positive
Vanuatu,1998,sp,f,0-14,2,Smear Positive
Vanuatu,1998,sp,f,15-24,5,Smear Positive
Vanuatu,1998,sp,f,25-34,9,Smear Positive
Vanuatu,1998,sp,f,35-44,4,Smear Positive
Vanuatu,1998,sp,f,45-54,1,Smear Positive
Vanuatu,1998,sp,f,55-64,0,Smear Positive
Vanuatu,1998,sp,f,65+,1,Smear Positive
Vanuatu,1999,sp,m,0-14,0,Smear Positive
Vanuatu,1999,sp,m,15-24,0,Smear Positive
Vanuatu,1999,sp,m,25-34,4,Smear Positive
Vanuatu,1999,sp,m,35-44,1,Smear Positive
Vanuatu,1999,sp,m,45-54,2,Smear Positive
Vanuatu,1999,sp,m,55-64,0,Smear Positive
Vanuatu,1999,sp,m,65+,0,Smear Positive
Vanuatu,1999,sp,f,0-14,0,Smear Positive
Vanuatu,1999,sp,f,15-24,2,Smear Positive
Vanuatu,1999,sp,f,25-34,10,Smear Positive
Vanuatu,1999,sp,f,35-44,4,Smear Positive
Vanuatu,1999,sp,f,45-54,1,Smear Positive
Vanuatu,1999,sp,f,55-64,0,Smear Positive
Vanuatu,1999,sp,f,65+,0,Smear Positive
Vanuatu,2000,sp,m,0-14,2,Smear Positive
Vanuatu,2000,sp,m,15-24,7,Smear Positive
Vanuatu,2000,sp,m,25-34,5,Smear Positive
Vanuatu,2000,sp,m,35-44,1,Smear Positive
Vanuatu,2000,sp,m,45-54,10,Smear Positive
Vanuatu,2000,sp,m,55-64,5,Smear Positive
Vanuatu,2000,sp,m,65+,2,Smear Positive
Vanuatu,2000,sp,f,0-14,5,Smear Positive
Vanuatu,2000,sp,f,15-24,3,Smear Positive
Vanuatu,2000,sp,f,25-34,15,Smear Positive
Vanuatu,2000,sp,f,35-44,7,Smear Positive
Vanuatu,2000,sp,f,45-54,3,Smear Positive
Vanuatu,2000,sp,f,55-64,3,Smear Positive
Vanuatu,2000,sp,f,65+,1,Smear Positive
Vanuatu,2001,sp,m,0-14,1,Smear Positive
Vanuatu,2001,sp,m,15-24,7,Smear Positive
Vanuatu,2001,sp,m,25-34,5,Smear Positive
Vanuatu,2001,sp,m,35-44,4,Smear Positive
Vanuatu,2001,sp,m,45-54,8,Smear Positive
Vanuatu,2001,sp,m,55-64,6,Smear Positive
Vanuatu,2001,sp,m,65+,1,Smear Positive
Vanuatu,2001,sp,f,0-14,1,Smear Positive
Vanuatu,2001,sp,f,15-24,10,Smear Positive
Vanuatu,2001,sp,f,25-34,4,Smear Positive
Vanuatu,2001,sp,f,35-44,3,Smear Positive
Vanuatu,2001,sp,f,45-54,2,Smear Positive
Vanuatu,2001,sp,f,55-64,1,Smear Positive
Vanuatu,2001,sp,f,65+,4,Smear Positive
Vanuatu,2002,sp,m,0-14,0,Smear Positive
Vanuatu,2002,sp,m,15-24,7,Smear Positive
Vanuatu,2002,sp,m,25-34,2,Smear Positive
Vanuatu,2002,sp,m,35-44,3,Smear Positive
Vanuatu,2002,sp,m,45-54,10,Smear Positive
Vanuatu,2002,sp,m,55-64,2,Smear Positive
Vanuatu,2002,sp,m,65+,1,Smear Positive
Vanuatu,2002,sp,f,0-14,0,Smear Positive
Vanuatu,2002,sp,f,15-24,3,Smear Positive
Vanuatu,2002,sp,f,25-34,1,Smear Positive
Vanuatu,2002,sp,f,35-44,5,Smear Positive
Vanuatu,2002,sp,f,45-54,0,Smear Positive
Vanuatu,2002,sp,f,55-64,3,Smear Positive
Vanuatu,2002,sp,f,65+,1,Smear Positive
Vanuatu,2003,sp,m,0-14,1,Smear Positive
Vanuatu,2003,sp,m,15-24,2,Smear Positive
Vanuatu,2003,sp,m,25-34,4,Smear Positive
Vanuatu,2003,sp,m,35-44,7,Smear Positive
Vanuatu,2003,sp,m,45-54,5,Smear Positive
Vanuatu,2003,sp,m,55-64,2,Smear Positive
Vanuatu,2003,sp,m,65+,3,Smear Positive
Vanuatu,2003,sp,f,0-14,0,Smear Positive
Vanuatu,2003,sp,f,15-24,4,Smear Positive
Vanuatu,2003,sp,f,25-34,4,Smear Positive
Vanuatu,2003,sp,f,35-44,3,Smear Positive
Vanuatu,2003,sp,f,45-54,2,Smear Positive
Vanuatu,2003,sp,f,55-64,1,Smear Positive
Vanuatu,2003,sp,f,65+,2,Smear Positive
Vanuatu,2004,sp,m,0-14,1,Smear Positive
Vanuatu,2004,sp,m,15-24,7,Smear Positive
Vanuatu,2004,sp,m,25-34,11,Smear Positive
Vanuatu,2004,sp,m,35-44,2,Smear Positive
Vanuatu,2004,sp,m,45-54,6,Smear Positive
Vanuatu,2004,sp,m,55-64,3,Smear Positive
Vanuatu,2004,sp,m,65+,5,Smear Positive
Vanuatu,2004,sp,f,0-14,3,Smear Positive
Vanuatu,2004,sp,f,15-24,5,Smear Positive
Vanuatu,2004,sp,f,25-34,8,Smear Positive
Vanuatu,2004,sp,f,35-44,2,Smear Positive
Vanuatu,2004,sp,f,45-54,2,Smear Positive
Vanuatu,2004,sp,f,55-64,2,Smear Positive
Vanuatu,2004,sp,f,65+,2,Smear Positive
Vanuatu,2005,sp,m,0-14,1,Smear Positive
Vanuatu,2005,sp,m,15-24,4,Smear Positive
Vanuatu,2005,sp,m,25-34,5,Smear Positive
Vanuatu,2005,sp,m,35-44,5,Smear Positive
Vanuatu,2005,sp,m,45-54,0,Smear Positive
Vanuatu,2005,sp,m,55-64,4,Smear Positive
Vanuatu,2005,sp,m,65+,1,Smear Positive
Vanuatu,2005,sp,f,0-14,0,Smear Positive
Vanuatu,2005,sp,f,15-24,5,Smear Positive
Vanuatu,2005,sp,f,25-34,1,Smear Positive
Vanuatu,2005,sp,f,35-44,2,Smear Positive
Vanuatu,2005,sp,f,45-54,4,Smear Positive
Vanuatu,2005,sp,f,55-64,1,Smear Positive
Vanuatu,2005,sp,f,65+,2,Smear Positive
Vanuatu,2006,sp,m,0-14,1,Smear Positive
Vanuatu,2006,sp,m,15-24,5,Smear Positive
Vanuatu,2006,sp,m,25-34,3,Smear Positive
Vanuatu,2006,sp,m,35-44,1,Smear Positive
Vanuatu,2006,sp,m,45-54,4,Smear Positive
Vanuatu,2006,sp,m,55-64,4,Smear Positive
Vanuatu,2006,sp,m,65+,0,Smear Positive
Vanuatu,2006,sp,f,0-14,2,Smear Positive
Vanuatu,2006,sp,f,15-24,7,Smear Positive
Vanuatu,2006,sp,f,25-34,9,Smear Positive
Vanuatu,2006,sp,f,35-44,2,Smear Positive
Vanuatu,2006,sp,f,45-54,4,Smear Positive
Vanuatu,2006,sp,f,55-64,0,Smear Positive
Vanuatu,2006,sp,f,65+,0,Smear Positive
Vanuatu,2007,sp,m,0-14,1,Smear Positive
Vanuatu,2007,sp,m,15-24,3,Smear Positive
Vanuatu,2007,sp,m,25-34,2,Smear Positive
Vanuatu,2007,sp,m,35-44,4,Smear Positive
Vanuatu,2007,sp,m,45-54,2,Smear Positive
Vanuatu,2007,sp,m,55-64,2,Smear Positive
Vanuatu,2007,sp,m,65+,2,Smear Positive
Vanuatu,2007,sp,f,0-14,1,Smear Positive
Vanuatu,2007,sp,f,15-24,6,Smear Positive
Vanuatu,2007,sp,f,25-34,8,Smear Positive
Vanuatu,2007,sp,f,35-44,1,Smear Positive
Vanuatu,2007,sp,f,45-54,6,Smear Positive
Vanuatu,2007,sp,f,55-64,1,Smear Positive
Vanuatu,2007,sp,f,65+,2,Smear Positive
Vanuatu,2007,sn,m,0-14,0,Smear Negative
Vanuatu,2007,sn,m,15-24,0,Smear Negative
Vanuatu,2007,sn,m,25-34,0,Smear Negative
Vanuatu,2007,sn,m,35-44,0,Smear Negative
Vanuatu,2007,sn,m,45-54,0,Smear Negative
Vanuatu,2007,sn,m,55-64,0,Smear Negative
Vanuatu,2007,sn,m,65+,0,Smear Negative
Vanuatu,2007,sn,f,0-14,0,Smear Negative
Vanuatu,2007,sn,f,15-24,0,Smear Negative
Vanuatu,2007,sn,f,25-34,0,Smear Negative
Vanuatu,2007,sn,f,35-44,0,Smear Negative
Vanuatu,2007,sn,f,45-54,0,Smear Negative
Vanuatu,2007,sn,f,55-64,0,Smear Negative
Vanuatu,2007,sn,f,65+,0,Smear Negative
Vanuatu,2007,ep,m,0-14,0,Extrapulmonary
Vanuatu,2007,ep,m,15-24,0,Extrapulmonary
Vanuatu,2007,ep,m,25-34,0,Extrapulmonary
Vanuatu,2007,ep,m,35-44,0,Extrapulmonary
Vanuatu,2007,ep,m,45-54,0,Extrapulmonary
Vanuatu,2007,ep,m,55-64,0,Extrapulmonary
Vanuatu,2007,ep,m,65+,0,Extrapulmonary
Vanuatu,2007,ep,f,0-14,0,Extrapulmonary
Vanuatu,2007,ep,f,15-24,0,Extrapulmonary
Vanuatu,2007,ep,f,25-34,0,Extrapulmonary
Vanuatu,2007,ep,f,35-44,0,Extrapulmonary
Vanuatu,2007,ep,f,45-54,0,Extrapulmonary
Vanuatu,2007,ep,f,55-64,0,Extrapulmonary
Vanuatu,2007,ep,f,65+,0,Extrapulmonary
Vanuatu,2008,sp,m,15-24,4,Smear Positive
Vanuatu,2008,sp,m,25-34,4,Smear Positive
Vanuatu,2008,sp,m,35-44,3,Smear Positive
Vanuatu,2008,sp,m,45-54,5,Smear Positive
Vanuatu,2008,sp,m,55-64,4,Smear Positive
Vanuatu,2008,sp,m,65+,3,Smear Positive
Vanuatu,2008,sp,f,15-24,3,Smear Positive
Vanuatu,2008,sp,f,25-34,4,Smear Positive
Vanuatu,2008,sp,f,35-44,1,Smear Positive
Vanuatu,2008,sp,f,45-54,3,Smear Positive
Vanuatu,2008,sp,f,55-64,5,Smear Positive
Vanuatu,2008,sp,f,65+,1,Smear Positive
Vanuatu,2009,sp,m,0-14,0,Smear Positive
Vanuatu,2009,sp,m,15-24,6,Smear Positive
Vanuatu,2009,sp,m,25-34,3,Smear Positive
Vanuatu,2009,sp,m,35-44,3,Smear Positive
Vanuatu,2009,sp,m,45-54,1,Smear Positive
Vanuatu,2009,sp,m,55-64,3,Smear Positive
Vanuatu,2009,sp,m,65+,2,Smear Positive
Vanuatu,2009,sp,f,0-14,2,Smear Positive
Vanuatu,2009,sp,f,15-24,3,Smear Positive
Vanuatu,2009,sp,f,25-34,5,Smear Positive
Vanuatu,2009,sp,f,35-44,3,Smear Positive
Vanuatu,2009,sp,f,45-54,5,Smear Positive
Vanuatu,2009,sp,f,55-64,4,Smear Positive
Vanuatu,2009,sp,f,65+,1,Smear Positive
Vanuatu,2009,sn,m,0-14,2,Smear Negative
Vanuatu,2009,sn,m,15-24,0,Smear Negative
Vanuatu,2009,sn,m,25-34,1,Smear Negative
Vanuatu,2009,sn,m,35-44,2,Smear Negative
Vanuatu,2009,sn,m,45-54,3,Smear Negative
Vanuatu,2009,sn,m,55-64,3,Smear Negative
Vanuatu,2009,sn,m,65+,2,Smear Negative
Vanuatu,2009,sn,f,0-14,2,Smear Negative
Vanuatu,2009,sn,f,15-24,1,Smear Negative
Vanuatu,2009,sn,f,25-34,0,Smear Negative
Vanuatu,2009,sn,f,35-44,1,Smear Negative
Vanuatu,2009,sn,f,45-54,3,Smear Negative
Vanuatu,2009,sn,f,55-64,4,Smear Negative
Vanuatu,2009,sn,f,65+,1,Smear Negative
Vanuatu,2009,ep,m,0-14,16,Extrapulmonary
Vanuatu,2009,ep,m,15-24,6,Extrapulmonary
Vanuatu,2009,ep,m,25-34,6,Extrapulmonary
Vanuatu,2009,ep,m,35-44,1,Extrapulmonary
Vanuatu,2009,ep,m,45-54,6,Extrapulmonary
Vanuatu,2009,ep,m,55-64,1,Extrapulmonary
Vanuatu,2009,ep,m,65+,1,Extrapulmonary
Vanuatu,2009,ep,f,0-14,14,Extrapulmonary
Vanuatu,2009,ep,f,15-24,2,Extrapulmonary
Vanuatu,2009,ep,f,25-34,3,Extrapulmonary
Vanuatu,2009,ep,f,35-44,3,Extrapulmonary
Vanuatu,2009,ep,f,45-54,2,Extrapulmonary
Vanuatu,2009,ep,f,55-64,1,Extrapulmonary
Vanuatu,2009,ep,f,65+,0,Extrapulmonary
Vanuatu,2010,sp,m,0-14,4,Smear Positive
Vanuatu,2010,sp,m,15-24,6,Smear Positive
Vanuatu,2010,sp,m,25-34,3,Smear Positive
Vanuatu,2010,sp,m,35-44,1,Smear Positive
Vanuatu,2010,sp,m,45-54,5,Smear Positive
Vanuatu,2010,sp,m,55-64,2,Smear Positive
Vanuatu,2010,sp,m,65+,0,Smear Positive
Vanuatu,2010,sp,f,0-14,3,Smear Positive
Vanuatu,2010,sp,f,15-24,5,Smear Positive
Vanuatu,2010,sp,f,25-34,3,Smear Positive
Vanuatu,2010,sp,f,35-44,3,Smear Positive
Vanuatu,2010,sp,f,45-54,5,Smear Positive
Vanuatu,2010,sp,f,55-64,3,Smear Positive
Vanuatu,2010,sp,f,65+,1,Smear Positive
Vanuatu,2010,sn,m,0-14,2,Smear Negative
Vanuatu,2010,sn,m,15-24,0,Smear Negative
Vanuatu,2010,sn,m,25-34,6,Smear Negative
Vanuatu,2010,sn,m,35-44,0,Smear Negative
Vanuatu,2010,sn,m,45-54,5,Smear Negative
Vanuatu,2010,sn,m,55-64,6,Smear Negative
Vanuatu,2010,sn,m,65+,2,Smear Negative
Vanuatu,2010,sn,f,0-14,3,Smear Negative
Vanuatu,2010,sn,f,15-24,1,Smear Negative
Vanuatu,2010,sn,f,25-34,0,Smear Negative
Vanuatu,2010,sn,f,35-44,1,Smear Negative
Vanuatu,2010,sn,f,45-54,2,Smear Negative
Vanuatu,2010,sn,f,55-64,2,Smear Negative
Vanuatu,2010,sn,f,65+,3,Smear Negative
Vanuatu,2010,ep,m,0-14,11,Extrapulmonary
Vanuatu,2010,ep,m,15-24,1,Extrapulmonary
Vanuatu,2010,ep,m,25-34,0,Extrapulmonary
Vanuatu,2010,ep,m,35-44,4,Extrapulmonary
Vanuatu,2010,ep,m,45-54,2,Extrapulmonary
Vanuatu,2010,ep,m,55-64,1,Extrapulmonary
Vanuatu,2010,ep,m,65+,2,Extrapulmonary
Vanuatu,2010,ep,f,0-14,4,Extrapulmonary
Vanuatu,2010,ep,f,15-24,2,Extrapulmonary
Vanuatu,2010,ep,f,25-34,2,Extrapulmonary
Vanuatu,2010,ep,f,35-44,2,Extrapulmonary
Vanuatu,2010,ep,f,45-54,3,Extrapulmonary
Vanuatu,2010,ep,f,55-64,1,Extrapulmonary
Vanuatu,2010,ep,f,65+,0,Extrapulmonary
Vanuatu,2011,sp,m,0-14,2,Smear Positive
Vanuatu,2011,sp,m,15-24,3,Smear Positive
Vanuatu,2011,sp,m,25-34,4,Smear Positive
Vanuatu,2011,sp,m,35-44,6,Smear Positive
Vanuatu,2011,sp,m,45-54,5,Smear Positive
Vanuatu,2011,sp,m,55-64,4,Smear Positive
Vanuatu,2011,sp,m,65+,2,Smear Positive
Vanuatu,2011,sp,f,0-14,0,Smear Positive
Vanuatu,2011,sp,f,15-24,5,Smear Positive
Vanuatu,2011,sp,f,25-34,7,Smear Positive
Vanuatu,2011,sp,f,35-44,5,Smear Positive
Vanuatu,2011,sp,f,45-54,4,Smear Positive
Vanuatu,2011,sp,f,55-64,2,Smear Positive
Vanuatu,2011,sp,f,65+,0,Smear Positive
Vanuatu,2011,sn,m,0-14,0,Smear Negative
Vanuatu,2011,sn,m,15-24,1,Smear Negative
Vanuatu,2011,sn,m,25-34,2,Smear Negative
Vanuatu,2011,sn,m,35-44,0,Smear Negative
Vanuatu,2011,sn,m,45-54,2,Smear Negative
Vanuatu,2011,sn,m,55-64,3,Smear Negative
Vanuatu,2011,sn,m,65+,1,Smear Negative
Vanuatu,2011,sn,f,0-14,0,Smear Negative
Vanuatu,2011,sn,f,15-24,2,Smear Negative
Vanuatu,2011,sn,f,25-34,0,Smear Negative
Vanuatu,2011,sn,f,35-44,1,Smear Negative
Vanuatu,2011,sn,f,45-54,0,Smear Negative
Vanuatu,2011,sn,f,55-64,0,Smear Negative
Vanuatu,2011,sn,f,65+,2,Smear Negative
Vanuatu,2011,ep,m,0-14,10,Extrapulmonary
Vanuatu,2011,ep,m,15-24,3,Extrapulmonary
Vanuatu,2011,ep,m,25-34,3,Extrapulmonary
Vanuatu,2011,ep,m,35-44,6,Extrapulmonary
Vanuatu,2011,ep,m,45-54,2,Extrapulmonary
Vanuatu,2011,ep,m,55-64,1,Extrapulmonary
Vanuatu,2011,ep,m,65+,3,Extrapulmonary
Vanuatu,2011,ep,f,0-14,6,Extrapulmonary
Vanuatu,2011,ep,f,15-24,2,Extrapulmonary
Vanuatu,2011,ep,f,25-34,2,Extrapulmonary
Vanuatu,2011,ep,f,35-44,3,Extrapulmonary
Vanuatu,2011,ep,f,45-54,2,Extrapulmonary
Vanuatu,2011,ep,f,55-64,2,Extrapulmonary
Vanuatu,2011,ep,f,65+,1,Extrapulmonary
Vanuatu,2012,sp,m,0-14,0,Smear Positive
Vanuatu,2012,sp,m,15-24,4,Smear Positive
Vanuatu,2012,sp,m,25-34,3,Smear Positive
Vanuatu,2012,sp,m,35-44,4,Smear Positive
Vanuatu,2012,sp,m,45-54,2,Smear Positive
Vanuatu,2012,sp,m,55-64,2,Smear Positive
Vanuatu,2012,sp,m,65+,2,Smear Positive
Vanuatu,2012,sp,f,0-14,3,Smear Positive
Vanuatu,2012,sp,f,15-24,12,Smear Positive
Vanuatu,2012,sp,f,25-34,5,Smear Positive
Vanuatu,2012,sp,f,35-44,5,Smear Positive
Vanuatu,2012,sp,f,45-54,4,Smear Positive
Vanuatu,2012,sp,f,55-64,2,Smear Positive
Vanuatu,2012,sp,f,65+,3,Smear Positive
Vanuatu,2012,sn,m,0-14,3,Smear Negative
Vanuatu,2012,sn,m,15-24,1,Smear Negative
Vanuatu,2012,sn,m,25-34,2,Smear Negative
Vanuatu,2012,sn,m,35-44,2,Smear Negative
Vanuatu,2012,sn,m,45-54,0,Smear Negative
Vanuatu,2012,sn,m,55-64,0,Smear Negative
Vanuatu,2012,sn,m,65+,1,Smear Negative
Vanuatu,2012,sn,f,0-14,3,Smear Negative
Vanuatu,2012,sn,f,15-24,3,Smear Negative
Vanuatu,2012,sn,f,25-34,3,Smear Negative
Vanuatu,2012,sn,f,35-44,3,Smear Negative
Vanuatu,2012,sn,f,45-54,0,Smear Negative
Vanuatu,2012,sn,f,55-64,1,Smear Negative
Vanuatu,2012,sn,f,65+,0,Smear Negative
Vanuatu,2012,ep,m,0-14,10,Extrapulmonary
Vanuatu,2012,ep,m,15-24,4,Extrapulmonary
Vanuatu,2012,ep,m,25-34,8,Extrapulmonary
Vanuatu,2012,ep,m,35-44,4,Extrapulmonary
Vanuatu,2012,ep,m,45-54,4,Extrapulmonary
Vanuatu,2012,ep,m,55-64,1,Extrapulmonary
Vanuatu,2012,ep,m,65+,1,Extrapulmonary
Vanuatu,2012,ep,f,0-14,9,Extrapulmonary
Vanuatu,2012,ep,f,15-24,5,Extrapulmonary
Vanuatu,2012,ep,f,25-34,2,Extrapulmonary
Vanuatu,2012,ep,f,35-44,0,Extrapulmonary
Vanuatu,2012,ep,f,45-54,2,Extrapulmonary
Vanuatu,2012,ep,f,55-64,1,Extrapulmonary
Vanuatu,2012,ep,f,65+,0,Extrapulmonary
Vanuatu,2013,rel,m,0-14,7,Relapse
Vanuatu,2013,rel,m,15-24,8,Relapse
Vanuatu,2013,rel,m,25-34,9,Relapse
Vanuatu,2013,rel,m,35-44,7,Relapse
Vanuatu,2013,rel,m,45-54,11,Relapse
Vanuatu,2013,rel,m,55-64,13,Relapse
Vanuatu,2013,rel,m,65+,3,Relapse
Vanuatu,2013,rel,f,0-14,17,Relapse
Vanuatu,2013,rel,f,15-24,10,Relapse
Vanuatu,2013,rel,f,25-34,12,Relapse
Vanuatu,2013,rel,f,35-44,3,Relapse
Vanuatu,2013,rel,f,45-54,5,Relapse
Vanuatu,2013,rel,f,55-64,11,Relapse
Vanuatu,2013,rel,f,65+,7,Relapse
Venezuela (Bolivarian Republic of),1999,sp,m,0-14,32,Smear Positive
Venezuela (Bolivarian Republic of),1999,sp,m,15-24,378,Smear Positive
Venezuela (Bolivarian Republic of),1999,sp,m,25-34,452,Smear Positive
Venezuela (Bolivarian Republic of),1999,sp,m,35-44,420,Smear Positive
Venezuela (Bolivarian Republic of),1999,sp,m,45-54,368,Smear Positive
Venezuela (Bolivarian Republic of),1999,sp,m,55-64,283,Smear Positive
Venezuela (Bolivarian Republic of),1999,sp,m,65+,346,Smear Positive
Venezuela (Bolivarian Republic of),1999,sp,f,0-14,28,Smear Positive
Venezuela (Bolivarian Republic of),1999,sp,f,15-24,283,Smear Positive
Venezuela (Bolivarian Republic of),1999,sp,f,25-34,315,Smear Positive
Venezuela (Bolivarian Republic of),1999,sp,f,35-44,195,Smear Positive
Venezuela (Bolivarian Republic of),1999,sp,f,45-54,169,Smear Positive
Venezuela (Bolivarian Republic of),1999,sp,f,55-64,134,Smear Positive
Venezuela (Bolivarian Republic of),1999,sp,f,65+,267,Smear Positive
Venezuela (Bolivarian Republic of),2002,sp,m,0-14,19,Smear Positive
Venezuela (Bolivarian Republic of),2002,sp,m,15-24,339,Smear Positive
Venezuela (Bolivarian Republic of),2002,sp,m,25-34,429,Smear Positive
Venezuela (Bolivarian Republic of),2002,sp,m,35-44,425,Smear Positive
Venezuela (Bolivarian Republic of),2002,sp,m,45-54,380,Smear Positive
Venezuela (Bolivarian Republic of),2002,sp,m,55-64,246,Smear Positive
Venezuela (Bolivarian Republic of),2002,sp,m,65+,313,Smear Positive
Venezuela (Bolivarian Republic of),2002,sp,f,0-14,42,Smear Positive
Venezuela (Bolivarian Republic of),2002,sp,f,15-24,274,Smear Positive
Venezuela (Bolivarian Republic of),2002,sp,f,25-34,280,Smear Positive
Venezuela (Bolivarian Republic of),2002,sp,f,35-44,218,Smear Positive
Venezuela (Bolivarian Republic of),2002,sp,f,45-54,158,Smear Positive
Venezuela (Bolivarian Republic of),2002,sp,f,55-64,123,Smear Positive
Venezuela (Bolivarian Republic of),2002,sp,f,65+,198,Smear Positive
Venezuela (Bolivarian Republic of),2003,sp,m,0-14,39,Smear Positive
Venezuela (Bolivarian Republic of),2003,sp,m,15-24,361,Smear Positive
Venezuela (Bolivarian Republic of),2003,sp,m,25-34,459,Smear Positive
Venezuela (Bolivarian Republic of),2003,sp,m,35-44,453,Smear Positive
Venezuela (Bolivarian Republic of),2003,sp,m,45-54,405,Smear Positive
Venezuela (Bolivarian Republic of),2003,sp,m,55-64,284,Smear Positive
Venezuela (Bolivarian Republic of),2003,sp,m,65+,316,Smear Positive
Venezuela (Bolivarian Republic of),2003,sp,f,0-14,46,Smear Positive
Venezuela (Bolivarian Republic of),2003,sp,f,15-24,340,Smear Positive
Venezuela (Bolivarian Republic of),2003,sp,f,25-34,355,Smear Positive
Venezuela (Bolivarian Republic of),2003,sp,f,35-44,240,Smear Positive
Venezuela (Bolivarian Republic of),2003,sp,f,45-54,204,Smear Positive
Venezuela (Bolivarian Republic of),2003,sp,f,55-64,140,Smear Positive
Venezuela (Bolivarian Republic of),2003,sp,f,65+,240,Smear Positive
Venezuela (Bolivarian Republic of),2004,sp,m,0-14,24,Smear Positive
Venezuela (Bolivarian Republic of),2004,sp,m,15-24,373,Smear Positive
Venezuela (Bolivarian Republic of),2004,sp,m,25-34,454,Smear Positive
Venezuela (Bolivarian Republic of),2004,sp,m,35-44,459,Smear Positive
Venezuela (Bolivarian Republic of),2004,sp,m,45-54,407,Smear Positive
Venezuela (Bolivarian Republic of),2004,sp,m,55-64,272,Smear Positive
Venezuela (Bolivarian Republic of),2004,sp,m,65+,316,Smear Positive
Venezuela (Bolivarian Republic of),2004,sp,f,0-14,36,Smear Positive
Venezuela (Bolivarian Republic of),2004,sp,f,15-24,311,Smear Positive
Venezuela (Bolivarian Republic of),2004,sp,f,25-34,324,Smear Positive
Venezuela (Bolivarian Republic of),2004,sp,f,35-44,239,Smear Positive
Venezuela (Bolivarian Republic of),2004,sp,f,45-54,184,Smear Positive
Venezuela (Bolivarian Republic of),2004,sp,f,55-64,135,Smear Positive
Venezuela (Bolivarian Republic of),2004,sp,f,65+,242,Smear Positive
Venezuela (Bolivarian Republic of),2005,sp,m,0-14,35,Smear Positive
Venezuela (Bolivarian Republic of),2005,sp,m,15-24,312,Smear Positive
Venezuela (Bolivarian Republic of),2005,sp,m,25-34,395,Smear Positive
Venezuela (Bolivarian Republic of),2005,sp,m,35-44,413,Smear Positive
Venezuela (Bolivarian Republic of),2005,sp,m,45-54,402,Smear Positive
Venezuela (Bolivarian Republic of),2005,sp,m,55-64,265,Smear Positive
Venezuela (Bolivarian Republic of),2005,sp,m,65+,332,Smear Positive
Venezuela (Bolivarian Republic of),2005,sp,f,0-14,37,Smear Positive
Venezuela (Bolivarian Republic of),2005,sp,f,15-24,351,Smear Positive
Venezuela (Bolivarian Republic of),2005,sp,f,25-34,299,Smear Positive
Venezuela (Bolivarian Republic of),2005,sp,f,35-44,267,Smear Positive
Venezuela (Bolivarian Republic of),2005,sp,f,45-54,183,Smear Positive
Venezuela (Bolivarian Republic of),2005,sp,f,55-64,146,Smear Positive
Venezuela (Bolivarian Republic of),2005,sp,f,65+,216,Smear Positive
Venezuela (Bolivarian Republic of),2006,sp,m,0-14,10,Smear Positive
Venezuela (Bolivarian Republic of),2006,sp,m,15-24,323,Smear Positive
Venezuela (Bolivarian Republic of),2006,sp,m,25-34,405,Smear Positive
Venezuela (Bolivarian Republic of),2006,sp,m,35-44,413,Smear Positive
Venezuela (Bolivarian Republic of),2006,sp,m,45-54,422,Smear Positive
Venezuela (Bolivarian Republic of),2006,sp,m,55-64,267,Smear Positive
Venezuela (Bolivarian Republic of),2006,sp,m,65+,320,Smear Positive
Venezuela (Bolivarian Republic of),2006,sp,f,0-14,42,Smear Positive
Venezuela (Bolivarian Republic of),2006,sp,f,15-24,322,Smear Positive
Venezuela (Bolivarian Republic of),2006,sp,f,25-34,297,Smear Positive
Venezuela (Bolivarian Republic of),2006,sp,f,35-44,188,Smear Positive
Venezuela (Bolivarian Republic of),2006,sp,f,45-54,173,Smear Positive
Venezuela (Bolivarian Republic of),2006,sp,f,55-64,140,Smear Positive
Venezuela (Bolivarian Republic of),2006,sp,f,65+,225,Smear Positive
Venezuela (Bolivarian Republic of),2006,sn,m,0-14,213,Smear Negative
Venezuela (Bolivarian Republic of),2006,sn,m,15-24,105,Smear Negative
Venezuela (Bolivarian Republic of),2006,sn,m,25-34,112,Smear Negative
Venezuela (Bolivarian Republic of),2006,sn,m,35-44,140,Smear Negative
Venezuela (Bolivarian Republic of),2006,sn,m,45-54,119,Smear Negative
Venezuela (Bolivarian Republic of),2006,sn,m,55-64,126,Smear Negative
Venezuela (Bolivarian Republic of),2006,sn,m,65+,180,Smear Negative
Venezuela (Bolivarian Republic of),2006,sn,f,0-14,229,Smear Negative
Venezuela (Bolivarian Republic of),2006,sn,f,15-24,87,Smear Negative
Venezuela (Bolivarian Republic of),2006,sn,f,25-34,103,Smear Negative
Venezuela (Bolivarian Republic of),2006,sn,f,35-44,56,Smear Negative
Venezuela (Bolivarian Republic of),2006,sn,f,45-54,71,Smear Negative
Venezuela (Bolivarian Republic of),2006,sn,f,55-64,83,Smear Negative
Venezuela (Bolivarian Republic of),2006,sn,f,65+,120,Smear Negative
Venezuela (Bolivarian Republic of),2006,ep,m,0-14,65,Extrapulmonary
Venezuela (Bolivarian Republic of),2006,ep,m,15-24,125,Extrapulmonary
Venezuela (Bolivarian Republic of),2006,ep,m,25-34,127,Extrapulmonary
Venezuela (Bolivarian Republic of),2006,ep,m,35-44,122,Extrapulmonary
Venezuela (Bolivarian Republic of),2006,ep,m,45-54,84,Extrapulmonary
Venezuela (Bolivarian Republic of),2006,ep,m,55-64,69,Extrapulmonary
Venezuela (Bolivarian Republic of),2006,ep,m,65+,84,Extrapulmonary
Venezuela (Bolivarian Republic of),2006,ep,f,0-14,68,Extrapulmonary
Venezuela (Bolivarian Republic of),2006,ep,f,15-24,75,Extrapulmonary
Venezuela (Bolivarian Republic of),2006,ep,f,25-34,85,Extrapulmonary
Venezuela (Bolivarian Republic of),2006,ep,f,35-44,84,Extrapulmonary
Venezuela (Bolivarian Republic of),2006,ep,f,45-54,60,Extrapulmonary
Venezuela (Bolivarian Republic of),2006,ep,f,55-64,40,Extrapulmonary
Venezuela (Bolivarian Republic of),2006,ep,f,65+,69,Extrapulmonary
Venezuela (Bolivarian Republic of),2007,sp,m,0-14,17,Smear Positive
Venezuela (Bolivarian Republic of),2007,sp,m,15-24,324,Smear Positive
Venezuela (Bolivarian Republic of),2007,sp,m,25-34,382,Smear Positive
Venezuela (Bolivarian Republic of),2007,sp,m,35-44,390,Smear Positive
Venezuela (Bolivarian Republic of),2007,sp,m,45-54,389,Smear Positive
Venezuela (Bolivarian Republic of),2007,sp,m,55-64,272,Smear Positive
Venezuela (Bolivarian Republic of),2007,sp,m,65+,295,Smear Positive
Venezuela (Bolivarian Republic of),2007,sp,f,0-14,40,Smear Positive
Venezuela (Bolivarian Republic of),2007,sp,f,15-24,276,Smear Positive
Venezuela (Bolivarian Republic of),2007,sp,f,25-34,271,Smear Positive
Venezuela (Bolivarian Republic of),2007,sp,f,35-44,199,Smear Positive
Venezuela (Bolivarian Republic of),2007,sp,f,45-54,160,Smear Positive
Venezuela (Bolivarian Republic of),2007,sp,f,55-64,147,Smear Positive
Venezuela (Bolivarian Republic of),2007,sp,f,65+,230,Smear Positive
Venezuela (Bolivarian Republic of),2007,sn,m,0-14,210,Smear Negative
Venezuela (Bolivarian Republic of),2007,sn,m,15-24,86,Smear Negative
Venezuela (Bolivarian Republic of),2007,sn,m,25-34,124,Smear Negative
Venezuela (Bolivarian Republic of),2007,sn,m,35-44,97,Smear Negative
Venezuela (Bolivarian Republic of),2007,sn,m,45-54,126,Smear Negative
Venezuela (Bolivarian Republic of),2007,sn,m,55-64,91,Smear Negative
Venezuela (Bolivarian Republic of),2007,sn,m,65+,148,Smear Negative
Venezuela (Bolivarian Republic of),2007,sn,f,0-14,177,Smear Negative
Venezuela (Bolivarian Republic of),2007,sn,f,15-24,81,Smear Negative
Venezuela (Bolivarian Republic of),2007,sn,f,25-34,85,Smear Negative
Venezuela (Bolivarian Republic of),2007,sn,f,35-44,74,Smear Negative
Venezuela (Bolivarian Republic of),2007,sn,f,45-54,78,Smear Negative
Venezuela (Bolivarian Republic of),2007,sn,f,55-64,57,Smear Negative
Venezuela (Bolivarian Republic of),2007,sn,f,65+,101,Smear Negative
Venezuela (Bolivarian Republic of),2007,ep,m,0-14,74,Extrapulmonary
Venezuela (Bolivarian Republic of),2007,ep,m,15-24,111,Extrapulmonary
Venezuela (Bolivarian Republic of),2007,ep,m,25-34,127,Extrapulmonary
Venezuela (Bolivarian Republic of),2007,ep,m,35-44,98,Extrapulmonary
Venezuela (Bolivarian Republic of),2007,ep,m,45-54,93,Extrapulmonary
Venezuela (Bolivarian Republic of),2007,ep,m,55-64,61,Extrapulmonary
Venezuela (Bolivarian Republic of),2007,ep,m,65+,80,Extrapulmonary
Venezuela (Bolivarian Republic of),2007,ep,f,0-14,65,Extrapulmonary
Venezuela (Bolivarian Republic of),2007,ep,f,15-24,94,Extrapulmonary
Venezuela (Bolivarian Republic of),2007,ep,f,25-34,84,Extrapulmonary
Venezuela (Bolivarian Republic of),2007,ep,f,35-44,82,Extrapulmonary
Venezuela (Bolivarian Republic of),2007,ep,f,45-54,73,Extrapulmonary
Venezuela (Bolivarian Republic of),2007,ep,f,55-64,48,Extrapulmonary
Venezuela (Bolivarian Republic of),2007,ep,f,65+,58,Extrapulmonary
Venezuela (Bolivarian Republic of),2008,sp,m,0-14,18,Smear Positive
Venezuela (Bolivarian Republic of),2008,sp,m,15-24,364,Smear Positive
Venezuela (Bolivarian Republic of),2008,sp,m,25-34,358,Smear Positive
Venezuela (Bolivarian Republic of),2008,sp,m,35-44,326,Smear Positive
Venezuela (Bolivarian Republic of),2008,sp,m,45-54,389,Smear Positive
Venezuela (Bolivarian Republic of),2008,sp,m,55-64,271,Smear Positive
Venezuela (Bolivarian Republic of),2008,sp,m,65+,285,Smear Positive
Venezuela (Bolivarian Republic of),2008,sp,f,0-14,25,Smear Positive
Venezuela (Bolivarian Republic of),2008,sp,f,15-24,309,Smear Positive
Venezuela (Bolivarian Republic of),2008,sp,f,25-34,272,Smear Positive
Venezuela (Bolivarian Republic of),2008,sp,f,35-44,228,Smear Positive
Venezuela (Bolivarian Republic of),2008,sp,f,45-54,171,Smear Positive
Venezuela (Bolivarian Republic of),2008,sp,f,55-64,146,Smear Positive
Venezuela (Bolivarian Republic of),2008,sp,f,65+,182,Smear Positive
Venezuela (Bolivarian Republic of),2008,sn,m,0-14,149,Smear Negative
Venezuela (Bolivarian Republic of),2008,sn,m,15-24,123,Smear Negative
Venezuela (Bolivarian Republic of),2008,sn,m,25-34,144,Smear Negative
Venezuela (Bolivarian Republic of),2008,sn,m,35-44,135,Smear Negative
Venezuela (Bolivarian Republic of),2008,sn,m,45-54,144,Smear Negative
Venezuela (Bolivarian Republic of),2008,sn,m,55-64,98,Smear Negative
Venezuela (Bolivarian Republic of),2008,sn,m,65+,160,Smear Negative
Venezuela (Bolivarian Republic of),2008,sn,f,0-14,172,Smear Negative
Venezuela (Bolivarian Republic of),2008,sn,f,15-24,73,Smear Negative
Venezuela (Bolivarian Republic of),2008,sn,f,25-34,96,Smear Negative
Venezuela (Bolivarian Republic of),2008,sn,f,35-44,65,Smear Negative
Venezuela (Bolivarian Republic of),2008,sn,f,45-54,70,Smear Negative
Venezuela (Bolivarian Republic of),2008,sn,f,55-64,66,Smear Negative
Venezuela (Bolivarian Republic of),2008,sn,f,65+,104,Smear Negative
Venezuela (Bolivarian Republic of),2008,ep,m,0-14,49,Extrapulmonary
Venezuela (Bolivarian Republic of),2008,ep,m,15-24,117,Extrapulmonary
Venezuela (Bolivarian Republic of),2008,ep,m,25-34,127,Extrapulmonary
Venezuela (Bolivarian Republic of),2008,ep,m,35-44,93,Extrapulmonary
Venezuela (Bolivarian Republic of),2008,ep,m,45-54,94,Extrapulmonary
Venezuela (Bolivarian Republic of),2008,ep,m,55-64,60,Extrapulmonary
Venezuela (Bolivarian Republic of),2008,ep,m,65+,86,Extrapulmonary
Venezuela (Bolivarian Republic of),2008,ep,f,0-14,64,Extrapulmonary
Venezuela (Bolivarian Republic of),2008,ep,f,15-24,80,Extrapulmonary
Venezuela (Bolivarian Republic of),2008,ep,f,25-34,92,Extrapulmonary
Venezuela (Bolivarian Republic of),2008,ep,f,35-44,80,Extrapulmonary
Venezuela (Bolivarian Republic of),2008,ep,f,45-54,58,Extrapulmonary
Venezuela (Bolivarian Republic of),2008,ep,f,55-64,57,Extrapulmonary
Venezuela (Bolivarian Republic of),2008,ep,f,65+,59,Extrapulmonary
Venezuela (Bolivarian Republic of),2009,sp,m,0-14,26,Smear Positive
Venezuela (Bolivarian Republic of),2009,sp,m,15-24,372,Smear Positive
Venezuela (Bolivarian Republic of),2009,sp,m,25-34,385,Smear Positive
Venezuela (Bolivarian Republic of),2009,sp,m,35-44,344,Smear Positive
Venezuela (Bolivarian Republic of),2009,sp,m,45-54,352,Smear Positive
Venezuela (Bolivarian Republic of),2009,sp,m,55-64,258,Smear Positive
Venezuela (Bolivarian Republic of),2009,sp,m,65+,298,Smear Positive
Venezuela (Bolivarian Republic of),2009,sp,f,0-14,33,Smear Positive
Venezuela (Bolivarian Republic of),2009,sp,f,15-24,284,Smear Positive
Venezuela (Bolivarian Republic of),2009,sp,f,25-34,312,Smear Positive
Venezuela (Bolivarian Republic of),2009,sp,f,35-44,217,Smear Positive
Venezuela (Bolivarian Republic of),2009,sp,f,45-54,212,Smear Positive
Venezuela (Bolivarian Republic of),2009,sp,f,55-64,162,Smear Positive
Venezuela (Bolivarian Republic of),2009,sp,f,65+,181,Smear Positive
Venezuela (Bolivarian Republic of),2009,sn,m,0-14,159,Smear Negative
Venezuela (Bolivarian Republic of),2009,sn,m,15-24,114,Smear Negative
Venezuela (Bolivarian Republic of),2009,sn,m,25-34,146,Smear Negative
Venezuela (Bolivarian Republic of),2009,sn,m,35-44,140,Smear Negative
Venezuela (Bolivarian Republic of),2009,sn,m,45-54,136,Smear Negative
Venezuela (Bolivarian Republic of),2009,sn,m,55-64,111,Smear Negative
Venezuela (Bolivarian Republic of),2009,sn,m,65+,125,Smear Negative
Venezuela (Bolivarian Republic of),2009,sn,f,0-14,161,Smear Negative
Venezuela (Bolivarian Republic of),2009,sn,f,15-24,94,Smear Negative
Venezuela (Bolivarian Republic of),2009,sn,f,25-34,116,Smear Negative
Venezuela (Bolivarian Republic of),2009,sn,f,35-44,75,Smear Negative
Venezuela (Bolivarian Republic of),2009,sn,f,45-54,91,Smear Negative
Venezuela (Bolivarian Republic of),2009,sn,f,55-64,70,Smear Negative
Venezuela (Bolivarian Republic of),2009,sn,f,65+,127,Smear Negative
Venezuela (Bolivarian Republic of),2009,ep,m,0-14,54,Extrapulmonary
Venezuela (Bolivarian Republic of),2009,ep,m,15-24,98,Extrapulmonary
Venezuela (Bolivarian Republic of),2009,ep,m,25-34,133,Extrapulmonary
Venezuela (Bolivarian Republic of),2009,ep,m,35-44,119,Extrapulmonary
Venezuela (Bolivarian Republic of),2009,ep,m,45-54,97,Extrapulmonary
Venezuela (Bolivarian Republic of),2009,ep,m,55-64,71,Extrapulmonary
Venezuela (Bolivarian Republic of),2009,ep,m,65+,91,Extrapulmonary
Venezuela (Bolivarian Republic of),2009,ep,f,0-14,53,Extrapulmonary
Venezuela (Bolivarian Republic of),2009,ep,f,15-24,74,Extrapulmonary
Venezuela (Bolivarian Republic of),2009,ep,f,25-34,92,Extrapulmonary
Venezuela (Bolivarian Republic of),2009,ep,f,35-44,77,Extrapulmonary
Venezuela (Bolivarian Republic of),2009,ep,f,45-54,57,Extrapulmonary
Venezuela (Bolivarian Republic of),2009,ep,f,55-64,45,Extrapulmonary
Venezuela (Bolivarian Republic of),2009,ep,f,65+,51,Extrapulmonary
Venezuela (Bolivarian Republic of),2010,sp,m,0-14,22,Smear Positive
Venezuela (Bolivarian Republic of),2010,sp,m,15-24,320,Smear Positive
Venezuela (Bolivarian Republic of),2010,sp,m,25-34,376,Smear Positive
Venezuela (Bolivarian Republic of),2010,sp,m,35-44,333,Smear Positive
Venezuela (Bolivarian Republic of),2010,sp,m,45-54,391,Smear Positive
Venezuela (Bolivarian Republic of),2010,sp,m,55-64,253,Smear Positive
Venezuela (Bolivarian Republic of),2010,sp,m,65+,288,Smear Positive
Venezuela (Bolivarian Republic of),2010,sp,f,0-14,26,Smear Positive
Venezuela (Bolivarian Republic of),2010,sp,f,15-24,269,Smear Positive
Venezuela (Bolivarian Republic of),2010,sp,f,25-34,306,Smear Positive
Venezuela (Bolivarian Republic of),2010,sp,f,35-44,188,Smear Positive
Venezuela (Bolivarian Republic of),2010,sp,f,45-54,145,Smear Positive
Venezuela (Bolivarian Republic of),2010,sp,f,55-64,147,Smear Positive
Venezuela (Bolivarian Republic of),2010,sp,f,65+,188,Smear Positive
Venezuela (Bolivarian Republic of),2010,sn,m,0-14,160,Smear Negative
Venezuela (Bolivarian Republic of),2010,sn,m,15-24,108,Smear Negative
Venezuela (Bolivarian Republic of),2010,sn,m,25-34,154,Smear Negative
Venezuela (Bolivarian Republic of),2010,sn,m,35-44,119,Smear Negative
Venezuela (Bolivarian Republic of),2010,sn,m,45-54,142,Smear Negative
Venezuela (Bolivarian Republic of),2010,sn,m,55-64,127,Smear Negative
Venezuela (Bolivarian Republic of),2010,sn,m,65+,193,Smear Negative
Venezuela (Bolivarian Republic of),2010,sn,f,0-14,160,Smear Negative
Venezuela (Bolivarian Republic of),2010,sn,f,15-24,101,Smear Negative
Venezuela (Bolivarian Republic of),2010,sn,f,25-34,122,Smear Negative
Venezuela (Bolivarian Republic of),2010,sn,f,35-44,81,Smear Negative
Venezuela (Bolivarian Republic of),2010,sn,f,45-54,83,Smear Negative
Venezuela (Bolivarian Republic of),2010,sn,f,55-64,69,Smear Negative
Venezuela (Bolivarian Republic of),2010,sn,f,65+,139,Smear Negative
Venezuela (Bolivarian Republic of),2010,ep,m,0-14,58,Extrapulmonary
Venezuela (Bolivarian Republic of),2010,ep,m,15-24,92,Extrapulmonary
Venezuela (Bolivarian Republic of),2010,ep,m,25-34,112,Extrapulmonary
Venezuela (Bolivarian Republic of),2010,ep,m,35-44,111,Extrapulmonary
Venezuela (Bolivarian Republic of),2010,ep,m,45-54,84,Extrapulmonary
Venezuela (Bolivarian Republic of),2010,ep,m,55-64,69,Extrapulmonary
Venezuela (Bolivarian Republic of),2010,ep,m,65+,72,Extrapulmonary
Venezuela (Bolivarian Republic of),2010,ep,f,0-14,64,Extrapulmonary
Venezuela (Bolivarian Republic of),2010,ep,f,15-24,75,Extrapulmonary
Venezuela (Bolivarian Republic of),2010,ep,f,25-34,83,Extrapulmonary
Venezuela (Bolivarian Republic of),2010,ep,f,35-44,80,Extrapulmonary
Venezuela (Bolivarian Republic of),2010,ep,f,45-54,71,Extrapulmonary
Venezuela (Bolivarian Republic of),2010,ep,f,55-64,49,Extrapulmonary
Venezuela (Bolivarian Republic of),2010,ep,f,65+,57,Extrapulmonary
Venezuela (Bolivarian Republic of),2011,sp,m,0-14,28,Smear Positive
Venezuela (Bolivarian Republic of),2011,sp,m,15-24,340,Smear Positive
Venezuela (Bolivarian Republic of),2011,sp,m,25-34,353,Smear Positive
Venezuela (Bolivarian Republic of),2011,sp,m,35-44,303,Smear Positive
Venezuela (Bolivarian Republic of),2011,sp,m,45-54,363,Smear Positive
Venezuela (Bolivarian Republic of),2011,sp,m,55-64,307,Smear Positive
Venezuela (Bolivarian Republic of),2011,sp,m,65+,241,Smear Positive
Venezuela (Bolivarian Republic of),2011,sp,f,0-14,25,Smear Positive
Venezuela (Bolivarian Republic of),2011,sp,f,15-24,252,Smear Positive
Venezuela (Bolivarian Republic of),2011,sp,f,25-34,316,Smear Positive
Venezuela (Bolivarian Republic of),2011,sp,f,35-44,178,Smear Positive
Venezuela (Bolivarian Republic of),2011,sp,f,45-54,178,Smear Positive
Venezuela (Bolivarian Republic of),2011,sp,f,55-64,150,Smear Positive
Venezuela (Bolivarian Republic of),2011,sp,f,65+,190,Smear Positive
Venezuela (Bolivarian Republic of),2011,sn,m,0-14,180,Smear Negative
Venezuela (Bolivarian Republic of),2011,sn,m,15-24,128,Smear Negative
Venezuela (Bolivarian Republic of),2011,sn,m,25-34,137,Smear Negative
Venezuela (Bolivarian Republic of),2011,sn,m,35-44,131,Smear Negative
Venezuela (Bolivarian Republic of),2011,sn,m,45-54,147,Smear Negative
Venezuela (Bolivarian Republic of),2011,sn,m,55-64,108,Smear Negative
Venezuela (Bolivarian Republic of),2011,sn,m,65+,139,Smear Negative
Venezuela (Bolivarian Republic of),2011,sn,f,0-14,152,Smear Negative
Venezuela (Bolivarian Republic of),2011,sn,f,15-24,93,Smear Negative
Venezuela (Bolivarian Republic of),2011,sn,f,25-34,104,Smear Negative
Venezuela (Bolivarian Republic of),2011,sn,f,35-44,79,Smear Negative
Venezuela (Bolivarian Republic of),2011,sn,f,45-54,76,Smear Negative
Venezuela (Bolivarian Republic of),2011,sn,f,55-64,75,Smear Negative
Venezuela (Bolivarian Republic of),2011,sn,f,65+,100,Smear Negative
Venezuela (Bolivarian Republic of),2011,ep,m,0-14,66,Extrapulmonary
Venezuela (Bolivarian Republic of),2011,ep,m,15-24,117,Extrapulmonary
Venezuela (Bolivarian Republic of),2011,ep,m,25-34,148,Extrapulmonary
Venezuela (Bolivarian Republic of),2011,ep,m,35-44,112,Extrapulmonary
Venezuela (Bolivarian Republic of),2011,ep,m,45-54,107,Extrapulmonary
Venezuela (Bolivarian Republic of),2011,ep,m,55-64,90,Extrapulmonary
Venezuela (Bolivarian Republic of),2011,ep,m,65+,86,Extrapulmonary
Venezuela (Bolivarian Republic of),2011,ep,f,0-14,44,Extrapulmonary
Venezuela (Bolivarian Republic of),2011,ep,f,15-24,85,Extrapulmonary
Venezuela (Bolivarian Republic of),2011,ep,f,25-34,97,Extrapulmonary
Venezuela (Bolivarian Republic of),2011,ep,f,35-44,80,Extrapulmonary
Venezuela (Bolivarian Republic of),2011,ep,f,45-54,61,Extrapulmonary
Venezuela (Bolivarian Republic of),2011,ep,f,55-64,57,Extrapulmonary
Venezuela (Bolivarian Republic of),2011,ep,f,65+,46,Extrapulmonary
Venezuela (Bolivarian Republic of),2012,sp,m,0-14,23,Smear Positive
Venezuela (Bolivarian Republic of),2012,sp,m,15-24,379,Smear Positive
Venezuela (Bolivarian Republic of),2012,sp,m,25-34,405,Smear Positive
Venezuela (Bolivarian Republic of),2012,sp,m,35-44,353,Smear Positive
Venezuela (Bolivarian Republic of),2012,sp,m,45-54,375,Smear Positive
Venezuela (Bolivarian Republic of),2012,sp,m,55-64,319,Smear Positive
Venezuela (Bolivarian Republic of),2012,sp,m,65+,273,Smear Positive
Venezuela (Bolivarian Republic of),2012,sp,f,0-14,32,Smear Positive
Venezuela (Bolivarian Republic of),2012,sp,f,15-24,276,Smear Positive
Venezuela (Bolivarian Republic of),2012,sp,f,25-34,281,Smear Positive
Venezuela (Bolivarian Republic of),2012,sp,f,35-44,203,Smear Positive
Venezuela (Bolivarian Republic of),2012,sp,f,45-54,167,Smear Positive
Venezuela (Bolivarian Republic of),2012,sp,f,55-64,161,Smear Positive
Venezuela (Bolivarian Republic of),2012,sp,f,65+,199,Smear Positive
Venezuela (Bolivarian Republic of),2012,sn,m,0-14,152,Smear Negative
Venezuela (Bolivarian Republic of),2012,sn,m,15-24,111,Smear Negative
Venezuela (Bolivarian Republic of),2012,sn,m,25-34,133,Smear Negative
Venezuela (Bolivarian Republic of),2012,sn,m,35-44,117,Smear Negative
Venezuela (Bolivarian Republic of),2012,sn,m,45-54,142,Smear Negative
Venezuela (Bolivarian Republic of),2012,sn,m,55-64,104,Smear Negative
Venezuela (Bolivarian Republic of),2012,sn,m,65+,127,Smear Negative
Venezuela (Bolivarian Republic of),2012,sn,f,0-14,157,Smear Negative
Venezuela (Bolivarian Republic of),2012,sn,f,15-24,97,Smear Negative
Venezuela (Bolivarian Republic of),2012,sn,f,25-34,101,Smear Negative
Venezuela (Bolivarian Republic of),2012,sn,f,35-44,84,Smear Negative
Venezuela (Bolivarian Republic of),2012,sn,f,45-54,106,Smear Negative
Venezuela (Bolivarian Republic of),2012,sn,f,55-64,82,Smear Negative
Venezuela (Bolivarian Republic of),2012,sn,f,65+,104,Smear Negative
Venezuela (Bolivarian Republic of),2012,ep,m,0-14,76,Extrapulmonary
Venezuela (Bolivarian Republic of),2012,ep,m,15-24,113,Extrapulmonary
Venezuela (Bolivarian Republic of),2012,ep,m,25-34,129,Extrapulmonary
Venezuela (Bolivarian Republic of),2012,ep,m,35-44,105,Extrapulmonary
Venezuela (Bolivarian Republic of),2012,ep,m,45-54,84,Extrapulmonary
Venezuela (Bolivarian Republic of),2012,ep,m,55-64,74,Extrapulmonary
Venezuela (Bolivarian Republic of),2012,ep,m,65+,71,Extrapulmonary
Venezuela (Bolivarian Republic of),2012,ep,f,0-14,64,Extrapulmonary
Venezuela (Bolivarian Republic of),2012,ep,f,15-24,82,Extrapulmonary
Venezuela (Bolivarian Republic of),2012,ep,f,25-34,89,Extrapulmonary
Venezuela (Bolivarian Republic of),2012,ep,f,35-44,88,Extrapulmonary
Venezuela (Bolivarian Republic of),2012,ep,f,45-54,60,Extrapulmonary
Venezuela (Bolivarian Republic of),2012,ep,f,55-64,43,Extrapulmonary
Venezuela (Bolivarian Republic of),2012,ep,f,65+,65,Extrapulmonary
Venezuela (Bolivarian Republic of),2013,rel,m,0-14,232,Relapse
Venezuela (Bolivarian Republic of),2013,rel,m,15-24,631,Relapse
Venezuela (Bolivarian Republic of),2013,rel,m,25-34,739,Relapse
Venezuela (Bolivarian Republic of),2013,rel,m,35-44,582,Relapse
Venezuela (Bolivarian Republic of),2013,rel,m,45-54,635,Relapse
Venezuela (Bolivarian Republic of),2013,rel,m,55-64,536,Relapse
Venezuela (Bolivarian Republic of),2013,rel,m,65+,523,Relapse
Venezuela (Bolivarian Republic of),2013,rel,f,0-14,229,Relapse
Venezuela (Bolivarian Republic of),2013,rel,f,15-24,465,Relapse
Venezuela (Bolivarian Republic of),2013,rel,f,25-34,537,Relapse
Venezuela (Bolivarian Republic of),2013,rel,f,35-44,354,Relapse
Venezuela (Bolivarian Republic of),2013,rel,f,45-54,407,Relapse
Venezuela (Bolivarian Republic of),2013,rel,f,55-64,283,Relapse
Venezuela (Bolivarian Republic of),2013,rel,f,65+,402,Relapse
Viet Nam,1996,sp,m,0-14,92,Smear Positive
Viet Nam,1996,sp,m,15-24,1994,Smear Positive
Viet Nam,1996,sp,m,25-34,5716,Smear Positive
Viet Nam,1996,sp,m,35-44,7137,Smear Positive
Viet Nam,1996,sp,m,45-54,5170,Smear Positive
Viet Nam,1996,sp,m,55-64,5839,Smear Positive
Viet Nam,1996,sp,m,65+,6292,Smear Positive
Viet Nam,1996,sp,f,0-14,91,Smear Positive
Viet Nam,1996,sp,f,15-24,1127,Smear Positive
Viet Nam,1996,sp,f,25-34,2606,Smear Positive
Viet Nam,1996,sp,f,35-44,3045,Smear Positive
Viet Nam,1996,sp,f,45-54,2504,Smear Positive
Viet Nam,1996,sp,f,55-64,3360,Smear Positive
Viet Nam,1996,sp,f,65+,3938,Smear Positive
Viet Nam,1997,sp,m,0-14,103,Smear Positive
Viet Nam,1997,sp,m,15-24,2162,Smear Positive
Viet Nam,1997,sp,m,25-34,6427,Smear Positive
Viet Nam,1997,sp,m,35-44,8363,Smear Positive
Viet Nam,1997,sp,m,45-54,5820,Smear Positive
Viet Nam,1997,sp,m,55-64,5892,Smear Positive
Viet Nam,1997,sp,m,65+,6989,Smear Positive
Viet Nam,1997,sp,f,0-14,73,Smear Positive
Viet Nam,1997,sp,f,15-24,1163,Smear Positive
Viet Nam,1997,sp,f,25-34,2809,Smear Positive
Viet Nam,1997,sp,f,35-44,3302,Smear Positive
Viet Nam,1997,sp,f,45-54,2590,Smear Positive
Viet Nam,1997,sp,f,55-64,3614,Smear Positive
Viet Nam,1997,sp,f,65+,4340,Smear Positive
Viet Nam,1998,sp,m,0-14,56,Smear Positive
Viet Nam,1998,sp,m,15-24,2441,Smear Positive
Viet Nam,1998,sp,m,25-34,6567,Smear Positive
Viet Nam,1998,sp,m,35-44,8765,Smear Positive
Viet Nam,1998,sp,m,45-54,6143,Smear Positive
Viet Nam,1998,sp,m,55-64,5925,Smear Positive
Viet Nam,1998,sp,m,65+,7274,Smear Positive
Viet Nam,1998,sp,f,0-14,60,Smear Positive
Viet Nam,1998,sp,f,15-24,1344,Smear Positive
Viet Nam,1998,sp,f,25-34,2749,Smear Positive
Viet Nam,1998,sp,f,35-44,3102,Smear Positive
Viet Nam,1998,sp,f,45-54,2576,Smear Positive
Viet Nam,1998,sp,f,55-64,3296,Smear Positive
Viet Nam,1998,sp,f,65+,4575,Smear Positive
Viet Nam,1999,sp,m,0-14,58,Smear Positive
Viet Nam,1999,sp,m,15-24,2254,Smear Positive
Viet Nam,1999,sp,m,25-34,6355,Smear Positive
Viet Nam,1999,sp,m,35-44,8392,Smear Positive
Viet Nam,1999,sp,m,45-54,6465,Smear Positive
Viet Nam,1999,sp,m,55-64,5530,Smear Positive
Viet Nam,1999,sp,m,65+,7371,Smear Positive
Viet Nam,1999,sp,f,0-14,68,Smear Positive
Viet Nam,1999,sp,f,15-24,1361,Smear Positive
Viet Nam,1999,sp,f,25-34,2511,Smear Positive
Viet Nam,1999,sp,f,35-44,3029,Smear Positive
Viet Nam,1999,sp,f,45-54,2549,Smear Positive
Viet Nam,1999,sp,f,55-64,3034,Smear Positive
Viet Nam,1999,sp,f,65+,4828,Smear Positive
Viet Nam,2000,sp,m,0-14,51,Smear Positive
Viet Nam,2000,sp,m,15-24,2367,Smear Positive
Viet Nam,2000,sp,m,25-34,6147,Smear Positive
Viet Nam,2000,sp,m,35-44,8209,Smear Positive
Viet Nam,2000,sp,m,45-54,6713,Smear Positive
Viet Nam,2000,sp,m,55-64,5150,Smear Positive
Viet Nam,2000,sp,m,65+,7712,Smear Positive
Viet Nam,2000,sp,f,0-14,64,Smear Positive
Viet Nam,2000,sp,f,15-24,1334,Smear Positive
Viet Nam,2000,sp,f,25-34,2320,Smear Positive
Viet Nam,2000,sp,f,35-44,2754,Smear Positive
Viet Nam,2000,sp,f,45-54,2594,Smear Positive
Viet Nam,2000,sp,f,55-64,2847,Smear Positive
Viet Nam,2000,sp,f,65+,4907,Smear Positive
Viet Nam,2001,sp,m,0-14,39,Smear Positive
Viet Nam,2001,sp,m,15-24,2756,Smear Positive
Viet Nam,2001,sp,m,25-34,6319,Smear Positive
Viet Nam,2001,sp,m,35-44,8457,Smear Positive
Viet Nam,2001,sp,m,45-54,7054,Smear Positive
Viet Nam,2001,sp,m,55-64,5205,Smear Positive
Viet Nam,2001,sp,m,65+,7643,Smear Positive
Viet Nam,2001,sp,f,0-14,48,Smear Positive
Viet Nam,2001,sp,f,15-24,1390,Smear Positive
Viet Nam,2001,sp,f,25-34,2357,Smear Positive
Viet Nam,2001,sp,f,35-44,2656,Smear Positive
Viet Nam,2001,sp,f,45-54,2574,Smear Positive
Viet Nam,2001,sp,f,55-64,2530,Smear Positive
Viet Nam,2001,sp,f,65+,5174,Smear Positive
Viet Nam,2002,sp,m,0-14,57,Smear Positive
Viet Nam,2002,sp,m,15-24,3250,Smear Positive
Viet Nam,2002,sp,m,25-34,6762,Smear Positive
Viet Nam,2002,sp,m,35-44,8855,Smear Positive
Viet Nam,2002,sp,m,45-54,8040,Smear Positive
Viet Nam,2002,sp,m,55-64,5162,Smear Positive
Viet Nam,2002,sp,m,65+,8184,Smear Positive
Viet Nam,2002,sp,f,0-14,68,Smear Positive
Viet Nam,2002,sp,f,15-24,1571,Smear Positive
Viet Nam,2002,sp,f,25-34,2357,Smear Positive
Viet Nam,2002,sp,f,35-44,2508,Smear Positive
Viet Nam,2002,sp,f,45-54,2619,Smear Positive
Viet Nam,2002,sp,f,55-64,2409,Smear Positive
Viet Nam,2002,sp,f,65+,4969,Smear Positive
Viet Nam,2003,sp,m,0-14,49,Smear Positive
Viet Nam,2003,sp,m,15-24,3475,Smear Positive
Viet Nam,2003,sp,m,25-34,7036,Smear Positive
Viet Nam,2003,sp,m,35-44,8486,Smear Positive
Viet Nam,2003,sp,m,45-54,7965,Smear Positive
Viet Nam,2003,sp,m,55-64,5066,Smear Positive
Viet Nam,2003,sp,m,65+,7793,Smear Positive
Viet Nam,2003,sp,f,0-14,66,Smear Positive
Viet Nam,2003,sp,f,15-24,1659,Smear Positive
Viet Nam,2003,sp,f,25-34,2262,Smear Positive
Viet Nam,2003,sp,f,35-44,2327,Smear Positive
Viet Nam,2003,sp,f,45-54,2574,Smear Positive
Viet Nam,2003,sp,f,55-64,2283,Smear Positive
Viet Nam,2003,sp,f,65+,4896,Smear Positive
Viet Nam,2004,sp,m,0-14,54,Smear Positive
Viet Nam,2004,sp,m,15-24,3486,Smear Positive
Viet Nam,2004,sp,m,25-34,7364,Smear Positive
Viet Nam,2004,sp,m,35-44,9110,Smear Positive
Viet Nam,2004,sp,m,45-54,8743,Smear Positive
Viet Nam,2004,sp,m,55-64,5257,Smear Positive
Viet Nam,2004,sp,m,65+,8206,Smear Positive
Viet Nam,2004,sp,f,0-14,66,Smear Positive
Viet Nam,2004,sp,f,15-24,1740,Smear Positive
Viet Nam,2004,sp,f,25-34,2398,Smear Positive
Viet Nam,2004,sp,f,35-44,2218,Smear Positive
Viet Nam,2004,sp,f,45-54,2551,Smear Positive
Viet Nam,2004,sp,f,55-64,2226,Smear Positive
Viet Nam,2004,sp,f,65+,4970,Smear Positive
Viet Nam,2005,sp,m,0-14,54,Smear Positive
Viet Nam,2005,sp,m,15-24,3408,Smear Positive
Viet Nam,2005,sp,m,25-34,7105,Smear Positive
Viet Nam,2005,sp,m,35-44,8738,Smear Positive
Viet Nam,2005,sp,m,45-54,8606,Smear Positive
Viet Nam,2005,sp,m,55-64,4958,Smear Positive
Viet Nam,2005,sp,m,65+,7573,Smear Positive
Viet Nam,2005,sp,f,0-14,47,Smear Positive
Viet Nam,2005,sp,f,15-24,1747,Smear Positive
Viet Nam,2005,sp,f,25-34,2293,Smear Positive
Viet Nam,2005,sp,f,35-44,2116,Smear Positive
Viet Nam,2005,sp,f,45-54,2298,Smear Positive
Viet Nam,2005,sp,f,55-64,2023,Smear Positive
Viet Nam,2005,sp,f,65+,4604,Smear Positive
Viet Nam,2006,sp,m,0-14,49,Smear Positive
Viet Nam,2006,sp,m,15-24,3761,Smear Positive
Viet Nam,2006,sp,m,25-34,7549,Smear Positive
Viet Nam,2006,sp,m,35-44,8931,Smear Positive
Viet Nam,2006,sp,m,45-54,8717,Smear Positive
Viet Nam,2006,sp,m,55-64,5037,Smear Positive
Viet Nam,2006,sp,m,65+,7408,Smear Positive
Viet Nam,2006,sp,f,0-14,62,Smear Positive
Viet Nam,2006,sp,f,15-24,1827,Smear Positive
Viet Nam,2006,sp,f,25-34,2381,Smear Positive
Viet Nam,2006,sp,f,35-44,2036,Smear Positive
Viet Nam,2006,sp,f,45-54,2283,Smear Positive
Viet Nam,2006,sp,f,55-64,1996,Smear Positive
Viet Nam,2006,sp,f,65+,4400,Smear Positive
Viet Nam,2007,sp,m,0-14,48,Smear Positive
Viet Nam,2007,sp,m,15-24,3587,Smear Positive
Viet Nam,2007,sp,m,25-34,7431,Smear Positive
Viet Nam,2007,sp,m,35-44,8391,Smear Positive
Viet Nam,2007,sp,m,45-54,8451,Smear Positive
Viet Nam,2007,sp,m,55-64,5046,Smear Positive
Viet Nam,2007,sp,m,65+,7026,Smear Positive
Viet Nam,2007,sp,f,0-14,59,Smear Positive
Viet Nam,2007,sp,f,15-24,1939,Smear Positive
Viet Nam,2007,sp,f,25-34,2354,Smear Positive
Viet Nam,2007,sp,f,35-44,1923,Smear Positive
Viet Nam,2007,sp,f,45-54,2170,Smear Positive
Viet Nam,2007,sp,f,55-64,1891,Smear Positive
Viet Nam,2007,sp,f,65+,4144,Smear Positive
Viet Nam,2008,sp,m,0-14,36,Smear Positive
Viet Nam,2008,sp,m,15-24,3401,Smear Positive
Viet Nam,2008,sp,m,25-34,7148,Smear Positive
Viet Nam,2008,sp,m,35-44,8230,Smear Positive
Viet Nam,2008,sp,m,45-54,8811,Smear Positive
Viet Nam,2008,sp,m,55-64,5158,Smear Positive
Viet Nam,2008,sp,m,65+,6667,Smear Positive
Viet Nam,2008,sp,f,0-14,48,Smear Positive
Viet Nam,2008,sp,f,15-24,1993,Smear Positive
Viet Nam,2008,sp,f,25-34,2416,Smear Positive
Viet Nam,2008,sp,f,35-44,1820,Smear Positive
Viet Nam,2008,sp,f,45-54,2087,Smear Positive
Viet Nam,2008,sp,f,55-64,1858,Smear Positive
Viet Nam,2008,sp,f,65+,3811,Smear Positive
Viet Nam,2009,sp,m,0-14,41,Smear Positive
Viet Nam,2009,sp,m,15-24,3122,Smear Positive
Viet Nam,2009,sp,m,25-34,7152,Smear Positive
Viet Nam,2009,sp,m,35-44,7731,Smear Positive
Viet Nam,2009,sp,m,45-54,8333,Smear Positive
Viet Nam,2009,sp,m,55-64,5494,Smear Positive
Viet Nam,2009,sp,m,65+,6162,Smear Positive
Viet Nam,2009,sp,f,0-14,47,Smear Positive
Viet Nam,2009,sp,f,15-24,1895,Smear Positive
Viet Nam,2009,sp,f,25-34,2401,Smear Positive
Viet Nam,2009,sp,f,35-44,1677,Smear Positive
Viet Nam,2009,sp,f,45-54,1989,Smear Positive
Viet Nam,2009,sp,f,55-64,1849,Smear Positive
Viet Nam,2009,sp,f,65+,3397,Smear Positive
Viet Nam,2010,sp,m,0-14,59,Smear Positive
Viet Nam,2010,sp,m,15-24,3205,Smear Positive
Viet Nam,2010,sp,m,25-34,7036,Smear Positive
Viet Nam,2010,sp,m,35-44,7851,Smear Positive
Viet Nam,2010,sp,m,45-54,8564,Smear Positive
Viet Nam,2010,sp,m,55-64,5790,Smear Positive
Viet Nam,2010,sp,m,65+,6248,Smear Positive
Viet Nam,2010,sp,f,0-14,53,Smear Positive
Viet Nam,2010,sp,f,15-24,1870,Smear Positive
Viet Nam,2010,sp,f,25-34,2454,Smear Positive
Viet Nam,2010,sp,f,35-44,1681,Smear Positive
Viet Nam,2010,sp,f,45-54,1864,Smear Positive
Viet Nam,2010,sp,f,55-64,1863,Smear Positive
Viet Nam,2010,sp,f,65+,3751,Smear Positive
Viet Nam,2011,sp,m,0-14,61,Smear Positive
Viet Nam,2011,sp,m,15-24,3099,Smear Positive
Viet Nam,2011,sp,m,25-34,6677,Smear Positive
Viet Nam,2011,sp,m,35-44,7763,Smear Positive
Viet Nam,2011,sp,m,45-54,8474,Smear Positive
Viet Nam,2011,sp,m,55-64,6107,Smear Positive
Viet Nam,2011,sp,m,65+,5821,Smear Positive
Viet Nam,2011,sp,f,0-14,64,Smear Positive
Viet Nam,2011,sp,f,15-24,1863,Smear Positive
Viet Nam,2011,sp,f,25-34,2325,Smear Positive
Viet Nam,2011,sp,f,35-44,1681,Smear Positive
Viet Nam,2011,sp,f,45-54,1814,Smear Positive
Viet Nam,2011,sp,f,55-64,1878,Smear Positive
Viet Nam,2011,sp,f,65+,3124,Smear Positive
Viet Nam,2012,sp,m,0-14,58,Smear Positive
Viet Nam,2012,sp,m,15-24,2993,Smear Positive
Viet Nam,2012,sp,m,25-34,6689,Smear Positive
Viet Nam,2012,sp,m,35-44,7680,Smear Positive
Viet Nam,2012,sp,m,45-54,8481,Smear Positive
Viet Nam,2012,sp,m,55-64,6315,Smear Positive
Viet Nam,2012,sp,m,65+,5920,Smear Positive
Viet Nam,2012,sp,f,0-14,84,Smear Positive
Viet Nam,2012,sp,f,15-24,1841,Smear Positive
Viet Nam,2012,sp,f,25-34,2481,Smear Positive
Viet Nam,2012,sp,f,35-44,1626,Smear Positive
Viet Nam,2012,sp,f,45-54,1683,Smear Positive
Viet Nam,2012,sp,f,55-64,1884,Smear Positive
Viet Nam,2012,sp,f,65+,3298,Smear Positive
Viet Nam,2013,rel,m,0-14,65,Relapse
Viet Nam,2013,rel,m,15-24,2951,Relapse
Viet Nam,2013,rel,m,25-34,6302,Relapse
Viet Nam,2013,rel,m,35-44,7487,Relapse
Viet Nam,2013,rel,m,45-54,8553,Relapse
Viet Nam,2013,rel,m,55-64,6484,Relapse
Viet Nam,2013,rel,m,65+,5834,Relapse
Viet Nam,2013,rel,f,0-14,78,Relapse
Viet Nam,2013,rel,f,15-24,1916,Relapse
Viet Nam,2013,rel,f,25-34,2487,Relapse
Viet Nam,2013,rel,f,35-44,1671,Relapse
Viet Nam,2013,rel,f,45-54,1715,Relapse
Viet Nam,2013,rel,f,55-64,1954,Relapse
Viet Nam,2013,rel,f,65+,3110,Relapse
Wallis and Futuna Islands,1996,sp,m,0-14,0,Smear Positive
Wallis and Futuna Islands,1996,sp,m,15-24,1,Smear Positive
Wallis and Futuna Islands,1996,sp,m,25-34,1,Smear Positive
Wallis and Futuna Islands,1996,sp,m,35-44,0,Smear Positive
Wallis and Futuna Islands,1996,sp,m,45-54,0,Smear Positive
Wallis and Futuna Islands,1996,sp,m,55-64,0,Smear Positive
Wallis and Futuna Islands,1996,sp,m,65+,0,Smear Positive
Wallis and Futuna Islands,1996,sp,f,0-14,0,Smear Positive
Wallis and Futuna Islands,1996,sp,f,15-24,1,Smear Positive
Wallis and Futuna Islands,1996,sp,f,25-34,3,Smear Positive
Wallis and Futuna Islands,1996,sp,f,35-44,1,Smear Positive
Wallis and Futuna Islands,1996,sp,f,45-54,1,Smear Positive
Wallis and Futuna Islands,1996,sp,f,55-64,0,Smear Positive
Wallis and Futuna Islands,1996,sp,f,65+,0,Smear Positive
Wallis and Futuna Islands,1997,sp,f,0-14,0,Smear Positive
Wallis and Futuna Islands,1997,sp,f,15-24,0,Smear Positive
Wallis and Futuna Islands,1997,sp,f,25-34,0,Smear Positive
Wallis and Futuna Islands,1997,sp,f,35-44,0,Smear Positive
Wallis and Futuna Islands,1997,sp,f,45-54,0,Smear Positive
Wallis and Futuna Islands,1997,sp,f,55-64,0,Smear Positive
Wallis and Futuna Islands,1997,sp,f,65+,1,Smear Positive
Wallis and Futuna Islands,2002,sp,m,15-24,1,Smear Positive
Wallis and Futuna Islands,2002,sp,m,35-44,1,Smear Positive
Wallis and Futuna Islands,2002,sp,m,45-54,1,Smear Positive
Wallis and Futuna Islands,2002,sp,m,65+,1,Smear Positive
Wallis and Futuna Islands,2002,sp,f,45-54,3,Smear Positive
Wallis and Futuna Islands,2002,sp,f,55-64,2,Smear Positive
Wallis and Futuna Islands,2002,sp,f,65+,1,Smear Positive
Wallis and Futuna Islands,2003,sp,m,0-14,0,Smear Positive
Wallis and Futuna Islands,2003,sp,m,15-24,0,Smear Positive
Wallis and Futuna Islands,2003,sp,m,25-34,2,Smear Positive
Wallis and Futuna Islands,2003,sp,m,35-44,2,Smear Positive
Wallis and Futuna Islands,2003,sp,m,45-54,2,Smear Positive
Wallis and Futuna Islands,2003,sp,m,55-64,0,Smear Positive
Wallis and Futuna Islands,2003,sp,m,65+,0,Smear Positive
Wallis and Futuna Islands,2003,sp,f,0-14,0,Smear Positive
Wallis and Futuna Islands,2003,sp,f,15-24,0,Smear Positive
Wallis and Futuna Islands,2003,sp,f,25-34,1,Smear Positive
Wallis and Futuna Islands,2003,sp,f,35-44,0,Smear Positive
Wallis and Futuna Islands,2003,sp,f,45-54,0,Smear Positive
Wallis and Futuna Islands,2003,sp,f,55-64,0,Smear Positive
Wallis and Futuna Islands,2003,sp,f,65+,0,Smear Positive
Wallis and Futuna Islands,2007,sp,m,0-14,0,Smear Positive
Wallis and Futuna Islands,2007,sp,m,15-24,0,Smear Positive
Wallis and Futuna Islands,2007,sp,m,25-34,0,Smear Positive
Wallis and Futuna Islands,2007,sp,m,35-44,0,Smear Positive
Wallis and Futuna Islands,2007,sp,m,45-54,1,Smear Positive
Wallis and Futuna Islands,2007,sp,m,55-64,0,Smear Positive
Wallis and Futuna Islands,2007,sp,m,65+,0,Smear Positive
Wallis and Futuna Islands,2007,sp,f,0-14,0,Smear Positive
Wallis and Futuna Islands,2007,sp,f,15-24,0,Smear Positive
Wallis and Futuna Islands,2007,sp,f,25-34,0,Smear Positive
Wallis and Futuna Islands,2007,sp,f,35-44,0,Smear Positive
Wallis and Futuna Islands,2007,sp,f,45-54,0,Smear Positive
Wallis and Futuna Islands,2007,sp,f,55-64,0,Smear Positive
Wallis and Futuna Islands,2007,sp,f,65+,0,Smear Positive
Wallis and Futuna Islands,2007,sn,m,0-14,0,Smear Negative
Wallis and Futuna Islands,2007,sn,m,15-24,0,Smear Negative
Wallis and Futuna Islands,2007,sn,m,25-34,0,Smear Negative
Wallis and Futuna Islands,2007,sn,m,35-44,0,Smear Negative
Wallis and Futuna Islands,2007,sn,m,45-54,0,Smear Negative
Wallis and Futuna Islands,2007,sn,m,55-64,0,Smear Negative
Wallis and Futuna Islands,2007,sn,m,65+,0,Smear Negative
Wallis and Futuna Islands,2007,sn,f,0-14,0,Smear Negative
Wallis and Futuna Islands,2007,sn,f,15-24,0,Smear Negative
Wallis and Futuna Islands,2007,sn,f,25-34,0,Smear Negative
Wallis and Futuna Islands,2007,sn,f,35-44,0,Smear Negative
Wallis and Futuna Islands,2007,sn,f,45-54,1,Smear Negative
Wallis and Futuna Islands,2007,sn,f,55-64,0,Smear Negative
Wallis and Futuna Islands,2007,sn,f,65+,0,Smear Negative
Wallis and Futuna Islands,2007,ep,m,0-14,0,Extrapulmonary
Wallis and Futuna Islands,2007,ep,m,15-24,0,Extrapulmonary
Wallis and Futuna Islands,2007,ep,m,25-34,0,Extrapulmonary
Wallis and Futuna Islands,2007,ep,m,35-44,0,Extrapulmonary
Wallis and Futuna Islands,2007,ep,m,45-54,0,Extrapulmonary
Wallis and Futuna Islands,2007,ep,m,55-64,0,Extrapulmonary
Wallis and Futuna Islands,2007,ep,m,65+,0,Extrapulmonary
Wallis and Futuna Islands,2007,ep,f,0-14,0,Extrapulmonary
Wallis and Futuna Islands,2007,ep,f,15-24,0,Extrapulmonary
Wallis and Futuna Islands,2007,ep,f,25-34,0,Extrapulmonary
Wallis and Futuna Islands,2007,ep,f,35-44,0,Extrapulmonary
Wallis and Futuna Islands,2007,ep,f,45-54,0,Extrapulmonary
Wallis and Futuna Islands,2007,ep,f,55-64,0,Extrapulmonary
Wallis and Futuna Islands,2007,ep,f,65+,0,Extrapulmonary
Wallis and Futuna Islands,2009,sp,m,25-34,1,Smear Positive
Wallis and Futuna Islands,2009,sp,m,65+,1,Smear Positive
Wallis and Futuna Islands,2009,sp,f,15-24,1,Smear Positive
Wallis and Futuna Islands,2009,ep,m,0-14,0,Extrapulmonary
Wallis and Futuna Islands,2009,ep,m,15-24,0,Extrapulmonary
Wallis and Futuna Islands,2009,ep,m,25-34,0,Extrapulmonary
Wallis and Futuna Islands,2009,ep,m,35-44,0,Extrapulmonary
Wallis and Futuna Islands,2009,ep,m,45-54,0,Extrapulmonary
Wallis and Futuna Islands,2009,ep,m,55-64,0,Extrapulmonary
Wallis and Futuna Islands,2009,ep,m,65+,0,Extrapulmonary
Wallis and Futuna Islands,2009,ep,f,0-14,0,Extrapulmonary
Wallis and Futuna Islands,2009,ep,f,15-24,0,Extrapulmonary
Wallis and Futuna Islands,2009,ep,f,25-34,0,Extrapulmonary
Wallis and Futuna Islands,2009,ep,f,35-44,0,Extrapulmonary
Wallis and Futuna Islands,2009,ep,f,45-54,0,Extrapulmonary
Wallis and Futuna Islands,2009,ep,f,55-64,0,Extrapulmonary
Wallis and Futuna Islands,2009,ep,f,65+,0,Extrapulmonary
Wallis and Futuna Islands,2011,sp,m,55-64,2,Smear Positive
Wallis and Futuna Islands,2011,sn,m,35-44,2,Smear Negative
Wallis and Futuna Islands,2011,sn,m,45-54,1,Smear Negative
Wallis and Futuna Islands,2011,sn,m,55-64,1,Smear Negative
Wallis and Futuna Islands,2011,sn,f,0-14,1,Smear Negative
Wallis and Futuna Islands,2011,sn,f,55-64,1,Smear Negative
Wallis and Futuna Islands,2013,rel,f,65+,2,Relapse
West Bank and Gaza Strip,1995,sp,m,0-14,1,Smear Positive
West Bank and Gaza Strip,1995,sp,m,15-24,2,Smear Positive
West Bank and Gaza Strip,1995,sp,m,25-34,0,Smear Positive
West Bank and Gaza Strip,1995,sp,m,35-44,0,Smear Positive
West Bank and Gaza Strip,1995,sp,m,45-54,1,Smear Positive
West Bank and Gaza Strip,1995,sp,m,55-64,0,Smear Positive
West Bank and Gaza Strip,1995,sp,m,65+,3,Smear Positive
West Bank and Gaza Strip,1995,sp,f,0-14,0,Smear Positive
West Bank and Gaza Strip,1995,sp,f,15-24,1,Smear Positive
West Bank and Gaza Strip,1995,sp,f,25-34,0,Smear Positive
West Bank and Gaza Strip,1995,sp,f,35-44,0,Smear Positive
West Bank and Gaza Strip,1995,sp,f,45-54,1,Smear Positive
West Bank and Gaza Strip,1995,sp,f,55-64,0,Smear Positive
West Bank and Gaza Strip,1995,sp,f,65+,0,Smear Positive
West Bank and Gaza Strip,1996,sp,m,0-14,0,Smear Positive
West Bank and Gaza Strip,1996,sp,m,15-24,2,Smear Positive
West Bank and Gaza Strip,1996,sp,m,25-34,2,Smear Positive
West Bank and Gaza Strip,1996,sp,m,35-44,2,Smear Positive
West Bank and Gaza Strip,1996,sp,m,45-54,2,Smear Positive
West Bank and Gaza Strip,1996,sp,m,55-64,2,Smear Positive
West Bank and Gaza Strip,1996,sp,m,65+,4,Smear Positive
West Bank and Gaza Strip,1996,sp,f,0-14,1,Smear Positive
West Bank and Gaza Strip,1996,sp,f,15-24,2,Smear Positive
West Bank and Gaza Strip,1996,sp,f,25-34,1,Smear Positive
West Bank and Gaza Strip,1996,sp,f,35-44,2,Smear Positive
West Bank and Gaza Strip,1996,sp,f,45-54,0,Smear Positive
West Bank and Gaza Strip,1996,sp,f,55-64,3,Smear Positive
West Bank and Gaza Strip,1996,sp,f,65+,1,Smear Positive
West Bank and Gaza Strip,1998,sp,m,15-24,1,Smear Positive
West Bank and Gaza Strip,1998,sp,m,25-34,1,Smear Positive
West Bank and Gaza Strip,1998,sp,m,45-54,2,Smear Positive
West Bank and Gaza Strip,1998,sp,m,65+,1,Smear Positive
West Bank and Gaza Strip,1998,sp,f,35-44,1,Smear Positive
West Bank and Gaza Strip,1998,sp,f,55-64,1,Smear Positive
West Bank and Gaza Strip,1998,sp,f,65+,1,Smear Positive
West Bank and Gaza Strip,2003,sp,m,0-14,0,Smear Positive
West Bank and Gaza Strip,2003,sp,m,15-24,1,Smear Positive
West Bank and Gaza Strip,2003,sp,m,25-34,1,Smear Positive
West Bank and Gaza Strip,2003,sp,m,35-44,1,Smear Positive
West Bank and Gaza Strip,2003,sp,m,45-54,3,Smear Positive
West Bank and Gaza Strip,2003,sp,m,55-64,0,Smear Positive
West Bank and Gaza Strip,2003,sp,m,65+,2,Smear Positive
West Bank and Gaza Strip,2003,sp,f,0-14,0,Smear Positive
West Bank and Gaza Strip,2003,sp,f,15-24,1,Smear Positive
West Bank and Gaza Strip,2003,sp,f,25-34,0,Smear Positive
West Bank and Gaza Strip,2003,sp,f,35-44,0,Smear Positive
West Bank and Gaza Strip,2003,sp,f,45-54,3,Smear Positive
West Bank and Gaza Strip,2003,sp,f,55-64,0,Smear Positive
West Bank and Gaza Strip,2003,sp,f,65+,3,Smear Positive
West Bank and Gaza Strip,2004,sp,m,15-24,1,Smear Positive
West Bank and Gaza Strip,2004,sp,m,25-34,1,Smear Positive
West Bank and Gaza Strip,2004,sp,m,45-54,1,Smear Positive
West Bank and Gaza Strip,2004,sp,f,35-44,1,Smear Positive
West Bank and Gaza Strip,2005,sp,m,15-24,1,Smear Positive
West Bank and Gaza Strip,2005,sp,m,45-54,1,Smear Positive
West Bank and Gaza Strip,2005,sp,m,55-64,3,Smear Positive
West Bank and Gaza Strip,2005,sp,f,25-34,1,Smear Positive
West Bank and Gaza Strip,2005,sp,f,45-54,1,Smear Positive
West Bank and Gaza Strip,2006,sp,m,0-14,0,Smear Positive
West Bank and Gaza Strip,2006,sp,m,15-24,1,Smear Positive
West Bank and Gaza Strip,2006,sp,m,25-34,3,Smear Positive
West Bank and Gaza Strip,2006,sp,m,35-44,4,Smear Positive
West Bank and Gaza Strip,2006,sp,m,45-54,1,Smear Positive
West Bank and Gaza Strip,2006,sp,m,55-64,1,Smear Positive
West Bank and Gaza Strip,2006,sp,m,65+,2,Smear Positive
West Bank and Gaza Strip,2006,sp,f,0-14,0,Smear Positive
West Bank and Gaza Strip,2006,sp,f,15-24,0,Smear Positive
West Bank and Gaza Strip,2006,sp,f,25-34,0,Smear Positive
West Bank and Gaza Strip,2006,sp,f,35-44,1,Smear Positive
West Bank and Gaza Strip,2006,sp,f,45-54,1,Smear Positive
West Bank and Gaza Strip,2006,sp,f,55-64,1,Smear Positive
West Bank and Gaza Strip,2006,sp,f,65+,1,Smear Positive
West Bank and Gaza Strip,2006,sn,m,0-14,0,Smear Negative
West Bank and Gaza Strip,2006,sn,m,15-24,0,Smear Negative
West Bank and Gaza Strip,2006,sn,m,25-34,1,Smear Negative
West Bank and Gaza Strip,2006,sn,m,35-44,2,Smear Negative
West Bank and Gaza Strip,2006,sn,m,45-54,1,Smear Negative
West Bank and Gaza Strip,2006,sn,m,55-64,0,Smear Negative
West Bank and Gaza Strip,2006,sn,m,65+,2,Smear Negative
West Bank and Gaza Strip,2006,sn,f,0-14,0,Smear Negative
West Bank and Gaza Strip,2006,sn,f,15-24,1,Smear Negative
West Bank and Gaza Strip,2006,sn,f,25-34,0,Smear Negative
West Bank and Gaza Strip,2006,sn,f,35-44,0,Smear Negative
West Bank and Gaza Strip,2006,sn,f,45-54,0,Smear Negative
West Bank and Gaza Strip,2006,sn,f,55-64,0,Smear Negative
West Bank and Gaza Strip,2006,sn,f,65+,0,Smear Negative
West Bank and Gaza Strip,2006,ep,m,0-14,0,Extrapulmonary
West Bank and Gaza Strip,2006,ep,m,15-24,1,Extrapulmonary
West Bank and Gaza Strip,2006,ep,m,25-34,2,Extrapulmonary
West Bank and Gaza Strip,2006,ep,m,35-44,2,Extrapulmonary
West Bank and Gaza Strip,2006,ep,m,45-54,2,Extrapulmonary
West Bank and Gaza Strip,2006,ep,m,55-64,3,Extrapulmonary
West Bank and Gaza Strip,2006,ep,m,65+,2,Extrapulmonary
West Bank and Gaza Strip,2006,ep,f,0-14,1,Extrapulmonary
West Bank and Gaza Strip,2006,ep,f,15-24,3,Extrapulmonary
West Bank and Gaza Strip,2006,ep,f,25-34,0,Extrapulmonary
West Bank and Gaza Strip,2006,ep,f,35-44,1,Extrapulmonary
West Bank and Gaza Strip,2006,ep,f,45-54,1,Extrapulmonary
West Bank and Gaza Strip,2006,ep,f,55-64,1,Extrapulmonary
West Bank and Gaza Strip,2006,ep,f,65+,0,Extrapulmonary
West Bank and Gaza Strip,2007,sp,m,0-14,1,Smear Positive
West Bank and Gaza Strip,2007,sp,m,15-24,1,Smear Positive
West Bank and Gaza Strip,2007,sp,m,25-34,3,Smear Positive
West Bank and Gaza Strip,2007,sp,m,35-44,2,Smear Positive
West Bank and Gaza Strip,2007,sp,m,45-54,0,Smear Positive
West Bank and Gaza Strip,2007,sp,m,55-64,3,Smear Positive
West Bank and Gaza Strip,2007,sp,m,65+,1,Smear Positive
West Bank and Gaza Strip,2007,sp,f,0-14,0,Smear Positive
West Bank and Gaza Strip,2007,sp,f,15-24,0,Smear Positive
West Bank and Gaza Strip,2007,sp,f,25-34,1,Smear Positive
West Bank and Gaza Strip,2007,sp,f,35-44,0,Smear Positive
West Bank and Gaza Strip,2007,sp,f,45-54,0,Smear Positive
West Bank and Gaza Strip,2007,sp,f,55-64,2,Smear Positive
West Bank and Gaza Strip,2007,sp,f,65+,0,Smear Positive
West Bank and Gaza Strip,2007,sn,m,0-14,0,Smear Negative
West Bank and Gaza Strip,2007,sn,m,15-24,1,Smear Negative
West Bank and Gaza Strip,2007,sn,m,25-34,0,Smear Negative
West Bank and Gaza Strip,2007,sn,m,35-44,0,Smear Negative
West Bank and Gaza Strip,2007,sn,m,45-54,0,Smear Negative
West Bank and Gaza Strip,2007,sn,m,55-64,0,Smear Negative
West Bank and Gaza Strip,2007,sn,m,65+,0,Smear Negative
West Bank and Gaza Strip,2007,sn,f,0-14,0,Smear Negative
West Bank and Gaza Strip,2007,sn,f,15-24,0,Smear Negative
West Bank and Gaza Strip,2007,sn,f,25-34,0,Smear Negative
West Bank and Gaza Strip,2007,sn,f,35-44,0,Smear Negative
West Bank and Gaza Strip,2007,sn,f,45-54,0,Smear Negative
West Bank and Gaza Strip,2007,sn,f,55-64,0,Smear Negative
West Bank and Gaza Strip,2007,sn,f,65+,1,Smear Negative
West Bank and Gaza Strip,2007,ep,m,0-14,3,Extrapulmonary
West Bank and Gaza Strip,2007,ep,m,15-24,3,Extrapulmonary
West Bank and Gaza Strip,2007,ep,m,25-34,2,Extrapulmonary
West Bank and Gaza Strip,2007,ep,m,35-44,0,Extrapulmonary
West Bank and Gaza Strip,2007,ep,m,45-54,1,Extrapulmonary
West Bank and Gaza Strip,2007,ep,m,55-64,1,Extrapulmonary
West Bank and Gaza Strip,2007,ep,m,65+,0,Extrapulmonary
West Bank and Gaza Strip,2007,ep,f,0-14,2,Extrapulmonary
West Bank and Gaza Strip,2007,ep,f,15-24,1,Extrapulmonary
West Bank and Gaza Strip,2007,ep,f,25-34,1,Extrapulmonary
West Bank and Gaza Strip,2007,ep,f,35-44,0,Extrapulmonary
West Bank and Gaza Strip,2007,ep,f,45-54,2,Extrapulmonary
West Bank and Gaza Strip,2007,ep,f,55-64,2,Extrapulmonary
West Bank and Gaza Strip,2007,ep,f,65+,0,Extrapulmonary
West Bank and Gaza Strip,2008,sp,m,0-14,0,Smear Positive
West Bank and Gaza Strip,2008,sp,m,15-24,1,Smear Positive
West Bank and Gaza Strip,2008,sp,m,25-34,1,Smear Positive
West Bank and Gaza Strip,2008,sp,m,35-44,3,Smear Positive
West Bank and Gaza Strip,2008,sp,m,45-54,2,Smear Positive
West Bank and Gaza Strip,2008,sp,m,55-64,2,Smear Positive
West Bank and Gaza Strip,2008,sp,m,65+,2,Smear Positive
West Bank and Gaza Strip,2008,sp,f,0-14,0,Smear Positive
West Bank and Gaza Strip,2008,sp,f,15-24,2,Smear Positive
West Bank and Gaza Strip,2008,sp,f,25-34,0,Smear Positive
West Bank and Gaza Strip,2008,sp,f,35-44,0,Smear Positive
West Bank and Gaza Strip,2008,sp,f,45-54,1,Smear Positive
West Bank and Gaza Strip,2008,sp,f,55-64,2,Smear Positive
West Bank and Gaza Strip,2008,sp,f,65+,0,Smear Positive
West Bank and Gaza Strip,2008,sn,m,0-14,0,Smear Negative
West Bank and Gaza Strip,2008,sn,m,15-24,1,Smear Negative
West Bank and Gaza Strip,2008,sn,m,25-34,0,Smear Negative
West Bank and Gaza Strip,2008,sn,m,35-44,0,Smear Negative
West Bank and Gaza Strip,2008,sn,m,45-54,0,Smear Negative
West Bank and Gaza Strip,2008,sn,m,55-64,1,Smear Negative
West Bank and Gaza Strip,2008,sn,m,65+,0,Smear Negative
West Bank and Gaza Strip,2008,sn,f,0-14,0,Smear Negative
West Bank and Gaza Strip,2008,sn,f,15-24,0,Smear Negative
West Bank and Gaza Strip,2008,sn,f,25-34,0,Smear Negative
West Bank and Gaza Strip,2008,sn,f,35-44,0,Smear Negative
West Bank and Gaza Strip,2008,sn,f,45-54,0,Smear Negative
West Bank and Gaza Strip,2008,sn,f,55-64,1,Smear Negative
West Bank and Gaza Strip,2008,sn,f,65+,0,Smear Negative
West Bank and Gaza Strip,2008,ep,m,0-14,0,Extrapulmonary
West Bank and Gaza Strip,2008,ep,m,15-24,2,Extrapulmonary
West Bank and Gaza Strip,2008,ep,m,25-34,1,Extrapulmonary
West Bank and Gaza Strip,2008,ep,m,35-44,1,Extrapulmonary
West Bank and Gaza Strip,2008,ep,m,45-54,2,Extrapulmonary
West Bank and Gaza Strip,2008,ep,m,55-64,1,Extrapulmonary
West Bank and Gaza Strip,2008,ep,m,65+,2,Extrapulmonary
West Bank and Gaza Strip,2008,ep,f,0-14,0,Extrapulmonary
West Bank and Gaza Strip,2008,ep,f,15-24,3,Extrapulmonary
West Bank and Gaza Strip,2008,ep,f,25-34,0,Extrapulmonary
West Bank and Gaza Strip,2008,ep,f,35-44,1,Extrapulmonary
West Bank and Gaza Strip,2008,ep,f,45-54,1,Extrapulmonary
West Bank and Gaza Strip,2008,ep,f,55-64,1,Extrapulmonary
West Bank and Gaza Strip,2008,ep,f,65+,2,Extrapulmonary
West Bank and Gaza Strip,2009,sp,m,0-14,0,Smear Positive
West Bank and Gaza Strip,2009,sp,m,15-24,1,Smear Positive
West Bank and Gaza Strip,2009,sp,m,25-34,3,Smear Positive
West Bank and Gaza Strip,2009,sp,m,35-44,1,Smear Positive
West Bank and Gaza Strip,2009,sp,m,45-54,0,Smear Positive
West Bank and Gaza Strip,2009,sp,m,55-64,0,Smear Positive
West Bank and Gaza Strip,2009,sp,m,65+,1,Smear Positive
West Bank and Gaza Strip,2009,sp,f,0-14,0,Smear Positive
West Bank and Gaza Strip,2009,sp,f,15-24,0,Smear Positive
West Bank and Gaza Strip,2009,sp,f,25-34,0,Smear Positive
West Bank and Gaza Strip,2009,sp,f,35-44,2,Smear Positive
West Bank and Gaza Strip,2009,sp,f,45-54,0,Smear Positive
West Bank and Gaza Strip,2009,sp,f,55-64,1,Smear Positive
West Bank and Gaza Strip,2009,sp,f,65+,1,Smear Positive
West Bank and Gaza Strip,2009,sn,m,0-14,0,Smear Negative
West Bank and Gaza Strip,2009,sn,m,15-24,0,Smear Negative
West Bank and Gaza Strip,2009,sn,m,25-34,1,Smear Negative
West Bank and Gaza Strip,2009,sn,m,35-44,1,Smear Negative
West Bank and Gaza Strip,2009,sn,m,45-54,0,Smear Negative
West Bank and Gaza Strip,2009,sn,m,55-64,1,Smear Negative
West Bank and Gaza Strip,2009,sn,m,65+,3,Smear Negative
West Bank and Gaza Strip,2009,sn,f,0-14,0,Smear Negative
West Bank and Gaza Strip,2009,sn,f,15-24,0,Smear Negative
West Bank and Gaza Strip,2009,sn,f,25-34,0,Smear Negative
West Bank and Gaza Strip,2009,sn,f,35-44,1,Smear Negative
West Bank and Gaza Strip,2009,sn,f,45-54,0,Smear Negative
West Bank and Gaza Strip,2009,sn,f,55-64,2,Smear Negative
West Bank and Gaza Strip,2009,sn,f,65+,0,Smear Negative
West Bank and Gaza Strip,2009,ep,m,0-14,0,Extrapulmonary
West Bank and Gaza Strip,2009,ep,m,15-24,1,Extrapulmonary
West Bank and Gaza Strip,2009,ep,m,25-34,1,Extrapulmonary
West Bank and Gaza Strip,2009,ep,m,35-44,1,Extrapulmonary
West Bank and Gaza Strip,2009,ep,m,45-54,0,Extrapulmonary
West Bank and Gaza Strip,2009,ep,m,55-64,0,Extrapulmonary
West Bank and Gaza Strip,2009,ep,m,65+,1,Extrapulmonary
West Bank and Gaza Strip,2009,ep,f,0-14,2,Extrapulmonary
West Bank and Gaza Strip,2009,ep,f,15-24,3,Extrapulmonary
West Bank and Gaza Strip,2009,ep,f,25-34,0,Extrapulmonary
West Bank and Gaza Strip,2009,ep,f,35-44,1,Extrapulmonary
West Bank and Gaza Strip,2009,ep,f,45-54,2,Extrapulmonary
West Bank and Gaza Strip,2009,ep,f,55-64,1,Extrapulmonary
West Bank and Gaza Strip,2009,ep,f,65+,2,Extrapulmonary
West Bank and Gaza Strip,2010,sp,m,0-14,0,Smear Positive
West Bank and Gaza Strip,2010,sp,m,15-24,2,Smear Positive
West Bank and Gaza Strip,2010,sp,m,25-34,0,Smear Positive
West Bank and Gaza Strip,2010,sp,m,35-44,2,Smear Positive
West Bank and Gaza Strip,2010,sp,m,45-54,1,Smear Positive
West Bank and Gaza Strip,2010,sp,m,55-64,1,Smear Positive
West Bank and Gaza Strip,2010,sp,m,65+,3,Smear Positive
West Bank and Gaza Strip,2010,sp,f,0-14,0,Smear Positive
West Bank and Gaza Strip,2010,sp,f,15-24,0,Smear Positive
West Bank and Gaza Strip,2010,sp,f,25-34,1,Smear Positive
West Bank and Gaza Strip,2010,sp,f,35-44,0,Smear Positive
West Bank and Gaza Strip,2010,sp,f,45-54,1,Smear Positive
West Bank and Gaza Strip,2010,sp,f,55-64,2,Smear Positive
West Bank and Gaza Strip,2010,sp,f,65+,0,Smear Positive
West Bank and Gaza Strip,2010,sn,m,0-14,0,Smear Negative
West Bank and Gaza Strip,2010,sn,m,15-24,0,Smear Negative
West Bank and Gaza Strip,2010,sn,m,25-34,1,Smear Negative
West Bank and Gaza Strip,2010,sn,m,35-44,1,Smear Negative
West Bank and Gaza Strip,2010,sn,m,45-54,0,Smear Negative
West Bank and Gaza Strip,2010,sn,m,55-64,2,Smear Negative
West Bank and Gaza Strip,2010,sn,m,65+,1,Smear Negative
West Bank and Gaza Strip,2010,sn,f,0-14,0,Smear Negative
West Bank and Gaza Strip,2010,sn,f,15-24,1,Smear Negative
West Bank and Gaza Strip,2010,sn,f,25-34,0,Smear Negative
West Bank and Gaza Strip,2010,sn,f,35-44,0,Smear Negative
West Bank and Gaza Strip,2010,sn,f,45-54,0,Smear Negative
West Bank and Gaza Strip,2010,sn,f,55-64,0,Smear Negative
West Bank and Gaza Strip,2010,sn,f,65+,0,Smear Negative
West Bank and Gaza Strip,2010,ep,m,0-14,2,Extrapulmonary
West Bank and Gaza Strip,2010,ep,m,15-24,2,Extrapulmonary
West Bank and Gaza Strip,2010,ep,m,25-34,2,Extrapulmonary
West Bank and Gaza Strip,2010,ep,m,35-44,1,Extrapulmonary
West Bank and Gaza Strip,2010,ep,m,45-54,1,Extrapulmonary
West Bank and Gaza Strip,2010,ep,m,55-64,0,Extrapulmonary
West Bank and Gaza Strip,2010,ep,m,65+,0,Extrapulmonary
West Bank and Gaza Strip,2010,ep,f,0-14,1,Extrapulmonary
West Bank and Gaza Strip,2010,ep,f,15-24,0,Extrapulmonary
West Bank and Gaza Strip,2010,ep,f,25-34,1,Extrapulmonary
West Bank and Gaza Strip,2010,ep,f,35-44,1,Extrapulmonary
West Bank and Gaza Strip,2010,ep,f,45-54,1,Extrapulmonary
West Bank and Gaza Strip,2010,ep,f,55-64,0,Extrapulmonary
West Bank and Gaza Strip,2010,ep,f,65+,0,Extrapulmonary
West Bank and Gaza Strip,2011,sp,m,0-14,1,Smear Positive
West Bank and Gaza Strip,2011,sp,m,15-24,0,Smear Positive
West Bank and Gaza Strip,2011,sp,m,25-34,1,Smear Positive
West Bank and Gaza Strip,2011,sp,m,35-44,1,Smear Positive
West Bank and Gaza Strip,2011,sp,m,45-54,1,Smear Positive
West Bank and Gaza Strip,2011,sp,m,55-64,0,Smear Positive
West Bank and Gaza Strip,2011,sp,m,65+,3,Smear Positive
West Bank and Gaza Strip,2011,sp,f,0-14,0,Smear Positive
West Bank and Gaza Strip,2011,sp,f,15-24,0,Smear Positive
West Bank and Gaza Strip,2011,sp,f,25-34,1,Smear Positive
West Bank and Gaza Strip,2011,sp,f,35-44,1,Smear Positive
West Bank and Gaza Strip,2011,sp,f,45-54,0,Smear Positive
West Bank and Gaza Strip,2011,sp,f,55-64,2,Smear Positive
West Bank and Gaza Strip,2011,sp,f,65+,0,Smear Positive
West Bank and Gaza Strip,2011,sn,m,0-14,0,Smear Negative
West Bank and Gaza Strip,2011,sn,m,15-24,0,Smear Negative
West Bank and Gaza Strip,2011,sn,m,25-34,1,Smear Negative
West Bank and Gaza Strip,2011,sn,m,35-44,0,Smear Negative
West Bank and Gaza Strip,2011,sn,m,45-54,1,Smear Negative
West Bank and Gaza Strip,2011,sn,m,55-64,0,Smear Negative
West Bank and Gaza Strip,2011,sn,m,65+,1,Smear Negative
West Bank and Gaza Strip,2011,sn,f,0-14,0,Smear Negative
West Bank and Gaza Strip,2011,sn,f,15-24,0,Smear Negative
West Bank and Gaza Strip,2011,sn,f,25-34,0,Smear Negative
West Bank and Gaza Strip,2011,sn,f,35-44,0,Smear Negative
West Bank and Gaza Strip,2011,sn,f,45-54,0,Smear Negative
West Bank and Gaza Strip,2011,sn,f,55-64,0,Smear Negative
West Bank and Gaza Strip,2011,sn,f,65+,2,Smear Negative
West Bank and Gaza Strip,2011,ep,m,0-14,3,Extrapulmonary
West Bank and Gaza Strip,2011,ep,m,15-24,0,Extrapulmonary
West Bank and Gaza Strip,2011,ep,m,25-34,1,Extrapulmonary
West Bank and Gaza Strip,2011,ep,m,35-44,1,Extrapulmonary
West Bank and Gaza Strip,2011,ep,m,45-54,3,Extrapulmonary
West Bank and Gaza Strip,2011,ep,m,55-64,1,Extrapulmonary
West Bank and Gaza Strip,2011,ep,m,65+,0,Extrapulmonary
West Bank and Gaza Strip,2011,ep,f,0-14,2,Extrapulmonary
West Bank and Gaza Strip,2011,ep,f,15-24,1,Extrapulmonary
West Bank and Gaza Strip,2011,ep,f,25-34,1,Extrapulmonary
West Bank and Gaza Strip,2011,ep,f,35-44,0,Extrapulmonary
West Bank and Gaza Strip,2011,ep,f,45-54,0,Extrapulmonary
West Bank and Gaza Strip,2011,ep,f,55-64,0,Extrapulmonary
West Bank and Gaza Strip,2011,ep,f,65+,0,Extrapulmonary
West Bank and Gaza Strip,2012,sp,m,0-14,0,Smear Positive
West Bank and Gaza Strip,2012,sp,m,15-24,2,Smear Positive
West Bank and Gaza Strip,2012,sp,m,25-34,2,Smear Positive
West Bank and Gaza Strip,2012,sp,m,35-44,1,Smear Positive
West Bank and Gaza Strip,2012,sp,m,45-54,2,Smear Positive
West Bank and Gaza Strip,2012,sp,m,55-64,4,Smear Positive
West Bank and Gaza Strip,2012,sp,m,65+,2,Smear Positive
West Bank and Gaza Strip,2012,sp,f,0-14,0,Smear Positive
West Bank and Gaza Strip,2012,sp,f,15-24,1,Smear Positive
West Bank and Gaza Strip,2012,sp,f,25-34,1,Smear Positive
West Bank and Gaza Strip,2012,sp,f,35-44,0,Smear Positive
West Bank and Gaza Strip,2012,sp,f,45-54,0,Smear Positive
West Bank and Gaza Strip,2012,sp,f,55-64,1,Smear Positive
West Bank and Gaza Strip,2012,sp,f,65+,1,Smear Positive
West Bank and Gaza Strip,2012,sn,m,0-14,0,Smear Negative
West Bank and Gaza Strip,2012,sn,m,15-24,3,Smear Negative
West Bank and Gaza Strip,2012,sn,m,25-34,1,Smear Negative
West Bank and Gaza Strip,2012,sn,m,35-44,1,Smear Negative
West Bank and Gaza Strip,2012,sn,m,45-54,0,Smear Negative
West Bank and Gaza Strip,2012,sn,m,55-64,0,Smear Negative
West Bank and Gaza Strip,2012,sn,m,65+,0,Smear Negative
West Bank and Gaza Strip,2012,sn,f,0-14,0,Smear Negative
West Bank and Gaza Strip,2012,sn,f,15-24,0,Smear Negative
West Bank and Gaza Strip,2012,sn,f,25-34,0,Smear Negative
West Bank and Gaza Strip,2012,sn,f,35-44,0,Smear Negative
West Bank and Gaza Strip,2012,sn,f,45-54,0,Smear Negative
West Bank and Gaza Strip,2012,sn,f,55-64,0,Smear Negative
West Bank and Gaza Strip,2012,sn,f,65+,1,Smear Negative
West Bank and Gaza Strip,2012,ep,m,0-14,0,Extrapulmonary
West Bank and Gaza Strip,2012,ep,m,15-24,2,Extrapulmonary
West Bank and Gaza Strip,2012,ep,m,25-34,2,Extrapulmonary
West Bank and Gaza Strip,2012,ep,m,35-44,2,Extrapulmonary
West Bank and Gaza Strip,2012,ep,m,45-54,0,Extrapulmonary
West Bank and Gaza Strip,2012,ep,m,55-64,0,Extrapulmonary
West Bank and Gaza Strip,2012,ep,m,65+,0,Extrapulmonary
West Bank and Gaza Strip,2012,ep,f,0-14,0,Extrapulmonary
West Bank and Gaza Strip,2012,ep,f,15-24,1,Extrapulmonary
West Bank and Gaza Strip,2012,ep,f,25-34,1,Extrapulmonary
West Bank and Gaza Strip,2012,ep,f,35-44,0,Extrapulmonary
West Bank and Gaza Strip,2012,ep,f,45-54,0,Extrapulmonary
West Bank and Gaza Strip,2012,ep,f,55-64,0,Extrapulmonary
West Bank and Gaza Strip,2012,ep,f,65+,0,Extrapulmonary
Yemen,1995,sp,m,0-14,57,Smear Positive
Yemen,1995,sp,m,15-24,400,Smear Positive
Yemen,1995,sp,m,25-34,605,Smear Positive
Yemen,1995,sp,m,35-44,256,Smear Positive
Yemen,1995,sp,m,45-54,201,Smear Positive
Yemen,1995,sp,m,55-64,148,Smear Positive
Yemen,1995,sp,m,65+,45,Smear Positive
Yemen,1995,sp,f,0-14,83,Smear Positive
Yemen,1995,sp,f,15-24,420,Smear Positive
Yemen,1995,sp,f,25-34,720,Smear Positive
Yemen,1995,sp,f,35-44,348,Smear Positive
Yemen,1995,sp,f,45-54,200,Smear Positive
Yemen,1995,sp,f,55-64,106,Smear Positive
Yemen,1995,sp,f,65+,92,Smear Positive
Yemen,1996,sp,m,0-14,15,Smear Positive
Yemen,1996,sp,m,15-24,91,Smear Positive
Yemen,1996,sp,m,25-34,92,Smear Positive
Yemen,1996,sp,m,35-44,71,Smear Positive
Yemen,1996,sp,m,45-54,45,Smear Positive
Yemen,1996,sp,m,55-64,15,Smear Positive
Yemen,1996,sp,m,65+,12,Smear Positive
Yemen,1996,sp,f,0-14,14,Smear Positive
Yemen,1996,sp,f,15-24,89,Smear Positive
Yemen,1996,sp,f,25-34,100,Smear Positive
Yemen,1996,sp,f,35-44,73,Smear Positive
Yemen,1996,sp,f,45-54,41,Smear Positive
Yemen,1996,sp,f,55-64,14,Smear Positive
Yemen,1996,sp,f,65+,11,Smear Positive
Yemen,1997,sp,m,0-14,87,Smear Positive
Yemen,1997,sp,m,15-24,307,Smear Positive
Yemen,1997,sp,m,25-34,1249,Smear Positive
Yemen,1997,sp,m,35-44,329,Smear Positive
Yemen,1997,sp,m,45-54,213,Smear Positive
Yemen,1997,sp,m,55-64,165,Smear Positive
Yemen,1997,sp,m,65+,34,Smear Positive
Yemen,1997,sp,f,0-14,196,Smear Positive
Yemen,1997,sp,f,15-24,872,Smear Positive
Yemen,1997,sp,f,25-34,449,Smear Positive
Yemen,1997,sp,f,35-44,474,Smear Positive
Yemen,1997,sp,f,45-54,259,Smear Positive
Yemen,1997,sp,f,55-64,71,Smear Positive
Yemen,1997,sp,f,65+,13,Smear Positive
Yemen,1998,sp,m,0-14,83,Smear Positive
Yemen,1998,sp,m,15-24,718,Smear Positive
Yemen,1998,sp,m,25-34,698,Smear Positive
Yemen,1998,sp,m,35-44,491,Smear Positive
Yemen,1998,sp,m,45-54,271,Smear Positive
Yemen,1998,sp,m,55-64,160,Smear Positive
Yemen,1998,sp,m,65+,115,Smear Positive
Yemen,1998,sp,f,0-14,115,Smear Positive
Yemen,1998,sp,f,15-24,689,Smear Positive
Yemen,1998,sp,f,25-34,632,Smear Positive
Yemen,1998,sp,f,35-44,400,Smear Positive
Yemen,1998,sp,f,45-54,294,Smear Positive
Yemen,1998,sp,f,55-64,158,Smear Positive
Yemen,1998,sp,f,65+,72,Smear Positive
Yemen,1999,sp,m,0-14,96,Smear Positive
Yemen,1999,sp,m,15-24,552,Smear Positive
Yemen,1999,sp,m,25-34,531,Smear Positive
Yemen,1999,sp,m,35-44,390,Smear Positive
Yemen,1999,sp,m,45-54,245,Smear Positive
Yemen,1999,sp,m,55-64,161,Smear Positive
Yemen,1999,sp,m,65+,85,Smear Positive
Yemen,1999,sp,f,0-14,111,Smear Positive
Yemen,1999,sp,f,15-24,557,Smear Positive
Yemen,1999,sp,f,25-34,532,Smear Positive
Yemen,1999,sp,f,35-44,426,Smear Positive
Yemen,1999,sp,f,45-54,244,Smear Positive
Yemen,1999,sp,f,55-64,120,Smear Positive
Yemen,1999,sp,f,65+,80,Smear Positive
Yemen,2000,sp,m,0-14,110,Smear Positive
Yemen,2000,sp,m,15-24,789,Smear Positive
Yemen,2000,sp,m,25-34,689,Smear Positive
Yemen,2000,sp,m,35-44,493,Smear Positive
Yemen,2000,sp,m,45-54,314,Smear Positive
Yemen,2000,sp,m,55-64,255,Smear Positive
Yemen,2000,sp,m,65+,127,Smear Positive
Yemen,2000,sp,f,0-14,161,Smear Positive
Yemen,2000,sp,f,15-24,799,Smear Positive
Yemen,2000,sp,f,25-34,627,Smear Positive
Yemen,2000,sp,f,35-44,517,Smear Positive
Yemen,2000,sp,f,45-54,345,Smear Positive
Yemen,2000,sp,f,55-64,247,Smear Positive
Yemen,2000,sp,f,65+,92,Smear Positive
Yemen,2001,sp,m,0-14,82,Smear Positive
Yemen,2001,sp,m,15-24,695,Smear Positive
Yemen,2001,sp,m,25-34,631,Smear Positive
Yemen,2001,sp,m,35-44,491,Smear Positive
Yemen,2001,sp,m,45-54,350,Smear Positive
Yemen,2001,sp,m,55-64,252,Smear Positive
Yemen,2001,sp,m,65+,114,Smear Positive
Yemen,2001,sp,f,0-14,154,Smear Positive
Yemen,2001,sp,f,15-24,647,Smear Positive
Yemen,2001,sp,f,25-34,562,Smear Positive
Yemen,2001,sp,f,35-44,452,Smear Positive
Yemen,2001,sp,f,45-54,293,Smear Positive
Yemen,2001,sp,f,55-64,192,Smear Positive
Yemen,2001,sp,f,65+,53,Smear Positive
Yemen,2002,sp,m,0-14,266,Smear Positive
Yemen,2002,sp,m,15-24,650,Smear Positive
Yemen,2002,sp,m,25-34,559,Smear Positive
Yemen,2002,sp,m,35-44,377,Smear Positive
Yemen,2002,sp,m,45-54,265,Smear Positive
Yemen,2002,sp,m,55-64,148,Smear Positive
Yemen,2002,sp,m,65+,117,Smear Positive
Yemen,2002,sp,f,0-14,163,Smear Positive
Yemen,2002,sp,f,15-24,500,Smear Positive
Yemen,2002,sp,f,25-34,443,Smear Positive
Yemen,2002,sp,f,35-44,334,Smear Positive
Yemen,2002,sp,f,45-54,244,Smear Positive
Yemen,2002,sp,f,55-64,122,Smear Positive
Yemen,2002,sp,f,65+,71,Smear Positive
Yemen,2003,sp,m,0-14,40,Smear Positive
Yemen,2003,sp,m,15-24,581,Smear Positive
Yemen,2003,sp,m,25-34,587,Smear Positive
Yemen,2003,sp,m,35-44,399,Smear Positive
Yemen,2003,sp,m,45-54,250,Smear Positive
Yemen,2003,sp,m,55-64,154,Smear Positive
Yemen,2003,sp,m,65+,103,Smear Positive
Yemen,2003,sp,f,0-14,74,Smear Positive
Yemen,2003,sp,f,15-24,470,Smear Positive
Yemen,2003,sp,f,25-34,426,Smear Positive
Yemen,2003,sp,f,35-44,317,Smear Positive
Yemen,2003,sp,f,45-54,204,Smear Positive
Yemen,2003,sp,f,55-64,114,Smear Positive
Yemen,2003,sp,f,65+,74,Smear Positive
Yemen,2004,sp,m,0-14,49,Smear Positive
Yemen,2004,sp,m,15-24,571,Smear Positive
Yemen,2004,sp,m,25-34,559,Smear Positive
Yemen,2004,sp,m,35-44,377,Smear Positive
Yemen,2004,sp,m,45-54,214,Smear Positive
Yemen,2004,sp,m,55-64,139,Smear Positive
Yemen,2004,sp,m,65+,76,Smear Positive
Yemen,2004,sp,f,0-14,72,Smear Positive
Yemen,2004,sp,f,15-24,442,Smear Positive
Yemen,2004,sp,f,25-34,376,Smear Positive
Yemen,2004,sp,f,35-44,269,Smear Positive
Yemen,2004,sp,f,45-54,160,Smear Positive
Yemen,2004,sp,f,55-64,86,Smear Positive
Yemen,2004,sp,f,65+,44,Smear Positive
Yemen,2005,sp,m,0-14,48,Smear Positive
Yemen,2005,sp,m,15-24,493,Smear Positive
Yemen,2005,sp,m,25-34,553,Smear Positive
Yemen,2005,sp,m,35-44,366,Smear Positive
Yemen,2005,sp,m,45-54,242,Smear Positive
Yemen,2005,sp,m,55-64,149,Smear Positive
Yemen,2005,sp,m,65+,78,Smear Positive
Yemen,2005,sp,f,0-14,44,Smear Positive
Yemen,2005,sp,f,15-24,426,Smear Positive
Yemen,2005,sp,f,25-34,410,Smear Positive
Yemen,2005,sp,f,35-44,265,Smear Positive
Yemen,2005,sp,f,45-54,181,Smear Positive
Yemen,2005,sp,f,55-64,85,Smear Positive
Yemen,2005,sp,f,65+,39,Smear Positive
Yemen,2006,sp,m,0-14,29,Smear Positive
Yemen,2006,sp,m,15-24,535,Smear Positive
Yemen,2006,sp,m,25-34,555,Smear Positive
Yemen,2006,sp,m,35-44,358,Smear Positive
Yemen,2006,sp,m,45-54,246,Smear Positive
Yemen,2006,sp,m,55-64,143,Smear Positive
Yemen,2006,sp,m,65+,103,Smear Positive
Yemen,2006,sp,f,0-14,55,Smear Positive
Yemen,2006,sp,f,15-24,435,Smear Positive
Yemen,2006,sp,f,25-34,358,Smear Positive
Yemen,2006,sp,f,35-44,244,Smear Positive
Yemen,2006,sp,f,45-54,166,Smear Positive
Yemen,2006,sp,f,55-64,73,Smear Positive
Yemen,2006,sp,f,65+,42,Smear Positive
Yemen,2007,sp,m,0-14,23,Smear Positive
Yemen,2007,sp,m,15-24,488,Smear Positive
Yemen,2007,sp,m,25-34,626,Smear Positive
Yemen,2007,sp,m,35-44,379,Smear Positive
Yemen,2007,sp,m,45-54,252,Smear Positive
Yemen,2007,sp,m,55-64,165,Smear Positive
Yemen,2007,sp,m,65+,119,Smear Positive
Yemen,2007,sp,f,0-14,50,Smear Positive
Yemen,2007,sp,f,15-24,430,Smear Positive
Yemen,2007,sp,f,25-34,374,Smear Positive
Yemen,2007,sp,f,35-44,272,Smear Positive
Yemen,2007,sp,f,45-54,189,Smear Positive
Yemen,2007,sp,f,55-64,113,Smear Positive
Yemen,2007,sp,f,65+,57,Smear Positive
Yemen,2007,sn,m,0-14,0,Smear Negative
Yemen,2007,sn,m,15-24,0,Smear Negative
Yemen,2007,sn,m,25-34,0,Smear Negative
Yemen,2007,sn,m,35-44,0,Smear Negative
Yemen,2007,sn,m,45-54,0,Smear Negative
Yemen,2007,sn,m,55-64,0,Smear Negative
Yemen,2007,sn,m,65+,0,Smear Negative
Yemen,2007,sn,f,0-14,0,Smear Negative
Yemen,2007,sn,f,15-24,0,Smear Negative
Yemen,2007,sn,f,25-34,0,Smear Negative
Yemen,2007,sn,f,35-44,0,Smear Negative
Yemen,2007,sn,f,45-54,0,Smear Negative
Yemen,2007,sn,f,55-64,0,Smear Negative
Yemen,2007,sn,f,65+,0,Smear Negative
Yemen,2007,ep,m,0-14,0,Extrapulmonary
Yemen,2007,ep,m,15-24,0,Extrapulmonary
Yemen,2007,ep,m,25-34,0,Extrapulmonary
Yemen,2007,ep,m,35-44,0,Extrapulmonary
Yemen,2007,ep,m,45-54,0,Extrapulmonary
Yemen,2007,ep,m,55-64,0,Extrapulmonary
Yemen,2007,ep,m,65+,0,Extrapulmonary
Yemen,2007,ep,f,0-14,0,Extrapulmonary
Yemen,2007,ep,f,15-24,0,Extrapulmonary
Yemen,2007,ep,f,25-34,0,Extrapulmonary
Yemen,2007,ep,f,35-44,0,Extrapulmonary
Yemen,2007,ep,f,45-54,0,Extrapulmonary
Yemen,2007,ep,f,55-64,0,Extrapulmonary
Yemen,2007,ep,f,65+,0,Extrapulmonary
Yemen,2008,sp,m,0-14,29,Smear Positive
Yemen,2008,sp,m,15-24,547,Smear Positive
Yemen,2008,sp,m,25-34,541,Smear Positive
Yemen,2008,sp,m,35-44,316,Smear Positive
Yemen,2008,sp,m,45-54,241,Smear Positive
Yemen,2008,sp,m,55-64,155,Smear Positive
Yemen,2008,sp,m,65+,119,Smear Positive
Yemen,2008,sp,f,0-14,57,Smear Positive
Yemen,2008,sp,f,15-24,473,Smear Positive
Yemen,2008,sp,f,25-34,455,Smear Positive
Yemen,2008,sp,f,35-44,265,Smear Positive
Yemen,2008,sp,f,45-54,179,Smear Positive
Yemen,2008,sp,f,55-64,102,Smear Positive
Yemen,2008,sp,f,65+,61,Smear Positive
Yemen,2009,sp,m,0-14,32,Smear Positive
Yemen,2009,sp,m,15-24,509,Smear Positive
Yemen,2009,sp,m,25-34,562,Smear Positive
Yemen,2009,sp,m,35-44,359,Smear Positive
Yemen,2009,sp,m,45-54,248,Smear Positive
Yemen,2009,sp,m,55-64,166,Smear Positive
Yemen,2009,sp,m,65+,121,Smear Positive
Yemen,2009,sp,f,0-14,58,Smear Positive
Yemen,2009,sp,f,15-24,476,Smear Positive
Yemen,2009,sp,f,25-34,437,Smear Positive
Yemen,2009,sp,f,35-44,269,Smear Positive
Yemen,2009,sp,f,45-54,189,Smear Positive
Yemen,2009,sp,f,55-64,90,Smear Positive
Yemen,2009,sp,f,65+,60,Smear Positive
Yemen,2010,sp,m,0-14,68,Smear Positive
Yemen,2010,sp,m,15-24,507,Smear Positive
Yemen,2010,sp,m,25-34,569,Smear Positive
Yemen,2010,sp,m,35-44,322,Smear Positive
Yemen,2010,sp,m,45-54,231,Smear Positive
Yemen,2010,sp,m,55-64,164,Smear Positive
Yemen,2010,sp,m,65+,138,Smear Positive
Yemen,2010,sp,f,0-14,98,Smear Positive
Yemen,2010,sp,f,15-24,471,Smear Positive
Yemen,2010,sp,f,25-34,409,Smear Positive
Yemen,2010,sp,f,35-44,264,Smear Positive
Yemen,2010,sp,f,45-54,174,Smear Positive
Yemen,2010,sp,f,55-64,106,Smear Positive
Yemen,2010,sp,f,65+,63,Smear Positive
Yemen,2010,sn,m,0-14,0,Smear Negative
Yemen,2010,sn,m,15-24,0,Smear Negative
Yemen,2010,sn,m,25-34,0,Smear Negative
Yemen,2010,sn,m,35-44,0,Smear Negative
Yemen,2010,sn,m,45-54,0,Smear Negative
Yemen,2010,sn,m,55-64,0,Smear Negative
Yemen,2010,sn,m,65+,0,Smear Negative
Yemen,2010,sn,f,0-14,0,Smear Negative
Yemen,2010,sn,f,15-24,0,Smear Negative
Yemen,2010,sn,f,25-34,0,Smear Negative
Yemen,2010,sn,f,35-44,0,Smear Negative
Yemen,2010,sn,f,45-54,0,Smear Negative
Yemen,2010,sn,f,55-64,0,Smear Negative
Yemen,2010,sn,f,65+,0,Smear Negative
Yemen,2010,ep,m,0-14,0,Extrapulmonary
Yemen,2010,ep,m,15-24,0,Extrapulmonary
Yemen,2010,ep,m,25-34,0,Extrapulmonary
Yemen,2010,ep,m,35-44,0,Extrapulmonary
Yemen,2010,ep,m,45-54,0,Extrapulmonary
Yemen,2010,ep,m,55-64,0,Extrapulmonary
Yemen,2010,ep,m,65+,0,Extrapulmonary
Yemen,2010,ep,f,0-14,0,Extrapulmonary
Yemen,2010,ep,f,15-24,0,Extrapulmonary
Yemen,2010,ep,f,25-34,0,Extrapulmonary
Yemen,2010,ep,f,35-44,0,Extrapulmonary
Yemen,2010,ep,f,45-54,0,Extrapulmonary
Yemen,2010,ep,f,55-64,0,Extrapulmonary
Yemen,2010,ep,f,65+,0,Extrapulmonary
Yemen,2011,sp,m,0-14,33,Smear Positive
Yemen,2011,sp,m,15-24,406,Smear Positive
Yemen,2011,sp,m,25-34,471,Smear Positive
Yemen,2011,sp,m,35-44,297,Smear Positive
Yemen,2011,sp,m,45-54,193,Smear Positive
Yemen,2011,sp,m,55-64,143,Smear Positive
Yemen,2011,sp,m,65+,96,Smear Positive
Yemen,2011,sp,f,0-14,85,Smear Positive
Yemen,2011,sp,f,15-24,446,Smear Positive
Yemen,2011,sp,f,25-34,375,Smear Positive
Yemen,2011,sp,f,35-44,251,Smear Positive
Yemen,2011,sp,f,45-54,168,Smear Positive
Yemen,2011,sp,f,55-64,113,Smear Positive
Yemen,2011,sp,f,65+,58,Smear Positive
Yemen,2012,sp,m,0-14,30,Smear Positive
Yemen,2012,sp,m,15-24,436,Smear Positive
Yemen,2012,sp,m,25-34,472,Smear Positive
Yemen,2012,sp,m,35-44,315,Smear Positive
Yemen,2012,sp,m,45-54,232,Smear Positive
Yemen,2012,sp,m,55-64,172,Smear Positive
Yemen,2012,sp,m,65+,122,Smear Positive
Yemen,2012,sp,f,0-14,75,Smear Positive
Yemen,2012,sp,f,15-24,437,Smear Positive
Yemen,2012,sp,f,25-34,381,Smear Positive
Yemen,2012,sp,f,35-44,246,Smear Positive
Yemen,2012,sp,f,45-54,207,Smear Positive
Yemen,2012,sp,f,55-64,115,Smear Positive
Yemen,2012,sp,f,65+,81,Smear Positive
Yemen,2012,sn,m,0-14,252,Smear Negative
Yemen,2012,sn,m,15-24,216,Smear Negative
Yemen,2012,sn,m,25-34,234,Smear Negative
Yemen,2012,sn,m,35-44,161,Smear Negative
Yemen,2012,sn,m,45-54,175,Smear Negative
Yemen,2012,sn,m,55-64,162,Smear Negative
Yemen,2012,sn,m,65+,185,Smear Negative
Yemen,2012,sn,f,0-14,221,Smear Negative
Yemen,2012,sn,f,15-24,244,Smear Negative
Yemen,2012,sn,f,25-34,262,Smear Negative
Yemen,2012,sn,f,35-44,186,Smear Negative
Yemen,2012,sn,f,45-54,215,Smear Negative
Yemen,2012,sn,f,55-64,172,Smear Negative
Yemen,2012,sn,f,65+,123,Smear Negative
Yemen,2012,ep,m,0-14,195,Extrapulmonary
Yemen,2012,ep,m,15-24,308,Extrapulmonary
Yemen,2012,ep,m,25-34,366,Extrapulmonary
Yemen,2012,ep,m,35-44,235,Extrapulmonary
Yemen,2012,ep,m,45-54,178,Extrapulmonary
Yemen,2012,ep,m,55-64,174,Extrapulmonary
Yemen,2012,ep,m,65+,111,Extrapulmonary
Yemen,2012,ep,f,0-14,201,Extrapulmonary
Yemen,2012,ep,f,15-24,445,Extrapulmonary
Yemen,2012,ep,f,25-34,448,Extrapulmonary
Yemen,2012,ep,f,35-44,309,Extrapulmonary
Yemen,2012,ep,f,45-54,248,Extrapulmonary
Yemen,2012,ep,f,55-64,156,Extrapulmonary
Yemen,2012,ep,f,65+,112,Extrapulmonary
Yemen,2013,rel,m,0-14,560,Relapse
Yemen,2013,rel,m,15-24,1011,Relapse
Yemen,2013,rel,m,25-34,1113,Relapse
Yemen,2013,rel,m,35-44,799,Relapse
Yemen,2013,rel,m,45-54,659,Relapse
Yemen,2013,rel,m,55-64,503,Relapse
Yemen,2013,rel,m,65+,446,Relapse
Yemen,2013,rel,f,0-14,522,Relapse
Yemen,2013,rel,f,15-24,1194,Relapse
Yemen,2013,rel,f,25-34,1087,Relapse
Yemen,2013,rel,f,35-44,825,Relapse
Yemen,2013,rel,f,45-54,736,Relapse
Yemen,2013,rel,f,55-64,512,Relapse
Yemen,2013,rel,f,65+,360,Relapse
Zambia,1995,sp,m,0-14,91,Smear Positive
Zambia,1995,sp,m,15-24,659,Smear Positive
Zambia,1995,sp,m,25-34,1668,Smear Positive
Zambia,1995,sp,m,35-44,1124,Smear Positive
Zambia,1995,sp,m,45-54,487,Smear Positive
Zambia,1995,sp,m,55-64,231,Smear Positive
Zambia,1995,sp,m,65+,130,Smear Positive
Zambia,1995,sp,f,0-14,129,Smear Positive
Zambia,1995,sp,f,15-24,1125,Smear Positive
Zambia,1995,sp,f,25-34,1779,Smear Positive
Zambia,1995,sp,f,35-44,717,Smear Positive
Zambia,1995,sp,f,45-54,257,Smear Positive
Zambia,1995,sp,f,55-64,117,Smear Positive
Zambia,1995,sp,f,65+,63,Smear Positive
Zambia,2000,sp,m,0-14,349,Smear Positive
Zambia,2000,sp,m,15-24,2175,Smear Positive
Zambia,2000,sp,m,25-34,2610,Smear Positive
Zambia,2000,sp,m,35-44,3045,Smear Positive
Zambia,2000,sp,m,45-54,435,Smear Positive
Zambia,2000,sp,m,55-64,261,Smear Positive
Zambia,2000,sp,m,65+,174,Smear Positive
Zambia,2000,sp,f,0-14,150,Smear Positive
Zambia,2000,sp,f,15-24,932,Smear Positive
Zambia,2000,sp,f,25-34,1118,Smear Positive
Zambia,2000,sp,f,35-44,1305,Smear Positive
Zambia,2000,sp,f,45-54,186,Smear Positive
Zambia,2000,sp,f,55-64,112,Smear Positive
Zambia,2000,sp,f,65+,75,Smear Positive
Zambia,2002,sp,m,0-14,1135,Smear Positive
Zambia,2002,sp,m,15-24,1013,Smear Positive
Zambia,2002,sp,m,25-34,3051,Smear Positive
Zambia,2002,sp,m,35-44,2000,Smear Positive
Zambia,2002,sp,m,45-54,788,Smear Positive
Zambia,2002,sp,m,55-64,162,Smear Positive
Zambia,2002,sp,m,65+,405,Smear Positive
Zambia,2002,sp,f,0-14,1099,Smear Positive
Zambia,2002,sp,f,15-24,1383,Smear Positive
Zambia,2002,sp,f,25-34,2730,Smear Positive
Zambia,2002,sp,f,35-44,1434,Smear Positive
Zambia,2002,sp,f,45-54,657,Smear Positive
Zambia,2002,sp,f,55-64,297,Smear Positive
Zambia,2002,sp,f,65+,197,Smear Positive
Zambia,2003,sp,m,0-14,302,Smear Positive
Zambia,2003,sp,m,15-24,1733,Smear Positive
Zambia,2003,sp,m,25-34,4182,Smear Positive
Zambia,2003,sp,m,35-44,2390,Smear Positive
Zambia,2003,sp,m,45-54,995,Smear Positive
Zambia,2003,sp,m,55-64,386,Smear Positive
Zambia,2003,sp,m,65+,308,Smear Positive
Zambia,2003,sp,f,0-14,292,Smear Positive
Zambia,2003,sp,f,15-24,2061,Smear Positive
Zambia,2003,sp,f,25-34,3439,Smear Positive
Zambia,2003,sp,f,35-44,1626,Smear Positive
Zambia,2003,sp,f,45-54,680,Smear Positive
Zambia,2003,sp,f,55-64,297,Smear Positive
Zambia,2003,sp,f,65+,243,Smear Positive
Zambia,2004,sp,m,0-14,209,Smear Positive
Zambia,2004,sp,m,15-24,1498,Smear Positive
Zambia,2004,sp,m,25-34,3963,Smear Positive
Zambia,2004,sp,m,35-44,2262,Smear Positive
Zambia,2004,sp,m,45-54,968,Smear Positive
Zambia,2004,sp,m,55-64,313,Smear Positive
Zambia,2004,sp,m,65+,324,Smear Positive
Zambia,2004,sp,f,0-14,247,Smear Positive
Zambia,2004,sp,f,15-24,1811,Smear Positive
Zambia,2004,sp,f,25-34,2961,Smear Positive
Zambia,2004,sp,f,35-44,1646,Smear Positive
Zambia,2004,sp,f,45-54,608,Smear Positive
Zambia,2004,sp,f,55-64,245,Smear Positive
Zambia,2004,sp,f,65+,192,Smear Positive
Zambia,2005,sp,m,0-14,135,Smear Positive
Zambia,2005,sp,m,15-24,1240,Smear Positive
Zambia,2005,sp,m,25-34,3166,Smear Positive
Zambia,2005,sp,m,35-44,2160,Smear Positive
Zambia,2005,sp,m,45-54,917,Smear Positive
Zambia,2005,sp,m,55-64,358,Smear Positive
Zambia,2005,sp,m,65+,321,Smear Positive
Zambia,2005,sp,f,0-14,168,Smear Positive
Zambia,2005,sp,f,15-24,1507,Smear Positive
Zambia,2005,sp,f,25-34,2463,Smear Positive
Zambia,2005,sp,f,35-44,1433,Smear Positive
Zambia,2005,sp,f,45-54,569,Smear Positive
Zambia,2005,sp,f,55-64,235,Smear Positive
Zambia,2005,sp,f,65+,185,Smear Positive
Zambia,2006,sp,m,0-14,150,Smear Positive
Zambia,2006,sp,m,15-24,945,Smear Positive
Zambia,2006,sp,m,25-34,3496,Smear Positive
Zambia,2006,sp,m,35-44,1645,Smear Positive
Zambia,2006,sp,m,45-54,684,Smear Positive
Zambia,2006,sp,m,55-64,323,Smear Positive
Zambia,2006,sp,m,65+,186,Smear Positive
Zambia,2006,sp,f,0-14,224,Smear Positive
Zambia,2006,sp,f,15-24,1500,Smear Positive
Zambia,2006,sp,f,25-34,2834,Smear Positive
Zambia,2006,sp,f,35-44,1257,Smear Positive
Zambia,2006,sp,f,45-54,452,Smear Positive
Zambia,2006,sp,f,55-64,207,Smear Positive
Zambia,2006,sp,f,65+,122,Smear Positive
Zambia,2007,sp,m,0-14,152,Smear Positive
Zambia,2007,sp,m,15-24,1235,Smear Positive
Zambia,2007,sp,m,25-34,2971,Smear Positive
Zambia,2007,sp,m,35-44,1848,Smear Positive
Zambia,2007,sp,m,45-54,805,Smear Positive
Zambia,2007,sp,m,55-64,319,Smear Positive
Zambia,2007,sp,m,65+,204,Smear Positive
Zambia,2007,sp,f,0-14,195,Smear Positive
Zambia,2007,sp,f,15-24,1335,Smear Positive
Zambia,2007,sp,f,25-34,2193,Smear Positive
Zambia,2007,sp,f,35-44,1188,Smear Positive
Zambia,2007,sp,f,45-54,558,Smear Positive
Zambia,2007,sp,f,55-64,244,Smear Positive
Zambia,2007,sp,f,65+,131,Smear Positive
Zambia,2008,sp,m,0-14,101,Smear Positive
Zambia,2008,sp,m,15-24,1120,Smear Positive
Zambia,2008,sp,m,25-34,3244,Smear Positive
Zambia,2008,sp,m,35-44,2094,Smear Positive
Zambia,2008,sp,m,45-54,737,Smear Positive
Zambia,2008,sp,m,55-64,299,Smear Positive
Zambia,2008,sp,m,65+,229,Smear Positive
Zambia,2008,sp,f,0-14,165,Smear Positive
Zambia,2008,sp,f,15-24,1246,Smear Positive
Zambia,2008,sp,f,25-34,2062,Smear Positive
Zambia,2008,sp,f,35-44,1114,Smear Positive
Zambia,2008,sp,f,45-54,498,Smear Positive
Zambia,2008,sp,f,55-64,187,Smear Positive
Zambia,2008,sp,f,65+,115,Smear Positive
Zambia,2009,sp,m,0-14,92,Smear Positive
Zambia,2009,sp,m,15-24,1057,Smear Positive
Zambia,2009,sp,m,25-34,3181,Smear Positive
Zambia,2009,sp,m,35-44,2169,Smear Positive
Zambia,2009,sp,m,45-54,792,Smear Positive
Zambia,2009,sp,m,55-64,270,Smear Positive
Zambia,2009,sp,m,65+,237,Smear Positive
Zambia,2009,sp,f,0-14,145,Smear Positive
Zambia,2009,sp,f,15-24,1051,Smear Positive
Zambia,2009,sp,f,25-34,1935,Smear Positive
Zambia,2009,sp,f,35-44,1151,Smear Positive
Zambia,2009,sp,f,45-54,468,Smear Positive
Zambia,2009,sp,f,55-64,192,Smear Positive
Zambia,2009,sp,f,65+,126,Smear Positive
Zambia,2011,sp,m,0-14,105,Smear Positive
Zambia,2011,sp,m,15-24,1033,Smear Positive
Zambia,2011,sp,m,25-34,2897,Smear Positive
Zambia,2011,sp,m,35-44,2194,Smear Positive
Zambia,2011,sp,m,45-54,810,Smear Positive
Zambia,2011,sp,m,55-64,280,Smear Positive
Zambia,2011,sp,m,65+,207,Smear Positive
Zambia,2011,sp,f,0-14,151,Smear Positive
Zambia,2011,sp,f,15-24,940,Smear Positive
Zambia,2011,sp,f,25-34,1683,Smear Positive
Zambia,2011,sp,f,35-44,1063,Smear Positive
Zambia,2011,sp,f,45-54,422,Smear Positive
Zambia,2011,sp,f,55-64,162,Smear Positive
Zambia,2011,sp,f,65+,99,Smear Positive
Zambia,2011,sn,m,0-14,1057,Smear Negative
Zambia,2011,sn,m,15-24,987,Smear Negative
Zambia,2011,sn,m,25-34,3731,Smear Negative
Zambia,2011,sn,m,35-44,3387,Smear Negative
Zambia,2011,sn,m,45-54,1387,Smear Negative
Zambia,2011,sn,m,55-64,672,Smear Negative
Zambia,2011,sn,m,65+,591,Smear Negative
Zambia,2011,sn,f,0-14,970,Smear Negative
Zambia,2011,sn,f,15-24,1128,Smear Negative
Zambia,2011,sn,f,25-34,2625,Smear Negative
Zambia,2011,sn,f,35-44,1836,Smear Negative
Zambia,2011,sn,f,45-54,849,Smear Negative
Zambia,2011,sn,f,55-64,422,Smear Negative
Zambia,2011,sn,f,65+,362,Smear Negative
Zambia,2011,ep,m,0-14,800,Extrapulmonary
Zambia,2011,ep,m,15-24,530,Extrapulmonary
Zambia,2011,ep,m,25-34,1524,Extrapulmonary
Zambia,2011,ep,m,35-44,1459,Extrapulmonary
Zambia,2011,ep,m,45-54,625,Extrapulmonary
Zambia,2011,ep,m,55-64,226,Extrapulmonary
Zambia,2011,ep,m,65+,237,Extrapulmonary
Zambia,2011,ep,f,0-14,729,Extrapulmonary
Zambia,2011,ep,f,15-24,648,Extrapulmonary
Zambia,2011,ep,f,25-34,1320,Extrapulmonary
Zambia,2011,ep,f,35-44,910,Extrapulmonary
Zambia,2011,ep,f,45-54,448,Extrapulmonary
Zambia,2011,ep,f,55-64,256,Extrapulmonary
Zambia,2011,ep,f,65+,196,Extrapulmonary
Zambia,2012,sp,m,0-14,141,Smear Positive
Zambia,2012,sp,m,15-24,1003,Smear Positive
Zambia,2012,sp,m,25-34,3088,Smear Positive
Zambia,2012,sp,m,35-44,2412,Smear Positive
Zambia,2012,sp,m,45-54,846,Smear Positive
Zambia,2012,sp,m,55-64,319,Smear Positive
Zambia,2012,sp,m,65+,220,Smear Positive
Zambia,2012,sp,f,0-14,180,Smear Positive
Zambia,2012,sp,f,15-24,1024,Smear Positive
Zambia,2012,sp,f,25-34,1646,Smear Positive
Zambia,2012,sp,f,35-44,1077,Smear Positive
Zambia,2012,sp,f,45-54,376,Smear Positive
Zambia,2012,sp,f,55-64,189,Smear Positive
Zambia,2012,sp,f,65+,124,Smear Positive
Zambia,2012,sn,m,0-14,852,Smear Negative
Zambia,2012,sn,m,15-24,855,Smear Negative
Zambia,2012,sn,m,25-34,3103,Smear Negative
Zambia,2012,sn,m,35-44,2877,Smear Negative
Zambia,2012,sn,m,45-54,1252,Smear Negative
Zambia,2012,sn,m,55-64,568,Smear Negative
Zambia,2012,sn,m,65+,536,Smear Negative
Zambia,2012,sn,f,0-14,785,Smear Negative
Zambia,2012,sn,f,15-24,983,Smear Negative
Zambia,2012,sn,f,25-34,2131,Smear Negative
Zambia,2012,sn,f,35-44,1637,Smear Negative
Zambia,2012,sn,f,45-54,777,Smear Negative
Zambia,2012,sn,f,55-64,380,Smear Negative
Zambia,2012,sn,f,65+,314,Smear Negative
Zambia,2012,ep,m,0-14,744,Extrapulmonary
Zambia,2012,ep,m,15-24,526,Extrapulmonary
Zambia,2012,ep,m,25-34,1423,Extrapulmonary
Zambia,2012,ep,m,35-44,1364,Extrapulmonary
Zambia,2012,ep,m,45-54,577,Extrapulmonary
Zambia,2012,ep,m,55-64,272,Extrapulmonary
Zambia,2012,ep,m,65+,248,Extrapulmonary
Zambia,2012,ep,f,0-14,630,Extrapulmonary
Zambia,2012,ep,f,15-24,616,Extrapulmonary
Zambia,2012,ep,f,25-34,1196,Extrapulmonary
Zambia,2012,ep,f,35-44,808,Extrapulmonary
Zambia,2012,ep,f,45-54,403,Extrapulmonary
Zambia,2012,ep,f,55-64,209,Extrapulmonary
Zambia,2012,ep,f,65+,158,Extrapulmonary
Zambia,2013,rel,m,0-14,1637,Relapse
Zambia,2013,rel,m,15-24,2428,Relapse
Zambia,2013,rel,m,25-34,7808,Relapse
Zambia,2013,rel,m,35-44,6918,Relapse
Zambia,2013,rel,m,45-54,2950,Relapse
Zambia,2013,rel,m,55-64,1286,Relapse
Zambia,2013,rel,m,65+,1112,Relapse
Zambia,2013,rel,f,0-14,1517,Relapse
Zambia,2013,rel,f,15-24,2709,Relapse
Zambia,2013,rel,f,25-34,5157,Relapse
Zambia,2013,rel,f,35-44,3752,Relapse
Zambia,2013,rel,f,45-54,1754,Relapse
Zambia,2013,rel,f,55-64,941,Relapse
Zambia,2013,rel,f,65+,669,Relapse
Zimbabwe,2002,sp,m,0-14,191,Smear Positive
Zimbabwe,2002,sp,m,15-24,600,Smear Positive
Zimbabwe,2002,sp,m,25-34,2548,Smear Positive
Zimbabwe,2002,sp,m,35-44,1662,Smear Positive
Zimbabwe,2002,sp,m,45-54,744,Smear Positive
Zimbabwe,2002,sp,m,55-64,315,Smear Positive
Zimbabwe,2002,sp,m,65+,159,Smear Positive
Zimbabwe,2002,sp,f,0-14,222,Smear Positive
Zimbabwe,2002,sp,f,15-24,914,Smear Positive
Zimbabwe,2002,sp,f,25-34,2185,Smear Positive
Zimbabwe,2002,sp,f,35-44,1095,Smear Positive
Zimbabwe,2002,sp,f,45-54,421,Smear Positive
Zimbabwe,2002,sp,f,55-64,140,Smear Positive
Zimbabwe,2002,sp,f,65+,65,Smear Positive
Zimbabwe,2003,sp,m,0-14,133,Smear Positive
Zimbabwe,2003,sp,m,15-24,874,Smear Positive
Zimbabwe,2003,sp,m,25-34,3048,Smear Positive
Zimbabwe,2003,sp,m,35-44,2228,Smear Positive
Zimbabwe,2003,sp,m,45-54,981,Smear Positive
Zimbabwe,2003,sp,m,55-64,367,Smear Positive
Zimbabwe,2003,sp,m,65+,205,Smear Positive
Zimbabwe,2003,sp,f,0-14,180,Smear Positive
Zimbabwe,2003,sp,f,15-24,1232,Smear Positive
Zimbabwe,2003,sp,f,25-34,2856,Smear Positive
Zimbabwe,2003,sp,f,35-44,1480,Smear Positive
Zimbabwe,2003,sp,f,45-54,565,Smear Positive
Zimbabwe,2003,sp,f,55-64,225,Smear Positive
Zimbabwe,2003,sp,f,65+,114,Smear Positive
Zimbabwe,2004,sp,m,0-14,187,Smear Positive
Zimbabwe,2004,sp,m,15-24,833,Smear Positive
Zimbabwe,2004,sp,m,25-34,2908,Smear Positive
Zimbabwe,2004,sp,m,35-44,2298,Smear Positive
Zimbabwe,2004,sp,m,45-54,1056,Smear Positive
Zimbabwe,2004,sp,m,55-64,366,Smear Positive
Zimbabwe,2004,sp,m,65+,198,Smear Positive
Zimbabwe,2004,sp,f,0-14,225,Smear Positive
Zimbabwe,2004,sp,f,15-24,1140,Smear Positive
Zimbabwe,2004,sp,f,25-34,2858,Smear Positive
Zimbabwe,2004,sp,f,35-44,1565,Smear Positive
Zimbabwe,2004,sp,f,45-54,622,Smear Positive
Zimbabwe,2004,sp,f,55-64,214,Smear Positive
Zimbabwe,2004,sp,f,65+,111,Smear Positive
Zimbabwe,2005,sp,m,0-14,210,Smear Positive
Zimbabwe,2005,sp,m,15-24,837,Smear Positive
Zimbabwe,2005,sp,m,25-34,2264,Smear Positive
Zimbabwe,2005,sp,m,35-44,1855,Smear Positive
Zimbabwe,2005,sp,m,45-54,762,Smear Positive
Zimbabwe,2005,sp,m,55-64,295,Smear Positive
Zimbabwe,2005,sp,m,65+,656,Smear Positive
Zimbabwe,2005,sp,f,0-14,269,Smear Positive
Zimbabwe,2005,sp,f,15-24,1136,Smear Positive
Zimbabwe,2005,sp,f,25-34,2242,Smear Positive
Zimbabwe,2005,sp,f,35-44,1255,Smear Positive
Zimbabwe,2005,sp,f,45-54,578,Smear Positive
Zimbabwe,2005,sp,f,55-64,193,Smear Positive
Zimbabwe,2005,sp,f,65+,603,Smear Positive
Zimbabwe,2006,sp,m,0-14,215,Smear Positive
Zimbabwe,2006,sp,m,15-24,736,Smear Positive
Zimbabwe,2006,sp,m,25-34,2391,Smear Positive
Zimbabwe,2006,sp,m,35-44,1939,Smear Positive
Zimbabwe,2006,sp,m,45-54,896,Smear Positive
Zimbabwe,2006,sp,m,55-64,348,Smear Positive
Zimbabwe,2006,sp,m,65+,199,Smear Positive
Zimbabwe,2006,sp,f,0-14,237,Smear Positive
Zimbabwe,2006,sp,f,15-24,1020,Smear Positive
Zimbabwe,2006,sp,f,25-34,2424,Smear Positive
Zimbabwe,2006,sp,f,35-44,1355,Smear Positive
Zimbabwe,2006,sp,f,45-54,632,Smear Positive
Zimbabwe,2006,sp,f,55-64,230,Smear Positive
Zimbabwe,2006,sp,f,65+,96,Smear Positive
Zimbabwe,2006,sn,m,0-14,1558,Smear Negative
Zimbabwe,2006,sn,m,15-24,699,Smear Negative
Zimbabwe,2006,sn,m,25-34,3268,Smear Negative
Zimbabwe,2006,sn,m,35-44,3394,Smear Negative
Zimbabwe,2006,sn,m,45-54,1729,Smear Negative
Zimbabwe,2006,sn,m,55-64,804,Smear Negative
Zimbabwe,2006,sn,m,65+,543,Smear Negative
Zimbabwe,2006,sn,f,0-14,1458,Smear Negative
Zimbabwe,2006,sn,f,15-24,1217,Smear Negative
Zimbabwe,2006,sn,f,25-34,4013,Smear Negative
Zimbabwe,2006,sn,f,35-44,2806,Smear Negative
Zimbabwe,2006,sn,f,45-54,1400,Smear Negative
Zimbabwe,2006,sn,f,55-64,577,Smear Negative
Zimbabwe,2006,sn,f,65+,309,Smear Negative
Zimbabwe,2006,ep,m,0-14,288,Extrapulmonary
Zimbabwe,2006,ep,m,15-24,253,Extrapulmonary
Zimbabwe,2006,ep,m,25-34,1024,Extrapulmonary
Zimbabwe,2006,ep,m,35-44,1001,Extrapulmonary
Zimbabwe,2006,ep,m,45-54,434,Extrapulmonary
Zimbabwe,2006,ep,m,55-64,177,Extrapulmonary
Zimbabwe,2006,ep,m,65+,127,Extrapulmonary
Zimbabwe,2006,ep,f,0-14,278,Extrapulmonary
Zimbabwe,2006,ep,f,15-24,403,Extrapulmonary
Zimbabwe,2006,ep,f,25-34,1129,Extrapulmonary
Zimbabwe,2006,ep,f,35-44,821,Extrapulmonary
Zimbabwe,2006,ep,f,45-54,384,Extrapulmonary
Zimbabwe,2006,ep,f,55-64,148,Extrapulmonary
Zimbabwe,2006,ep,f,65+,92,Extrapulmonary
Zimbabwe,2007,sp,m,0-14,138,Smear Positive
Zimbabwe,2007,sp,m,15-24,500,Smear Positive
Zimbabwe,2007,sp,m,25-34,3693,Smear Positive
Zimbabwe,2007,sp,m,35-44,0,Smear Positive
Zimbabwe,2007,sp,m,45-54,716,Smear Positive
Zimbabwe,2007,sp,m,55-64,292,Smear Positive
Zimbabwe,2007,sp,m,65+,153,Smear Positive
Zimbabwe,2007,sp,f,0-14,185,Smear Positive
Zimbabwe,2007,sp,f,15-24,739,Smear Positive
Zimbabwe,2007,sp,f,25-34,3311,Smear Positive
Zimbabwe,2007,sp,f,35-44,0,Smear Positive
Zimbabwe,2007,sp,f,45-54,553,Smear Positive
Zimbabwe,2007,sp,f,55-64,213,Smear Positive
Zimbabwe,2007,sp,f,65+,90,Smear Positive
Zimbabwe,2007,sn,m,0-14,2347,Smear Negative
Zimbabwe,2007,sn,m,15-24,6460,Smear Negative
Zimbabwe,2007,sn,m,25-34,740,Smear Negative
Zimbabwe,2007,sn,m,35-44,0,Smear Negative
Zimbabwe,2007,sn,m,45-54,222,Smear Negative
Zimbabwe,2007,sn,m,55-64,89,Smear Negative
Zimbabwe,2007,sn,m,65+,65,Smear Negative
Zimbabwe,2007,sn,f,0-14,3329,Smear Negative
Zimbabwe,2007,sn,f,15-24,7692,Smear Negative
Zimbabwe,2007,sn,f,25-34,748,Smear Negative
Zimbabwe,2007,sn,f,35-44,0,Smear Negative
Zimbabwe,2007,sn,f,45-54,144,Smear Negative
Zimbabwe,2007,sn,f,55-64,82,Smear Negative
Zimbabwe,2007,sn,f,65+,46,Smear Negative
Zimbabwe,2007,ep,m,0-14,241,Extrapulmonary
Zimbabwe,2007,ep,m,15-24,2949,Extrapulmonary
Zimbabwe,2007,ep,m,25-34,98,Extrapulmonary
Zimbabwe,2007,ep,m,35-44,0,Extrapulmonary
Zimbabwe,2007,ep,m,45-54,30,Extrapulmonary
Zimbabwe,2007,ep,m,55-64,18,Extrapulmonary
Zimbabwe,2007,ep,m,65+,14,Extrapulmonary
Zimbabwe,2007,ep,f,0-14,193,Extrapulmonary
Zimbabwe,2007,ep,f,15-24,2670,Extrapulmonary
Zimbabwe,2007,ep,f,25-34,120,Extrapulmonary
Zimbabwe,2007,ep,f,35-44,0,Extrapulmonary
Zimbabwe,2007,ep,f,45-54,27,Extrapulmonary
Zimbabwe,2007,ep,f,55-64,12,Extrapulmonary
Zimbabwe,2007,ep,f,65+,9,Extrapulmonary
Zimbabwe,2008,sp,m,0-14,127,Smear Positive
Zimbabwe,2008,sp,m,15-24,614,Smear Positive
Zimbabwe,2008,sp,m,25-34,0,Smear Positive
Zimbabwe,2008,sp,m,35-44,3316,Smear Positive
Zimbabwe,2008,sp,m,45-54,704,Smear Positive
Zimbabwe,2008,sp,m,55-64,263,Smear Positive
Zimbabwe,2008,sp,m,65+,185,Smear Positive
Zimbabwe,2008,sp,f,0-14,145,Smear Positive
Zimbabwe,2008,sp,f,15-24,840,Smear Positive
Zimbabwe,2008,sp,f,25-34,0,Smear Positive
Zimbabwe,2008,sp,f,35-44,2890,Smear Positive
Zimbabwe,2008,sp,f,45-54,467,Smear Positive
Zimbabwe,2008,sp,f,55-64,174,Smear Positive
Zimbabwe,2008,sp,f,65+,105,Smear Positive
Zimbabwe,2008,sn,m,0-14,1364,Smear Negative
Zimbabwe,2008,sn,m,15-24,837,Smear Negative
Zimbabwe,2008,sn,m,25-34,0,Smear Negative
Zimbabwe,2008,sn,m,35-44,5521,Smear Negative
Zimbabwe,2008,sn,m,45-54,1388,Smear Negative
Zimbabwe,2008,sn,m,55-64,613,Smear Negative
Zimbabwe,2008,sn,m,65+,490,Smear Negative
Zimbabwe,2008,sn,f,0-14,1262,Smear Negative
Zimbabwe,2008,sn,f,15-24,1263,Smear Negative
Zimbabwe,2008,sn,f,25-34,0,Smear Negative
Zimbabwe,2008,sn,f,35-44,5639,Smear Negative
Zimbabwe,2008,sn,f,45-54,1129,Smear Negative
Zimbabwe,2008,sn,f,55-64,490,Smear Negative
Zimbabwe,2008,sn,f,65+,303,Smear Negative
Zimbabwe,2008,ep,m,0-14,222,Extrapulmonary
Zimbabwe,2008,ep,m,15-24,252,Extrapulmonary
Zimbabwe,2008,ep,m,25-34,0,Extrapulmonary
Zimbabwe,2008,ep,m,35-44,1862,Extrapulmonary
Zimbabwe,2008,ep,m,45-54,457,Extrapulmonary
Zimbabwe,2008,ep,m,55-64,183,Extrapulmonary
Zimbabwe,2008,ep,m,65+,147,Extrapulmonary
Zimbabwe,2008,ep,f,0-14,224,Extrapulmonary
Zimbabwe,2008,ep,f,15-24,394,Extrapulmonary
Zimbabwe,2008,ep,f,25-34,0,Extrapulmonary
Zimbabwe,2008,ep,f,35-44,1622,Extrapulmonary
Zimbabwe,2008,ep,f,45-54,322,Extrapulmonary
Zimbabwe,2008,ep,f,55-64,142,Extrapulmonary
Zimbabwe,2008,ep,f,65+,104,Extrapulmonary
Zimbabwe,2009,sp,m,0-14,125,Smear Positive
Zimbabwe,2009,sp,m,15-24,578,Smear Positive
Zimbabwe,2009,sp,m,35-44,3471,Smear Positive
Zimbabwe,2009,sp,m,45-54,681,Smear Positive
Zimbabwe,2009,sp,m,55-64,293,Smear Positive
Zimbabwe,2009,sp,m,65+,192,Smear Positive
Zimbabwe,2009,sp,f,0-14,180,Smear Positive
Zimbabwe,2009,sp,f,15-24,873,Smear Positive
Zimbabwe,2009,sp,f,35-44,3028,Smear Positive
Zimbabwe,2009,sp,f,45-54,419,Smear Positive
Zimbabwe,2009,sp,f,55-64,229,Smear Positive
Zimbabwe,2009,sp,f,65+,126,Smear Positive
Zimbabwe,2009,sn,m,0-14,1560,Smear Negative
Zimbabwe,2009,sn,m,15-24,860,Smear Negative
Zimbabwe,2009,sn,m,35-44,6496,Smear Negative
Zimbabwe,2009,sn,m,45-54,1655,Smear Negative
Zimbabwe,2009,sn,m,55-64,882,Smear Negative
Zimbabwe,2009,sn,m,65+,861,Smear Negative
Zimbabwe,2009,sn,f,0-14,1425,Smear Negative
Zimbabwe,2009,sn,f,15-24,1334,Smear Negative
Zimbabwe,2009,sn,f,35-44,7023,Smear Negative
Zimbabwe,2009,sn,f,45-54,1551,Smear Negative
Zimbabwe,2009,sn,f,55-64,729,Smear Negative
Zimbabwe,2009,sn,f,65+,514,Smear Negative
Zimbabwe,2009,ep,m,0-14,244,Extrapulmonary
Zimbabwe,2009,ep,m,15-24,266,Extrapulmonary
Zimbabwe,2009,ep,m,25-34,0,Extrapulmonary
Zimbabwe,2009,ep,m,35-44,1922,Extrapulmonary
Zimbabwe,2009,ep,m,45-54,491,Extrapulmonary
Zimbabwe,2009,ep,m,55-64,231,Extrapulmonary
Zimbabwe,2009,ep,m,65+,223,Extrapulmonary
Zimbabwe,2009,ep,f,0-14,210,Extrapulmonary
Zimbabwe,2009,ep,f,15-24,394,Extrapulmonary
Zimbabwe,2009,ep,f,25-34,0,Extrapulmonary
Zimbabwe,2009,ep,f,35-44,1944,Extrapulmonary
Zimbabwe,2009,ep,f,45-54,438,Extrapulmonary
Zimbabwe,2009,ep,f,55-64,182,Extrapulmonary
Zimbabwe,2009,ep,f,65+,138,Extrapulmonary
Zimbabwe,2010,sp,m,0-14,150,Smear Positive
Zimbabwe,2010,sp,m,15-24,710,Smear Positive
Zimbabwe,2010,sp,m,25-34,2208,Smear Positive
Zimbabwe,2010,sp,m,35-44,1682,Smear Positive
Zimbabwe,2010,sp,m,45-54,761,Smear Positive
Zimbabwe,2010,sp,m,55-64,350,Smear Positive
Zimbabwe,2010,sp,m,65+,252,Smear Positive
Zimbabwe,2010,sp,f,0-14,173,Smear Positive
Zimbabwe,2010,sp,f,15-24,974,Smear Positive
Zimbabwe,2010,sp,f,25-34,2185,Smear Positive
Zimbabwe,2010,sp,f,35-44,1283,Smear Positive
Zimbabwe,2010,sp,f,45-54,490,Smear Positive
Zimbabwe,2010,sp,f,55-64,265,Smear Positive
Zimbabwe,2010,sp,f,65+,171,Smear Positive
Zimbabwe,2010,sn,m,0-14,1826,Smear Negative
Zimbabwe,2010,sn,m,15-24,821,Smear Negative
Zimbabwe,2010,sn,m,25-34,3342,Smear Negative
Zimbabwe,2010,sn,m,35-44,3270,Smear Negative
Zimbabwe,2010,sn,m,45-54,1545,Smear Negative
Zimbabwe,2010,sn,m,55-64,882,Smear Negative
Zimbabwe,2010,sn,m,65+,864,Smear Negative
Zimbabwe,2010,sn,f,0-14,1732,Smear Negative
Zimbabwe,2010,sn,f,15-24,1282,Smear Negative
Zimbabwe,2010,sn,f,25-34,4013,Smear Negative
Zimbabwe,2010,sn,f,35-44,2851,Smear Negative
Zimbabwe,2010,sn,f,45-54,1377,Smear Negative
Zimbabwe,2010,sn,f,55-64,789,Smear Negative
Zimbabwe,2010,sn,f,65+,563,Smear Negative
Zimbabwe,2010,ep,m,0-14,270,Extrapulmonary
Zimbabwe,2010,ep,m,15-24,243,Extrapulmonary
Zimbabwe,2010,ep,m,25-34,902,Extrapulmonary
Zimbabwe,2010,ep,m,35-44,868,Extrapulmonary
Zimbabwe,2010,ep,m,45-54,418,Extrapulmonary
Zimbabwe,2010,ep,m,55-64,229,Extrapulmonary
Zimbabwe,2010,ep,m,65+,192,Extrapulmonary
Zimbabwe,2010,ep,f,0-14,220,Extrapulmonary
Zimbabwe,2010,ep,f,15-24,319,Extrapulmonary
Zimbabwe,2010,ep,f,25-34,1058,Extrapulmonary
Zimbabwe,2010,ep,f,35-44,677,Extrapulmonary
Zimbabwe,2010,ep,f,45-54,338,Extrapulmonary
Zimbabwe,2010,ep,f,55-64,181,Extrapulmonary
Zimbabwe,2010,ep,f,65+,146,Extrapulmonary
Zimbabwe,2011,sp,m,0-14,152,Smear Positive
Zimbabwe,2011,sp,m,15-24,784,Smear Positive
Zimbabwe,2011,sp,m,25-34,2467,Smear Positive
Zimbabwe,2011,sp,m,35-44,2071,Smear Positive
Zimbabwe,2011,sp,m,45-54,780,Smear Positive
Zimbabwe,2011,sp,m,55-64,377,Smear Positive
Zimbabwe,2011,sp,m,65+,278,Smear Positive
Zimbabwe,2011,sp,f,0-14,174,Smear Positive
Zimbabwe,2011,sp,f,15-24,1084,Smear Positive
Zimbabwe,2011,sp,f,25-34,2161,Smear Positive
Zimbabwe,2011,sp,f,35-44,1386,Smear Positive
Zimbabwe,2011,sp,f,45-54,448,Smear Positive
Zimbabwe,2011,sp,f,55-64,274,Smear Positive
Zimbabwe,2011,sp,f,65+,160,Smear Positive
Zimbabwe,2011,sn,m,0-14,1364,Smear Negative
Zimbabwe,2011,sn,m,15-24,596,Smear Negative
Zimbabwe,2011,sn,m,25-34,2473,Smear Negative
Zimbabwe,2011,sn,m,35-44,2813,Smear Negative
Zimbabwe,2011,sn,m,45-54,1264,Smear Negative
Zimbabwe,2011,sn,m,55-64,702,Smear Negative
Zimbabwe,2011,sn,m,65+,728,Smear Negative
Zimbabwe,2011,sn,f,0-14,1271,Smear Negative
Zimbabwe,2011,sn,f,15-24,947,Smear Negative
Zimbabwe,2011,sn,f,25-34,2754,Smear Negative
Zimbabwe,2011,sn,f,35-44,2216,Smear Negative
Zimbabwe,2011,sn,f,45-54,962,Smear Negative
Zimbabwe,2011,sn,f,55-64,587,Smear Negative
Zimbabwe,2011,sn,f,65+,495,Smear Negative
Zimbabwe,2011,ep,m,0-14,250,Extrapulmonary
Zimbabwe,2011,ep,m,15-24,195,Extrapulmonary
Zimbabwe,2011,ep,m,25-34,746,Extrapulmonary
Zimbabwe,2011,ep,m,35-44,796,Extrapulmonary
Zimbabwe,2011,ep,m,45-54,342,Extrapulmonary
Zimbabwe,2011,ep,m,55-64,172,Extrapulmonary
Zimbabwe,2011,ep,m,65+,172,Extrapulmonary
Zimbabwe,2011,ep,f,0-14,209,Extrapulmonary
Zimbabwe,2011,ep,f,15-24,318,Extrapulmonary
Zimbabwe,2011,ep,f,25-34,802,Extrapulmonary
Zimbabwe,2011,ep,f,35-44,640,Extrapulmonary
Zimbabwe,2011,ep,f,45-54,284,Extrapulmonary
Zimbabwe,2011,ep,f,55-64,137,Extrapulmonary
Zimbabwe,2011,ep,f,65+,129,Extrapulmonary
Zimbabwe,2012,sp,m,0-14,120,Smear Positive
Zimbabwe,2012,sp,m,15-24,783,Smear Positive
Zimbabwe,2012,sp,m,25-34,2421,Smear Positive
Zimbabwe,2012,sp,m,35-44,2086,Smear Positive
Zimbabwe,2012,sp,m,45-54,796,Smear Positive
Zimbabwe,2012,sp,m,55-64,360,Smear Positive
Zimbabwe,2012,sp,m,65+,271,Smear Positive
Zimbabwe,2012,sp,f,0-14,173,Smear Positive
Zimbabwe,2012,sp,f,15-24,939,Smear Positive
Zimbabwe,2012,sp,f,25-34,2053,Smear Positive
Zimbabwe,2012,sp,f,35-44,1286,Smear Positive
Zimbabwe,2012,sp,f,45-54,483,Smear Positive
Zimbabwe,2012,sp,f,55-64,231,Smear Positive
Zimbabwe,2012,sp,f,65+,161,Smear Positive
Zimbabwe,2012,sn,m,0-14,1169,Smear Negative
Zimbabwe,2012,sn,m,15-24,613,Smear Negative
Zimbabwe,2012,sn,m,25-34,2302,Smear Negative
Zimbabwe,2012,sn,m,35-44,2657,Smear Negative
Zimbabwe,2012,sn,m,45-54,1154,Smear Negative
Zimbabwe,2012,sn,m,55-64,708,Smear Negative
Zimbabwe,2012,sn,m,65+,796,Smear Negative
Zimbabwe,2012,sn,f,0-14,1008,Smear Negative
Zimbabwe,2012,sn,f,15-24,888,Smear Negative
Zimbabwe,2012,sn,f,25-34,2287,Smear Negative
Zimbabwe,2012,sn,f,35-44,1957,Smear Negative
Zimbabwe,2012,sn,f,45-54,829,Smear Negative
Zimbabwe,2012,sn,f,55-64,516,Smear Negative
Zimbabwe,2012,sn,f,65+,432,Smear Negative
Zimbabwe,2012,ep,m,0-14,233,Extrapulmonary
Zimbabwe,2012,ep,m,15-24,214,Extrapulmonary
Zimbabwe,2012,ep,m,25-34,658,Extrapulmonary
Zimbabwe,2012,ep,m,35-44,789,Extrapulmonary
Zimbabwe,2012,ep,m,45-54,331,Extrapulmonary
Zimbabwe,2012,ep,m,55-64,178,Extrapulmonary
Zimbabwe,2012,ep,m,65+,182,Extrapulmonary
Zimbabwe,2012,ep,f,0-14,208,Extrapulmonary
Zimbabwe,2012,ep,f,15-24,319,Extrapulmonary
Zimbabwe,2012,ep,f,25-34,710,Extrapulmonary
Zimbabwe,2012,ep,f,35-44,579,Extrapulmonary
Zimbabwe,2012,ep,f,45-54,228,Extrapulmonary
Zimbabwe,2012,ep,f,55-64,140,Extrapulmonary
Zimbabwe,2012,ep,f,65+,143,Extrapulmonary
Zimbabwe,2013,rel,m,0-14,1315,Relapse
Zimbabwe,2013,rel,m,15-24,1642,Relapse
Zimbabwe,2013,rel,m,25-34,5331,Relapse
Zimbabwe,2013,rel,m,35-44,5363,Relapse
Zimbabwe,2013,rel,m,45-54,2349,Relapse
Zimbabwe,2013,rel,m,55-64,1206,Relapse
Zimbabwe,2013,rel,m,65+,1208,Relapse
Zimbabwe,2013,rel,f,0-14,1252,Relapse
Zimbabwe,2013,rel,f,15-24,2069,Relapse
Zimbabwe,2013,rel,f,25-34,4649,Relapse
Zimbabwe,2013,rel,f,35-44,3526,Relapse
Zimbabwe,2013,rel,f,45-54,1453,Relapse
Zimbabwe,2013,rel,f,55-64,811,Relapse
Zimbabwe,2013,rel,f,65+,725,Relapse
